4.747005058090971730e-01 1.103874025475764409e+00 6.547108368774269271e-01 7.314464179565083324e-01 5.110483714160179991e-01 2.230100653712339953e-01 8.949944044621253036e-01 3.558467093761553124e-01 6.097379772006805698e-01 6.680896654813905045e+00 3.986996294442239908e+00 4.231362358338059404e-01 1.548992014903884107e-01 6.236194932003839148e-02 9.236700909852521235e+00 7.257645261037357631e-01 6.217675738423189546e-01 4.981829389295599486e-01 6.242205282740027616e-01 6.750436086027397087e-01
5.117495379442713599e-01 1.349851619618923637e-01 7.372839171023169991e-01 8.113766661114432122e-01 5.274807332852032848e-01 1.868827056478807314e-01 9.192244034221941362e-01 3.020328479395361643e-01 5.774432223935843655e-01 6.646436062091019004e+00 3.511103914873208609e+00 4.193225405342757006e-01 1.553181111999066000e-01 5.048089368285033074e-02 9.186591169889410935e+00 6.821117118871953267e-01 6.346587839184369972e-01 5.062226993152966203e-01 6.190889095150776678e-01 6.719419711071018542e-01
6.907831904950901825e-01 1.163705814731536559e-01 4.321800173110004195e-01 6.098256184829470294e-01 5.135097356671357582e-01 2.364226373416767613e-01 8.845161102573286804e-01 6.161827511992776230e-02 5.600069061631463008e-03 6.545245338733913343e+00 3.944260603960258571e+00 4.089846469049060462e-01 1.286473535945879820e-01 5.901615129606475885e-02 9.333727881431812534e+00 6.916583011449778384e-01 7.050634365424677252e-01 4.453975013954005191e-01 6.280269343011407601e-01 1.670189375622616601e-01
4.749065890878130247e-01 9.585281007507170381e-01 8.300539947701184307e-01 8.743342884402319770e-01 5.163518249828410456e-01 4.093850216753742721e-01 9.491031248650639851e-01 3.421359821292653813e-01 6.161696312017267418e-01 6.514718737564652251e+00 3.223796157470434576e+00 4.128272328784711176e-01 1.782243501187145696e-01 6.348459527007227488e-02 9.014874454964807882e+00 7.081423879551826950e-01 4.033093973663625653e-01 5.288345834379171162e-01 6.769356812793184686e-01 7.548003616245058112e-01
4.843368413744242873e-01 5.905264149434907850e-01 8.296306781717962542e-01 7.946883423362056664e-01 5.207241885826205952e-01 2.199574163643941982e-01 8.373299205371643739e-01 4.692479128107989172e-01 6.238293034923042546e-01 7.045981719485094885e+00 2.735135811688722551e+00 -5.518773639836466183e-02 1.543261072875775075e-01 6.034207334554284041e-02 8.336717735757835257e+00 6.943032115534953919e-01 5.936740860683857868e-01 4.755824039492040911e-01 6.430081651627831407e-01 6.698161426756149561e-01
4.395404304499614945e-01 7.706364467544939423e-01 6.312048183857104089e-01 9.615348434718038462e-01 5.074225345712798374e-01 2.186184217689126630e-01 8.972378299993237771e-01 7.544774697122730300e-01 6.615926498718782689e-01 6.734336721644177182e+00 4.057617813922020922e+00 3.949150008761610486e-01 1.504576472170868762e-01 6.233743564447107033e-02 9.388138298148053451e+00 7.392612914238178012e-01 5.834718812878139094e-01 5.070948212958423795e-01 6.351865865589951810e-01 6.538972164395638886e-01
5.425562390410492153e-01 8.157982459127004482e-01 3.245443143968392286e-01 8.119808179473313459e-01 5.250193166771738307e-01 4.858159273582375315e-01 6.581125514030254919e-01 4.008750192822212455e-01 4.935999638856730654e-01 5.451978658257964128e+00 2.248483744016807506e+00 2.998080057369014728e-01 1.395675145557391528e-01 3.983106328805165186e-02 9.363054458032989302e+00 7.502327949001436069e-01 6.889515385953319804e-01 4.243092839917434467e-01 1.354130632849047444e+00 7.215572003996775230e-01
5.413044086589923198e-01 8.641937883316834768e-01 7.171137896976481629e-01 6.954692482236463080e-01 5.089510653521236438e-01 2.151953635138537935e-01 9.068836379638437473e-01 3.198428155553177388e-01 5.504287603473174695e-01 7.061338987722992400e+00 3.989431245778143786e+00 4.314062384554998575e-01 1.629981332435717356e-01 9.294014635866360008e-02 9.223942032771065058e+00 7.043200264373825625e-01 6.348640616195192488e-01 5.098771627112110849e-01 6.478299268753344720e-01 6.672612638676960195e-01
4.228371098192156841e-01 1.562054195920867139e+00 6.071754020909927441e-01 8.224802190318205586e-01 1.927015081100566796e-01 3.050478006347970839e-01 8.973522580898873890e-01 6.866015768461071200e-01 3.588298026509095795e-01 7.233112844312464595e+00 4.246812998940694861e+00 3.673260158465533887e-01 1.117540694094853182e-01 1.854613818268814607e-02 4.729169258482123439e+00 7.086812407680499470e-01 3.876029938737970415e-01 4.602631231097477071e-01 5.903925322202212556e-01 6.869204681734364382e-01
5.941282177626892036e-01 4.972203398822667153e-01 8.007619436739298324e-01 7.269773692536685150e-01 4.815709116570242032e-01 2.138662081086737665e-01 8.629861991277985034e-01 1.812588607028700338e-01 2.865189065311762873e-01 6.933838848427822832e+00 3.619462801190104884e+00 2.672783781031664585e-01 1.535198530347329504e-01 6.003369905572301934e-02 9.295962389115214108e+00 7.195166177954590569e-01 4.161699262259952459e-01 5.527922793007487012e-01 5.649643071548311468e-01 7.686060122241961112e-01
4.959505292676228971e-01 8.564374226196593831e-01 6.940194184781044440e-01 8.618168200232746434e-01 5.036705051265760735e-01 1.969608166660007376e-01 8.729377305648792218e-01 3.050024592841589222e-01 5.978761835429940996e-01 6.592359811829020089e+00 3.423635452268567470e+00 4.335685373531639741e-01 1.555107358103496318e-01 5.398773070685256720e-02 9.281650643338901219e+00 7.274585299275199146e-01 6.112652801032312233e-01 4.882606362952353063e-01 6.244299164649237399e-01 6.321344389253160667e-01
2.983400871517817854e-01 9.702993436553604134e-01 7.217644151241392469e-01 8.367911450045943944e-01 7.178761562153423981e-01 1.283488439649374535e-01 5.851685244843847222e-01 3.140016549554982550e-01 6.467289067571747596e-01 6.515340293983705955e+00 4.467393763497666370e+00 4.289317801689322973e-01 1.749509817320636373e-01 6.007857327191769986e-02 9.582734644353083198e+00 6.447788145430759510e-01 4.603095884552984574e-01 4.790299652943550424e-01 6.376765510051005670e-01 6.500924481066890914e-01
4.195946700426806397e-01 7.557127843028873526e-01 7.058625978821893021e-01 7.706134458262756670e-01 5.629772614382706486e-01 1.926315772343275279e-01 9.372569549786228249e-01 3.262082667838149264e-01 6.173281355708827300e-01 3.712399126130868865e+00 3.249403335944323956e+00 4.059491448229705091e-01 1.542778504882100499e-01 -2.959638664594968493e-02 6.309174758629372270e+00 7.774686332174968184e-01 4.196219220131376937e-01 7.702122276936593792e-01 4.832465206958693749e-01 7.314947626474386233e-01
5.546008638911089639e-01 1.119645582839414732e+00 8.104275457307529296e-01 7.486330127173130844e-01 4.532220953514027317e-01 2.021784966911545356e-01 6.326240150270173723e-01 5.076620049727004202e-01 6.166722348147414268e-01 5.093557476879455592e+00 -6.703401688837325179e-02 2.449970991045801183e-01 1.169690439358246487e-01 1.943094646734141173e-01 5.231721235897998312e+00 8.342328592288377198e-01 3.105824289336430177e-01 3.116755808031408392e-01 1.299060052636147544e+00 1.043536536126639991e+00
4.978318765196872997e-01 1.033940948210799071e+00 6.832639506482476310e-01 8.804553987992732589e-01 3.329498951052349831e-01 2.210410211313548479e-01 8.795247959269743010e-01 3.412129148309679949e-01 6.058856578040973107e-01 7.223387494985325397e+00 2.165324505049178505e+00 5.196357412177928792e-01 1.852655828017520379e-01 7.056333204329676145e-02 9.324986200229391287e+00 7.171121767761224897e-01 6.098117212372630158e-01 5.096538795335229244e-01 6.258171069997233715e-01 6.421815935935311082e-01
4.941763361490503770e-01 1.068429671860877228e+00 4.958074508944595449e-01 1.013637492773304727e+00 4.287837447442141570e-01 2.181477533557792114e-01 8.677793657880196188e-01 3.081111725401639023e-01 6.832148474190876675e-01 8.190259551629194945e+00 5.552614552671784942e+00 3.350541628193332011e-01 7.727007704078561745e-02 5.236168879949278099e-02 9.333880896318360598e+00 7.232379262742199000e-01 5.934324110257761520e-01 4.919707781128372925e-01 6.024811805922545282e-01 6.500946490048460369e-01
4.408334206731316374e-01 8.520013835152703274e-01 7.038004909914786777e-01 8.821898249393209657e-01 5.154993813769838118e-01 2.175445942487377604e-01 9.036135460991037149e-01 3.357066753882556598e-01 6.005926067871325547e-01 6.576509824983888031e+00 3.930595002458494136e+00 3.789362370534260505e-01 1.622850732811745023e-01 6.425081628492897157e-02 9.710449631522143576e+00 7.287324443722817957e-01 6.344095341701314617e-01 5.082806603093761311e-01 6.212834086420380153e-01 7.471820137206662826e-01
8.446947751028861529e-01 9.623828303799738526e-01 6.318596770877275004e-01 5.081765987117273786e-01 7.141732055048691796e-01 -1.126573084866185626e-01 1.245094158654377781e+00 2.747213425249104835e-01 6.160150354155765617e-01 6.985393993987455197e+00 4.199227536856740883e+00 4.208186663518608261e-01 1.713244547264309858e-01 6.273055335592397919e-02 9.266608184930918313e+00 7.233504747643328958e-01 6.374701151761000828e-01 3.578482291236426693e-01 2.532366924654087526e-01 2.343606072956709863e-01
3.960451807049782946e-01 9.261627765023987546e-01 5.703028163709369380e-01 8.685059941286041862e-01 2.484267923626191088e-01 2.409220020915158189e-01 5.676755711590473208e-01 4.105263882216686477e-02 6.553648047592162129e-01 6.981927645243330538e+00 2.264657194550849351e+00 3.420240072004974707e-01 1.076828065389600908e-01 6.046474849796330819e-02 9.582319437177881483e+00 7.200552633966482707e-01 2.150302658478394635e-01 6.253035349134102860e-01 6.164197256462562446e-01 6.662133218782004818e-01
4.953422284467040027e-01 7.634021815452667337e-01 6.979153597096068307e-01 8.057149405043699808e-01 5.503719315839841197e-01 1.662359789549739120e-01 8.906944714065740953e-01 3.369699925414998409e-01 3.411466704526691651e-01 6.542485205211083787e+00 3.414455945463315878e+00 3.895194674474414809e-01 2.521517147746348830e-01 5.688145190186627564e-02 6.072224094205484590e+00 9.369301956575968315e-01 6.378266776133461047e-01 4.452363259734016809e-01 6.298266653321241693e-01 7.471701196257923838e-01
7.152759833546906698e-01 9.790047643829162816e-01 6.946529737089858214e-01 8.254267520760177890e-01 5.265111808442355379e-01 2.163045425560757851e-01 2.157725595007503883e-01 3.222112302330507050e-01 6.392684739623386569e-01 5.888687651665197365e+00 4.238953995257889851e+00 4.267365186257982002e-01 4.509408936210397567e-02 5.662165474981076252e-02 9.083602452611357236e+00 7.394075127523019875e-01 4.825551154209888338e-01 5.042041390660335631e-01 6.021930093220706492e-01 6.663886645440486589e-01
3.914842719552689143e-01 9.080220442363204914e-01 8.337488261332037798e-01 6.912135023943326573e-01 5.090683072087477390e-01 2.266997692053342173e-01 6.398189801858262804e-01 3.396653650152891002e-01 6.083822864675716424e-01 6.669214288442320893e+00 3.006762257742311650e+00 4.130001073423905655e-01 1.667797358621614656e-01 5.913113156380744168e-02 9.343653261757911110e+00 7.710150777956178425e-01 4.751189112966783812e-01 5.300723058657695885e-01 6.186373491612776609e-01 6.619826204028602668e-01
4.345105803462264715e-01 1.001544883480679049e+00 7.353994932647472949e-01 8.208934706454035224e-01 4.421231841801845919e-01 2.226419037004988000e-01 8.499301856170347058e-01 3.441795080782460436e-01 6.014798101430440802e-01 6.530166647353948584e+00 3.861669389064336322e+00 3.804663390795022249e-01 1.397505217129154931e-01 -5.033351767216329153e-02 9.260632158756587629e+00 7.229607461338481977e-01 5.536996212884398583e-01 5.401714431335021827e-01 6.381505958637472276e-01 6.523056596469064550e-01
4.667637261149783501e-01 1.083230763842571331e+00 6.855873924954694054e-01 6.798495122585010986e-01 6.453723390195097442e-01 2.094238439867710522e-01 6.893596097641938591e-01 3.372423237095248938e-01 7.223154357058605424e-01 5.339935117394366770e+00 3.641102883570343174e+00 4.181870322452601041e-01 1.768831033254642249e-01 6.632586291888145635e-02 9.669028400287649205e+00 7.217320254723607054e-01 6.410492076746899803e-01 3.399503417058228893e-01 5.243561585480077669e-01 6.276354920735403020e-01
4.962742021195759023e-01 6.911773466710620095e-01 6.844120481056280569e-01 8.250706369723525002e-01 5.083876806721902009e-01 2.175721021528039811e-01 8.839380665017820826e-01 3.396976199053681200e-01 6.082693029726977674e-01 6.661355534745156959e+00 3.915015224553556994e+00 4.338237441580302112e-01 1.671261629247771940e-01 6.209441509660180991e-02 9.136240443471468353e+00 7.293037352011425556e-01 5.516992251798834568e-01 5.012738942199217451e-01 6.191178296809957127e-01 6.694439019778549715e-01
5.196422612028552823e-01 2.787087132702855685e-01 7.093611452922501392e-01 7.934065121967435186e-01 4.677749516746657621e-01 2.183574986682436103e-01 8.157762328775057803e-01 3.363653223593295327e-01 5.564375378229443614e-01 6.436717337641510106e+00 2.905020144498134282e+00 4.026079559730614821e-01 1.899889736081412095e-01 6.193753722098344766e-02 9.246291497185461949e+00 6.730594794479944909e-01 6.676920958580701004e-01 5.046233066171772474e-01 6.057008667409302660e-01 6.436085530544650712e-01
4.899264547755382004e-01 8.047002939789186238e-01 6.998261248648279809e-01 8.165049475053951511e-01 5.102900478299583487e-01 2.178355659909371744e-01 9.151693456609906185e-01 3.371353994704296420e-01 6.070832597986672852e-01 6.658516884480366826e+00 3.697516483030026890e+00 3.549701667310224407e-01 1.611941282063560910e-01 5.455234389895372016e-02 9.259677259491006396e+00 7.312138732345553338e-01 6.122362660032301118e-01 5.041982130069235790e-01 6.221394521687974022e-01 6.550233279579414924e-01
4.217528170225350870e-01 9.019945698300405601e-01 6.205175275071121987e-01 7.824069076808137790e-01 4.965095083704499923e-01 2.041523571486400512e-01 9.088185739140972608e-01 3.516782151633862097e-01 5.916682623444244893e-01 9.287420840037308167e+00 4.834976103304639672e+00 3.730322478393699459e-01 2.227057831828716250e-01 7.758504839611833626e-02 9.881793260823354075e+00 7.745563886133363107e-01 5.903563519993655362e-01 5.416164445756017631e-01 4.434380261228778042e-01 6.636490199575924009e-01
5.489763039182067317e-01 1.069660530398782727e+00 7.467520478349874979e-01 8.209987362367007213e-01 4.965862633349005240e-01 2.197528808344159368e-01 8.659776065575667259e-01 3.506327373741180420e-01 7.778877351626746206e-01 6.856075696655640428e+00 3.188852956739741895e+00 2.788529795963849978e-01 1.463571220427256625e-01 5.496659005018623284e-02 9.629171537958860938e+00 7.232767751816872037e-01 6.489155405769014839e-01 4.981465032831495221e-01 5.571535938006719757e-01 6.086708467486636742e-01
6.163138877627952761e-01 7.020686569379994690e-01 5.104228975957096903e-01 3.963026270845276255e-01 4.480601094058722089e-01 4.571608643934671479e-01 8.802418026263999495e-01 7.174080145593378921e-01 8.652216200916269528e-01 2.655297461902143219e+00 4.361861332805977653e+00 3.908909766021578247e-01 1.494581459976997984e-01 1.435954946018409006e-01 8.426633259003182275e-01 7.364169839664038708e-01 5.650057324446734475e-01 4.740541713816942004e-01 8.000951052175798717e-01 6.082436196602238887e-01
5.690227476138821627e-01 8.690734755204867490e-01 7.781488943150308701e-01 7.833213252599405818e-01 5.433747478103271300e-01 1.314564248467601892e+00 8.744430916642654816e-01 4.131938874048312615e-01 6.036722010120018078e-01 6.167006955846805027e+00 3.514002861674651257e+00 4.022043119589762683e-01 1.570005127011156187e-01 -4.504032668363119885e-03 6.741322033070622055e+00 7.941693847831333697e-01 6.325300766428655352e-01 7.417457076564208940e-01 4.686152381395549127e-01 5.969021513213608188e-01
6.274484971322249471e-01 9.079206628442834104e-01 6.997037807922078523e-01 1.194821505119930904e+00 5.602246228380036719e-01 2.588287137491343537e-01 9.097995471251927313e-01 3.208561670856269199e-01 5.148609104499027866e-01 6.878922823961928223e+00 3.650618967646980018e+00 3.838757156000466297e-01 1.497437506014079045e-01 -2.487590778802048486e-03 8.911340210057968392e+00 7.329911806010578346e-01 5.870424003302568972e-01 5.013238018960713971e-01 6.487470928685151739e-01 7.852537085526515304e-01
5.492095188611074708e-01 9.584654998128437908e-01 3.850254449080048325e-02 7.961947115641681005e-01 5.223324994514285669e-01 2.359552630943377860e-01 -2.429317717506181418e-01 4.002597440577012611e-01 6.529278726152492052e-01 4.652857295407970994e+00 3.662287564088756664e+00 5.059841745318991446e-01 1.184540110459399720e-01 6.621956657357216947e-02 8.931528158990738930e+00 7.266198859090163831e-01 2.863989817127619575e-01 6.514613730349497756e-01 6.048782982706828459e-01 6.741041707813102413e-01
4.306804802401134058e-01 8.990560357661082636e-01 6.921503773926845904e-01 8.699019844113679012e-01 4.819312799073150466e-01 2.207357800835801354e-01 8.718027728621757788e-01 3.280915554616778973e-01 5.834577319361999859e-01 6.110731857989491367e+00 4.353925083737291146e+00 4.072982334666712667e-01 1.570504912555820975e-01 8.936544335614554635e-02 9.261306871464407564e+00 6.890274377287681773e-01 3.783019461757636814e-01 5.246089603772193799e-01 5.215529479546610059e-01 6.783000098619107465e-01
2.965595934222391428e-01 7.737346137091196674e-01 6.836027205143858643e-01 8.414202255904456029e-01 4.719506216177417057e-01 2.641282781647351641e-01 1.015226038879217807e-01 4.582319806580427146e-01 5.972661991783381197e-01 6.175825886012638044e+00 2.244291255160983933e+00 3.826317983964523384e-01 1.134584900144368358e-01 5.408816402654454542e-02 9.264065202756379236e+00 6.875888097590943104e-01 5.670484335802706832e-01 5.076936907177559410e-01 6.350973645766205822e-01 6.637931998435528946e-01
5.298788126120541619e-01 8.983516554586676861e-01 7.460852186832268584e-01 -3.467579520827862583e-01 5.095134414443641679e-01 2.184168107744603737e-01 8.722232940618038777e-01 2.697524970409899137e-01 6.085927047577835980e-01 6.659966969427246752e+00 4.008414309363420358e+00 4.341037152439837232e-01 1.652659108061181048e-01 7.649151625957445466e-02 9.196804485756224778e+00 7.155674647172565184e-01 6.354620421704845201e-01 4.986440897239216574e-01 6.228194147227013033e-01 5.632057288483258706e-01
5.256975865900962441e-01 9.041951776474967950e-01 7.283542236706163076e-01 8.643836691549023898e-01 5.066240173988407758e-01 2.152718032325289244e-01 9.125821645577170127e-01 2.851798352422585947e-01 6.139899108881122780e-01 6.513616810519985201e+00 3.526183483528547935e+00 4.089353544278415131e-01 1.137593664488758261e-01 4.335915674408684362e-02 9.122601110517599921e+00 7.262736869633183989e-01 6.258420638218716858e-01 4.331065013076699222e-01 5.946808779407635193e-01 6.656445308743977884e-01
4.866734639784464633e-01 8.772903619189827973e-01 6.979664171064851041e-01 4.788334718280967128e-01 4.913360006451708006e-01 1.458635508417432947e-01 8.716028687586707679e-01 2.818280461520480951e-01 6.380796506833014137e-01 6.296956915625634643e+00 3.527776155632933008e+00 3.597708563305899165e-01 2.168126225995986867e-01 7.381919475944712095e-02 9.318766413205221255e+00 6.162659068385827332e-01 6.218598847066024726e-01 6.632421149760800994e-01 6.253097533881633030e-01 6.616616473537809684e-01
5.074898952847211042e-01 8.531045785995426955e-01 6.140843660155104189e-01 8.145422017647551138e-01 5.111090910490186934e-01 2.193650483403407347e-01 8.961477337896073259e-01 2.634703924786380713e-01 6.106925308291878407e-01 6.786921118696326083e+00 3.598700564496892795e+00 4.003896716104102804e-01 1.587363932091056806e-01 6.963824073371141510e-02 9.172049859261067084e+00 7.352074899627955018e-01 6.065728623462228741e-01 5.047272984600973400e-01 6.173835018827164012e-01 6.590034309992375272e-01
4.571307926614629480e-01 9.633081289809032333e-01 7.135146995209797893e-01 7.554012284252880072e-01 4.951687944086577975e-01 2.112715403967785066e-01 8.996269573708466361e-01 3.492341633252974975e-01 6.134981462338882086e-01 6.312184784305934215e+00 2.894201912412217581e+00 3.606276150269616121e-01 1.448861316457875636e-01 5.915602822575649622e-02 9.274597799282652488e+00 7.055064809101017076e-01 6.234042886865758248e-01 4.935977196869535399e-01 6.346761190647801643e-01 6.645881963407213044e-01
6.251282097522075087e-01 7.443716768013057816e-01 7.699139795562467414e-01 9.347544268120672184e-01 5.230804008999355714e-01 1.350496081286302608e-01 9.686444955880013641e-01 3.200169703051690684e-01 4.173200352607397412e-01 5.589788756630097666e+00 3.488467418765763384e+00 2.554090613592625014e-01 1.721892306761183822e-01 7.345120253162366886e-02 8.570273661761138584e+00 7.246167985501111852e-01 5.936987495549257421e-01 5.802229943897279085e-01 7.500839341753637868e-01 7.154762685231673691e-01
4.544816286832513708e-01 1.001676998876393387e+00 7.106819486982856038e-01 8.146415410897780429e-01 4.500143835890804689e-01 2.177393596716476476e-01 9.561911403677436638e-01 2.347859497464395151e-01 6.019445160723220223e-01 6.974685724834452039e+00 4.094836968974237656e+00 4.364825490533809083e-01 1.582154833332247712e-01 6.662686248474000705e-02 9.945536173212140341e+00 7.018548122051497806e-01 5.346133863805797581e-01 4.788623608548878696e-01 5.047171606393282550e-01 6.839932889342501543e-01
3.653171116281878072e-01 1.161758906735892660e+00 7.513527071094232568e-01 1.010717976530200346e+00 7.221744095596633883e-01 1.884259994615466172e-01 8.798533993176763657e-01 3.395756547533898551e-01 6.154794600318616027e-01 6.287173071538805225e+00 1.312400971819228435e+00 3.932573724997197040e-01 1.588492723579469079e-01 1.623031907630620996e-01 1.056754675992337944e+01 1.025107349947087965e+00 5.628538146335195780e-01 5.106204076931186719e-01 7.190679541854188006e-01 6.011558599536607206e-01
3.109117434864857588e-01 8.391391959931886468e-01 6.786186256939589212e-01 1.076363817202186324e+00 5.072834001769063184e-01 2.133271290971085199e-01 7.873515068325993571e-01 7.595880265537965359e-01 6.439133031728885292e-01 6.767365475839820732e+00 3.516091319199694976e+00 3.586813965085746125e-01 1.473334619696647363e-01 -1.435933981586831609e-02 8.975107087999210975e+00 7.063230696886557691e-01 5.201583309693954549e-01 5.180259440182162223e-01 7.784249635043695159e-01 6.376296269507352177e-01
7.431743481431977161e-01 8.620359702304645211e-01 2.300171940031134898e-01 5.276379253690286486e-01 7.006459968729371601e-01 4.916124935573393806e-01 7.731780607230818170e-01 7.783522669749478595e-01 7.471801057918258104e-01 7.058204985718680824e+00 4.123430847330921800e+00 1.835227201446013312e-01 1.825777893209723501e-01 3.775905820574266408e-02 8.266265832697847316e+00 1.067343224490546527e+00 1.065485386696274350e-01 4.179763411876210033e-01 3.323709946009809624e-01 4.448974693469200381e-01
5.421398221240891768e-01 1.042654673160135159e+00 8.186215930912255079e-01 8.187424082473439002e-01 6.059962973519164020e-01 2.777067495900870098e-01 1.212532744267772022e+00 8.633712634093460014e-03 6.663750448224524670e-01 6.154589870481641078e+00 4.626709251518651200e+00 3.061381915746084204e-01 6.803402105950907830e-02 2.623971775819872176e-01 5.552194664952320835e+00 7.403671142418952744e-01 5.007104035996264857e-01 4.868022505652816467e-01 6.251851239066172905e-01 6.507721868373633756e-01
2.934021276918876153e-01 6.325126204836000188e-01 5.032272451355812581e-01 8.020356237347030515e-01 5.332387533575689842e-01 1.687371994867658542e-01 9.284732988467425674e-01 3.042303800007547521e-01 6.116681931250728121e-01 6.824857719169794557e+00 4.701585867868931068e+00 3.637090767595282381e-01 -1.822754888126895678e-02 1.070117048348227240e-01 9.048715058226747487e+00 7.011883362725883639e-01 7.206223342897243311e-01 4.979526133817680500e-01 6.239277637966087475e-01 6.742188913034726783e-01
4.294880423562712490e-01 8.621605875772218042e-01 7.147010172517223037e-01 8.423766062129295351e-01 2.505288872651564303e-01 1.963556738782892830e-01 8.961230877078202317e-01 3.198990862329552654e-01 5.810271968142411980e-01 7.160663854266603678e+00 3.761280801402566265e+00 4.319237368727246174e-01 1.398703945697243600e-01 4.739341486279025767e-02 5.307316753388274577e+00 6.904693977556695117e-01 6.312171037611207236e-01 5.084574274831935581e-01 7.243974697377786320e-01 6.703993446952557500e-01
4.873922795813759312e-01 8.596403416084542615e-01 7.384146470886300273e-01 6.932616467921504100e-01 4.797557837150204230e-01 2.219751063546220593e-01 9.116600241157358786e-01 2.847232830970307105e-01 6.399103364651961279e-01 6.948665656718475248e+00 3.825053759319783087e+00 4.405862521924416297e-01 1.610165036370476976e-01 1.019161550259125026e-01 8.109889905954615230e+00 7.125104383377077744e-01 4.269381362029637805e-01 5.144501602355979752e-01 5.891056845497991690e-01 6.597198318254560157e-01
4.885257379195301342e-01 8.803043939576654653e-01 7.035383291266108508e-01 8.044473951594335315e-01 5.162052498955669311e-01 1.924211050652708810e-01 7.401354714985979300e-01 2.411666109856278328e-01 6.162213382864640820e-01 6.636419440234785583e+00 4.474043757794271770e+00 3.940677064674452668e-01 1.622408882667773222e-01 6.949333161106166501e-02 9.240861820051238240e+00 7.033681343507607320e-01 6.325329626539687444e-01 5.177630523647969163e-01 6.280082984806555357e-01 6.360147078778667362e-01
5.013771367639590082e-01 1.015578307073945474e+00 5.455946829914966045e-01 1.044286290880847456e+00 1.103604768340798792e+00 2.336374163241108359e-01 1.342420942935932393e+00 3.251235849948825862e-01 5.864484237529183908e-01 6.564147864997267767e+00 3.731755478947832216e+00 3.835300576072208090e-01 1.626319061555335510e-01 7.005055234646612172e-02 4.883390473994775327e+00 7.441163359369826757e-01 5.977412162717479216e-01 7.315968720662184843e-01 6.451743561347598188e-01 3.962294561391027092e-01
3.175725980567633000e-01 2.620758017162793108e-01 6.387227653289525575e-01 2.085934033988333380e-01 5.458415435721271081e-01 2.089515434212084743e-01 8.852506169817034865e-01 3.713702991628139993e-01 4.857622380354227887e-01 3.480100032343897531e+00 2.792399431959492695e+00 4.328441425643588802e-01 1.298631786742145688e-01 3.963128198119764134e-02 6.680919303709840662e+00 6.897692297647948223e-01 5.176935653108364344e-01 5.137230816407256651e-01 5.817440649134064667e-01 5.375292083066286475e-01
5.970134972628838854e-01 1.098276158710239869e+00 7.132187534603731116e-01 3.522101015267958823e-01 7.594167544390438840e-01 2.616927023790314166e-01 9.117900196297215043e-01 2.688918321059027838e-01 6.077938971853795724e-01 7.255720622297425315e+00 4.456528407853916462e+00 4.002380776240976878e-01 1.829885971178460968e-01 4.199235161990224480e-02 9.136034673699716890e+00 6.636517617724799756e-01 6.026174861762509938e-01 4.895055925125819662e-01 5.252872335001836923e-01 5.396669794801184361e-01
3.151643701194644098e-01 8.525872603198425548e-01 6.622123802324874076e-01 7.265492069535715025e-01 4.939511472784199886e-01 3.572839460792095467e-01 9.395229225072155854e-01 3.489767407062903115e-01 6.319856798063538950e-01 6.736329259778826462e+00 2.468460636604286051e+00 4.016015337082390335e-01 1.087895228222897914e-01 4.592651884828349157e-02 9.247383687364099103e+00 7.179043917494273286e-01 5.875243586174589971e-01 5.264589912901466162e-01 6.209011696893762533e-01 4.014869431424846757e-01
3.917477576735872713e-01 9.605115226080216395e-01 6.987543431680987016e-01 8.644033958901009562e-01 5.924374673360742749e-01 1.653410564706584152e-01 9.067078016736589419e-01 4.036050291394568945e-01 5.749452477277923190e-01 7.071564096076635941e+00 2.928251757801867861e+00 3.879180159323887267e-01 1.601968950928287228e-01 1.194149386713492522e-01 8.265874637410453474e+00 7.277587295213354679e-01 7.122880261635585741e-01 6.418818289133263466e-01 6.983419267686884480e-01 5.650907900259780625e-01
4.734882410186089796e-01 9.115722074617823578e-01 7.002540844650456675e-01 8.168104748557830641e-01 5.110137555597737968e-01 2.114721582817854773e-01 9.327125280546060271e-01 3.192914340161576159e-01 6.169844792227175967e-01 6.160855858019734121e+00 3.662468526707639782e+00 3.539798418320771467e-01 1.677745960579702655e-01 5.744362389797488117e-02 9.266231825638834962e+00 7.287039484884484386e-01 6.136085524314728312e-01 5.052855166479900406e-01 6.490183666087685488e-01 7.185021819502988016e-01
4.109562252528380366e-01 1.219672691733415526e+00 7.161621681298824260e-01 8.023101465700185342e-01 4.903672020850473601e-01 2.131803692339733491e-01 8.762856321148194683e-01 2.014555603906044157e-01 6.181953759839416973e-01 6.835147854762164243e+00 3.829101405664787627e+00 4.415562947341720168e-01 1.569703346945621469e-01 6.535328780394766834e-02 7.870718855853811036e+00 7.655790287529352645e-01 5.356545382985347103e-01 5.380317115901284142e-01 6.177126086843854891e-01 6.767072430321703358e-01
5.164294358147094588e-01 8.700342180228123334e-01 7.083894408042322732e-01 7.946072582858746403e-01 5.098028938318128755e-01 2.187271770845443108e-01 8.797851324200444134e-01 2.168377760777963903e-01 6.174231228920575854e-01 6.878976830867562064e+00 3.912246192840410419e+00 3.983655248149957084e-01 1.500507540290887398e-01 5.859180344476749847e-02 8.117633434396447356e+00 7.260393937728598646e-01 6.457832172951727401e-01 4.901003478597419361e-01 6.204445122325639161e-01 6.454203572384723531e-01
4.872392561634723007e-01 8.717047556597532498e-01 7.226078829453796981e-01 8.047780598259083318e-01 5.133938867095656500e-01 2.165087254685074680e-01 1.014114060838109399e+00 3.426683053304324100e-01 5.840791567462495504e-01 6.941872789596253313e+00 4.079624829089154581e+00 4.303278865987004709e-01 1.615752639044729655e-01 7.093074625967603353e-02 8.769961397203166698e+00 7.219338895835685221e-01 6.681648906978397973e-01 5.072159495485619729e-01 6.137775269385347121e-01 6.495606220670704367e-01
4.184044476185097561e-01 8.715098684324809053e-01 7.147175701620583910e-01 6.703426850307184770e-01 4.967916151336257968e-01 2.075667194548828642e-01 9.122275425717937258e-01 3.770677935918532730e-01 6.078435885200885735e-01 -4.726600496331556656e-02 4.464241364104316823e+00 3.861858542658344606e-01 2.962062453267115814e-01 6.257135626226356662e-02 9.678074255444608198e+00 7.057892845303912477e-01 7.197130134159560599e-01 5.224528092376983235e-01 6.443305302107954491e-01 4.903273720397983704e-01
4.555420995338058665e-01 8.033572574428055058e-01 7.402853620039933080e-01 7.612481778216072525e-01 5.073156546577554105e-01 1.699103307354263293e-01 8.685239619577876935e-01 5.732578181838741127e-01 4.368455403933728665e-01 6.816972639048525906e+00 4.483888334469267711e+00 4.229440430027061049e-01 1.643081063029006861e-01 1.194883045085767398e-01 7.105579939842103343e+00 7.401562424587821987e-01 5.526109429604411094e-01 4.756808636234791110e-01 6.045680701708007199e-01 9.873852384055382680e-01
4.664973063100061879e-01 8.079264375653065766e-01 1.215162615761014919e+00 8.361389832975512082e-01 5.087089432260475386e-01 2.114980798296661191e-01 9.603313774683653881e-01 3.605987991639826307e-01 6.620531034623415856e-01 5.225422160325427612e+00 3.576305718351375784e+00 3.897082443027659604e-01 -3.369315818798401113e-02 5.913447022312114110e-02 9.008417883419463479e+00 6.075246627614333539e-01 6.492667313248186023e-01 5.585394351167565219e-01 6.327413285084162453e-01 6.660433232713542928e-01
5.062752827100710507e-01 9.220097885371552060e-01 6.918872495280393720e-01 9.701079741299603043e-01 4.350519477077763875e-01 2.323902163278895872e-01 8.989343592170371267e-01 2.615829527516433939e-01 6.184859898338581630e-01 6.715381351581250158e+00 4.057778522881605454e+00 3.996425455060880760e-01 1.046472458907422992e-01 1.511301414184872127e-01 9.230238377199480482e+00 7.145856343636897146e-01 6.195014302825838648e-01 4.867517915580429899e-01 6.401164406140902319e-01 7.653926130730759336e-01
4.683424929698857819e-01 8.875495320593697057e-01 6.999105756656995858e-01 8.181551094321936057e-01 5.205802839675882643e-01 2.193103430830930234e-01 9.393380114003959669e-01 3.355977121635732030e-01 6.120078269488216094e-01 6.649437807095947228e+00 3.563646193111255300e+00 3.925058230849235441e-01 1.565844171164604004e-01 6.218505975308852990e-02 9.249925030371706214e+00 7.009413823360167717e-01 5.998261306667039827e-01 5.067533291939598783e-01 6.225859019792744364e-01 6.561162687276425043e-01
4.891208081484053616e-01 8.746588568838128408e-01 6.913349776860268081e-01 8.328339788905598784e-01 5.266370205105277424e-01 2.188541278342041041e-01 8.688431008314007054e-01 3.304437713133481225e-01 5.999349326563803153e-01 6.667036114271839509e+00 4.310855076261200125e+00 4.656015421665006260e-01 1.576511611671243540e-01 6.172001913207493529e-02 9.215727714203277188e+00 7.351523863207430898e-01 6.286176505590043151e-01 5.000200674016747060e-01 6.212914058875778078e-01 6.635542884595361235e-01
5.932186831332781907e-01 9.303787739674089785e-01 8.454048923645669511e-01 8.193146287055684818e-01 6.491765625626028102e-01 1.874713507002604140e-01 8.625966289437846379e-01 3.840491879535952169e-01 6.692702053656073291e-01 5.913604111829783072e+00 3.513497987224852181e+00 3.972988125940213888e-01 1.551962312841730918e-01 8.386158220373160499e-02 8.726752628897424202e+00 7.214618886162127431e-01 6.847448602070447254e-01 4.871752191764101569e-01 5.864156799371557094e-01 6.634875238867302683e-01
4.010136977532050007e-01 4.921669260131195101e-01 6.709719064510686337e-01 1.401880889959251919e-01 4.148960409832591623e-01 2.288770463358947016e-01 8.471294763188166321e-01 3.903817126001832283e-01 6.145557278484891084e-01 -3.108730240148814161e+00 -1.069282236201392067e-01 2.115789793941555141e-01 2.052006442571495115e-01 2.424425028752364986e-01 9.752779743765044529e+00 8.677958431307009057e-01 1.104714117503244220e+00 5.185850705213713718e-01 7.106995916772633759e-01 6.790216011171967825e-01
5.574776257551219416e-01 9.320098248418903220e-01 7.074879240714113671e-01 8.408629296097417383e-01 5.061218319618732142e-01 2.163964519205251180e-01 8.879450220115646664e-01 3.209265180143814900e-01 6.315451028493930252e-01 5.282301862080557520e+00 1.648208655545795320e+00 4.340820733980808033e-01 1.543326165427868768e-01 4.227671743392691361e-02 9.263078325941730640e+00 7.194189550936811450e-01 5.925901968530098429e-01 4.980577775503881033e-01 6.216016160655718492e-01 6.607194717165908449e-01
7.072930824262559923e-01 4.853920485328709900e-01 4.591563156441023641e-01 6.499944704730906686e-01 5.686228990122541571e-01 2.160705687464215263e-01 8.913657038207666305e-01 3.188846707446923445e-01 6.344744805106233843e-01 5.882634328615737651e+00 3.444476308547713028e+00 3.565173726926252895e-01 1.573381322635968582e-01 1.798202311702477574e-01 9.242708503630577610e+00 5.673588029178041614e-01 4.313046425154674068e-01 5.638339091173304451e-01 5.975333034288433653e-01 6.748716350749093262e-01
4.824400742559182276e-01 8.449498815701426135e-01 6.968744693717855432e-01 8.219692603538952813e-01 5.072080980659853244e-01 2.185182138172370725e-01 9.071605713632137080e-01 3.282585455585809719e-01 6.087539345431155491e-01 6.721439769633275496e+00 3.795631365157281056e+00 4.121292387994658912e-01 1.643833338844014613e-01 5.972822181748541764e-02 9.253605630014247296e+00 7.218721024834989786e-01 5.979366021347566340e-01 5.025597227745076667e-01 6.213947391669354392e-01 6.620157807468738387e-01
6.231136994867393364e-01 8.613334766801605813e-01 7.848914813177674255e-01 5.664560485181424632e-01 3.710051831774706099e-01 2.185498562414171508e-01 6.567866654374303614e-01 1.464938427488101658e-01 2.126508213243715750e-01 5.689418492722589704e+00 5.462225922804382350e+00 3.432197391195469516e-01 1.672146395756659021e-01 8.323599219726671161e-02 6.773577503776666120e+00 1.297301470719725458e+00 8.902632102399231639e-01 5.633935317802662990e-01 2.153143546940744502e-01 6.029148166708802048e-01
4.760691392390760113e-01 9.766352303192163964e-01 4.727229567872733851e-01 7.469904636431348166e-01 5.047663068961643074e-01 2.153101781098656908e-01 9.391310053171239014e-01 3.456842595606222091e-01 6.514055323442942136e-01 6.783139516926964596e+00 3.859694668679505281e+00 3.294699673364675507e-01 1.791506709855885116e-01 4.405184755564977434e-02 9.226088967871724833e+00 8.293048811084244853e-01 6.507463511575054538e-01 4.826723880380955345e-01 6.180169581481547159e-01 6.699995176297612876e-01
4.077254006992712676e-01 8.371611389941795434e-01 8.070003197392678906e-01 8.852305052485629489e-01 5.436392594516032961e-01 2.223068245919288533e-01 8.349359296806765363e-01 4.277503455193691351e-01 6.900045623257571314e-01 6.043550046792985242e+00 4.231104976008179364e+00 4.128997508230692337e-01 1.357108681098089797e-01 4.590907259032185606e-02 1.178547095767152086e+01 6.425697520361535187e-01 3.737756443035736842e-01 5.170750094799994034e-01 6.094662787814701943e-01 7.336501207015451165e-01
4.963668762740262030e-01 8.109926657775016201e-01 7.295979695153923528e-01 7.906419072510648682e-01 4.527322895386113322e-01 2.272161216074930490e-01 9.119917781824978809e-01 4.617637894613815241e-01 6.680293129376356775e-01 6.432079519239601417e+00 3.823093377599138698e+00 3.859743353157354395e-01 1.555390312103944739e-01 6.126171774383304403e-02 8.277760135731673685e+00 7.373402621054440109e-01 6.113609174218069819e-01 5.033075055686517807e-01 6.113903726694853713e-01 6.533092409055571981e-01
4.244379465688385977e-01 8.867903757686679267e-01 7.145528957864271113e-01 8.447763570913540132e-01 4.956039010223383112e-01 2.274366399290765617e-01 9.682928044054260885e-01 3.445022603841674802e-01 5.895046827201384509e-01 6.653648319150762269e+00 3.518208185793187948e+00 4.348650179056290366e-01 1.595854512902521172e-01 8.197877746011537903e-02 8.942372440577154080e+00 7.175324733343744210e-01 1.194688645292236728e+00 5.034531309764006535e-01 6.152916556626617517e-01 6.564727415701143709e-01
5.279481810776560646e-01 9.019264912962717817e-01 6.352348808170651395e-01 8.370198260273039592e-01 5.148718211581558846e-01 2.168927578145252999e-01 9.663865814934242682e-01 3.433166036933906762e-01 6.375949841072449109e-01 6.867882527672967363e+00 3.785304838488518619e+00 4.226701745125009957e-01 1.559107807522533973e-01 5.748162725827490188e-02 9.253112958832828028e+00 7.263391602663764601e-01 6.114632306561766928e-01 5.128658346219365782e-01 6.185402767038458149e-01 7.038989686111611910e-01
5.712926297364269157e-01 8.138500232360369457e-01 7.501800003163721087e-01 8.144558025635934007e-01 4.860015923531182946e-01 1.862868307653128275e-01 9.223790939496960828e-01 3.330967681061482999e-01 5.978926108925719518e-01 5.054614969652037715e+00 2.904582863629788569e+00 4.202845425084396069e-01 1.610810968799142873e-01 1.146083476798164247e-01 9.286136341747182499e+00 7.291255920021629811e-01 6.315065849652242713e-01 5.087273860344549981e-01 6.507082766216353287e-01 6.707930445103649220e-01
5.834159324072865083e-01 8.832017816572288460e-01 7.712242621370670737e-01 8.544456791780608018e-01 2.946942608426506571e-01 2.026387363135431219e-01 2.473924517638709242e-01 4.799125009127085950e-01 6.039536977401923634e-01 6.437005461698474207e+00 4.408846098648791845e+00 4.474316159754198052e-01 1.354926198682882832e-01 4.388154112731336431e-02 7.567952320746476502e+00 6.539883081258225372e-01 5.489097763282614340e-01 5.644263416852950410e-01 6.738510804947025479e-01 6.434026985334284632e-01
4.792209349910984684e-01 8.845718220795006914e-01 7.247288058391334609e-01 7.831031970961550570e-01 5.183486640499652687e-01 2.543797968897441031e-01 8.952672981339393488e-01 3.245710739649600995e-01 7.023190913688802661e-01 6.650708395225119141e+00 5.125113788132778403e+00 3.591494862029991353e-01 1.535445931150331289e-01 5.845139668270692840e-02 9.146692499557522282e+00 7.689233439459665087e-01 6.138258559775386924e-01 4.943680520277845547e-01 6.038269181362766469e-01 6.544913199607886867e-01
5.065334225528007606e-01 9.785057887035792934e-01 7.006314764908252446e-01 6.726377123348274978e-01 5.075449071560341752e-01 2.068711680309949230e-01 9.139719223959164029e-01 3.284531208007329672e-01 1.033030757478557327e+00 6.659395399582360042e+00 4.002693409457734219e+00 3.922463521928543639e-01 1.500499530093249434e-01 9.862156186617586362e-02 9.397983186120022481e+00 7.696300304677909931e-01 6.144017870333389197e-01 6.239109326471981021e-01 6.149950080140198505e-01 4.368704702428670705e-01
4.981439719833173352e-01 1.030618532681088828e+00 7.200708612044717238e-01 8.369507218427159057e-01 5.109341973797404401e-01 2.472437973169993586e-01 8.507423650715434382e-01 3.297879564063723734e-01 6.030109566460907233e-01 6.231477799193540612e+00 3.750118925963222161e+00 4.109516408198586324e-01 1.773966610056254278e-01 6.617983109558582544e-02 8.730063828580913565e+00 7.081076716707449537e-01 6.753146904632970626e-01 5.044715258156665660e-01 7.050423029228559679e-01 6.572189265607434328e-01
5.235318783773830198e-01 8.478319072680492452e-01 7.192819563257929483e-01 8.018212969692914971e-01 4.788629643983468576e-01 2.171619104963033731e-01 8.847104773118218413e-01 3.357581716853819120e-01 6.028339471731555266e-01 8.502206553150355006e+00 3.961077977230668345e+00 4.146580460865986195e-01 1.712958918546135523e-01 4.460909971772837601e-02 6.639783078908322977e+00 7.466611288151667747e-01 6.222378856595089935e-01 5.032943413465446048e-01 6.480112084453985011e-01 6.563576091322684825e-01
4.955236209402915648e-01 7.187269527192956531e-01 7.099040536344430885e-01 8.596010772320130666e-01 5.045952476830320999e-01 1.914200689752771356e-01 8.842546684487788689e-01 2.330697404743775347e-01 5.309251043138046855e-01 5.912423661707094880e+00 5.032345951259122430e+00 4.266304961518674888e-01 1.720034710205544937e-01 6.142809408343675309e-02 9.241693216399655242e+00 7.393514353149467366e-01 7.508449644060853911e-01 4.748087734241725477e-01 5.835887710025433606e-01 6.647816759170562806e-01
3.254216403065346430e-01 4.920288233630287777e-01 9.437179241636731719e-01 1.055393095629401090e+00 4.887660854701527113e-01 2.165027081519859120e-01 9.305487650695966062e-01 2.643440498869542576e-02 5.510355558692883182e-01 7.278433331807344864e+00 4.045781636776284884e+00 1.129719129502627928e-01 1.640099594910345571e-01 6.723670497132643031e-02 8.271239566201741056e+00 8.772986402786884241e-01 7.379851535071167978e-01 1.914510556698583443e-01 6.318496414460696986e-01 6.486906433509412873e-01
1.234894369292027783e-03 1.040880199166120512e+00 7.963648204791760055e-01 6.804021356055482972e-01 5.276071797642845063e-01 5.235544658904986992e-01 -4.209689202445258127e-01 3.663230507186678864e-01 3.921874350934414499e-01 3.663387686557708633e-01 1.795330672381862502e+00 4.063139541030773572e-01 8.165231502635644789e-02 3.365211822127902458e-02 3.806621654928077803e+00 7.811254915201037985e-01 5.201881830382992788e-01 1.350148948440283991e-01 5.931046418712371260e-01 8.664797924219729275e-01
4.605430487735398537e-01 6.719567397070302928e-01 6.049798773748826797e-01 6.147176158842324600e-01 8.267204293405514548e-01 1.331661675436121295e-01 9.400505910104007823e-01 2.003130255530685133e-01 7.180057030579877209e-01 5.336539928848796244e+00 3.565624935637792703e+00 1.815581251693670350e-01 2.991378195181982891e-01 5.321024155325959626e-02 3.997026540515816961e+00 5.415138736298257260e-01 6.616405759906962558e-01 6.750158042362464084e-01 9.259097070769414239e-01 3.862615807349971675e-01
4.867838449876435991e-01 7.837441770864290724e-01 7.108686323513391248e-01 4.847119185112866435e-01 2.721901227490666209e-01 2.207715818800109753e-01 8.611724282286040699e-01 4.069564358911343938e-01 7.359291312605832358e-01 6.885214239329268793e+00 3.300715800906302899e+00 4.110196308092122774e-01 1.765475054252222953e-01 1.233007587533993532e-02 2.828984012446341012e+00 7.475140242374520572e-01 6.907094943380435170e-01 9.402886827238890466e-02 3.717035795681729038e-01 6.733479016400750750e-01
4.346155146189367713e-01 8.335040453195383670e-01 6.992650067980322737e-01 8.356634181606439338e-01 5.135898013640259885e-01 2.168926715412777539e-01 9.020276266189055647e-01 2.867427381479856208e-01 6.201321447760901329e-01 6.608635228311229071e+00 3.276473999256864555e+00 4.477304166262727203e-01 1.705527379280813161e-01 6.323573050277854490e-02 9.464248101059387963e+00 7.218248482574921576e-01 6.403678085465108749e-01 5.035494881540538703e-01 6.200720668350241382e-01 6.536018415995115127e-01
4.356170078639218235e-01 1.102074349739304848e+00 2.030726977131358524e-05 6.064085549849841383e-01 5.062817372491043022e-01 1.912975889304188992e-01 -1.256680600656569502e-01 4.217382606104083664e-01 -2.443292714817896227e-02 2.115414511065345504e+00 4.078900292100127167e+00 3.259017792743869046e-01 1.385885521793977226e-01 6.066395482851875964e-02 2.768389758473888573e+00 6.265231559639957704e-01 5.180149503625949281e-01 1.099032817374595794e+00 7.004475911344710815e-01 6.021022628740553273e-01
4.102686031021003377e-01 6.719338884879335616e-01 4.995481541145249116e-01 7.549244313593885813e-01 3.110486485023788994e-02 1.778013576038899035e-01 8.611849661790883514e-01 5.475755988657275974e-01 2.033424974256957951e-01 7.094516724339650970e+00 2.606542191736710201e+00 2.623728238778768596e-01 1.651717388660393082e-01 5.868272003906820772e-02 8.164021684628330888e+00 3.748604431999656428e-01 9.011725731838415854e-02 4.655455752193213836e-01 4.924641642281341603e-01 6.597343999027998063e-01
5.632258286151583526e-01 8.393992341757531284e-01 7.615915239100489176e-01 8.170793755593397378e-01 5.001675193668968511e-01 2.033676025236300644e-01 9.398747267266779337e-01 2.997838092347483441e-01 8.219038068998502089e-01 6.656311202410951644e+00 3.193177377685245677e+00 4.432124282414457994e-01 2.204321711501002756e-01 1.301348874818979151e-01 9.162513072257233659e+00 6.900122133785374645e-01 7.036828014695036826e-01 4.982093097652990354e-01 6.292098147232000338e-01 6.452238590266881069e-01
5.813210335820593322e-01 7.543234224040946678e-01 7.023213775669592263e-01 8.753463371259676551e-01 4.474278608011802993e-01 2.097146636081458904e-01 8.781479820130289049e-01 3.223511825288791210e-01 6.087769333703455521e-01 6.438177856796912124e+00 3.905327449120938432e+00 2.414764901466029123e-01 1.667237702190206283e-01 6.003126505837633187e-02 9.466115943100467334e+00 6.770530015006135383e-01 4.753755658673713969e-01 -2.233709309916817598e-01 4.313065255493917505e-01 3.183396060388734572e-01
4.762974354731956406e-01 1.874665859919849020e-01 6.691927755965318969e-01 3.967152545310810852e-01 5.470550660658146658e-01 2.448697960877392332e-01 8.474720809921029163e-01 7.741044345578181884e-01 6.527692813208990641e-01 5.406240092391010776e+00 4.534786383347034544e+00 3.928883900941718132e-01 1.796047101908282706e-01 4.803616453686524596e-02 8.919304932912213602e+00 7.201495597604736787e-01 4.374797008345832627e-01 1.358518379509322527e-01 7.911165227257542787e-01 6.943803933624593805e-01
4.319237157905014834e-01 9.141864116704092602e-01 8.304835649109515439e-01 9.097133644682536824e-01 5.219648065386427449e-01 2.214432648373103052e-01 3.842611299614010489e-01 3.642124163187591690e-01 4.032096459936207467e-01 6.330411259262170631e+00 4.558020757788731281e+00 3.975099424720783814e-01 1.382130011291401450e-01 5.836996635773993719e-02 7.901708092910769032e+00 6.766440043430356210e-01 5.232209982349450561e-01 5.004659918538510999e-01 1.060023727386779857e+00 4.411688666121731384e-01
9.112394215091796923e-01 9.876596782141486841e-01 6.884222008423496186e-01 8.474110039587466892e-01 9.214631020674185491e-01 -2.313978713283515454e-01 6.790515332140101279e-01 3.373500122235620902e-01 8.841463696155088536e-01 9.286482117893319455e+00 4.289328565695699425e+00 4.651627081312680323e-01 1.595197112336851353e-01 8.967409122991297499e-02 7.166499527980890072e+00 7.059045339494416371e-01 7.423324048024040334e-01 5.027555842474630277e-01 6.203622000471165077e-01 4.202952965227817472e-01
4.212345318369764557e-01 9.606179046148461964e-01 7.415032153989165042e-01 8.141284827912393940e-01 5.132669649532182188e-01 3.859930360640898561e-01 9.168111230162854230e-01 3.295248000198229277e-01 5.897530708722448223e-01 7.318821562135187975e+00 3.977080316816036909e+00 4.556943126190127757e-01 1.590646011909816748e-01 7.107505562586002856e-02 9.473015844098316762e+00 6.851374762708181132e-01 4.645090806207878842e-01 5.029310596005250877e-01 6.217203028762299244e-01 6.609281270754949755e-01
4.791041645231922663e-01 9.048628879301178207e-01 7.097810524170675706e-01 1.013279424845416221e+00 4.681485851276772081e-01 1.778945848201510527e-01 8.946297309140085474e-01 3.132212193969727831e-01 5.939710410195717660e-01 7.006072573827080596e+00 3.934353933234246536e+00 3.350194498503741292e-01 1.393574845985588173e-01 7.969278637571707014e-02 9.242127812243198903e+00 6.982651964648706189e-01 6.177770050086420772e-01 4.886425251485910781e-01 6.440934417785828536e-01 6.512953938648110563e-01
3.244745833839397520e-01 5.220106849401590088e-01 5.966579926416821777e-01 8.389434547295856470e-01 3.809373406287930308e-01 3.212377957957227581e-01 7.630940052176850008e-01 2.668003101147863321e-01 1.078746774162187005e+00 2.541786822015415837e+00 5.834954285960659348e+00 2.583134421834607508e-01 2.190836042017523799e-01 4.713186485891755761e-02 4.976373875741753494e+00 9.946393924090527472e-01 5.909313007610864643e-01 5.143881373494199050e-01 5.293452807352430067e-01 6.343009148802781771e-01
7.416399399579997054e-01 9.689895208379493141e-01 7.083367015235173536e-01 8.580139104347819234e-01 4.070696198342846905e-01 2.067745910495208672e-01 8.640460162701476543e-01 3.583429638129092543e-01 6.496494003818555907e-01 6.346540426926992495e+00 4.340579050278667417e+00 3.707283845698789992e-01 1.223781035469564543e-01 7.684940460608097323e-02 8.972759984945327005e+00 7.399612662005158326e-01 7.226575681300354548e-01 5.588934418520132841e-01 6.253633708277298586e-01 6.541639636730546270e-01
5.905685305438079791e-01 9.326203918588809039e-01 7.014993468523806897e-01 8.546508950649875924e-01 4.442219863515141087e-01 1.683952835228464118e-01 8.253671545683390898e-01 2.786472665985203490e-01 7.941284587456557409e-01 5.048450738119079517e+00 3.220646306744817888e+00 4.155860287568889921e-01 9.789890284264682330e-02 1.159082272415898479e-01 2.406418661861004615e+00 7.069194095962214597e-01 9.063896037622776181e-01 8.910931023380905813e-01 7.698785623215511631e-01 6.053082316406260821e-01
