6.053032124925323831e-01 4.737027394810879311e-01 5.654141107234343933e-01 9.544620800453001985e-02 5.324709046854280148e-01 3.195666818566680889e-01 -1.335300042970073431e-01 3.639199284325521644e-01 -1.727518966617181684e-01 3.366555976053126731e+00 5.238409612165275675e+00 2.333143316424500235e-01 1.296557827897519832e-01 9.431814952130576635e-02 1.086350612143691663e+00 6.872553422185598837e-01 5.063878681605505916e-01 6.724110629056424537e-01 7.488885518154155818e-01 1.816119019386747135e-02
1.238417467832528401e-01 1.185458519356066054e+00 7.658774623517241587e-01 1.115871520078711487e+00 1.219731064187742575e+00 8.480947938595813085e-01 9.635055064556354854e-01 3.722708961681429063e-01 8.114299871555816779e-01 4.306041811888893456e+00 3.835807305839100678e-01 -3.241682612728586377e-01 1.706223904901266464e-01 1.602002730517400608e-01 2.147081315172150617e+00 6.773110422866760461e-01 3.369132923353530540e-01 5.810523540050421820e-01 6.109725570052249033e-01 6.068777904220626906e-01
3.703704165131829207e-01 7.211542594712219145e-01 2.986000859828291110e-01 5.687347185404968419e-01 4.733551666874274977e-01 2.614486525617820134e-01 9.827419975635570681e-01 5.164293611824805064e-01 7.406596210302329730e-01 3.692943515222241402e+00 3.061436664297158661e+00 3.245845376243235991e-01 6.159797175951814419e-02 1.690900642236341511e-01 9.186732345165577129e+00 4.609315969433467886e-01 6.434106954120230037e-01 7.199861152746938053e-01 4.823796651873006325e-01 5.522077099364703923e-01
2.057014480475334584e-01 -2.767555880031682403e-01 8.701655305205480140e-02 -1.936292708221703796e-01 3.800879436814594281e-01 3.376319840230850300e-01 1.805596832652914263e-01 5.972946458093285615e-01 7.573249897535142550e-01 6.300128319286277367e+00 1.215147605899374650e+00 2.371396719853955948e-01 1.147564185344051024e-01 6.988592648151312203e-02 8.192885343452465108e+00 7.871100378580863088e-01 -4.299401046242329327e-02 2.389614829714905020e-01 3.429875102074018134e-01 9.561372717058764792e-01
6.143246075898088632e-02 2.243408589159437416e-01 9.196395559165615463e-01 4.368009904370961927e-02 5.448657107718810622e-01 2.268338026330576351e-01 5.604228096243347723e-01 3.487328598074368458e-02 6.630988475133112736e-01 1.202536142104083439e+00 3.408566125670269731e+00 5.970863662549519280e-02 3.256156747713847555e-01 2.011175239333680420e-01 -5.670098559646934433e-01 5.302543809053532620e-01 9.938406133885551164e-01 1.066130330589290409e+00 4.010750705058893639e-01 7.288145834228884068e-01
4.454459380626258347e-01 7.426347860018069902e-01 8.353627336665206959e-01 7.315725012383571535e-01 4.976950546709236756e-01 1.882568217980788439e-01 3.918204261380457964e-01 2.174002437851274006e-01 7.031875146967787593e-01 3.513692625256681801e+00 2.655571667754210274e+00 2.945836009154864654e-01 6.268830418725407361e-02 1.438000427787728130e-01 5.803774868852502600e+00 5.992445655646201352e-01 2.666063372601669146e-01 7.261492645136549129e-01 7.381648111974176141e-01 6.906059609842083447e-01
5.943252902734017518e-01 2.846807362183395584e-01 1.115972451000190602e-01 7.390761800731430187e-01 9.220970293034916887e-01 1.508094866353639207e-01 9.908941465007342630e-02 9.367740169018233809e-01 5.771111754765860802e-01 4.027801721941874469e+00 6.169635884155427741e-01 2.086470416372496473e-01 8.505537289034946491e-02 -2.784183417924371295e-03 8.888283320063957049e+00 6.978058054390836595e-01 7.213074273830022420e-01 4.940612416708076715e-01 5.587780453534993974e-01 7.071208006485704134e-01
1.513939482207053988e-01 7.003290954556951053e-01 8.114139258147732292e-01 4.191685413225434975e-01 6.550905517979965786e-01 2.317889096605366683e-01 7.464831862917193916e-01 1.529259651175866319e-01 8.056593103632787578e-01 -3.024647514438053797e+00 4.486170854698015908e+00 1.871202276722594982e-01 8.893263065444931281e-02 1.742724937439472099e-01 3.702430397314848687e+00 6.758388664886315622e-01 1.267589977628633680e-01 5.932279281291179540e-01 1.102469033154635181e+00 6.022274659746990055e-01
2.305588321078307912e-01 6.898312400728281446e-01 9.620399383786870651e-01 4.244653479298138854e-01 8.711878920997300213e-01 4.589487712281389853e-01 8.740162688112511624e-01 5.123484633089907536e-01 8.565725295881355672e-01 5.515893438849940544e+00 2.304797219253463592e+00 2.102495271348828187e-01 1.534557580542131316e-01 1.942803840452655140e-01 7.721224926820974055e+00 6.490426473188707357e-01 4.234575829834748006e-01 7.557535127559708021e-01 6.194158214950208352e-01 4.704895519264177817e-01
7.698926875429907418e-04 1.579240329999654913e+00 7.613911608608855408e-01 6.350147209449684693e-01 8.353527498188543232e-01 6.949885870765676321e-01 1.250375635435448274e+00 2.906256633954175106e-01 3.480085810998456708e-01 2.975667332783714425e+00 1.425034050228925597e+00 8.560627960861032226e-02 7.158262280204114036e-02 2.169525545800711774e-01 5.354798609609187743e+00 6.482474168859950758e-01 1.104814643859777235e+00 4.230496886108148225e-01 9.673627769885688732e-01 5.714178273700798449e-01
4.155861978339728258e-01 1.015466752426406272e+00 1.550144719432495766e-01 3.305358302618229827e-01 4.466084694280421097e-01 9.275506742310899444e-01 9.153930690325733366e-01 3.464694951387640720e-01 5.843059480845123055e-01 4.687831206933266159e+00 4.137144579374771425e+00 -3.409075720992035818e-02 1.071098496154825330e-01 6.069540535742214832e-02 9.388253405388400807e+00 1.078684145206105560e+00 2.789094267948764583e-01 6.787923153611816751e-01 4.205256437547101878e-01 3.221791439891811271e-01
-7.728349601996004070e-03 1.567798951315780176e+00 4.406214374011869772e-01 7.761662819821754100e-01 5.620713230481887424e-01 5.489181517640913111e-01 1.158601647607994112e-01 1.919512980455568840e-01 7.689214567058676453e-01 4.151997163714423067e+00 2.500938578862333284e+00 2.393869289525125676e-01 1.756517143335057651e-01 1.067964760141772995e-01 3.541340962757345778e+00 7.866605319577543165e-01 1.179328707306423141e+00 6.425955574302326667e-01 6.048752561905551550e-01 6.752581925674767671e-01
6.079021773298839415e-01 1.291925575482634425e+00 5.669009682738422873e-01 5.720763230413707934e-01 2.907115100427585253e-01 1.387995704702456867e-01 1.016058807733601244e+00 1.989064258473876023e-01 1.943839601500458314e-01 -4.841173009030145025e+00 3.635443605699546499e+00 2.491464904480897302e-01 7.669029689398901284e-02 1.677145372211873986e-01 3.268210636278119807e+00 7.953848712155906497e-01 2.399151390788203941e-01 6.755026775770829328e-01 5.739441611331419502e-01 5.111998157716016733e-01
8.713613701032196790e-01 8.909145594610516916e-01 9.440591816258765423e-01 5.671343547949723174e-01 7.269538125515443427e-01 2.003268811391530346e-01 5.668085958865890506e-01 2.957188592024372342e-01 6.148466178936351501e-01 2.508284718828267756e+00 1.724831538596113933e+00 1.549459327520874286e-01 2.959230360681827654e-01 1.598343242536587605e-01 6.931987136361994928e+00 9.123088714982177105e-01 1.789789183359685731e-02 7.209465719960000962e-01 1.091528650173976933e+00 8.886673398555069436e-01
3.493165186975788483e-02 -1.197770301493195078e-02 9.782367993645517679e-01 6.171438419657391261e-01 4.034974344210505715e-01 5.875349635245094015e-01 8.335890807559628302e-01 4.614515350006646033e-01 5.727935021513624880e-01 4.036090271634677151e+00 2.593997240796870773e+00 3.123113489987091596e-01 3.096838460457980793e-02 3.215648495473238944e-02 8.297055397765289442e+00 5.256865834208699351e-01 2.479000322361237518e-01 7.553966600172054013e-01 7.416810137926668212e-01 3.797213235798470587e-01
1.105800438427924914e-01 3.496282042107580201e-01 7.452723814822761472e-01 1.905071955018285690e-01 -2.125075211164532130e-01 6.545791361755101123e-01 3.913491903614880751e-01 6.519204840073171692e-01 7.798628262058671101e-01 2.764143372313597524e+00 3.799962557297372534e+00 2.174304752058386359e-01 5.544522532206384163e-02 -4.011786178797560609e-02 8.986158935635193856e+00 6.730375637330578975e-01 2.808608080768854598e-01 5.995343636611495386e-01 -3.357000548998138045e-01 9.181385011925841111e-01
3.620633816560266394e-01 7.450552809385798669e-01 5.251834225035083570e-01 9.669967998790268693e-01 6.080515790169583878e-01 9.803130133346230068e-02 9.083640038304935382e-01 4.042215630752389877e-01 6.751179556175537222e-01 7.210543488261188294e+00 3.709146409674925149e+00 3.265802825802363030e-01 5.452995839591518595e-02 1.481628829789784496e-01 7.332852109423963149e+00 6.949722742133679354e-01 2.369980224397443547e-01 5.844255074399126171e-01 5.382684717550964004e-01 3.907367229355653837e-01
7.542111936956184814e-02 3.372271819997655351e-01 -1.845182687739390648e-01 5.632903448356683107e-01 6.493478250947359864e-01 1.076251018310167451e+00 7.178323319624120291e-01 1.322889411565676965e-01 6.649528114252173383e-01 2.976272484870404078e+00 3.202866105756365656e+00 4.582630544584234134e-01 6.387678585081904559e-02 9.876906136348363729e-02 8.276442727489740747e+00 1.120758339032372097e+00 2.948671456824287773e-01 2.438808821166210394e-01 8.085379334761031433e-01 5.679982646334276186e-01
6.252026405151550614e-01 5.111717408376287297e-01 7.399543014622447235e-01 4.351357339679555181e-01 5.038259813305133727e-01 2.300962468070261446e-01 1.008401985304344883e+00 1.411037291022645135e-01 8.270151316936593666e-01 4.217926410645144841e+00 2.752396781876962795e+00 1.556456591673632261e-01 6.797039374413364754e-02 1.205727774701720184e-01 9.385986006884440513e+00 7.364198014540648263e-01 1.673076502582951375e-01 7.225140889666229471e-01 5.269895790757722631e-01 6.795715139100908520e-01
-3.461743888393251645e-01 9.820540833810313952e-01 7.697668393780332519e-01 2.549840677131002264e-01 6.629554794067336054e-01 5.909250458708661391e-01 -2.656954887217655159e-02 -2.156279385463735487e-01 2.569735613316363465e-01 2.481540790048295531e+00 4.124366588513399989e+00 4.045472941171772696e-01 8.859631278868772275e-02 1.040504574609833199e-01 9.011420933267205058e+00 1.145306041654602147e+00 4.391924987052633345e-01 8.991532178647156925e-01 5.682733877003066647e-01 -3.054869946301848049e-01
1.351067176717144491e-01 8.238804828617336540e-01 8.695639290142357369e-01 4.539541489762790594e-01 5.038040032951599523e-01 1.757659855454939968e-01 4.579792258837409591e-01 8.959244871084880435e-01 3.518989712870677078e-01 3.705542785211169310e+00 3.563239691449456181e+00 2.940573781878754733e-01 5.117429764296128891e-02 9.356300460608635294e-02 9.720607385305678250e+00 4.507894417583170332e-01 1.408859609120219070e-01 9.931123158926591366e-01 6.185120014689460266e-01 5.527415672095901122e-01
1.485784664890528739e-01 6.428165173779822883e-01 3.385007919730956272e-01 5.257336749926014852e-01 6.568543317784553137e-01 8.650162363918862951e-01 8.424737733294143105e-01 3.308751538074232168e-01 6.971175850276056796e-01 2.386775412854729161e+00 3.312848138282489252e+00 3.584053454773103997e-01 1.531641382631300230e-01 1.584007148159149170e-01 8.874547075508242955e+00 8.397821132058789217e-01 1.565572054539727809e-01 5.637142301451110171e-01 5.249153740788018441e-01 6.413314449439516673e-01
3.823721549002280506e-02 9.242980478327117444e-01 -1.701820107402771676e-01 3.936273818375864986e-01 2.034090955361316233e-01 7.732533823961029729e-01 6.481871451199504586e-01 4.941366062741795462e-01 5.794364660328445993e-01 -1.964515760144905698e+00 1.756889498738716249e+00 2.510456016817101399e-01 7.418890957958064469e-02 1.786846081123604491e-01 7.386275881492676554e+00 7.557307976617938516e-01 3.746301802580491724e-01 7.642222649818631863e-01 6.214860832173536576e-01 3.672227742035483189e-01
6.107846556079535860e-01 7.873361281044042315e-01 8.652838274428416021e-01 -6.496728934008509926e-01 7.947869112200993680e-01 2.658502775040967325e-01 -1.371613917463531118e-01 3.730285032090233099e-01 7.163584026695506424e-01 6.219177489090907507e+00 3.149849843095704038e+00 2.120933152675374411e-01 2.639878203979983962e-03 6.657577654499372000e-02 -1.874390616053722702e-02 7.062983991975535503e-01 4.838090638847405978e-02 3.428374989110691273e-01 3.212227792673031934e-01 9.763092508908876033e-01
2.437712781516105376e-01 7.717398320970927372e-01 6.540202728539084021e-01 7.331450721360248668e-01 5.765300077073732821e-01 4.680684394931567960e-01 7.002144300273666078e-01 8.881374525679479603e-01 7.746126539133320055e-01 4.715797194120258773e+00 4.285396710896288042e+00 1.825061597701451155e-01 1.559716626016235952e-01 7.255496356597464225e-02 7.679731213144036062e+00 6.706100174422806592e-01 2.269667810253577223e-01 6.932139701383204233e-01 6.127995023605996572e-01 8.032071417833972493e-01
-2.059336588101602639e-02 3.941162736046355253e-02 2.699468529589212906e-01 6.189645183903226267e-01 5.608720059740142094e-01 3.783741690506984834e-01 4.859904640487973104e-01 4.155029358014052376e-01 9.625641234980775174e-01 6.552087846857438613e+00 2.525919228019804841e+00 2.339254627337371273e-01 6.435834631507911241e-02 2.433222503770360035e-01 1.006619883351991440e+01 5.990687629070795550e-01 2.556646198867394415e-01 1.436301215593854541e-01 4.899160721375219740e-01 2.363180180843150735e-01
2.188283436505109314e-01 1.176433115214305491e+00 1.002777314597336211e+00 6.763519057088601683e-01 4.664179682647918712e-01 4.512383027509920264e-01 9.386019224527358817e-01 4.459668027705874782e-01 8.755970853110528473e-01 4.385664371149029961e+00 4.634195505347237010e+00 2.045809382993899472e-01 7.686110918052045660e-02 1.294389854858879196e-01 1.010029054768233436e+01 6.491324247749240550e-01 3.038431499376304523e-01 6.713150329770249947e-01 6.219606241699150440e-01 6.829947896723562728e-01
1.527974458332855001e-01 2.480371928678938298e-01 8.478284218665916860e-01 6.922322875179278689e-01 6.131766196304100358e-02 8.598160425248653205e-01 7.119003051574663843e-01 4.486265458981926191e-01 -1.984222386729012078e-02 5.004139893231382530e+00 3.993615835062255925e+00 6.596882436331046318e-01 4.396479056588979174e-03 1.673776244188656670e-01 8.733580616527643059e+00 9.289345522891684359e-01 5.250979107795037404e-01 5.274839635210463173e-01 7.385253154383648599e-01 4.966899300081817903e-01
-3.368382414961126892e-01 5.542964001324253154e-01 7.460012456904004940e-01 1.439649200151393860e-01 5.246058030274868278e-01 1.785644394321531381e-01 7.593480285496794213e-01 2.266745140091440680e-01 5.256875120778544686e-01 6.057848776013450731e+00 2.978134767181738418e+00 1.411099082368227342e-01 6.818800859914236900e-02 1.101923003646496924e-01 4.787059255988287632e+00 6.745184376254537151e-01 2.535120619098370498e-01 5.688135335846822294e-01 3.361248415481917773e-01 4.041578518760865490e-01
3.558055788909189054e-01 8.229349486369830213e-01 6.912972201094259583e-01 5.175562193164257030e-01 4.187765799573187619e-01 3.748556995533681158e-01 9.181592021740121456e-01 6.856351565163665285e-01 2.613154461337642842e-01 2.743540588545508196e+00 4.444800624396227029e+00 3.043106389670197087e-01 1.193222536009017620e-01 1.747326019958162779e-01 8.915750267896294545e+00 4.891401426948841502e-01 5.086412781643936398e-01 6.709231507716496568e-01 9.252854079672274690e-01 5.562981738482228877e-01
-1.875913956404913763e-01 1.382975702930628437e+00 9.762450267615576660e-01 3.577823625306161270e-01 4.864856422425004601e-01 1.330839058749619053e+00 2.874081758162081446e-01 6.150940104624138538e-01 7.464153261126257322e-01 4.989776932395022513e-01 1.854271204124136929e+00 3.333375132015437003e-01 1.509301999165088004e-01 3.696317053868116709e-01 -4.994752567157529910e-01 5.162227649877129121e-01 1.045622493164748645e+00 1.023025136978058081e+00 3.911691523852946495e-01 4.260929236181739133e-01
9.412980150003463775e-02 2.787184186641090688e-01 4.563679017904487267e-01 1.680375141814788309e-01 5.139730903562437225e-01 6.878604367486008675e-01 6.556179693164435607e-01 4.082761838215981931e-01 8.791906940064295739e-01 5.270785870956585129e+00 1.698840113063361690e+00 2.113412197497505918e-01 1.184566437738920064e-01 1.212325679488881203e-01 7.524027982786423152e+00 7.063276002941573095e-01 7.117988280561409198e-01 6.422736249726352931e-01 6.019444704570861004e-01 5.493525813381742173e-01
1.736476036460308792e-01 1.468926053488917471e+00 1.641630568184263006e-01 7.119274790814836829e-01 4.973172622533220677e-01 2.916955651276506578e-01 2.130329531995645009e-01 6.316902930398889948e-01 8.148354910787549699e-01 1.664071937471008900e+00 4.037893268712640982e+00 -8.558190051167965939e-03 2.246590472792284743e-01 9.060840601772160441e-02 7.008132481127121949e+00 6.117817839722451412e-01 6.150483374479533832e-02 6.820567945862354708e-01 4.325762555856056402e-01 8.057000440157657817e-01
6.992200553940082219e-01 6.925425217995264671e-01 6.046999086394093670e-01 -1.633008109300435606e-01 1.059730939154270024e-01 7.934164038179856160e-01 7.168450028924300277e-01 8.656319658133400097e-01 8.624277323828573039e-01 7.653547469148015203e+00 3.402431479336596620e+00 -1.206298793510178768e-01 5.438244842212926200e-02 1.581256116564942471e-01 2.608758651707328013e-01 6.798168383023112105e-01 8.176264409108298103e-01 -2.493443306929885028e-01 5.924927268163737715e-01 4.797133624201632696e-01
7.186568143215582571e-01 7.763147089915181098e-01 2.002229657661583895e-01 6.005024635369613506e-01 5.386198289485686352e-01 7.127891941012509669e-01 5.807516101963661193e-02 2.252208321093542021e-01 9.975924795683623891e-01 -3.347010620866956998e+00 3.401572534141727999e+00 2.405195103676885382e-01 1.069360093369109421e-01 1.102592260903741128e-01 1.293693603328582853e-02 6.906074231561102339e-01 6.218355448678026809e-01 3.556831242053555275e-01 1.391374913522795964e-01 2.325163940962540199e-01
1.668415403028775668e-01 1.263495193499469371e+00 5.085092792915392179e-01 6.249550129412217991e-01 5.741017596432114178e-01 4.616339422420945304e-01 -8.783876378470351076e-02 4.425063050643584517e-01 7.596385642748840761e-01 5.496039428771087643e+00 2.865016542415274703e+00 4.296468135290548718e-01 4.511496436320626413e-02 4.578011346961717576e-02 8.954830312464251207e+00 4.547474610089151104e-01 2.085553722004700461e-01 2.591832406793809773e-01 4.370131142963992188e-01 2.244304432279710937e-01
-8.923146302357666537e-02 1.098121064504392175e+00 3.601316683587822975e-01 -1.671054929334695460e-01 2.236841455144016055e-01 1.080259685813986126e+00 7.533818796414482044e-01 5.598626543861164873e-01 9.100197885813710030e-01 4.211058681396902870e+00 4.744458776988521365e+00 1.733054517112907755e-01 8.379431378200066782e-02 7.444530108045620265e-02 6.771630530057031194e+00 5.518463443892696052e-01 2.406090843023289683e-02 4.768385060341230886e-01 6.636071431540239152e-01 5.385609863767348848e-01
-3.890702717377911291e-02 1.094561031290337327e+00 5.858141035554691456e-01 6.506929090099367041e-01 3.381445999728907026e-01 9.995336306798459081e-01 9.643189839302866995e-01 4.771170626245839763e-01 1.695302387978061542e-01 6.032284010061138346e+00 6.627140009875619242e+00 5.545620796199816072e-01 2.646768831595217725e-02 1.725830031796528330e-01 8.633880416711079420e+00 4.727861178342019355e-01 5.483551477968966470e-01 3.444996518051926526e-01 6.184847171869399807e-01 3.320324154475597922e-01
7.167505588257087057e-01 7.881139720189018760e-01 7.595491468338337882e-01 7.603769033947251899e-01 7.481123553908467505e-01 4.959959964795181420e-01 9.279952224075673772e-01 1.700895865088523640e-01 8.997069474539889367e-01 6.323032096914252165e+00 2.594525169946368059e+00 2.889039438922991754e-01 7.419841266337592889e-02 8.067367487691622097e-02 1.482867534326510572e+01 8.095714186352032105e-01 2.849610661036457437e-01 3.587903662795301485e-01 7.661373627680473364e-01 6.660542080674831666e-01
4.427006801888311999e-02 9.346128757532936593e-01 1.711693051486573025e-01 6.821669200187625570e-01 5.336791325223846361e-01 2.853237797226879646e-01 9.160109854244250505e-01 2.894384470274505849e-01 2.767384431638717501e-01 5.615880105622184537e+00 2.307909994146077892e+00 3.490611800615514015e-01 5.629261728043647578e-02 1.522882014570910991e-01 9.760619156810991015e+00 5.948341956936790131e-01 5.815329728660715292e-01 6.321792965772525807e-01 4.157766532026458961e-01 7.445340759485876703e-01
4.557500149971409065e-01 6.414628578661460967e-01 8.765777759837725114e-01 7.812930722076480983e-01 4.790935469281978887e-01 7.124040404061746656e-01 7.085877109072123980e-01 4.632102513453901782e-01 3.501960823941894230e-01 4.309908915793648987e+00 4.203500853535912185e+00 7.190623137954310629e-02 7.046976901330392895e-02 1.583145479227149877e-01 6.093683201557673179e+00 7.330764052388367702e-01 5.474697878344334523e-01 7.929189602334286713e-01 6.344229815797685079e-01 7.157669568547970762e-01
5.346573023944740238e-02 1.001954309643600105e+00 8.843210353100837695e-01 8.265723716705234425e-01 -2.958787886064156991e-04 2.397779089728222790e-01 2.450400363206332588e-01 3.560522995301756977e-01 8.050787991178038894e-01 4.931490774120535825e+00 1.485268287182607061e+00 -3.166499742343649171e-01 1.439586368813967898e-01 1.029712162195635522e-01 6.559306118375219263e+00 6.270500223134086726e-01 9.753570583704995745e-01 3.806160766200004653e-01 6.087362524827327759e-01 6.256289673287487307e-01
-4.363509961049560903e-03 1.058081981172993791e+00 9.229956391199175547e-01 5.638736249733958816e-01 4.792989798144106639e-01 4.402267075342288227e-01 9.701597463464115556e-01 3.627549013330685912e-01 7.640352266559210515e-01 4.002319300666160373e+00 5.177631753463047382e+00 2.851913250485388907e-01 2.504374107494584667e-01 1.558757476400100261e-01 1.089131666953264954e+01 7.970355229165205779e-01 2.563890729997085338e-01 6.950218058383724751e-01 6.022152875842696762e-01 5.386217654937595078e-01
2.653654081889688654e-01 9.774378735175889288e-01 8.815470500508032492e-01 4.727084649211446554e-01 5.084970354543361104e-01 1.074913386155274403e-01 1.642069482542434233e-01 4.501816690781212382e-01 7.278134264305029522e-01 8.424837662114750714e+00 1.191003286232724667e+00 3.108202399797246884e-01 7.493288004681565584e-02 2.844660572731505521e-01 8.921199960939139473e+00 6.407442491511060600e-01 2.648343471282365025e-01 7.587055260658641664e-01 3.472050174450017068e-01 -5.456571856465752823e-03
8.917642401955339082e-01 1.307793456511113117e+00 1.462554922796880930e-01 1.182371514323101724e-01 7.503796235781010626e-01 4.429482145404745608e-01 8.510200045677835945e-01 9.136919841594616232e-01 9.039174321644185550e-01 5.538341489852020239e+00 8.270521801337075374e+00 2.264182954072929133e-01 6.613211628658122176e-02 4.476920592296700085e-02 9.331604380109725483e+00 9.673524092360539228e-01 2.363821372849636560e-01 1.770165420951730351e-01 4.573681997988396919e-01 4.966017435825363924e-01
4.416984888886544836e-01 8.345000438580664204e-01 8.314731084340017953e-01 6.873920158577019324e-01 5.508914054247981973e-01 4.800333267935506520e-01 -1.128569673659866046e-01 1.792692772181363470e-01 6.735056170873022774e-01 2.744847060909035186e+00 2.982326417129585572e+00 5.213929001789929796e-01 8.078785350030531776e-02 1.307435727606807707e-01 3.010026837128979338e+00 1.005087727774748751e+00 4.502971011825795955e-01 7.372408832577027615e-01 -7.960537090109465197e-03 6.711377182949236353e-01
2.004713164020648919e-01 5.386613402656537097e-01 9.578289704372013880e-01 8.675546389240073042e-01 5.407493283495614644e-01 2.115696611342908484e-01 9.357423268337825562e-01 6.273235125591130057e-01 7.608947771868803667e-01 6.599376921675926155e+00 6.939756763911466564e-01 2.800113789201061909e-01 6.738061688757197853e-02 6.379686574046028458e-02 9.289363611884215999e+00 6.721319798732173778e-01 3.014916205583615394e-01 5.641305172862369766e-01 6.125835284129177438e-01 6.740790568269147132e-01
4.799105215605927732e-01 8.387300879675192444e-01 8.949253621101638245e-01 5.462484978684509773e-01 9.001323084997694957e-02 3.682793949319527749e-01 1.141770707393655160e+00 5.309084230992660025e-01 -1.803095589146928024e-01 6.944049083358941665e+00 3.987684794054299875e+00 4.864906844928650331e-01 6.044701869779309927e-02 1.542741829039029622e-01 1.294611436664557935e+01 5.115956683427940188e-01 7.882986321731965118e-01 9.326568320293707748e-01 5.126938353986175700e-01 7.789967952267898843e-01
-6.983124264408273330e-03 1.398495630635382847e+00 7.386311461764920594e-01 -1.087046386033323903e-01 5.573032319508215426e-01 2.451915642512421112e-01 9.154582962849148187e-01 4.010226753368203445e-01 7.138592511735950552e-01 4.245537923723378348e+00 4.767111814881906717e+00 3.706773464620665148e-01 5.507000841271020297e-02 -4.052459551342441069e-02 5.847403298378314851e+00 6.846064832125842159e-01 1.567355831204596539e-01 3.645363802508206907e-01 5.161252506471754042e-01 3.838851731190603411e-01
1.316351665278711613e-01 -7.310469256679469341e-02 3.966513984029089723e-01 4.410767234035303797e-01 -4.572874642136848244e-01 2.998782668029916221e-01 9.276538015894306710e-01 2.443983921696121775e-01 6.805567708039788055e-01 7.181649735733695028e-01 5.562462467863124260e+00 2.495072511346695388e-01 1.582010164429268340e-01 1.243990789806041219e-01 7.855311461114031779e-01 7.023698881393460880e-01 2.819540409011245807e-01 3.354348817676695016e-01 -3.933828133738641597e-01 1.132110570550157069e+00
3.832324952179427258e-01 4.925685987041025227e-01 8.318893642523931264e-01 7.082358806647413019e-01 7.626094298798845594e-01 5.441928809908600506e-01 2.008345050167416046e-01 4.650138699444698043e-01 1.172432224078930663e+00 2.863923421995773655e+00 2.099529620627296200e+00 2.661615065101675670e-01 2.100185899687733171e-01 1.072053809343422592e-01 1.053515966911345281e+01 4.770518814478184599e-01 5.407707349513414252e-01 4.499522263253357135e-01 1.444747899717932493e-01 2.125954970492115181e-01
2.013674852875613208e-02 7.794043760394500087e-01 9.813131340047752671e-01 3.410515854649295298e-01 2.886885050644603934e-02 1.674508631089954014e-01 9.235432758568389300e-01 8.634730994913099034e-01 4.520586078077479808e-01 4.857348623810803012e+00 5.219206967386694984e+00 1.767569515054403240e-01 5.094075559063242220e-02 6.177105005316330111e-02 5.059242140827159062e+00 6.323239284605325361e-01 1.722596776425047160e-01 8.555472511383184209e-01 7.979270937192013413e-01 4.382642273516926257e-01
-5.114474868020305043e-02 8.319078459470496956e-01 9.572161341971354709e-01 4.072199420219830834e-01 6.558053066919594665e-01 2.234319345818049640e-01 9.625248187247215093e-01 4.128878793540849412e-01 8.260014900707156604e-01 3.845518175779325976e+00 4.230590338756742952e+00 2.339917730825786801e-01 4.750306024191670862e-02 1.370630352490112280e-01 9.365438555398274190e+00 6.379289497911069251e-01 1.024361387535624168e-01 7.204740935648602518e-01 2.638625021107785518e-01 6.686945635079946104e-01
-7.618924442569667554e-03 1.176526385120850060e+00 4.302797599998802736e-01 5.898849368764398360e-01 4.129944851426377017e-01 2.751830039202901035e-01 9.538252123248922576e-01 3.297807497249563013e-01 7.833868116762909839e-01 3.962366920838429785e+00 4.399302961680502833e+00 2.773002608850052009e-01 3.033087104931063427e-02 1.446249568444823164e-01 9.133613479985063677e+00 7.691551559302335361e-01 7.505309790890205557e-01 2.109407282775918047e-01 5.849279609458124529e-01 1.064979773122884943e+00
1.129403338687716030e+00 7.523550743665775586e-01 9.116898622769943339e-01 -2.094855291351887527e-01 5.856071639155088215e-01 3.809625492582763284e-02 2.959883674521828212e-01 2.728023932710483823e-01 7.912627983571293155e-01 3.258101115324301578e+00 7.628114093255319084e+00 1.818086008821433452e-01 2.328548504549043385e-01 1.284044513833648982e-01 7.241564974162186807e+00 7.127932722971213053e-01 2.397485395570707056e-01 5.063843444652428305e-01 7.617945700103666562e-01 -3.884645060094127356e-02
9.951959588672514012e-02 9.616545803060876363e-01 -3.412568332318320907e-01 3.125843639838896681e-01 4.449275584568737063e-01 1.555301039458659440e-01 6.337552047440093705e-01 -2.934231002809667976e-01 8.220951622888053034e-01 5.148650220335548866e+00 4.585173524979448523e+00 -6.089351885302521361e-02 2.514888375722822145e-02 1.651311728381512078e-01 1.007918013620687958e+01 6.436623057164551076e-01 8.215725308399243754e-02 5.687912512236759088e-01 1.007994786580151736e+00 4.965428394176488180e-01
-1.465565027580638668e-01 1.149418755830878824e+00 1.029154146683061821e+00 6.288640048120069936e-01 5.555697070476409705e-01 1.623129910182157798e-01 8.199757038318430391e-01 6.239318213885552966e-01 9.062109770259636488e-01 3.875504613105019480e+00 4.528545755313889920e+00 2.548845688575272495e-01 8.213177529367216012e-02 1.313304757128752887e-01 9.659837973667650957e+00 7.003446657879787152e-01 2.990364666854839482e-01 7.376161291923155616e-01 5.042897376084873873e-01 6.548354423856319606e-01
-3.617843357888997358e-01 8.536866454028044782e-01 9.462586541952178187e-01 5.381233430525510508e-01 5.748226477169522397e-01 3.096179568948152494e-01 8.953921368934532055e-01 2.334229773060741420e-01 6.739668225126068668e-01 4.144549395674520298e+00 3.848984061446052873e+00 2.446653355943023966e-01 7.888832950475019312e-02 1.207190757137734799e-01 9.148518057982208518e+00 7.099515974019905418e-01 3.056583519807626881e-01 5.924804394158853516e-01 6.123593078064237805e-01 4.869178465664756872e-01
-4.497739472671657968e-02 3.437639227725786117e-01 1.131770904072836315e-01 4.950835816080617069e-01 1.420420002544277027e-01 2.525230941022295617e-01 8.997896369617459644e-01 -5.235120720639052649e-02 4.933177167156935772e-01 -1.848520214721187660e-01 1.208345129479594826e+00 1.929025217000546188e-01 8.346126041190547740e-02 2.802353346046486671e-01 2.945762914557223944e+00 6.089991609144806972e-01 3.099274157833154519e-01 6.770839742756503687e-01 4.144983799245999245e-01 4.302823867742625596e-01
3.952320059993253559e-02 1.024051343457211383e+00 4.912243839275918234e-01 2.916652449028267480e-01 2.959063529806201798e-01 2.460066244129331947e-01 9.014502316161072670e-01 3.598252474971516124e-01 8.128859727446984262e-01 4.412003091147315814e+00 3.143644486677531713e+00 1.344329168963993570e-01 4.000854449696160386e-02 1.644359293950810874e-01 4.656084340058896487e+00 7.541444485177308810e-01 9.252003860721991213e-02 7.049015240908591551e-01 5.441726902988248682e-01 5.558681324834806592e-01
1.445977308174479226e-01 6.325114010821519805e-01 2.080242373077280660e-01 3.372693751396170780e-01 5.821953666002239736e-01 4.563037742287873177e-01 9.872073006581556509e-01 5.580882454628891542e-01 1.319289537751264785e-01 6.719718610686225446e+00 5.712316972522438085e+00 1.471685190289470646e-01 1.412061297006285132e-01 1.841410636292989400e-01 1.638102613888878345e+00 6.640625143667998609e-01 7.788361027554743243e-01 6.640009412458997007e-01 2.523689304772833708e-01 3.557373645056467470e-01
4.475835269453300458e-01 9.391432736868037257e-01 8.039550725823770838e-01 5.514787463287091906e-01 1.088403617951466895e+00 1.600615121622782078e-01 -2.935709372787296267e-01 5.599349963939509456e-01 8.421380102122584255e-01 4.493032042966705220e+00 3.524933633403502853e+00 2.056993809836375475e-01 1.538669671205331879e-01 1.404863291505755729e-01 6.712303873203529392e+00 7.723086260276793569e-01 2.594957298657203371e-01 7.987044821832245400e-01 4.018263868107768144e-01 2.568075484483326454e-01
3.154209213572153336e-01 1.234135783243464513e+00 5.932795541815496509e-01 -9.293035276083977392e-02 4.854694725295248814e-01 3.764806469928922983e-01 6.014229875454959462e-01 5.874187552292120529e-01 7.874428463031051262e-01 6.384764477589287779e+00 3.529788937280241345e+00 2.057523604810799489e-01 8.318960802637806462e-02 1.170067368922829421e-01 9.656832756490242531e+00 6.575562614728043265e-01 1.202046774696321485e+00 2.903123551170627148e-01 6.230088411845766672e-01 -2.304753839355933032e-02
6.910688812741399012e-01 1.022929059604485102e+00 1.057971010866128436e+00 5.312961265160504043e-01 5.891788490531865707e-02 3.386263988370953326e-01 9.213160089736470715e-01 7.059674465762023621e-01 8.473159870996828102e-01 4.750530460628536567e+00 1.943676757386827880e+00 2.585999004538619972e-01 1.837752154080132261e-01 1.166943090855255410e-01 9.428934318236203538e+00 6.263979890618625035e-01 5.754192941554949758e-01 6.252505501951219902e-01 6.339738929199192352e-01 2.523844292042208837e-01
-1.959944511427684777e-01 1.114179596952953100e+00 1.037033754899262306e+00 6.372011781121106333e-01 6.601040047695924118e-01 6.626633753082367129e-01 9.199309394658310435e-01 3.897666517416003007e-01 7.927413540212534526e-01 2.835350484809293192e+00 4.210358475916524235e+00 2.095505145814585135e-01 6.208367095926978219e-02 1.253349488173327031e-01 9.182097277881025477e+00 6.705985673155216986e-01 2.354830308966687213e-01 6.443460113485325325e-01 5.731655048394054264e-01 6.006579185715714697e-01
-1.308013572008437375e-02 3.865326038322410840e-01 8.407023382170907277e-01 7.486202155776418010e-01 5.566053793758201085e-01 2.400537536799300375e-01 2.455010098633226834e-01 8.949922645209051897e-02 4.552377676315333965e-01 6.571904040729060092e+00 3.568842201977141748e+00 1.013589988256608371e-01 1.342067308174050844e-01 1.253735172370897544e-01 9.942265900009720880e+00 6.113413209559440675e-01 2.838877149440061642e-01 6.831958118227492438e-01 3.769703807637995174e-01 7.637044903797166606e-01
-8.629332710720845345e-02 5.898919226795752424e-01 1.711700007483275554e-01 1.769148699703437522e-01 1.719697841497602742e-01 5.088990678957605596e-01 6.620919996243616046e-01 4.727104317542327738e-01 3.732939186928814213e-01 3.763099071402594031e+00 4.226106676426406139e+00 -2.839687564017256971e-01 2.116413808457038859e-01 2.084802421746870249e-01 9.423236131597649390e+00 6.152679271785370663e-01 8.057965681272944991e-01 5.092960592705818579e-01 8.297012688442609862e-01 2.212246203990118620e-01
1.667024959593305100e-01 9.656519019155824779e-01 9.211104122883642109e-01 4.723045096586229730e-01 5.302629323126758498e-01 1.963328764707319707e-01 8.223934483412094210e-01 4.268285417045687979e-01 1.186382115355242517e+00 4.218523806803041509e+00 3.947543684283542298e+00 2.028316197976592350e-01 6.621433459772917141e-02 1.968266422625936374e-01 6.424742688357888198e+00 7.475153186046883391e-01 3.424878985832372491e-01 6.653652769028959302e-01 6.100734045030699049e-01 3.943281267148529556e-01
7.458883524276116450e-01 7.892628694403214240e-01 5.672682143631296858e-01 8.243589719999303567e-01 6.940787224784997766e-01 6.566122998863076488e-01 7.901357553646992660e-01 4.907667824033707382e-01 7.590676512210768889e-01 2.569080145594989650e-01 4.884497158673243078e+00 1.130375375062153825e-01 2.090638230116649288e-01 1.547738487523694084e-01 8.304452732377269442e+00 7.132617104883927084e-01 4.154612371450477903e-01 5.932686315174793279e-01 6.058175467565239947e-01 6.388051646357011393e-01
4.647625394690033107e-01 5.380264335847172452e-01 2.331582035268353614e-01 8.324606673561079084e-01 6.160906789729370114e-01 3.104663793087049650e-01 4.286996585477937383e-01 6.438224633074839387e-01 8.005049708772645767e-01 4.157949855543744633e+00 1.177909491333472891e+00 2.625578911971568896e-01 1.435887700061066752e-01 6.264596120181491201e-02 1.194738038013309556e+01 6.892727083965617396e-01 2.093326384958782149e-01 3.123701416722457491e-01 -3.421751836359421262e-02 7.686611521860715612e-01
9.054300960379054741e-01 6.963791385348075957e-01 9.354888382853279172e-01 6.321303478993133274e-01 1.389642182949329507e+00 2.249680375865519000e-01 2.282086265953252591e-01 -4.459968771770129181e-01 4.954172299759639908e-01 4.546107253423696370e+00 2.450760776725599221e+00 1.473038109386164418e-01 3.339699647062444043e-02 1.199855574575888068e-01 4.878446680335765784e+00 1.031331790936674375e+00 6.692094221199310633e-01 -1.064171788214922643e-01 2.446953743210708021e-01 9.608143725984219508e-02
2.255826325991573955e-01 1.044175527181286256e+00 6.175666712699247052e-01 5.122162432687407119e-01 6.303646748448390458e-01 3.213162436995782856e-01 9.130179438296176508e-01 2.821238216033120083e-01 2.863394018287647169e-01 7.556942167561102153e+00 2.096069538730116921e+00 5.160360321262175143e-02 2.378312281671573214e-01 1.742276580682359244e-01 9.358941728335304688e+00 8.171015047780392226e-01 7.396828163489711505e-01 5.352665001326080141e-01 5.077124788400934063e-01 5.790334602943864040e-01
3.099038709534225888e-01 8.680403822790729862e-01 8.695031544496715226e-01 5.881445084491025987e-01 5.755110409822772333e-01 4.986575210161865446e-01 8.301919384179835548e-01 2.407732612363986946e-01 6.441635882798724122e-01 4.941620873812123449e+00 2.926249885915574112e+00 2.181747460285899665e-01 1.087101311752877442e-01 1.159735712606655977e-01 4.688900793440839543e+00 6.665082452244238675e-01 4.387574447222669094e-01 4.678204750302870640e-01 4.741288551544768914e-01 4.104048878441020065e-01
-1.569979240470500970e-01 1.082184523080621741e+00 5.845017635671255762e-01 6.298724219494828969e-01 7.758997106007939903e-01 4.501366843439165710e-01 7.192201592182257963e-01 4.342937597231302238e-01 6.621010799993831686e-01 3.809103295300392489e+00 4.196404202014805129e+00 1.357490026469410083e-01 1.308120762820537131e-01 2.593911015603660442e-01 6.901074450239140567e+00 6.436277932015683767e-01 4.001612167060024094e-01 5.289691667515714624e-01 2.930879592351621765e-01 6.821980075845017755e-01
1.184999518352228970e-02 1.012939043873603229e+00 5.212846352847402276e-01 5.939508949257836790e-01 5.179545245205029458e-01 -2.224318125107024591e-01 2.506272403033262819e-01 4.820413143433781022e-01 7.265678276482874232e-01 5.803829647336377739e+00 4.819163445094030607e+00 2.531364129847905042e-01 5.681603023149789378e-02 1.196396326542954330e-01 6.225654413203515425e+00 6.957307128849883338e-01 8.483909350577610864e-01 5.565876309325675786e-01 1.932725105081877781e-01 2.630077551559039106e-01
9.719505160720360859e-01 4.246009206092286048e-01 4.894955630866328899e-01 4.027303560345454336e-01 5.367511176911867743e-01 4.411331522259369087e-01 8.128322786392336852e-01 2.137858502176002706e-01 5.211879938267371948e-01 4.079602744025405237e+00 1.300151007912617285e+00 3.944202316234771688e-01 -1.189356037620822593e-01 1.078681920200438848e-01 7.639630573993069440e+00 6.031383490329352837e-01 2.931921628259395174e-01 6.777519116985200043e-01 6.301890145360645734e-01 6.894285014513564791e-01
2.234148142054426522e-01 6.318338820995429428e-01 8.775858303825719853e-01 1.921659747620561021e-01 5.415263149954614441e-01 1.710990498263026682e-01 5.769923136426631238e-01 3.390797030321055505e-01 1.445422836237428843e-01 5.890062682435693198e+00 2.362371618481671209e+00 4.388443946729962963e-01 1.771913190067675170e-01 1.498203356461475511e-01 7.819188386962414583e+00 3.918128278465344838e-01 2.582265592903714158e-01 5.354627030299403678e-01 1.209157824470533660e-01 6.749621133829185604e-01
3.419323616251670472e-01 1.619642371232789202e+00 7.991922071771916380e-01 7.542947783322774269e-01 3.438488566951539704e-01 3.351161223800146471e-01 5.955872354563978011e-01 2.377593988177788831e-01 6.360172367185505937e-01 4.615242624922181847e+00 2.725263128020260162e+00 2.273341258266321219e-01 5.942552280308145696e-02 1.918936657932988343e-01 5.409252490860572138e+00 7.278428007542143696e-01 2.219859284933164423e-01 6.486122692802540612e-01 8.273787236372526221e-02 6.560120244564734415e-01
5.081744798685042808e-01 7.323523256535617865e-01 9.505555631629928337e-01 4.154619130884076306e-01 3.060893300646436721e-01 2.900204206965784071e-01 8.585264766846274487e-01 3.766107767380530436e-01 9.233083699433022318e-01 3.977856406397147992e+00 2.385245271343853002e+00 2.426670241815813145e-01 1.008105509853191445e-01 1.601373554025649348e-01 1.002185172020000259e+01 7.962511107935914545e-01 3.413368581785798384e-01 5.955458758807419262e-01 7.600679007724640002e-01 -2.718755119617205507e-02
-2.005350710724562724e-02 1.038768106316360074e+00 5.929992959297092359e-01 4.550023347228949744e-01 -2.699089400125316285e-01 2.180681860410502437e-01 3.671435854985301006e-01 5.824216128253166536e-02 4.494219698390546913e-01 5.861976095115682739e+00 8.706117898354502671e+00 2.062217800663153355e-01 8.880267017618827252e-02 1.505216880792353829e-01 9.646673761280647241e+00 6.885511033601425801e-01 3.571560958157474208e-01 1.018765019286645090e+00 5.833754406639978241e-01 7.691671978321503733e-01
4.691200802411871207e-01 7.655706180826268303e-01 7.577130648723157114e-01 7.790764193204279264e-01 1.211904768625305939e+00 5.058527056865564919e-01 7.102959047788959257e-01 3.922701817180737627e-01 6.740279549021177541e-01 5.300746968323950981e+00 7.885367929811524235e-01 2.819949647689722338e-01 2.209778025803369739e-01 1.413292831768554192e-01 4.245645341987779986e+00 1.091809150004368512e+00 8.947270146746608144e-02 3.903157810552760898e-01 3.656713237752999834e-01 3.215452466846832613e-01
1.015292752760369677e+00 1.013235593743777585e+00 2.061986242250295476e-01 3.471113359725633285e-01 1.161785995003016270e-01 7.923932872576724407e-01 7.841838671684941975e-01 9.974318328547504553e-03 5.489957538617863397e-01 3.575489926189555412e+00 4.414819228770872961e+00 -2.520196025847891708e-01 2.192424811963576692e-02 1.779649189198041770e-01 3.892169607154466249e+00 7.204823183123791885e-01 3.935144090724975174e-01 5.360107538487491885e-01 4.219221504612862828e-01 5.037429205866160720e-01
4.123391229513411194e-01 8.090454080475784071e-01 9.445709148658525400e-01 7.344983627731068720e-01 5.288171454045774711e-01 6.907929048090137858e-01 4.929958237291962031e-01 3.435339998227772140e-01 1.078679916270431249e+00 -7.348152029027410492e-02 2.133175227011817388e+00 3.055561482087660874e-01 1.029903213745786972e-01 8.219573465363479159e-02 9.167041381682238921e+00 8.639974639452973060e-01 2.311018948671673678e-01 6.934618124351850099e-01 4.691744061654243292e-01 7.192290140167257873e-01
7.720090902927924381e-02 3.501014378452544928e-01 9.633314399313899212e-01 7.116482303933244769e-01 7.445854715055262307e-01 1.920469580721195224e-01 6.069792757124938820e-01 2.665108353485803883e-01 8.603196840041590354e-01 5.654879317143185702e+00 3.119197509120842149e+00 2.384979713952618818e-01 8.002023225713648935e-02 9.008379088319291850e-02 7.936258978623238924e+00 1.122067175102755554e+00 4.204963483766427368e-01 4.445590069925541288e-01 1.008080748404792809e-01 6.375547641047998315e-01
1.346682375891550820e-01 8.051980731629756471e-01 5.416470091901097739e-01 1.039133089329028481e+00 2.627299752646257702e-01 9.774782266214984139e-01 2.512751581359206066e-01 5.969757175557341977e-01 5.818025491762629509e-01 2.918738794801939207e+00 1.832943313214506986e+00 -2.979114454836865461e-02 6.452543636555542472e-02 1.056070805886875075e-01 3.300374357788449231e-02 7.526465014812206977e-01 6.733796864651535596e-01 4.649398980195942332e-01 5.744555620910791749e-01 6.689510332010526472e-01
4.546413942854062029e-02 7.244611348091536396e-01 8.841948351663466710e-01 3.783546194313361921e-01 9.908570538127664529e-01 4.704469982644676196e-01 7.590956326949271915e-01 6.251962492742413335e-01 8.119153827242989729e-01 3.783569297058090530e+00 1.385592843783584494e+00 2.548035274838946207e-01 1.842424807251137608e-01 1.525785767366494294e-01 6.472036844610409290e+00 6.218553188817149691e-01 5.242366496768163797e-01 6.594209861166194786e-01 7.745196144517670911e-01 2.493751410570586580e-01
2.449603018780872610e-01 7.580951209718720385e-01 8.784812171937722569e-01 4.189919109831439781e-01 2.121396823193997805e-01 2.133716676963585690e-01 9.546026778041337701e-01 5.319316287678812483e-01 7.051069718168355704e-01 4.152559345702366400e+00 2.215522959623917210e+00 -4.616945821278387735e-02 8.209414202654451154e-02 2.550482177670242434e-01 2.568555484018817392e+00 6.209759271795796121e-01 7.051243977324146428e-01 6.439948861639334110e-01 5.777161940850161770e-01 5.945733840333227160e-01
1.785813277101287178e-01 1.051914414676141662e+00 5.514836870055708218e-01 4.958132858376811392e-01 6.032986148821187777e-01 1.891666296238495859e-01 6.776024799431902279e-01 4.758588119136282213e-01 7.142994610126549571e-01 5.187074528468624379e+00 4.153979231401309313e+00 1.351651911359259273e-01 7.333519258141246722e-02 1.095723772454764572e-01 6.577800793263476997e+00 6.729616616014610919e-01 8.520804054320184617e-01 5.572646704867512124e-01 5.558534799275620664e-01 5.025047250720251490e-01
9.764001057092347446e-02 1.032623451816023774e+00 1.127315230927352641e-01 6.721397087584538577e-01 -5.133046111544170564e-02 1.851300895482205222e-02 7.185534608123518296e-01 4.654604362432251397e-01 -8.888694063205315743e-02 1.438898389062287286e+00 3.292659578585436897e+00 1.504159985897232654e-01 8.843589139377559805e-02 1.066558216519977870e-01 2.115721259170517676e+00 5.753651269030775062e-01 3.517408059518765673e-01 1.250142104484587957e+00 7.663700616488536843e-01 5.845204721948175086e-01
1.326266911141985305e-01 4.215447304324166367e-01 4.936240805677817312e-01 2.913442785321206374e-01 4.499654061098120605e-01 3.097000505222067268e-01 7.986278023944132221e-01 4.058316126657181000e-01 -4.037416105395741361e-02 6.743020488324773076e+00 3.401728008452701069e+00 2.806417937761693238e-01 2.776367459422506845e-01 1.032693130618161786e-01 4.998020016153040146e+00 1.041083344711018155e+00 6.683328324457463165e-02 -3.745516774263609600e-02 5.711189884903716818e-01 4.092616871127404687e-01
-5.254294211746324272e-02 6.103697004911016188e-01 9.383553978482395141e-01 8.280751258853323860e-01 4.884501557821059881e-01 6.888562534394147008e-01 9.152144848643409825e-01 1.505378309601577702e-01 6.168070012398446655e-01 5.166973439689316550e+00 3.848648417229517005e+00 3.189566814610783618e-01 9.513740734476877625e-02 7.000305073754392593e-02 7.777913438603199836e+00 6.860945256218805577e-01 5.613047094239961288e-01 7.601152447133813217e-01 6.353577969412887994e-01 7.092130140647144865e-01
6.498433445261335706e-01 1.120318658467329698e+00 9.600326436726630552e-01 5.911356644121382731e-01 5.840261235349560875e-01 1.383064882012777996e+00 8.979432778580835883e-01 9.846266506153400488e-02 8.363988237539914383e-01 6.260401136037977210e+00 3.668540170494741570e+00 2.837440985759231427e-01 7.912881896551909877e-02 7.806350723996526020e-02 1.625838358489009927e+00 6.195742973473672421e-01 7.338447141519496286e-01 3.924127774895586063e-01 5.909541333470390567e-01 1.766952615896994760e-01
4.365860491422765555e-02 4.754006985782537331e-01 8.476855898540041068e-01 5.408609135082945718e-01 2.110123057949052083e-01 7.248290892918534123e-01 2.180187406149033946e-01 3.245082072276190832e-01 3.791920607196130333e-01 5.016227995871329171e+00 5.437126831847821862e+00 7.920091396520487215e-02 1.080871579028992724e-01 1.530648262060390896e-01 3.355171418886913948e+00 7.388718478693767633e-01 3.299752251350051568e-01 1.361589876679691891e-02 6.741437195628611212e-01 1.139992872821160796e+00
7.429496848686342747e-02 1.281284113471656383e+00 9.171415749908744530e-01 6.207067657788442605e-02 7.426618642522523350e-01 3.602747905546362372e-01 7.450119805580361909e-01 3.511248741624022340e-01 1.839003867443953499e-01 1.700182310493557614e+00 1.679674405140883175e+00 6.097416138067048019e-02 1.503337869535322779e-01 3.827924692930120831e-02 1.359487639464393549e+00 8.376376626712518370e-01 -1.979645257278856152e-01 4.092719082987428258e-02 2.510715882595414006e-01 5.453469514222488712e-01
9.712968894020161947e-01 7.865334501314638072e-01 8.745951256035527921e-01 8.350780007591920295e-01 6.771522533642490016e-01 6.224248344660149312e-01 5.102305409594140029e-01 4.847879684269448264e-01 -1.425600732580042385e-01 2.212599670487887416e+00 4.109974560054530102e-02 2.014806194836731290e-01 1.447954496415416181e-01 1.161561477294519307e-01 6.476792827945963893e+00 8.200261421044724441e-01 3.433485178718709285e-01 4.692772695026136698e-01 9.991483542080524805e-01 2.315021368336647178e-01
1.788988291481544146e-02 6.860543947260143716e-01 1.010723308757035310e+00 5.927864158090911939e-01 5.677765225726533194e-01 1.964630424115741403e-01 9.750601649953778427e-01 4.347956367269945610e-01 7.784464776046898793e-01 4.506690466204141821e+00 3.416086074752250124e+00 2.920348032633936497e-01 4.711549310744431174e-02 1.664606239926080811e-01 9.914479444976633360e+00 6.786301646181136515e-01 3.340871557925273461e-01 6.305587320589056688e-01 5.740325972654697351e-01 6.077444559697628979e-01
-2.567793749131741521e-02 1.175956615770137770e+00 1.886288832425245254e-01 2.831320824662338365e-01 7.260209000656492329e-01 4.183314088299948663e-01 1.710758595381045577e-02 4.952431708855827841e-01 3.307512740160286069e-01 6.010063092071991520e+00 4.015779952720127000e+00 8.831962372450770371e-02 1.435898210500606287e-01 1.579638222084297772e-01 8.240813822379895015e+00 6.182573315265286196e-01 3.244171204673496067e-01 3.238955698227916624e-01 5.992350967508124349e-01 4.475466498402533855e-01
3.546212775991908761e-01 8.928283451019990435e-01 5.871082096455765287e-01 1.964768939881779419e-01 3.345069094365351603e-01 6.480722353498542532e-01 6.446341227751136715e-01 2.548092455390070232e-01 8.306290006384711155e-01 -9.165454415448657244e-01 -1.603101373779537875e+00 2.374990285819982838e-01 8.825122634947446532e-02 5.795813067395107210e-02 6.005074297330416755e+00 6.457685102558892165e-01 4.591556455209335752e-01 4.678024234217580957e-01 7.932075292686062706e-01 4.759735632794576676e-01
3.672609464342679875e-01 5.579338149318903151e-01 2.187173517799591849e-01 3.998882969449784608e-01 8.008637939634829506e-01 4.137908330652184108e-01 4.618798801455543668e-01 7.327013423491515187e-01 8.389277473579215272e-01 6.381790492509092694e+00 2.213530923849165166e+00 2.179255222262483915e-01 5.210072015594048589e-02 3.965701732188840756e-02 8.230708561461883122e+00 9.875543115806022509e-01 1.003844575937020700e+00 7.471379304549424782e-01 7.465083263058641672e-01 6.477175992762265189e-01
2.125453180337182613e-01 1.675767860507709983e+00 1.481190950952470109e-01 5.966325848902972462e-01 -3.277306256346211311e-01 5.068031466955441600e-01 3.000436707692238913e-01 2.639219230060945165e-01 8.291873961217184341e-01 4.775673560404385398e+00 2.374711775596702878e-01 2.554071983486463360e-01 1.848106699773965078e-01 5.803021914774987577e-02 6.247705172814415064e-01 6.043550400925892241e-01 2.377162703158929302e-01 5.427633671156466555e-01 6.572914198983822454e-01 2.405362759431187158e-01
