-4.320950425830425989e-01 -2.022987787739444210e-02 -8.728921186194810167e-02 -4.899135956720013230e-02 -3.231251966815584277e-03 4.166522040165149612e-03 -3.415549505331993974e-02 7.953455873661181841e-02 1.172312159298050105e-02 -6.125412526898217358e-01 -2.791988218282642542e+00 4.297154563009312860e-04 1.943164766084507292e-02 2.624705666357620738e-03 -1.065450372449963101e+00 2.391096664108539535e-02 -2.955317091054759232e-02 -8.226948454908239450e-02 1.209463413839020375e-02 -1.748635514043770560e-03
-1.743101519622194395e-01 -4.129385303454530254e-01 -1.417068900970212646e-02 1.113737317189572758e-02 -3.552001643065319514e-02 7.441442875298490741e-05 -1.820115920547168281e-02 2.521725375908939054e-02 -6.448276285472457348e-01 -7.252028201162160626e-01 -3.351279824318467604e+00 -7.755365711972213305e-02 2.072259580257726323e-03 -5.316217176428353515e-03 1.796705412482847986e-01 8.381610277193973346e-04 -1.484986123318785822e-01 -1.022696725126742180e-02 -8.268679114236645450e-03 1.412860297171817346e-02
-1.211495625456693453e-01 1.000000000000000000e+00 -1.055365346230727891e-01 1.501830454963205656e-02 -1.426565956359203934e-02 -5.423253783802709643e-03 -4.385990573116212154e-02 1.125316518016425821e-01 -1.176994252504639724e-02 3.890374287262722497e+00 -8.781528240648895922e-01 -4.901466101760795085e-02 -9.865114147449671311e-04 1.596212228152348381e-02 3.369039959077783086e-01 8.620905169324227790e-02 1.495452229701188518e-02 1.125793136614302442e-02 6.459627585165882667e-03 -3.095326465630014734e-02
-7.975292379460541259e-02 -7.682958701527831634e-03 -4.279748125119284610e-03 8.084381323638360761e-03 4.401474333681120455e-06 6.667100102100246249e-03 -3.261147158663486867e-02 -1.816319137908693846e-04 -6.218533219083418120e-03 4.968724971206518459e-01 5.078450211462293140e-01 -7.864549138669478436e-04 1.385212554761967732e-03 1.597326639831069027e-03 3.566825964524218406e-01 8.346580829186206821e-03 3.515965929787197297e-02 1.005336406522415980e-02 2.110739004579200925e-02 8.721274408650113094e-03
-2.219182267194902691e-01 -1.562070032489256896e-02 8.788895104664626052e-04 5.840507097041475887e-02 -2.336801413450452156e-02 6.453862663241747427e-03 -2.293161516303387770e-01 -2.263249279414459442e-02 -1.036521172381031086e-01 1.106156954461351871e+00 -3.771037215392989972e-01 -1.935577012361836121e-03 -3.218421546216381542e-03 -3.661615876696097671e-02 -2.433312281420991485e-01 5.614155307528178283e-03 -1.094093685346075456e-01 -8.184767090889272581e-03 1.395047169181515322e-03 -5.302365339872474465e-02
-1.895275615837507810e-01 1.279707288110024099e-01 -4.519255289619894533e-02 -2.354066899437218599e-02 -1.062267775965656247e-01 -4.342244074668261578e-04 -2.675810407614225613e-03 -4.193060225533182250e-01 -7.622728653520689790e-02 -3.641140991418783113e-01 -1.237221038113792249e+00 2.318698734992153884e-02 -5.349302878438787212e-03 -1.509707590968492131e-03 -1.220693732833532247e-01 -3.135220684739205201e-03 -1.882740612088904669e-02 6.001211183390108006e-03 1.485637734784784648e-02 3.013512604981654838e-02
1.273077336443728669e-01 2.229059773356509844e-01 -1.323149854290915119e-02 1.537624767614374777e-01 2.776905066546243028e-01 4.121008888776515611e-01 2.517369172582693548e-01 8.919075203975955490e-02 9.330353921675897666e-02 -3.996935670153434206e-01 -5.484521329089387942e-01 4.188927864891178049e-02 1.156286898719943550e-02 8.233197051711316477e-04 -1.637896096373486543e+00 3.552773341821594683e-02 2.420182793260230655e-02 5.450642707032851697e-02 -9.368156005274776987e-01 -9.511988659322438699e-02
3.936021770183411594e-01 9.337860779403497902e-02 9.749351922257487590e-02 1.048527835292143717e-01 9.397383695580183161e-02 -6.448548923990644541e-03 2.938047707356177332e-02 -4.990266910912416823e-03 -1.450257099357248058e-01 3.196619110123987140e-01 -2.010575428439981618e-02 -1.139441587175664405e-01 1.068204331644921103e-02 -3.244009898462553443e-02 -6.460132978334540699e-01 1.250957881507227219e-02 -8.700591177754671279e-02 6.656063071025680386e-03 1.582564665233877161e-03 -1.191353913332211280e-02
-2.694217191700660000e-02 1.595523036588440691e-01 8.275451090502518314e-03 2.812364309193590706e-02 -5.466230852155963271e-01 -1.238907752129303624e-01 2.005089084517846787e-01 -9.645271525302923088e-03 -4.903933346632756707e-01 -3.651052757869915344e-01 1.007303070056483119e+00 4.104259661923099350e-02 3.140811822753875743e-02 1.653040228115927948e-02 -1.335642198251002777e-01 -1.305552562425786947e-02 -6.483906196959859924e-02 -5.856557034652386945e-02 1.809904446910967581e-04 -2.366375109302789465e-02
3.816990868622116562e-01 -4.885148465666928619e-01 -9.902457819697467467e-02 3.412551827924348302e-02 -4.794262150395448702e-02 -3.384017162131468942e-02 -4.355393385586063537e-02 -8.429307116420638180e-02 1.452565495058767697e-01 6.499204310951040009e-01 -3.032980296346309501e+00 -8.582683880641188423e-02 1.940791631279408305e-02 3.282879042597119240e-02 -1.553392299568057133e-01 -3.804291614256283000e-03 5.760090335947880454e-03 -1.248409648620582568e-02 9.259008484792862967e-04 -5.945872426641748455e-03
1.294125730745024905e-01 -1.867690052152817110e-02 -4.136447449628396361e-02 -6.367308992666405321e-02 -5.906574757254584584e-02 1.871756446328862568e-03 8.120987641459781470e-02 -4.647467123871289879e-02 5.480595820772215382e-02 1.326463239710301834e-01 1.125435202011876079e+00 -1.614613391666415779e-02 3.095358282583086582e-02 -3.088850521146937339e-02 -5.629180621465406098e-01 3.032479777069130213e-03 -2.353971532999918070e-01 2.444980466123141891e-02 -8.055769737690536211e-03 -1.922924254089398988e-02
-2.047940208028993792e-01 -6.795017446077417089e-02 -1.579214500456218029e-01 3.431825834494964256e-02 -2.706979257705996456e-01 6.086500745768250870e-02 -2.579292366123520780e-02 1.681622053080261345e-02 -5.769672832460465833e-02 5.928268987233592524e-01 5.000000000000000000e+00 -2.800645397105353679e-02 -1.293641585135009431e-02 -1.769854715835791070e-01 -9.811609685846229834e-01 8.450215955137063695e-02 4.102010493080568421e-02 -5.975442265690572054e-03 2.794965824899662415e-02 2.572260019626265715e-02
-3.009069148616154432e-02 -2.736230098648835193e-02 1.122843160955122382e-03 -1.478170825994201427e-03 -1.154051673743081152e-01 3.340177094077788258e-03 -4.062150896961023994e-02 -9.084953107938987388e-03 2.381409565263274408e-01 5.125372906984128285e+00 3.051535366123702353e+00 3.625205477689559530e-02 3.714757551187884786e-03 2.500000000000000000e-01 9.418476303770073610e-01 -1.593319767470960033e-02 -5.637188744313002819e-02 1.914820649458953139e-01 -2.073001545619305996e-01 1.596690197439967762e-01
2.311612666275139616e-01 1.441849156677735277e-01 -4.171975311827771926e-02 4.164380542896649329e-02 2.518319727098872751e-01 -7.302477075763205532e-03 -1.083184253481382642e-01 1.573587812157351690e-02 3.418659806563111858e-01 -1.215599071164319145e-01 -4.738451030215077964e+00 -1.583474549195170444e-01 -5.888342707334084242e-02 1.134160309819924259e-02 9.000000000000000000e+00 7.421422096616927351e-04 6.026361585638710661e-02 3.712380482143124993e-01 -2.401869788636817188e-02 -3.424023401231427594e-02
-1.619237610111444459e-01 -4.651681196714292817e-03 5.106251649756271375e-03 3.354737091928353815e-02 5.384390499841888722e-02 -8.273315718474419551e-04 -1.389735075868143988e-02 1.563925962766313932e-02 -6.424334076930620155e-03 -3.475265018110511028e-01 6.974306635313506364e-01 2.685407153820461041e-03 1.774345912864551053e-02 -1.048601932878407686e-03 2.153657813372529706e+00 -1.298517822548729897e-02 5.495572152413837411e-03 7.557220606649446733e-03 2.515451740529480763e-03 2.245848568402022006e-03
8.554618533335136554e-01 -6.966443585684223283e-01 3.238647870221675849e-03 2.760206361074593051e-01 7.892535814527955329e-02 -1.913958237466181810e-03 9.543331958530732601e-03 4.054267111949849201e-04 -7.072603927759391063e-02 -1.183095321964704183e-01 1.341319949385922028e+00 -4.823831016629458873e-02 -1.568810002258579431e-02 2.173026124954768965e-03 3.729059118108972448e-02 -8.174431977680866185e-03 5.429875092628853178e-03 -3.264704166341659414e-03 3.734824853223946139e-02 2.135456942038625391e-02
1.412225875015108711e-01 -2.259501103410719580e-01 2.280269311679628745e-04 -1.848690435036521099e-02 -4.313456446082286067e-01 3.718328439410167885e-03 1.726690719644858804e-02 2.099474833037286159e-02 -3.245678759980061973e-02 -1.060125001709295578e+00 -2.445245769617255538e-01 1.950102193080152646e-02 6.500478670821376384e-03 -1.411471987527143689e-03 -2.014649069817172400e+00 4.721158288303431427e-02 -5.253147164702845484e-02 -5.389021094195442507e-02 2.420290561870378290e-02 5.871124520604868724e-02
-5.969777798473405173e-02 1.835677242302879292e-02 -1.025234851048569679e-02 4.830158445995046956e-01 -7.731195162280516398e-01 -3.406125922263272821e-01 -1.197278777348984441e-01 -7.125668296247905653e-02 -4.041436562288124035e-02 -2.056114222816910697e+00 -2.123926763710988208e+00 6.223775297395861550e-02 2.013261961227821167e-02 -1.724666275426658263e-02 1.246485278316489920e+00 -1.901143737648423176e-02 1.414058813133883541e-01 2.797073426151405404e-02 -3.796583173932358002e-01 2.226857176402190497e-01
-5.936200050893372104e-01 -3.949581239197712951e-02 2.438294921445692542e-02 -1.543339262784473309e-01 1.309041284579729181e-01 1.423976232718051314e-02 -1.614854704979428457e-01 -2.592643382285670164e-02 1.475108169731806085e-01 -2.084257582633431694e-01 -2.532405201408114981e-01 -2.274148860360590205e-02 2.509072915508501686e-02 2.184963184939292015e-03 -7.786364076509530996e-01 2.761384142213562515e-02 1.013882556295287035e-01 4.861785299681818662e-02 1.196305991933300844e-03 4.515328092101408147e-02
2.241174198589613448e-02 1.268247364725492154e-01 -6.289262258631423894e-03 1.503757408002561304e-03 3.027887287325207177e-01 2.117595293816355168e-02 1.025772054793777505e-01 7.251045321219565937e-03 -2.569091069723891674e-01 2.716586677014008799e+00 -6.655914676802272556e-01 -7.889818574472844126e-02 5.914185181770402304e-03 7.983857601674167323e-04 -2.244450437243995511e-01 -2.304291590802934608e-01 -7.771132806401519167e-04 2.291807690251074572e-02 -6.049098714147660427e-02 -9.590422082661871628e-03
7.033670629757145243e-02 -4.560495430947319323e-02 6.350559514354467416e-02 1.201016029334490559e-01 1.192337994000569196e-01 4.453080276872771470e-02 4.574139631554752228e-02 -7.205774879350015406e-03 2.864632167505979932e-01 -6.389991563535016850e-01 -5.663548817631235410e-01 -4.317730328736658629e-01 -4.227386190747265717e-03 2.461813062079766870e-03 1.467150811252712350e-01 -4.112228130356483310e-03 6.919749369302395300e-03 4.860095932051259997e-03 2.956316231307278952e-03 3.429850865314239446e-03
1.543587147615583799e-01 -1.900896611236755906e-01 2.737192302259225385e-02 1.671019198654312768e-02 4.838929869883782688e-03 2.327941953053846817e-03 -9.093899529102482393e-02 -3.054033266258505616e-02 -1.160902758798230683e-01 5.241992536466310026e-01 -5.000000000000000000e+00 8.744137708922133587e-03 2.108524461853489990e-02 -9.281808076135728697e-03 -3.747981906483979775e-01 4.163742109594508606e-03 -5.403351912014292893e-03 -2.468770654707846610e-02 -4.782387360904611501e-02 5.225739197955866187e-04
1.821512454814218362e-01 3.114244035668973024e-02 5.748470144714490707e-03 -2.211247901836805030e-01 -3.473687735952619982e-02 -2.287744704956197071e-04 9.757860707651917764e-02 5.252978436711301831e-03 2.485925706030889942e-02 2.264446617106698478e-01 6.602477375860192899e-01 5.960674089832363604e-02 1.022228892696210208e-02 -1.474617141743556070e-02 1.810745385110579531e-01 7.545783858223932550e-02 5.936968588613589920e-02 -1.255575621870275507e-02 3.125071080030913245e-02 -4.195895898418910280e-03
1.056344115207742823e-01 8.463236995523594833e-03 -5.316338888026419423e-04 -2.872278001139608530e-02 -3.847935578195820633e-02 1.313551767864438091e-03 -2.044756122979362115e-02 -4.877333068038099649e-03 9.838886220914447463e-05 -4.650371661654574273e-01 9.128136208537460661e-01 -1.407577555776838747e-02 1.121232237047840516e-02 4.806428498222168125e-04 -4.348516984356651793e-01 -6.861463829249994347e-04 -4.147621467031618187e-02 3.054066426215065744e-02 1.320249239451280407e-02 2.236141111159090089e-02
2.799751533433921247e-01 2.725446942219283269e-02 2.340692569270366372e-04 -6.902432026201983650e-02 9.002651274343249910e-02 5.391211641858205828e-04 -1.355696909417784812e-02 -6.087254437356671988e-03 -1.152543948567093073e-02 -3.198201928341963374e+00 -2.073650909248664354e-02 2.123973881194036323e-02 -1.453867681799489095e-02 -1.384045723692985076e-03 -4.768357195969574747e-01 -2.564086303306868653e-02 -9.774935960890344944e-02 -6.306720920156078970e-03 2.743631811674253698e-02 -2.825579854353493271e-03
1.112873417589054781e-01 -3.147384298500730537e-01 -5.789892955497102228e-02 4.660918706991717259e-02 7.401802987170635895e-02 -4.978912504854837891e-03 6.960836292894229116e-02 -2.200516836720053243e-02 3.107943726536143043e-03 1.236937029155998069e-01 2.938657206068135075e+00 3.239366643166713064e-03 2.201611762653325061e-02 -2.739656718803211433e-03 2.024251362824614486e-01 -1.373251131195303842e-01 -2.347410825789822061e-02 -5.062172475808795341e-03 -5.849671311252995463e-03 -5.254253996639491817e-03
1.600269149566832250e-01 -2.114725583556916269e-02 -1.736731942073777707e-02 -5.124419881872904065e-02 -8.231671626842713974e-02 -3.256604033959672930e-03 5.568812202837217229e-02 -3.417320866821822040e-02 -2.333934392836489458e-01 -1.420337581234863089e+00 1.989501447768218245e+00 2.216432719285727285e-02 4.511093281436950181e-02 4.592736921015505222e-03 5.068734638991284625e-01 -6.433389210284533311e-02 8.156152953094923663e-02 1.527719089304876120e-02 1.612703265980174744e-02 1.070704230325460540e-03
-2.682969982592218194e-01 8.255267496080357292e-04 7.667523653986619073e-03 5.719830767804745530e-02 2.007103223781717594e-04 -1.812498405124625400e-02 -4.140027723853945130e-02 -3.087601065060854161e-02 2.483985934304465577e-03 -2.374381681985113346e+00 8.648429706552884788e-01 -4.693682306887252825e-03 2.233110223294318061e-02 -8.348118114626414121e-03 -2.350169767329230996e-01 -1.488169068807447884e-02 5.869303452867942993e-03 8.326187086092208534e-02 6.787047275702409732e-02 -1.544277604821859586e-02
8.114175414148265542e-02 3.002084330071150622e-02 -1.998919126677692337e-02 -1.357512340043376051e-02 -7.571987231514049066e-02 1.647613955804750696e-03 -2.093243112872241254e-02 5.513859971693611806e-02 -7.329723083917299986e-03 1.016280165841454863e+00 1.262212317853114163e+00 -5.067129446203645637e-02 -9.931434162392926632e-03 1.212305559505300273e-03 3.548897497490760555e-01 2.327905819289851144e-02 -1.859959109529555343e-01 -1.277519090945495976e-02 1.116627647925093163e-02 5.954913856739889148e-03
-2.172874190195002095e-02 -1.868610392546116161e-01 -1.434069815038698237e-01 -3.795858450281078267e-01 1.666332243601964525e-01 3.875394636891229400e-02 -3.076873001391262213e-02 3.080162962423464990e-01 9.110282209367587258e-02 6.324525472976888496e-01 1.327707444732733277e+00 -2.860547288823300227e-01 2.948118219319848313e-02 2.251075622655303310e-02 -4.551115519452714864e+00 -1.538365176095110309e-01 -4.583571058939820975e-01 2.364469784826095100e-01 -4.436961032178328157e-01 -1.760419793661296695e-01
-5.747930978234214172e-02 -3.639198767905645338e-01 3.776934714568642125e-03 -1.795682855041191503e-02 -6.766995898224560657e-02 1.220957071195685056e-01 1.600188363928652102e-01 1.169717139413170570e-02 5.322238827718930171e-02 -1.691975756053450741e+00 -1.419060000764786611e-01 7.945124229305552954e-02 -3.005000611631336582e-02 -1.216514418311590712e-02 5.442656891495551985e-01 -5.891474007574835914e-02 -1.851505961881854193e-02 6.894733404734534887e-02 2.243999764129120111e-01 -5.486241411069969938e-03
-3.534963060109586920e-03 -2.625871934622309514e-02 -6.750409712144274099e-01 -1.622617889130831270e-01 3.111292039693661429e-02 1.204623711725108168e-02 2.907449220844402979e-02 -2.385365575592962931e-02 4.772557180511641239e-02 -1.692118208879769548e-01 -3.410536694921952883e+00 -4.185482350491353740e-03 1.097135354964630383e-02 -5.408028741974219532e-03 3.816564304202074709e-01 1.495719661199217641e-02 9.112131892737254657e-02 2.423179056600667514e-02 8.502793199744416996e-03 1.748191361366385199e-01
-5.628386829536303759e-01 6.409360982152380315e-02 -2.824227799138156678e-02 -5.608556084545759934e-03 1.007759944915146005e-01 6.674550264807253830e-03 1.483305657830690794e-01 -1.636763993823876426e-02 -2.508769071369607376e-04 7.448554193924781242e-01 -3.699803554863685395e-01 1.653065333513495938e-01 3.953261381050848788e-02 -5.969285417508655295e-02 3.788922768551515663e+00 6.281667697563404762e-02 2.773649545268822708e-02 -2.484690603616677984e-02 -4.193463670227510348e-02 -1.520123217546124825e-02
2.889483857409353568e-03 4.078016871755409806e-02 -2.082559646677563381e-02 9.678247704404500940e-03 -3.799763019185614654e-02 -1.645478859442297409e-03 1.212814053230544808e-01 -5.343321250324857899e-03 4.579998505610621828e-02 -5.695816005376300173e-02 -5.603243294411512643e-02 -1.161306924125075045e-02 -8.624751642227339310e-02 1.490990311377029913e-02 7.281151908055152333e-01 3.106841971586236646e-04 1.555324441741857272e-02 -4.677829166195933419e-03 9.444454766142053315e-02 1.813215867207844736e-02
3.057546661411015276e-01 4.006262936110432937e-02 -1.019555237532497952e-02 6.411689638358217258e-02 3.063088937934605599e-02 2.425692189532581700e-01 -2.493918406522019002e-02 2.461797281525352279e-02 -1.216005627728344585e-01 1.578817855677754789e+00 5.880891350723789490e-02 2.335950024621191376e-02 -1.860627288233919138e-02 -2.770573646151427635e-02 2.758205987150718630e-01 -1.657296464800580779e-02 1.246369616793522317e-01 -9.125886297986180590e-03 -5.697146562081137865e-03 -7.275658428132861233e-02
1.177929385832750114e-01 -4.876250718569510867e-02 -8.834243818865359071e-04 2.095735643071356125e-01 -2.157597554186796440e-02 3.380523608212456389e-03 -9.363612577411156712e-02 -2.820679757965011483e-03 -4.539939488563860676e-02 -8.617722211752780748e-01 2.998356489409810699e+00 -8.584964067187246528e-02 1.780863435817172866e-02 -7.997083025938803505e-03 -5.168087461520765036e-01 7.775391156671368357e-04 -2.133094398855254689e-02 -4.356191582455204436e-02 -5.755526325802479831e-02 7.336701294474537449e-02
-9.284034935509162534e-02 3.801147123166691982e-02 -1.062455521308150463e-02 1.033137967297865639e-01 -2.178881885535735152e-03 2.528343045102068951e-03 1.708177474963235368e-02 -1.788950017633083450e-02 -1.687756871883981658e-01 -9.973996727438828591e-01 1.724458978513165652e+00 -3.225234852614399655e-02 -1.120034559116194449e-02 3.314888482124321578e-02 2.131478748044690064e-01 -1.606030592388797348e-02 1.635642568700530208e-01 4.171488284506389040e-03 6.624238705314387798e-03 8.282783008203861361e-03
-1.533857363558425446e-01 -9.986771062143936020e-03 1.240898477550610862e-03 -2.954554378870424824e-02 -1.177158643301287194e-01 -2.780734196588907081e-01 5.958430767213609980e-02 -2.594614864258804748e-02 -1.173143891545825601e-01 -5.447614233978129716e-01 -4.279490925430097903e+00 1.757169978994176096e-02 3.076654081924377893e-02 -1.666702935325468926e-02 6.591544004791743960e-01 3.292495638745810554e-02 8.651261147569366816e-02 1.572135815034019224e-01 2.212190931853250664e-01 1.533304469152786953e-01
-7.301487209105138321e-02 1.545880727491415543e-02 8.771470902434351166e-03 3.002960323305393139e-03 8.129301702092416038e-02 -1.070874528755163570e-02 2.845140314548093644e-03 -3.242443700820821749e-04 -3.805523941807589794e-02 1.342324330145608258e+00 -5.000000000000000000e+00 1.684778680947557686e-02 -9.246661402359081586e-04 -2.597383067708754906e-02 -1.615739384223796316e-01 1.918825480046611187e-02 -4.321619037856776896e-02 -6.124760198931934654e-04 7.359645601329715958e-02 -4.417963081493738418e-03
-2.312438859390897605e-01 -9.856788604186775271e-02 2.495725545686229563e-03 -2.264458196457650591e-02 1.870366365455006508e-01 -1.227413704698536619e-02 2.707854507887383355e-02 -1.232976974492897525e-02 1.038026252032800932e-02 -1.463893385743781694e+00 -2.149405175399811685e-01 -9.870652925718400097e-03 -9.709647138102005595e-03 2.588110478530839323e-03 -5.990960046941798955e-01 -9.739753257570545053e-02 1.231352921310878423e-02 8.844075023304021760e-03 1.105635724435656414e-01 -4.856712819524735408e-03
-2.285949082794357101e-01 2.353241646312370372e-01 9.454231955009421984e-02 -7.380600944479628368e-03 9.766777899795096862e-03 1.205001620953169289e-01 -5.918288772584084922e-01 1.803172016401036887e-02 -2.618136042100181055e-02 -1.113675392339979475e-01 4.040320214210689542e+00 2.711171252868824037e-03 -3.164992920271473414e-02 8.088679616406704853e-03 -3.497874964495904404e+00 -8.002301560450680515e-03 -3.346121509011630579e-02 -5.444381299720799268e-03 -3.344645593758809737e-02 9.634468873399927233e-03
4.546235747846662512e-01 1.945661315313578638e-02 9.103693507934332296e-02 9.594402124711207125e-02 -1.227336197640263998e-01 2.992605399861524278e-03 5.257124452788593943e-02 4.681547671558007606e-02 -9.318606174482659335e-03 -1.022463327314597839e-02 -8.633602114109422132e-01 -1.060110808567915203e-01 3.861755778256623084e-02 -1.464666197638789333e-04 2.467109219832476885e+00 -2.713797244999690238e-03 -5.989313022424251273e-03 2.106560338338322146e-03 -2.794573761814092214e-02 4.431003147567459319e-03
-1.224277206160916259e-01 -2.423098246754687157e-01 -3.004114351024979052e-03 1.886749692306891740e-02 8.176448913073230962e-02 7.466667478145354309e-02 -1.588199397432952381e-02 -9.261334826914148499e-02 -2.510626107370399901e-02 -1.745944122886943228e+00 4.438138673547784130e+00 -1.876261503827950372e-01 4.795016517752853646e-03 -1.234537797329619130e-01 -2.159362395584585870e-01 3.914019172946129471e-02 3.255454428835284630e-02 -9.967131555009042798e-03 4.548164162827077889e-02 -6.123073039452957972e-02
-1.985447568422338618e-02 -2.896521543346388186e-02 1.486407929789376487e-03 -1.207601429624151484e-01 8.458858932952572490e-03 1.537441729870718532e-02 -1.479894940124769874e-02 -3.377136107608797594e-02 -2.194003003259598072e-02 2.765426574866033382e-01 1.278259513968415528e-01 -1.886315620607008012e-02 -1.689495680935515932e-03 -5.394543756686783452e-03 -8.443510986320658107e-01 -3.953102027229372928e-02 -1.913363515960106800e-02 1.626379660315987671e-02 -1.104129180099552160e-02 2.397558937060310577e-02
1.405240602918356174e-01 -6.115087659600472458e-02 -4.607261089701260998e-02 5.355135307956757074e-02 -1.101862753248570442e-01 1.153111243245745765e-01 2.298681376070459397e-03 -6.158633860001162807e-02 -1.000000000000000000e+00 7.668746512143201910e-01 6.813487859846699690e-01 -2.668629276076423529e-01 -1.198683291864251601e-03 -1.539653444137209504e-02 -1.599095323589747375e+00 -7.654177840175155345e-02 -1.308429416879462182e-01 1.455825315805559309e-02 8.722144495711049716e-02 5.382318466619843977e-02
6.690615385208685713e-03 -2.150844878264845939e-01 3.606870907469926224e-01 4.434475212670921374e-02 -1.114563369620440864e-02 1.417525541444873693e-01 -4.066605903188970084e-01 -2.530427038176347176e-01 -1.225015613346883969e-01 4.048690423503256142e-01 2.731142459991988236e+00 2.744769973620602710e-01 6.039267504280366322e-02 -4.793336020232381867e-02 -1.565278308092647563e+00 1.254147446824545320e-01 -7.476738321673588594e-02 2.737126236102545296e-02 1.159177947262752043e-02 3.067503982648724179e-03
-4.809351837651432149e-02 7.185737575452585957e-02 3.034209712069531675e-02 -5.987661735243701017e-02 -5.648299303717031067e-02 6.912215828411055231e-03 -8.214444826951582124e-02 -3.420534589988778046e-02 2.765085162571098015e-02 1.838926466783471492e+00 9.740245261318224435e-01 7.642756832779806601e-03 -5.293948025305641840e-03 1.963024526850686360e-02 -4.425972420507431893e-02 1.355453953190291841e-02 1.571961570469227604e-02 -6.038397611209037064e-02 -2.977361026679100145e-02 -7.775991145835595662e-04
5.474429057475869304e-02 3.995490686088162130e-02 5.861190389803290490e-02 -2.975672887402832853e-02 1.305172363241495319e-02 5.540313300124297645e-03 -1.279817874818442273e-02 -1.060295152095899474e-01 6.486845968739222978e-02 -3.551630831954952217e-01 2.054316163677636808e+00 3.330819401497783772e-02 1.276550155668795773e-03 -8.482273668335642280e-03 1.829488806530966905e+00 -2.776457373445322466e-02 -1.329674413875601806e-02 -1.369170470625960881e-02 2.219163028821993233e-01 -1.422716025196611896e-02
-8.742924828086309774e-02 -3.829742841917607166e-01 -5.261535134255753560e-02 -5.674123947124811579e-02 1.257708716664422133e-01 7.326220182523452557e-03 5.152539009529962660e-02 -6.992226267415419493e-03 5.695476398686599717e-01 -1.045426393085651107e-01 -1.728054347372415922e+00 3.470623741639860399e-02 -6.407025600982494025e-04 -2.500000000000000000e-01 1.011744239747096319e-02 -3.608735455420356876e-03 -1.905603595173282344e-02 2.130557500256486519e-02 2.229310913127649507e-01 1.146159729051797471e-02
-4.877435756797180444e-01 -5.093599949885750933e-01 4.242475297199187895e-02 1.558620202075352429e-02 -1.711832969143669281e-01 -2.992528539869023993e-02 -2.290935718276418398e-01 -3.847051234105341999e-02 8.948496214878092977e-03 1.877792476657388354e+00 -1.312093471063513761e-01 -5.168036367167931633e-02 -6.024590253261873779e-02 -5.301782999727971089e-03 1.750549878283418348e-01 1.150044274711446365e-02 -1.893537052998557971e-02 1.979746759578116660e-03 -2.743286047374430712e-04 -6.486273175772800693e-03
4.087859812032436646e-01 -7.169420323093092517e-02 -1.215329205304974472e-02 7.652587031849460326e-03 -2.900155810288382666e-02 1.435121520621373582e-02 -1.164621443560711483e-02 4.150707373969574066e-02 4.596281357273004908e-02 -6.030469364196795468e-01 6.568596511517681424e-01 -2.563995657836850434e-03 6.196175888272020989e-03 -1.373234463244102019e-03 3.301113366802616689e+00 3.793745335809416835e-02 -4.739438979478829972e-02 -5.212854217539978491e-03 3.376193441774127946e-01 -8.359596776468980472e-01
2.160433792224301930e-02 -2.403237521244812672e-02 2.717467437392652452e-02 1.056524341497476873e-03 -1.233815074375112647e-01 -1.616679634426513440e-02 4.601778127714889477e-02 1.659633547043517718e-02 -1.068435507806551324e-03 4.447935080211630754e-01 1.107058134191629239e+00 -3.680670031893828326e-02 -3.468964860835814512e-02 1.157256538638151873e-02 -1.295478559958655129e+00 1.079111353914798954e-01 1.270390761901224463e-01 1.501465634798653317e-02 2.057003949105981611e-02 -1.171626884288564235e-01
-8.035660966517813031e-02 7.814959979358128417e-02 -1.003098720098216795e-01 9.202721549723083701e-05 7.878163823063480398e-02 -3.564039994999889521e-02 4.241069662908655835e-02 1.050531013884587091e-02 -9.433955869249863180e-02 5.682485292096614016e-01 3.202581201022705604e-01 -1.034053569337623074e-01 7.427392293990328284e-03 2.139256873540708662e-02 -7.073520610958122790e-02 -1.706325896360559201e-03 4.986937522846117410e-02 3.829828040927859417e-02 -4.672074251223909402e-02 -2.300688204906932086e-02
-2.168624560201804722e-03 -1.808892401022455521e-01 -1.714434559311250328e-01 -3.156056312500195027e-01 -2.497205898025925408e-02 2.460946304531886134e-03 -3.579206382411263820e-02 1.204061173296598966e-02 1.011977116655054815e-03 4.845321092619312431e-01 -5.000000000000000000e+00 6.961796636279150852e-02 -1.327978876748035428e-02 -8.448877431781897165e-03 -2.791898066976194678e-02 -2.460689268604160373e-02 -5.072132942278768236e-02 -2.214036495077649144e-02 -3.684887564194671006e-01 7.155895060188627310e-01
-3.393096180346928947e-01 -2.053906049116992760e-01 -1.196707304099789149e-01 7.223315819558554819e-03 -5.238058300842006985e-03 5.211284694479485780e-02 -1.133679971392354859e-03 -1.605284249860281648e-02 -3.740600291913167424e-02 -1.111979997033640144e+00 -3.055189255171306129e-01 -1.450096201608798985e-01 -2.501490449810610944e-02 -2.082591890184562824e-02 -1.256691964388334970e+00 -4.107762866908115096e-01 3.551885267199516028e-01 -1.852584676160680954e-01 1.025358051542755444e-01 3.738490995840779846e-02
1.229885254471167338e-01 3.627992198834822934e-02 7.456989944575282379e-03 -7.236677593704576861e-02 4.780272315643402381e-03 1.508203639920194239e-02 -9.849016313110527110e-02 -4.452092020119041704e-02 5.314339489621890122e-02 3.599494048418536152e-02 -2.111536143314699299e+00 -1.042094878963701898e-01 -6.386095040423195313e-02 -1.322878517633945244e-03 4.834817596802380435e-01 -9.480221738293005337e-03 -6.923059471122812447e-02 -2.270182161856379357e-03 -3.314112099418908830e-02 3.377670382808536324e-03
3.020622837679701744e-01 7.018790988863850278e-02 9.508511989817631377e-03 -4.150974272880945254e-02 -7.314197294386427795e-02 -7.702704921567241243e-03 4.413933072405951813e-02 4.781317852132845742e-02 1.572643018127248271e-01 -1.120522971344111440e-01 8.684553357946398489e-01 1.083838365834889350e-01 1.771532320314454789e-02 -4.461516650839449614e-03 -7.672579309086167976e-02 -9.513616328470142491e-03 1.332846619793117970e-01 3.174800156907865711e-02 -1.019291336833487958e-02 1.208571929613186380e-02
-1.759281722929040559e-01 -9.290307448431708859e-02 -6.629886568843608267e-03 5.411079306038985015e-02 -7.729717698895827160e-02 -2.637280706331519408e-03 -1.010592569677517399e-02 1.700687156202392589e-03 -1.369093772704143841e-01 2.265420655314535292e+00 -1.256552214018232139e+00 1.258783973996986383e-01 -1.842748096069544636e-02 -5.919022010675887603e-03 -8.720882332409878035e-02 2.040912369131577322e-02 -5.086505368277061817e-02 -4.227778135800584064e-03 5.585261093225557701e-03 2.375518857812586315e-02
-3.676654757387587402e-01 -9.913031153474376536e-03 -3.285561902077332314e-02 -1.299158975122371475e-02 -5.032960192110282061e-02 -2.203990526129467973e-03 1.251792572505610324e-01 -6.980117767781870292e-04 2.442155144432616234e-02 -5.550032813651091246e+00 -2.108562391718279638e+00 -1.404736610068305358e-01 4.253176765797633818e-02 1.250852032065993304e-03 1.048650371321374203e-01 -3.630909303892389250e-02 -7.820339315354270238e-02 2.354435913035319086e-02 -1.062598434162179278e-01 5.195074912788627715e-03
1.992529337088353447e-01 3.709099117694833903e-03 -3.223533518169736066e-03 2.202226391462376674e-03 5.068987505223025020e-02 -1.792071200361071079e-02 -1.112996943944668249e-01 -7.110607160364514068e-02 -7.125075840422311069e-02 3.764828778736331039e+00 -1.839321339470348093e-01 7.432201770532417644e-03 -5.533099181121838711e-02 1.338516601278468172e-02 3.576115648691919335e-01 1.797077940724012366e-03 4.169800415291567003e-02 -2.482781231373572955e-02 -2.912678982866718363e-02 -1.590018447411749303e-02
-1.507279901590606319e-01 8.001127913146016679e-01 -2.365101135749489089e-02 -2.907095416923114253e-02 -3.872285733322691683e-03 -1.209017446662298718e-02 2.774685386063679288e-02 -2.908188486220289123e-02 -4.936622643500498432e-03 -1.247242455177420384e+00 6.015289155263778831e-01 -2.911533764902543009e-01 -1.618885723360091039e-02 -6.499780515964863337e-02 4.668465869923734690e-01 6.430050544840310977e-04 2.720764727358357393e-02 -1.467129556220177081e-03 8.380720243238738969e-04 -2.123349902490197921e-02
-5.887105368051900184e-02 -8.730548700059876932e-01 2.522648087587496812e-01 6.945703068597046392e-02 -3.162167153115631735e-02 1.516779773997920661e-02 -7.647051324292084007e-02 1.141301787811842827e-01 1.811604059057693450e-01 1.004453471793598923e-01 1.865557224155688920e-01 1.066849166191996268e-01 -3.430319956037797789e-03 2.212381053192357012e-03 -2.717378426039837591e-01 1.137157270937140530e-01 8.290809937076978886e-02 2.499779139564441838e-02 -1.025906178883339952e-02 1.299817164104033300e-02
-3.735163379390521454e-02 -2.959447591783005010e-02 4.822970785118429332e-02 3.891101473075916917e-01 5.690643949267554236e-02 1.532796207002273987e-02 -5.800235913889854877e-02 -1.685366124707757610e-02 -6.288281899125221230e-02 1.083563912370840709e-01 -1.070313113677889838e+00 -1.375426521107210413e-02 -2.055472358256136157e-03 1.127433299899027914e-02 2.148722010913295122e-01 1.431176412125152037e-02 -1.275784676859796074e-01 1.242914046105307070e-02 -2.086876253322246305e-04 -4.948185318161801849e-02
2.103634165229627262e-01 2.633200010210257416e-02 2.572115980036780714e-03 7.303636344787968644e-03 4.277731953712452656e-03 2.484746179768203625e-02 1.090885487428395612e-01 1.290589841077949100e-02 -8.644517445087514240e-02 4.035460936218087658e-01 5.000000000000000000e+00 8.324240979824554937e-03 2.237403135699223000e-02 1.486171720635211116e-03 -5.094243594247819251e-01 -5.553218515407624088e-03 -5.768413273130157393e-02 1.310945737382294106e-02 3.244116507658060394e-02 1.236577534435675391e-03
5.431094961225730461e-02 1.104149664469124097e-02 -1.576495908787514319e-02 -1.149868777908239457e-02 -5.655310164104036114e-02 -4.226585260690160040e-04 -3.898694836831200633e-02 -5.889778291810586356e-04 -8.289980689419358395e-01 -1.317148782880548596e+00 -1.584627581967217314e+00 1.758011612080552510e-02 2.254149913955756993e-02 2.311098885609845499e-02 -2.054183835613327402e-01 -2.485671828359538316e-02 -8.681439606931633246e-02 2.817116934212755483e-03 1.175064281438215237e-02 1.396251986340575624e-02
2.933941908731886872e-01 -1.465555185714397489e-02 -1.159451731460179116e-02 -3.304541747301318472e-02 -8.552637712070294829e-02 -1.455671191261386247e-03 -9.934605476063924911e-02 -1.043099668017007792e-02 -1.427564191788855893e-02 1.712768149284866481e-01 7.915732410110010164e-02 2.227027140485412712e-03 -3.217678123860530370e-02 9.414120894755000123e-04 -4.479884398298876191e-01 1.139594462968156197e-02 6.967807783471588468e-02 -1.042024290604997867e-03 6.305417461903707567e-04 -6.613348966342896991e-03
1.660186970028818543e-01 2.479020067917846459e-01 6.558146286471446332e-03 7.691941957437323230e-02 1.547099285715405614e-01 8.150191978470612553e-02 -3.385186760236121861e-01 -1.026642336267035438e-01 -4.768521359673823512e-01 -2.260496724598978879e+00 -5.419773866204005142e-01 2.958708423394281195e-01 1.454254372297905107e-01 7.055809988444791681e-02 1.269712321780728015e+00 5.732042255738067915e-02 5.152052210515400965e-01 -8.917227473790726930e-03 1.563318725246047314e-01 1.238610722035858036e-01
6.775089870539617587e-02 1.739864875630304716e-02 1.294399496875865696e-02 8.320800897902250540e-03 4.708853876382525228e-02 -1.616875932389442386e-03 1.810263502228016963e-01 -2.518276081340703985e-03 2.004802856379824527e-01 6.424691305555477738e-01 1.180896276455799254e-01 4.575257063949855069e-03 4.169498948212448444e-03 1.908382239897288583e-03 -2.147340165270601453e-01 -2.396725929016700618e-02 3.200332829340657437e-01 6.001981186079962186e-03 -1.586142130610237273e-03 -4.117068506350928187e-04
1.085692769695772303e-01 8.869847413829796967e-03 -1.099287881371044558e-02 -1.251924248180757114e-02 8.181002055153192842e-02 1.445613580518296517e-03 5.840898188290272880e-02 -3.328014471007526703e-02 7.143616048551129638e-02 -2.592658732314669479e+00 -1.530973160403591715e-01 -5.526678869093229474e-02 1.530025659761087391e-02 1.805288405452067481e-03 5.530990765557858291e-01 -2.161719246757673463e-01 8.854425041465668889e-02 1.011032376102465567e-02 -3.735053686322963203e-03 1.440298482649497551e-02
-1.364166129603355260e-01 -7.809533627204362505e-02 2.175115485258710679e-02 -1.452723442206704275e-02 4.577120783619464950e-03 -1.874707662936227551e-02 2.172887726456259050e-01 -1.446498151755539266e-02 4.125491044534982527e-02 -8.000000000000000000e+00 9.788073025998649257e-01 -3.013213728591574922e-03 -4.013762348335285675e-03 5.605808362812826108e-03 -5.833842076884907524e-01 -3.147753804144090561e-02 2.183162947367613821e-02 -3.446226250067309892e-03 -2.149471308286783622e-01 6.184886395208857293e-04
3.803702875222796376e-01 2.070177411730918238e-01 -2.548808285297903854e-03 4.664185477179632472e-02 1.682196618894456555e-02 -3.574752426018756781e-03 3.738930256951301101e-01 5.084777350525327561e-02 6.731593320493430843e-01 -2.028852256719286373e+00 -1.066278428366171482e+00 4.045944923279604782e-03 1.803210262340807293e-02 3.229989073399490429e-02 -5.677039142959495521e+00 -1.184295100349660457e-01 -4.297756708200083375e-01 -5.787865075480961297e-01 -6.609766776356260087e-02 3.715717565470908479e-01
-8.876506056379349086e-02 1.054140142101595012e-02 -2.941630765157675353e-02 -1.110609478152337071e-01 6.182313256298527238e-02 4.536262050638141356e-03 -1.859848517622761030e-02 -2.446089797572967989e-02 -8.546199143262728920e-03 1.076543100522105778e+00 -5.000000000000000000e+00 1.365889559985472394e-03 2.044018124521111181e-03 3.486484298879912336e-03 -2.335258301698079908e-01 -3.510496755473194955e-03 9.218210892065663645e-03 1.049373629749741077e-01 -2.993755499714643303e-02 7.098394240406344369e-02
7.497049263789104523e-02 5.969332840982486538e-02 -1.386672839181097294e-01 -1.067476038135391075e-01 -7.137758872388010913e-03 9.491052047075298342e-03 -3.064539606131554475e-02 -1.246486060873469234e-02 1.532325403587940808e-03 -1.197859046205193047e-02 3.566327212149237313e-01 -6.449316096881734482e-03 1.701547785986632505e-02 -1.491822370814611422e-02 4.829388621576672924e-01 -1.063812212549489428e-03 2.807170115940553490e-04 -5.661064042322194734e-03 -6.085472468532299520e-03 -6.470178480238597193e-03
3.487058556042088031e-01 -1.488503531351511866e-01 3.775741654466280989e-02 5.692072279507145137e-03 -8.868435361037860232e-02 4.304735553614074360e-03 -8.536443918483301030e-02 2.003024901883008746e-01 3.545583670884004668e-02 -1.593648156949795780e+00 -6.619046400842523159e-01 -7.379531814699608061e-02 -7.345678084454324019e-02 -1.642429603670400584e-02 7.877737612628386010e-01 1.813380069404951040e-03 -1.098229909182129316e-01 -8.267816235052793949e-03 5.429620763438228019e-03 8.684659818699808423e-04
1.513778956766157757e-01 -1.979784096997554144e-02 -2.894778317048882915e-02 -7.589681920887356159e-02 -1.982532026420926168e-03 -4.728796040050037459e-03 3.067557333581938731e-02 1.715503322255457729e-03 1.796992920465774191e-01 -1.702874814459580888e+00 1.051806653024409538e-01 -3.099771439277699062e-02 2.329278638414109676e-02 -6.728946778389253633e-03 -1.438792192930405722e+00 1.467906708330454400e-04 7.659639604652061784e-02 4.942093653199564583e-03 4.149356725851543679e-03 -3.279593632463100039e-03
2.033461244952584346e-01 5.538800662215531516e-03 -7.863723759124187362e-02 -9.520719937661988042e-02 9.968092974257825034e-03 1.462814124597469970e-02 -5.182307544939285249e-02 7.991691751786728776e-03 -1.395516664561293196e-01 -2.754803836721139820e+00 4.133851947144676631e-01 4.975925021580314411e-02 6.474029514446716371e-02 -6.461395506954818388e-04 -6.903885311931829971e-01 -1.960967116212545408e-02 -3.507565863606531414e-02 4.369618127837534421e-02 3.915112622624485929e-03 1.298855459179659375e-02
-3.845906167035643974e-02 -7.806105155699720726e-04 7.097907596518452723e-05 3.786998893005564387e-02 5.484436223291354329e-02 -7.807587311475344379e-04 -7.276545396148009770e-02 1.349367866373079108e-02 1.949194143365979293e-01 7.689944713642122842e-01 -5.000000000000000000e+00 -5.471892505765602044e-03 -6.978774374198512542e-02 8.900715342903904939e-03 -4.910767525386292576e-01 1.134779305834781628e-02 1.455922157084079405e-01 3.373695504629269787e-02 -6.277268383309278976e-04 1.963001430769678417e-03
4.958717477061699852e-02 -1.182429036403089689e-01 7.571582144540475821e-04 4.864959897341403217e-02 8.372050487389640083e-02 -3.354568392215229178e-02 6.248601107613923310e-03 9.490506890887307617e-03 2.253600212387210991e-02 2.026241797869462236e+00 -1.584142525958298187e+00 2.325931280602173382e-04 7.576294389242610276e-03 -5.026868437860760111e-03 -4.036538240338715111e-01 6.190384995825749109e-02 -1.031667016183851898e-01 1.216758404198531925e-03 -6.590655253219185154e-03 -1.525726970880144544e-03
-8.541197693245486389e-02 -7.656118035167558053e-03 -1.992699045780180547e-02 -2.491410542496056563e-02 -5.110937220517215024e-02 -3.604724799823996219e-03 -8.736741691529055498e-02 -1.316078931538228365e-02 -1.482820913674322109e-02 -1.847682385338917932e-01 -1.297381979810699359e+00 -1.691252934627324872e-02 7.280481225691829046e-05 5.239448465465654584e-03 3.665537835906212960e-01 -2.130208716263296692e-02 5.000370662181675974e-02 2.588820600388965637e-02 -1.765083291383430855e-02 -2.102276493128472923e-02
-1.828008209851722243e-01 1.947654424385696775e-02 -2.337257168922080366e-02 -2.249556271328814402e-02 -3.654508765163533984e-02 -1.618888468915346407e-02 -2.316408904598551283e-02 3.353971019175457091e-03 -1.879511968613175286e-03 1.109286742214745436e+00 -2.281747460152818263e+00 2.150484942025586692e-03 -4.318918214191390902e-03 3.798146753353265695e-03 8.614860864578903488e-03 -3.752757273122698384e-02 -9.975070661703287767e-02 -2.017804479147978450e-03 1.815597356605379645e-02 -9.877131022640787614e-03
-7.285108345248580974e-02 2.575878653495577986e-02 2.248004353197451816e-03 8.354330954803651510e-01 -1.666209357834847610e-02 3.971899559271217101e-02 7.862569052570821115e-02 3.629862655628161155e-02 -8.918815484115431846e-02 -1.775127613508878655e-01 -1.923537696901214122e-01 -7.583768842221666473e-02 -8.633569787887552735e-03 -7.344506891242850131e-03 7.029140833455357340e-01 1.725764836191712517e-02 -1.375467312675627551e-01 1.605988299856834708e-02 -1.101154660594999557e-01 -1.602650170743816563e-02
1.834247813973868546e-01 -3.778667863468362226e-02 -2.483119545294382776e-03 2.317833413838115905e-02 -3.459571714430743211e-02 -9.021044095482802852e-03 -1.616574232973243264e-01 -1.417347368285464849e-02 -2.419531573799090646e-02 6.675914697268030551e-01 -2.991121809028869372e+00 -7.737418903594150965e-02 2.477039781563153062e-03 -1.954310794630896575e-02 -1.733807496075975493e-02 2.509375632129259501e-02 6.968534965464917574e-02 1.164143118046704652e-02 6.937426043836550371e-02 7.511212977027313838e-04
9.920425451154883667e-02 -1.935500266849850548e-01 1.772548512324995801e-02 4.482263179309779050e-03 1.643564025035093926e-02 2.682942836140093587e-03 2.221126748213815560e-01 7.687708847349659751e-03 8.166327670531086519e-03 -2.564828764150871354e+00 -8.194404256000865638e-01 1.294446178348440711e-03 1.880683051925673491e-02 -3.798640744339609417e-04 -3.455011274588605779e-03 -1.768170630169889693e-02 2.350017980016417402e-02 -4.182014688727563739e-02 -5.362983764974987161e-02 2.760262114833953850e-03
6.933296192469766694e-01 -1.930833115851888493e-01 5.219991309256928336e-01 -4.786052484334024637e-01 -1.508502089962318604e-01 -3.338791078080596136e-02 8.404713959335084750e-02 1.114070602786626785e-01 9.464121183961067552e-02 6.589356739124550000e-01 -1.835984553918206252e+00 9.858888983937498518e-02 6.035497776857942469e-03 7.714513799395515160e-03 -9.886743925804314381e-01 2.564748172051026787e-01 -3.211276769362791383e-01 1.136665036694736314e-01 2.557267359624330605e-01 4.934552400054639104e-02
-8.924778159189469817e-02 6.904064170557415968e-03 3.733980977333696549e-02 -7.992088645840128569e-01 8.314673561701915738e-03 -3.059004762205328604e-02 3.067636573018603374e-01 4.033619769690034718e-02 -7.830297535470044992e-03 1.350569704720784969e+00 -9.382957714014331652e-01 -1.249838680755436561e-02 1.833533395096725339e-03 -1.182293428125023686e-02 -4.678463350820055711e-01 -1.781794695474753221e-01 -4.742530144343760912e-02 -9.424382284356262740e-02 -3.074885515616139053e-03 -2.954930101227931649e-01
3.001820201887024364e-01 3.669751351554081942e-02 -1.326806632810124398e-01 -2.215465103194537710e-01 6.511255818290842545e-02 -3.654908707650305066e-01 5.316407535078740976e-01 -1.000000000000000000e+00 -3.961638472121779553e-01 -3.994990323543047284e-01 -6.688913906772505635e-01 -6.936889242168499392e-02 2.152045579881150528e-01 3.320804496874563746e-03 -4.403193642130309726e+00 -9.977119872330343642e-02 -3.193786204855166705e-02 7.646779922564497789e-02 9.564397881127514878e-02 3.973407702452687040e-01
-7.220981995004712752e-03 9.325847370294073138e-03 -7.903564976977250911e-03 4.694446818054495143e-04 -1.651271525487071345e-01 1.248055412352040532e-02 -9.507280085964674513e-03 -2.983331738505918401e-03 6.507954353637898648e-02 -2.861801703446820722e-01 9.037570152433317683e-02 1.496532481033611452e-02 3.834678153366100073e-02 9.723511438988830316e-03 -6.335918408239417765e+00 3.990726339208099972e-03 6.336137285396300500e-01 6.465496515552782153e-02 -7.425019139977829391e-03 2.679693363947643751e-04
1.309000790837966388e-01 -3.350048065835174033e-02 1.102004302215984534e-02 3.967800703014903729e-03 -3.571803694712937238e-01 8.699434663330846444e-04 -1.725339508101970867e-03 1.337092605541135779e-02 -4.030840093245174893e-02 -4.407557782316260386e-01 1.919758379472476240e-02 3.163498843227064566e-02 7.091684119351080243e-04 1.009470051078890582e-02 -6.931745696156998982e-02 -6.012844593288890066e-03 -4.641234398433210194e-03 -5.246213743588762357e-02 -1.026249166350295255e-02 -3.241289934539039966e-03
1.489654612454507088e-01 2.959237768322371953e-01 -3.226571385138320425e-01 6.850337756581451054e-02 -1.955913950952737623e-01 -2.443355019566896633e-03 1.613571670221393417e-01 -1.430523323975280425e-01 1.906596419181419144e-01 2.686016371762065535e+00 4.249977228667162876e+00 4.416405949420170937e-03 -3.073332873187673443e-03 -1.623746580497197316e-03 7.967443128411301423e+00 -9.519956008230476274e-02 3.430126653108285517e-02 1.676129474820295950e-01 -2.219755703791765067e-01 -4.958387397995608209e-02
-3.476510853692137831e-02 -1.800395505244479499e-01 2.001930444874181758e-01 4.471749918044228278e-01 -1.192916072164223323e-02 -8.591500733317816718e-02 -2.222743292307868997e-03 6.875062390670709789e-01 -3.563674365569972080e-01 -4.567585037382707824e+00 1.271103228087963721e+00 -2.441466558170860349e-02 -3.754941314145457398e-02 -2.817418128609800593e-02 3.077336339255783426e-01 -6.263059547520383186e-02 -1.529643765696321045e-01 9.817989581479545994e-03 1.338339124405200919e-01 8.851065444724240394e-02
5.248116378537911325e-02 -7.596079748386441732e-02 -1.191910616690234053e-03 -1.466614784733976662e-01 -1.686291620954426598e-02 -1.395390581875789130e-03 7.280793511371663751e-02 -7.128958224330342840e-03 5.283087542746227848e-03 1.025789273909604393e+00 1.170449692901594618e+00 -8.456160827035494321e-02 1.321189048455044361e-02 5.054333894937212274e-03 -1.197826409093929040e-01 -1.208599558204274081e-02 3.596939877732007601e-02 -6.083817030385689668e-03 5.065956359766225423e-03 3.638443641273316344e-04
-6.232178636161717772e-02 1.191010934449381964e-03 -2.420658085158261530e-03 -1.094889450993113793e-02 -3.083729020079444688e-02 1.288976008098373805e-03 -2.256221448784627090e-02 -1.391850429677445348e-03 4.771933569979777690e-02 1.563575781058235359e+00 1.545660551140116135e-01 -1.394247447658137143e-02 -1.816348594003342788e-03 4.030149253700215906e-04 2.794925676488780875e-01 1.277729290103931693e-02 -3.732538276203562627e-02 4.175169460177716729e-01 4.169948709825170574e-03 3.492808870154648360e-02
3.954425545411509590e-01 5.068102327941624574e-02 3.639297013099525996e-02 4.361861758232833675e-02 3.212678573022789696e-02 5.296737928526826233e-02 1.245854058666142142e-02 -5.299847728056479579e-03 -9.245702364206526136e-02 3.768016344073004120e-01 -2.852957833859481873e-01 3.462726332334068596e-02 -8.262483813446726277e-02 -2.626492022082845120e-04 2.309815534980346197e-01 -3.784079328520603604e-03 -3.656554081899188874e-02 7.751301083143337378e-02 -1.672614861044263712e-01 -1.085376803159866510e-01
7.599893273157860840e-02 3.525783403087691392e-02 -1.487667476461972810e-02 -2.718878089252112495e-01 1.754071817977246109e-02 -1.758445395418634007e-03 1.883977615779780235e-01 3.165489620974187290e-01 2.592653315573768547e-01 1.835111672332179422e+00 -9.261198741619227626e-01 -5.575376882803522935e-03 2.229692850781618899e-03 -1.215218912286522915e-02 1.356448567742277511e+00 -2.154380800898687137e-02 -7.164726581229433067e-02 9.849485768397078442e-03 -7.335407573072548482e-02 8.457587238742252100e-02
-3.730640097917309328e-01 -1.284895195705779668e-02 1.739412369917699847e-03 2.447845002201557915e-02 -3.951076367192249417e-01 -1.003760644662919227e-01 -2.506845267520083631e-01 -1.831495132500801995e-02 3.230545288339727039e-02 1.078966438809638273e+00 -2.200229030184797652e-01 1.033698962116017250e-01 -1.943276260221373994e-02 -1.736663795524626261e-03 -5.567986678549480040e+00 3.105787274177182738e-03 -5.536020592687210945e-03 1.439341355068894006e-03 1.480142326924657400e-02 -2.477430543366947735e-01
-9.136697908899762965e-02 2.391329203496066549e-02 -1.017947987083933636e-02 -2.621968852836215405e-02 4.095104418981597438e-02 7.613453229116329268e-03 -6.111788681292691650e-02 8.956476871511735716e-02 -1.831543537528860024e-02 4.765572364381130965e-01 -2.139047499147606612e-01 8.008666836042835011e-03 7.408584607382572365e-03 2.759776781750711283e-03 -2.388201621901030747e-01 2.541355527865411107e-02 2.915325705279185331e-01 7.050403748060783682e-03 2.558525959138073513e-02 1.268607737980305709e-03
3.590936689334646437e-02 -2.215272141220284846e-02 7.640286913548095284e-03 8.853884835169923903e-03 1.524595263564502284e-02 1.561667486044751758e-02 4.489573145351174466e-01 7.770163413307775227e-03 -4.454771939314314255e-02 -1.144216898453260800e+00 2.008851776118784349e-01 -6.412067240904209368e-03 1.180372400514040215e-01 -4.934436367247005753e-03 -1.165095620882821370e+00 3.644949554998362651e-02 7.136167074951518807e-02 2.067420625022835072e-03 -3.172019141382285100e-03 -2.916853959191956832e-03
2.662307229328343405e-01 2.455836749678425024e-01 -1.737270671909421360e-01 1.414687570368762352e-02 -1.391348939074656954e-01 2.542310722686788593e-01 -1.221939607318961278e-02 1.237287288367206611e-02 1.510367852509628822e-02 3.417286242926929951e+00 -2.552425821479215706e+00 2.448294416043382271e-01 3.516309511672305321e-02 -9.588685156663958502e-04 -3.823361526081002992e+00 1.542719762219876278e-01 9.269246373707323849e-02 -1.240291025378385814e-02 3.501466014139203997e-02 -3.998318360085868078e-02
3.255511135081908258e-01 -9.827052699625794113e-03 -3.112390743547640420e-02 -1.809944568477031210e-02 9.240069418020756264e-02 1.721675928960428531e-03 2.585106420424603257e-01 -9.247628307754694049e-03 1.517094912552813257e-02 -2.779136971818252921e-01 -2.366311502613861695e+00 1.069751571225228872e-03 9.457910362914058108e-03 -4.668298302293982099e-02 7.416591238279646170e-01 -3.146095765706403025e-03 3.182192336135550997e-02 -3.862235514290038307e-02 1.063117194491764849e-03 9.134153201859760568e-03
1.707619898333176123e-01 1.452726173184993863e-01 -9.074432706072232263e-03 -5.259777997666295613e-02 4.098639255065983922e-01 1.298573944950795304e-02 -9.846319832142261252e-02 4.257566067537033039e-02 2.587491622398712110e-01 -1.702080316172301711e+00 1.636020482038277324e+00 9.808632065623794014e-03 6.224010386669263928e-02 3.590061848590746230e-02 5.357570139908662377e+00 -6.833109067188122832e-02 -3.469608022951831683e-01 4.537832185702179305e-02 1.732423821606392522e-01 -1.008483555971570987e-02
