6.416839664140878974e-02
nan
nan
5.635720301956367861e-02
1.644747312312126383e-02
3.052456434165566959e-02
nan
nan
nan
nan
nan
nan
nan
1.714198622866182353e-01
nan
nan
nan
nan
nan
nan
nan
nan
2.929802448721245678e-02
1.800080380731000351e-01
nan
nan
nan
nan
1.180433146481927320e-01
nan
nan
2.018153648671095271e-02
nan
2.245524810940769944e-01
nan
nan
1.072824171639178426e-01
nan
nan
5.371924317174775476e-02
nan
nan
nan
nan
nan
nan
nan
nan
nan
nan
nan
nan
nan
4.541627409345311284e-02
nan
nan
nan
2.154544474137285934e-02
nan
9.632878701261833598e-02
3.067289643396848772e-02
nan
nan
nan
1.926058844305081688e-02
nan
nan
nan
6.672063665521434095e-02
nan
nan
nan
nan
nan
nan
nan
nan
2.381306471824154100e-02
nan
2.108660145779735554e-02
3.613612895693443239e-01
1.324327041852049747e-01
5.745607748293563716e-02
nan
4.671413903112122679e-01
nan
nan
2.924943789724607224e-02
nan
nan
1.866590925713117188e-02
nan
nan
1.389455060915437412e-01
nan
nan
nan
nan
nan
nan
