nan
nan
nan
nan
nan
nan
nan
nan
nan
nan
nan
nan
nan
nan
nan
1.543652923184478110e-01
nan
nan
nan
nan
nan
nan
1.902340795747105295e-01
nan
nan
nan
nan
7.145473739445686867e-01
nan
nan
nan
nan
nan
nan
nan
nan
7.908965767954194703e-01
6.615262602432110395e-01
1.866238555174487834e-01
6.665556885165064838e-01
1.390675134134808089e-01
nan
nan
6.267755238337510137e-01
nan
1.662641410747542903e-01
2.877766491053571629e-01
nan
nan
nan
nan
nan
7.989269226616076136e-02
nan
nan
nan
nan
nan
nan
nan
nan
nan
nan
1.162594741988671881e-01
nan
nan
nan
nan
nan
nan
nan
6.072503924267911302e-01
nan
nan
nan
nan
nan
nan
nan
nan
nan
nan
nan
nan
nan
nan
nan
nan
nan
nan
9.905566519596287200e-02
nan
nan
nan
1.457987368786712590e-01
4.616894764523618022e-01
nan
nan
nan
nan
