nan
4.889055629874149850e-02
nan
nan
3.875236059110233333e-02
2.145636768185786025e-01
1.532295487785798604e-01
2.193826029308450568e-02
nan
nan
nan
nan
nan
1.997254646055539873e-01
2.098608557581045295e-02
nan
nan
nan
nan
nan
nan
nan
nan
nan
8.792189262744670372e-03
nan
nan
2.534859360699142083e-01
nan
nan
6.253984625056496771e-01
nan
nan
6.146318255778882023e-02
nan
nan
nan
5.455068730485809203e-01
1.167355363983979960e-01
nan
nan
nan
nan
2.316545127088612613e-02
nan
nan
5.508020461398473872e-02
nan
nan
nan
nan
nan
3.361991505356786564e-02
1.287089271677040458e-01
nan
nan
3.322616965940280304e-02
nan
nan
nan
nan
nan
2.512063030490833612e-02
nan
2.660202935508291719e-02
nan
nan
1.033050664632893384e-01
nan
nan
nan
nan
8.081118310522743264e-02
nan
nan
2.111955940585358293e-02
2.280283753266043600e-02
2.231972895663369635e-02
1.846441257785476700e-02
2.062415478887968251e-02
7.579885168601792345e-02
nan
6.921496904584879817e-02
nan
5.591709754530941323e-01
nan
nan
6.272097138868650001e-02
nan
nan
nan
2.595664413338333865e-01
4.202565152772156504e-02
nan
nan
1.292547970759742315e-01
nan
nan
7.812436259415746209e-02
5.307129563270343020e-01
