2.192666822588983377e-01 6.427031670442791000e-01 4.556818343965971518e-01 4.664324738007115112e-01 7.892878308177109226e-01
4.424110044596344382e-01 4.380190403578642089e-01 3.949616786092282616e-01 6.584140151680178965e-01 9.021773234555852117e-01
9.270729636559971176e-02 7.488385363738792044e-02 5.877754806513356689e-01 3.691946182430894119e-01 7.074212432736971534e-01
5.999026920635202043e-01 4.180204442266403086e-01 2.821547197017906239e-01 8.269297373876454138e-01 4.537347092865767761e-01
9.808481101556195680e-01 3.035216818545758422e-01 5.929243215435165970e-01 3.708570857521720221e-02 3.288449608925584355e-01
8.496207631520052983e-01 7.729167587918563953e-01 2.098957530879201894e-01 3.602860078217813289e-01 8.150375887110560269e-01
3.239493788368440486e-01 8.667828100130661184e-01 8.879159556442344226e-01 4.164157369933234598e-01 9.193352268725218934e-02
9.713338632985677457e-01 4.382226399977985354e-01 5.100756273532676133e-01 4.342084605650398110e-02 2.535359458644150799e-01
1.287369839255461113e-01 2.319353523466451961e-01 1.613612658741769845e-02 3.445238449080856302e-02 1.015379361632916533e-01
3.649065106108856371e-01 3.917555610879146499e-01 2.357186111196241107e-02 8.610297004630664830e-01 2.528000788885579331e-01
8.178225009666835188e-01 3.634250115859241070e-01 3.987526901789025802e-01 2.682573417816678241e-01 3.111862893586668788e-01
8.580179808217737181e-01 9.839522508233685683e-01 8.586359911993718397e-01 7.796943308607109380e-01 1.564321584529169140e-01
3.139280846644311174e-01 4.693768666140897272e-01 4.151182927971764913e-01 1.277766223179143124e-01 4.721137795554611882e-01
2.577470793986438302e-01 5.217071223651257306e-01 2.559367102562178919e-01 8.106850835466833383e-01 7.010539600290969231e-01
3.058044608786281149e-01 1.123683943220620263e-01 2.738774654315223600e-01 9.888674027108260711e-01 7.849483818360375453e-01
9.766812722690888515e-01 2.642498401769353134e-01 1.732993241839803078e-01 1.966750270200805506e-01 6.196572394136036221e-01
8.034479415666704316e-01 9.343992591446365070e-01 7.302005538472995383e-01 6.534864908734323574e-01 5.052039878736747092e-01
6.588405380720226967e-01 3.755952501816495204e-01 1.120723937456022945e-01 6.315816003111508481e-01 7.748343955355641022e-02
7.820410325830452480e-01 8.408636996037224254e-01 9.406541601436197997e-01 5.929024635987234504e-02 9.237759392733403407e-01
9.847815467491138897e-03 6.343945565802702191e-01 5.588799041040599658e-01 6.662267562047088365e-01 9.974013633942120372e-01
9.199480402083737296e-01 1.592435426483777006e-01 7.261587256184670602e-01 7.942242327506905397e-01 3.975147055499739235e-01
2.196670086585216231e-01 8.654319295244347066e-01 9.687445627438447948e-01 5.121822743979904669e-01 7.137204713919342858e-02
4.154969124860851126e-01 1.835350080003947948e-01 9.200154566555375224e-01 2.260873573899194744e-01 4.999242049224732476e-01
1.375719999873912247e-01 9.433392126595829819e-02 3.137718165293017503e-01 6.408117934380708203e-02 9.684318574284255243e-01
5.836686440024855260e-01 8.633989891770911251e-01 6.545067764967402724e-01 8.060568904582388061e-02 2.215764729626812368e-03
8.949563355228583594e-01 4.875358763525108330e-01 3.950288374190094043e-01 7.971976411130951012e-01 3.521007467786063660e-01
5.121392073101206366e-01 4.748232808776176039e-01 5.311156300123499596e-01 7.424659654193955793e-01 1.538412740510897159e-02
4.433344463669378621e-01 3.938918998093796642e-01 2.174203851099899554e-01 5.841791447448062558e-01 2.576346639395423743e-01
1.729517678965343253e-01 6.059823619139893536e-01 1.764201180189368667e-01 8.769541830985183584e-01 7.372721955226005930e-01
3.721158481403299412e-01 1.439521456712852254e-01 3.732176042077581801e-01 2.671108110864501839e-01 6.288058220176310220e-01
3.558370058734738883e-01 8.633333689230479058e-01 8.755968428269909065e-01 1.753369295630800018e-01 3.466136208252335038e-01
1.578192586939440867e-01 3.455828357995864852e-01 8.486899356327093358e-02 9.238340493555400323e-01 5.977763163855861483e-01
9.610269834029723235e-01 9.667028076200422371e-01 8.874229287678720990e-01 4.297049802647623373e-02 1.005873352599792048e-01
6.970301384217396645e-01 7.356055844213504891e-02 6.371960045137514683e-03 5.599316151977052902e-01 2.488776833325878624e-02
1.824349856215542465e-01 1.642752496898103320e-01 4.011174567882497266e-01 3.426764011420063705e-01 1.327711729992653300e-02
9.842159648225082824e-01 5.285515713499703283e-01 2.259228072080599059e-01 2.910106666134775200e-01 7.410467339370828688e-01
4.424130830025085892e-01 4.002628615260235279e-01 8.375138864323310450e-01 2.183725944212011605e-02 1.509164116250371057e-01
9.207004679773175271e-01 8.654198642251297313e-01 1.494230148532696978e-01 5.612274850317975350e-01 9.797004837938965149e-01
7.820132786796042401e-01 7.613979481120258797e-02 2.757585440798374643e-01 3.707830385022305997e-01 4.378556566792757287e-03
4.532012206675235522e-01 8.643286792345767910e-01 4.277545377976348373e-01 1.284651931680141912e-01 7.691828633350883404e-01
1.728246952871084208e-01 2.668811208004718827e-01 1.336502116748313762e-01 1.506122946730551471e-01 2.745308868444218398e-01
2.141379859294079147e-03 3.645179961839812854e-01 2.537785859042762659e-01 8.616574103182591537e-01 2.503316502837193980e-03
5.084550468054993555e-02 8.794451625608615819e-01 7.080163457104459157e-01 5.861202317804387052e-01 3.768908403224043857e-01
2.356160055633804706e-01 8.690365675696531955e-02 9.006996219131275794e-01 4.325314772678946484e-01 2.712312112044948931e-01
6.861265857935353596e-01 9.343481579049829344e-01 3.099752136125208946e-01 5.802887558452448635e-01 3.346737179503377346e-01
4.215773965284381752e-01 9.350473051744212505e-02 1.285828515475924139e-01 2.302490050508096964e-01 4.460085445384712743e-01
6.277001046951443675e-01 7.662237051752054384e-01 4.243508608153968575e-01 2.797201097342743026e-01 6.186649364328830059e-01
7.580024867603798455e-01 4.321137201167469799e-01 5.686569513025444556e-01 8.412373645069836092e-01 4.896117359574421180e-01
2.521178758415949517e-01 6.710375725654820211e-01 9.312848502151449548e-01 4.814940163020364761e-02 2.228013820827022817e-01
3.374013330520427845e-01 8.222772801179401014e-01 1.713345455381274363e-01 4.453544835727680784e-01 2.643634845493966212e-01
7.749998741307695393e-02 9.739589436255668975e-02 9.639845388888023114e-01 1.836122572351664983e-01 3.022791549416352641e-01
9.877628115437045997e-01 1.493780732506155839e-02 8.581322422869495092e-01 9.676666609013905296e-01 9.458553905697281161e-01
7.425242578086773682e-01 3.952107196803633649e-02 4.280380429641000850e-01 6.968898287805393998e-01 5.763476989120731586e-01
8.833867804103163746e-01 4.405796758798700141e-01 3.872995763332620633e-02 2.624898388163078300e-01 1.386879524975870304e-02
5.989383901686786693e-01 3.716805643344236465e-01 7.505769149356340542e-01 1.698575355171560997e-02 2.870674367821864914e-01
8.602286568583540349e-01 9.478322311965641234e-01 8.327871809344271625e-01 7.208756269813690887e-01 4.430341731247910975e-01
7.087424886091406862e-01 4.770117111512942598e-01 9.238503351237206118e-01 3.704984518625580314e-01 5.555883968543382512e-01
3.992949093671199767e-01 2.930699542460879492e-01 4.586536337840269040e-01 1.030377334297944980e-01 1.130514331485723556e-01
9.716072876941367342e-01 1.814601733092789937e-01 5.443416110618086723e-01 8.295623163767026353e-01 3.296993228012728983e-01
8.970105190492871916e-02 4.619927014047420233e-02 2.043220881164767855e-01 5.511778318021112177e-01 7.422300113765811780e-02
5.468979163330173199e-01 9.077640132433817399e-02 9.286260321982484633e-01 7.199612106420121282e-01 1.652347890953392850e-01
9.244859880672557928e-01 3.361276769207427462e-01 7.869767645604307527e-01 9.183591274303837260e-02 3.442340766450250333e-01
8.391360999551780164e-01 1.004200738334388721e-01 1.939435000556254396e-01 6.313800617057855336e-01 2.976565351584745667e-01
3.563201278639723801e-01 4.595274678691338988e-01 1.473045175388909556e-02 9.187986696182881552e-02 4.821654247126579973e-01
1.570330626502710603e-01 9.590229919727933927e-01 7.763938827881827764e-01 1.369408729301402339e-02 5.680650548561750890e-01
2.740496186567510373e-01 9.368605747839552356e-01 4.842016901044441379e-01 1.976854642971462850e-01 2.166387438147169275e-01
9.459364861661048174e-01 6.007770763760508226e-01 6.385493563476408729e-01 1.156363173149458357e-01 3.103486978619141023e-02
1.096281936614195152e-01 2.011515256786189365e-02 9.921111183708452019e-01 3.296260080562901651e-01 3.549527985907782179e-01
1.013029246049118592e-01 3.684107933839210203e-01 1.099597329452647321e-01 6.385605425909620658e-01 5.644265714261054168e-01
1.299172533647777739e-01 4.066297960907647724e-01 2.981563828514151027e-01 7.206888751121032222e-01 3.371031112898714710e-02
1.979559488417126367e-02 3.760498144988473346e-01 5.486690671163451105e-01 8.478558685151238450e-02 5.825957242370231048e-01
6.554004652192395586e-01 6.276836484420162954e-01 5.285701840853673783e-01 4.030779670680203486e-01 4.515487138982041682e-01
5.267964432440734868e-01 1.848537683727763392e-01 3.761349328206206044e-01 3.458349714159020261e-01 3.021650498154291320e-01
9.178621843500894828e-01 4.949861128294825718e-01 7.184811050753143746e-01 3.551776706204566869e-01 5.055069937118785717e-01
4.919171600559205659e-01 1.825939741138919992e-01 5.108076812798958422e-01 6.091386055086118745e-01 1.338238454490712215e-01
9.976281242561707563e-01 9.007519859123397366e-01 4.253006113051793768e-02 7.520287103738385603e-01 5.394259726553088941e-01
2.585863567596494716e-01 1.046778700376816973e-01 2.023463038650157308e-01 8.563619458012076135e-01 8.982728637900906365e-01
5.986675582173350829e-02 7.415755457662838168e-01 5.655032137316788887e-01 6.618512930749327339e-01 5.002797276299776330e-01
8.573212090749728898e-01 7.439481329146182542e-01 2.596993267405158790e-01 2.422085191747169741e-02 5.901594502914221385e-01
2.638720531069570496e-01 2.409525649470659614e-01 9.175735947968094441e-01 7.591635230345350482e-01 4.116567478833733640e-01
7.991974681946837356e-01 4.639031816769870753e-01 7.936271615970418303e-01 3.446819311272870667e-01 1.574159453849863777e-01
8.998909589661366892e-01 6.823541093704890148e-01 4.912313206104135244e-02 4.448569876480658047e-01 5.968394143366797522e-01
9.950366363097199462e-01 5.942387619627323980e-01 5.488421432448598036e-02 1.474283301332418583e-01 1.300579770063089446e-01
1.469943953962571381e-02 9.097073952489700410e-01 7.461564189935749880e-01 4.597710530724343769e-01 5.227675422232105351e-01
6.617068038751515724e-01 6.841716557043051594e-01 2.774251052920860827e-01 3.353659344555077748e-01 1.014297308690215171e-01
6.025949665454733983e-01 9.431563087390845146e-01 1.554408984979981367e-01 3.772958275122910710e-01 8.696246496284401051e-01
7.293655052701308872e-02 6.363247923294116370e-01 4.226219833525437508e-01 7.028527923852903037e-01 7.605215366201972804e-01
1.054025944836463058e-01 3.599198871545824518e-01 4.911192471518495140e-01 5.487545628378497353e-01 1.446448822787567146e-01
5.130621428784244431e-01 9.594269070012462208e-01 1.483624367037265079e-01 2.661954511722010031e-01 7.775300906444330140e-01
8.290476185603835590e-01 5.265092901482448795e-02 8.371601695561035061e-01 4.316758622296301695e-01 1.087526359027584100e-01
1.173538294774458812e-01 5.783043255921505033e-01 5.932673756605133519e-02 8.672526551247758952e-01 3.692737490677542311e-01
1.643551503051671192e-01 6.568571105490461637e-01 5.799816205556262982e-02 5.872880702125437002e-01 2.352257830086379453e-01
4.206052089549479067e-01 8.711965599902671276e-02 5.971377255900490733e-01 9.427430448344813474e-01 9.184026705385605061e-01
8.533167625485016394e-01 8.955035900752755795e-01 6.995171743104381390e-01 8.237914030176766156e-01 4.494262698117157395e-02
7.757446052195858810e-01 9.831613816168305320e-01 8.146406690016780860e-01 8.884705504956512678e-01 7.265921987601521304e-01
9.416621968543056331e-01 4.873356417806173901e-03 2.334058209783764770e-01 2.510148687044496674e-01 7.322056897170766687e-01
1.848672685351946399e-01 3.115770788813112535e-01 8.436280102154696259e-01 1.610126889032755804e-01 8.990534047942255746e-03
3.322913219871548307e-02 3.885506268749354675e-01 1.305334422720635379e-01 7.597226318432358516e-01 8.056902033935657848e-01
9.952457780881542870e-01 7.383537573952465571e-01 5.329981029037291762e-01 6.813503244248775292e-01 7.317510542206663304e-01
5.921105726124464841e-02 2.709242808178952133e-01 7.305944078882320447e-02 4.557616005102703705e-01 1.430039602473979210e-01
