8.444495107586555971e-01 7.093375727382157381e-01 2.710628785989149803e-01 4.879798426745844964e-01 4.976555111909101159e-01
2.080674194433902446e-01 7.334058066359439021e-02 9.801466318363670771e-01 9.690879597595177808e-01 4.955856574631305467e-01
5.744522531382476593e-01 8.343998788116219201e-01 8.925705353997200886e-01 8.913574994916791949e-01 2.919779238228971119e-01
4.009801354541301377e-01 9.554383475964979278e-01 1.582717423922580524e-01 6.887822879923067854e-01 5.264259481997645151e-01
1.116470090960532957e-01 2.372111561207950192e-01 3.583522255736133477e-01 3.011714201243907985e-01 1.560832989861302700e-01
9.655390510557688710e-01 2.003084054223787103e-01 4.200479846155463770e-01 3.555010447285045228e-02 5.044042239699001451e-01
6.917047009994570228e-02 4.796043873044910644e-01 3.224273312249608114e-01 2.480045461012999608e-01 8.287521827489029436e-01
2.726454343177315831e-01 7.536559596980063613e-02 1.729017703623528801e-01 5.347967985449255668e-01 2.755855945545504504e-02
3.291050111983663262e-01 4.573691113509353867e-01 6.704980011924233096e-01 3.901802552113553535e-02 5.937003343081761475e-01
5.907657387216666001e-01 1.281453585217947611e-01 3.850274925827266159e-01 8.381372415653332020e-01 4.393521430179636589e-02
5.880014001707242199e-01 3.392077998206943779e-02 8.489732862736951713e-01 7.252791604907576906e-01 3.557559159885865796e-01
3.817544007078904622e-01 8.318335594360487528e-01 3.928938696515605900e-01 8.422841359374859671e-01 6.187196782899968550e-01
9.408778774429882308e-01 4.068058378226446781e-01 3.682163222939103253e-01 9.157584590916495459e-01 9.394011825505405033e-01
8.879913178785097116e-01 2.787157312814162458e-01 4.924886839381946713e-01 4.088000127925435212e-01 7.393364632750311083e-01
7.304322958331610494e-03 2.630345226274513060e-01 8.055108802668451418e-01 1.244265664018434636e-01 1.453803934366654227e-01
2.427360586042048851e-01 2.630423047945853465e-01 8.120415245043433039e-01 7.834442465957484059e-01 5.407325378004090854e-02
4.294117076087271556e-01 5.560499064964725680e-01 5.077092323623610959e-01 9.311631309100638632e-01 2.234243275738242440e-01
3.781389745439910355e-01 3.014326928085634405e-01 1.357471264927340160e-01 9.011732190899016670e-01 1.671591934811279545e-01
1.027482002173174536e-03 9.749928540936340093e-01 6.486944768166605924e-01 2.394159869270482410e-01 9.133001103412697885e-01
5.655956380735346345e-01 5.508475114589636012e-01 6.661950747355500635e-01 1.085218494155384406e-01 7.573675645291110259e-01
9.675912666480673829e-01 8.560585039200040436e-01 1.415299410754959908e-01 4.932614954668479434e-01 5.474895148674864265e-01
5.142718058636600587e-01 7.394216738363531549e-01 2.781349281575387078e-01 2.479468645461511134e-01 6.000002675924762663e-01
7.031034114044801830e-01 3.889989840366544493e-01 3.986271182779055344e-02 9.342789195748042452e-01 4.616582373965479880e-01
5.395061982601565553e-01 6.896455216823808021e-01 1.454293536769946105e-01 3.576928213189600747e-02 3.323781725750953875e-01
9.424929156613608416e-01 3.019485304337472531e-01 1.950476565804153406e-01 7.443766099046933427e-01 4.541712437129008517e-02
4.774607426491594975e-02 2.730914551323664341e-01 5.630697032817899572e-02 5.824774684314710793e-01 3.819302339480963315e-01
3.344169136860496439e-01 3.408540328592031265e-01 1.285969025604772886e-01 2.185083573811346103e-01 9.501835858963506576e-01
5.894140504135320091e-01 7.546896557477089651e-03 3.502275356558348651e-01 9.692788466400223957e-01 6.474532312663565659e-01
7.209692906215494634e-01 9.811746510556851320e-02 3.199900436525412450e-01 5.819356908201231970e-01 5.176132546918389421e-01
1.076532920011478156e-01 8.608019728584790364e-01 4.507202780219961014e-01 3.747721605443187221e-01 7.400941203197889395e-01
7.531555815172458201e-01 7.673966231991634634e-01 8.378773256160855221e-01 2.681022994971062889e-01 4.823511032349887540e-01
4.428732797269940846e-01 7.814454450584978895e-01 5.970505436708851699e-01 7.621711996428048863e-01 5.591117629908815001e-02
4.702092165603352081e-01 9.269018716067443098e-01 3.865676989495235860e-01 1.750797818124150140e-04 2.514202255945727771e-01
2.860498235615763774e-01 9.555642000461836982e-01 9.846110894979828165e-01 6.131247050354688977e-01 7.134449282744436127e-01
6.694087481154717967e-01 1.752301676394312224e-01 3.333690089897394238e-01 2.518350947069559753e-01 6.416432011985325756e-01
9.948376005331343030e-01 4.805087692900901208e-01 6.470161422464092427e-01 8.846418759934091547e-01 8.449748039270255084e-01
1.759817086548768339e-01 7.835428559616055555e-01 4.643665615882142106e-04 2.767571938591893987e-01 3.149201128576052389e-01
5.411248559961098215e-01 2.668281264628542537e-01 6.629772279812239377e-01 2.221468221406412979e-01 2.143077056195957786e-01
8.897824027267386970e-02 3.179713893490843102e-02 8.777169056200977426e-01 6.157355988206171249e-01 2.705248697747991704e-01
2.750686154947522555e-01 2.089556721552369156e-01 7.961888965372014848e-01 6.310650516433946589e-02 2.326184266212966145e-01
7.705065305283856913e-01 9.389237140529792525e-01 4.259878922271203017e-01 1.098609231291884925e-01 2.053721757224995503e-01
4.876844839799754361e-01 2.347930413043313180e-01 3.606835345573422558e-02 5.070918222224085614e-01 5.763410846801605425e-01
5.011611649435406823e-01 9.773455373413795222e-01 7.243553150428093668e-01 8.590165653523232914e-01 9.897630952901603774e-02
4.826237700114504037e-01 5.831573234785631943e-01 4.499901386000988435e-01 6.134291977109842531e-01 8.365353131591721780e-01
5.548230822505728632e-02 4.853953251630825916e-01 2.988521420306911036e-02 3.269407639238853802e-01 5.916275654047984389e-01
6.730387976262811600e-01 3.423039713624934643e-01 5.911762876210391315e-01 4.999804343500402481e-01 2.014955075048681099e-01
9.307722422680120289e-02 6.504435968494419740e-01 1.206942617100419390e-01 5.385482962517892380e-01 1.943451162585152492e-02
5.109529376704849968e-01 9.006614726565311813e-01 1.420568683253417008e-01 4.996415752306264668e-01 6.271217359669722935e-01
2.998563525809518904e-01 4.054988501353473662e-02 8.181061892108900668e-01 7.889482370869049799e-01 7.817602472628788490e-01
5.170795045065701423e-01 7.359036830150655906e-01 2.069028723779889889e-01 5.158931238349406811e-01 9.795709940828041251e-01
5.769166494243507248e-01 9.786481656599825829e-01 1.523203347927833962e-01 1.180086669220331563e-01 9.852398820391763401e-01
9.007217932346373024e-01 9.174760709646171408e-01 5.088684098128648525e-02 5.787791996574291886e-01 4.941777299738954188e-01
7.059249183820889284e-01 2.040514025245639962e-01 7.734063355727186506e-01 4.505757539138846024e-01 9.206213072936356712e-01
6.387454165080792556e-01 8.948975906822410620e-01 1.113544200909579729e-01 9.096438934096212625e-01 2.792509491560343227e-01
9.592764503897800443e-01 5.388446093210190746e-01 3.742579065677112959e-01 2.282467069608055121e-01 5.638928199494211979e-01
5.794046336585253476e-01 7.194901597211845745e-01 8.308681015134152803e-01 4.009709461523918161e-01 1.151937779048518573e-01
5.252168154410707945e-02 8.613195394361630175e-01 7.137048190927763880e-02 2.771610082109365880e-01 9.500411337786732746e-01
9.990554914884042237e-02 4.791161141689389558e-01 8.940299929224179154e-01 6.424633660365431931e-01 4.948798987602266441e-01
7.843090824269884909e-01 2.959619615365826073e-01 3.577933233137032820e-01 8.994558148713585055e-01 5.362331309528310941e-01
1.153009728271588985e-01 5.666635741044888652e-01 8.399632509861310048e-03 5.366475387747074999e-01 3.372020161769052615e-01
1.993380836463353178e-01 6.258868015148688624e-02 6.628805473806123061e-01 1.522033281449276521e-01 6.357037066853814533e-01
2.127749933518072734e-01 4.710449713851133646e-01 4.691704883732906728e-01 4.913189168019347353e-01 6.153730618574626554e-01
4.606340723922065505e-01 3.681409077856190315e-02 6.371072940673392360e-01 5.890342804930359666e-02 7.302646649755780706e-01
1.128412776191668465e-01 1.738312385886495726e-01 9.996240732152328334e-03 8.442415589629443939e-01 5.553118662664087157e-01
4.624094111041235911e-01 6.239852644453375285e-01 8.296456341265460166e-01 2.394631953035764038e-02 4.686532265173274370e-01
8.025501526642483396e-01 4.990974411241171360e-01 1.955097766508133716e-01 8.826292647167401917e-01 1.531189702506544625e-01
4.139046797040880632e-01 3.878376515222181631e-01 5.315939364050212834e-01 3.461249400650838748e-01 4.155693261858742771e-01
4.364717460761163847e-01 5.448710488693193632e-01 5.303160812164618987e-01 6.098461828442934829e-01 9.212300687469714422e-01
5.634448691272209153e-01 3.902658665962110973e-02 9.450510504855876848e-01 8.811691630293608801e-01 1.170836268325898821e-01
6.008866181702936515e-01 1.592302078608347493e-01 7.343871959629922896e-01 2.062498442583254876e-01 7.508448850687190479e-01
2.374402256278983492e-01 1.277259972813880040e-01 5.334497238758781901e-01 5.962816859090346311e-01 9.851336540706774336e-01
3.909842437704451612e-01 3.535982396722491261e-01 1.067390390608516926e-01 5.327575670372943772e-01 4.998754458767606934e-02
5.406809007463166949e-01 3.401654703240549749e-01 2.240365591512234467e-01 9.726053903459376260e-01 1.273743573967994758e-01
9.364236258053932893e-01 3.271865262447135603e-01 3.052151051822263872e-01 5.083210443607677487e-01 7.522528231257590292e-01
2.114517633793666640e-01 6.839867341782135401e-01 3.883478061985781160e-01 2.860010842278575272e-01 9.548801393375098145e-01
5.348459366818661964e-01 6.947811591902119943e-02 2.545927557538664177e-01 1.934845855724647290e-01 6.306888728231072605e-01
2.966429940660135767e-01 5.307997984500617550e-01 8.907714169461619091e-01 7.636353395680960388e-01 5.937232217226434683e-01
3.480762403900073965e-01 7.631260054039860075e-01 4.085148367626763033e-01 6.292101706766591862e-01 4.636128532324520490e-01
5.104581417520737130e-02 4.988134005274601490e-01 9.870106014966462116e-02 4.737883247816017107e-01 9.261281795088822655e-01
6.367978882535474394e-02 5.078632645596299344e-01 1.370807170103972572e-01 5.511415861812432038e-01 2.283433015959546175e-01
3.138089427967715173e-01 2.147687099964934454e-03 2.368496713029710765e-01 9.616330404403709009e-01 6.752173786229347385e-01
8.520686367932550631e-02 8.231128589906153703e-01 9.488913617814555002e-01 7.249296708000751988e-02 4.678590147285631717e-01
9.695940801891935745e-01 5.846395608150782852e-01 3.611742345753466976e-01 5.291177249180133435e-01 7.523485624827123130e-01
5.228286242082107460e-01 2.276914323186888245e-01 3.492146646144529409e-01 8.948771898376085554e-01 1.358008576528045852e-01
7.433857951452191859e-01 5.480855359665997018e-01 2.557744141299844731e-02 7.321848478849368735e-02 7.178964331388886233e-01
4.613642945201076317e-01 2.689878796580642550e-01 9.288554389917583753e-01 5.486273000170199809e-01 2.226977752869019334e-02
3.064738902378230101e-01 4.027680186999522682e-01 5.532424299665154033e-01 4.520036862413596701e-01 9.187823795760937662e-01
5.813045822981967037e-01 6.640784469198578455e-01 2.024446815782359188e-01 7.512496923505275204e-01 2.952639976174274983e-01
3.820207328966432891e-01 6.669270115120384812e-02 1.547227810602942455e-01 1.749798088332402690e-01 8.201570611608541839e-01
4.081170613611340148e-01 3.324401766592733898e-01 7.557576240441276072e-01 2.057620504134169970e-01 2.208366440139646336e-01
8.188386244337167996e-01 5.560417947707378961e-01 3.550333539072948463e-01 8.920712773383753236e-01 5.352271082746454800e-01
2.040199440359631300e-01 5.070368243698407662e-01 7.345697125797763238e-01 9.475115030703540331e-02 4.227483274385014367e-01
7.557376556287608294e-01 8.124908498558450765e-01 4.469686301638551296e-01 5.815279621144576749e-01 9.790769887378969472e-01
7.720891441824418999e-01 7.081102960501349797e-01 4.055151575193386426e-01 7.310720353858446430e-01 1.418660001995388775e-01
8.660613647927865033e-01 1.169224260743924049e-01 7.013972473090308579e-01 1.687445585426272654e-01 1.052840956350840074e-01
5.347420284209014607e-01 6.068058059165031271e-01 2.441319153443564094e-01 8.984913994078543853e-01 7.272624140952534955e-01
7.784728256212164466e-01 5.537782339923891239e-02 1.144421749423901735e-01 4.738626931808062048e-01 5.020459086009319005e-01
2.852458592992721531e-01 7.698090771426105983e-01 2.631799002699429790e-01 8.082575249246927163e-01 3.182384683984837981e-01
1.637932193883815390e-01 5.352537977257429969e-01 2.590490157905832591e-01 8.242985260096602484e-02 9.192165441653973312e-01
9.461835281430458489e-01 2.866346983686068883e-01 7.213202923563498681e-01 5.674909701972549181e-01 8.088966956931974428e-01
