9.250266348006309647e-01 9.834575250936150592e-01 9.192189438008608882e-01 3.039205930758424046e-01 6.462355209337627970e-01
6.650326664915774399e-01 1.957446350513343258e-01 8.659020963090118261e-01 9.826072232670202133e-01 3.072437910034782060e-01
4.822606327846301610e-01 8.374597696517268597e-01 6.650540709532586359e-01 6.342878306264512211e-01 9.715116992174767097e-01
9.811109761415790498e-01 8.180113432379743088e-01 3.525055778603113366e-01 6.560594207670418232e-01 5.553257277971223038e-01
5.722067678878709485e-01 7.772297855589165305e-01 3.885243892469543159e-01 4.730325536165473910e-01 4.548363239989581253e-01
9.399467842575464083e-01 1.323906667901756373e-01 9.379860648229260134e-01 2.238903242865759591e-01 6.117713487679555806e-01
4.600787654862542597e-01 1.865098730711145514e-02 9.922790670155577919e-01 6.360190206375324617e-01 2.038872584466521198e-01
2.071031004894745564e-01 9.662050020040838794e-01 6.622120932873185595e-01 8.645983165918245117e-01 4.179335767473044694e-01
3.577676090061669978e-01 7.365916983110957217e-01 3.438794885003576551e-01 8.243237150354192355e-01 4.764166861467166170e-01
3.174042798199427917e-01 2.023733415510572398e-01 8.145155013918237152e-01 2.775104072883198825e-01 5.393388951410816867e-01
9.696484820036015417e-01 9.659025310021732702e-01 3.949736412110749217e-02 8.657457994280213232e-01 3.472858359145725160e-01
4.871963306449418329e-01 6.864930803070521392e-01 3.414007180366465111e-01 4.497091459182664952e-01 1.091249846822033298e-01
4.752205898309145304e-01 7.901485325799180170e-01 2.587602025702044894e-01 4.843020810280282973e-01 3.972087777001520603e-01
2.967578196233313648e-01 9.078989244752821985e-02 5.743447256555159752e-01 3.262841173984334375e-01 5.706235654541779168e-01
7.010690463616184864e-01 3.192247021874125013e-01 6.438219801289737365e-01 8.315247641088886477e-01 3.180299459936087869e-01
7.602551261063010823e-01 9.071886310914081264e-01 2.088406629242481882e-01 1.202694632679444098e-01 7.957093650129040130e-01
9.132942312572319699e-01 9.608687430418889619e-01 4.782377522251083368e-01 8.424362861296685878e-01 8.985158264355918023e-01
1.904645780432878688e-02 3.096198243860950328e-01 7.840416272835468714e-01 7.762618541703902864e-03 1.292505392695841859e-01
4.772504613634331871e-02 3.506213931194792632e-01 2.999220878340074226e-01 3.084502920525835634e-01 9.572912605375503148e-01
2.444069502703614116e-01 7.254840014257857295e-01 1.840904196261838877e-01 7.136841917084402187e-01 8.688529322597511317e-01
8.426047256629127791e-01 1.142776049348681600e-01 4.441268576252070943e-01 1.529854332696835018e-01 8.831736577632369745e-01
1.994008490340787310e-01 5.612609594887287834e-01 8.305023760191275750e-01 7.633865677681683781e-01 5.329785998407587932e-01
2.843487193095606269e-01 9.635548799839738221e-01 9.125487391842834750e-02 5.312196584536224009e-01 7.463039967152009790e-01
9.851777100633443141e-01 4.903383376219515588e-01 2.960146655477913225e-02 7.525031488210058850e-01 8.993143710046767048e-01
3.195478473105598516e-01 1.201612125766302608e-01 8.243524996229456558e-01 2.075857821464224262e-01 2.128893896889723081e-01
3.576110060133508295e-01 7.297474517050364096e-01 3.449737765782844301e-01 6.870065367233554321e-01 4.544083724857144180e-01
4.816889915390377697e-01 3.421826241503430621e-01 9.859687473975727867e-01 1.325872652371617999e-02 1.838881132321649181e-01
9.499244337885844880e-01 9.183694705201770336e-01 8.950972134783210521e-01 8.247904518804171081e-01 8.108255829341467491e-01
7.520649696505224968e-01 8.122369262921623756e-01 7.680107470511297052e-01 9.321851134893047730e-01 7.549275222153660758e-01
2.476165433347222722e-01 9.990616549053770168e-01 4.988615012822784633e-01 4.012761371650453990e-01 9.104894206453679750e-01
6.614564526909251230e-01 6.436045126520967274e-01 1.556840746463220571e-01 4.520364502735471079e-01 2.859939988176269932e-01
4.172759680429537488e-01 9.264723412187199081e-01 1.307851131484645268e-01 5.445311620165519395e-01 2.737447181989393075e-01
4.228783187999408666e-01 4.023661793068684656e-01 7.984023373394135703e-01 6.395297198156920659e-01 9.424842213740556307e-01
3.571752063839017666e-01 5.972588456693762593e-01 3.158047078172097066e-01 9.773225130360031487e-01 7.743751786884695010e-01
9.295072487629856273e-01 5.639889950508668592e-01 5.865026534252772983e-01 3.566643133854255909e-01 6.108782219747513897e-01
6.844817459369256785e-01 1.683565464006511192e-01 1.486263703248235091e-01 5.828728433335396142e-01 1.090640518411857274e-01
7.728102447448220724e-01 2.866774932555979927e-01 2.730893215846519340e-03 3.166146554143008940e-01 9.918794698508197616e-01
7.135304502242867386e-02 5.882591513440427189e-02 7.226604132340969100e-01 1.193061375215369591e-01 7.297689218964514835e-01
8.659563188587927618e-01 7.701965021387485733e-01 7.937078771325070115e-01 9.287723619297095778e-01 1.580537157773335144e-01
6.066916541205484847e-01 5.829984271999552048e-01 4.549185971433939990e-01 5.096323159380345968e-01 8.289806228668754606e-01
4.035422790524763048e-01 5.143059317979892242e-02 6.806453673418710881e-02 2.547026262710772038e-02 5.944030070096162355e-02
4.449966775749397696e-01 6.218146757598945751e-01 9.254160403174171989e-02 8.752769933301216554e-01 7.096427547810313374e-02
8.526887002076355415e-02 4.155341146341446912e-01 2.566707449992203793e-01 1.282100367247699380e-01 2.584013688800819164e-01
3.732145868235781094e-01 7.739079976664355875e-01 3.191964666835610531e-01 7.071596683067857825e-01 9.807215087085918714e-01
1.920315009791118133e-01 4.734553376926557977e-01 1.464471615719803443e-01 2.861525314122519426e-01 8.956686969926553887e-01
8.714531568820538254e-01 5.066611014284608805e-01 7.721235224976767952e-01 2.433218311674589796e-02 4.756655154755971004e-01
4.505781874399560349e-01 9.001382037717743367e-01 7.155586032591846335e-01 1.315268362428612114e-01 8.097999216737645778e-01
5.633880678538535358e-01 3.499976558536332938e-02 2.807787119135219944e-01 5.325881011019936162e-01 4.312467875135641560e-01
6.955604259573163750e-01 8.286014816320306231e-01 1.346843844488108122e-01 6.981938496433264252e-01 5.820063318717859646e-01
6.458977180280012220e-02 7.354036814703694969e-01 3.509917174817021035e-01 1.912272524777969274e-01 4.340041320924691304e-01
3.624572224623262562e-01 7.788068030518392471e-01 6.043919202547882730e-01 5.262064927965329764e-01 4.041086550289533230e-01
5.190135039487531188e-01 7.628568057983523554e-01 9.720276204399453945e-01 9.793496022763917841e-01 6.081953837043041489e-01
8.306782684003219952e-01 9.834589135098711354e-01 5.817213817184166968e-01 8.533052168505481649e-01 9.043422772012066346e-01
6.843787538219764377e-01 1.502029293622025863e-01 1.550842564775303245e-01 9.419282788309339960e-01 5.474601674648810201e-01
5.010523703043989752e-01 1.441120011244130250e-01 7.776818738140285348e-01 3.263396406108739489e-01 4.197918937742554091e-01
9.367811809534306589e-01 5.827037519381276232e-01 1.452911702189729759e-02 2.077493817247196839e-01 9.816539264436149326e-01
6.458959398310784028e-01 7.250318458619311457e-01 7.430425458179158449e-01 7.332003521233070309e-01 5.404533683179704173e-01
7.734848207004285658e-02 6.646140856042963563e-01 8.038539569084711678e-01 6.542834502535193053e-01 2.069945508609806195e-01
3.837072111981149058e-01 7.659354776252949026e-01 4.708605485667285429e-01 2.587935665433918064e-01 4.695826551263571069e-02
1.017848728589717533e-01 3.509747937193964384e-01 8.501106651036883788e-01 2.450729811630424360e-01 2.622331492106688700e-02
9.471491656883113119e-01 8.434454799978390316e-01 4.729901299773313639e-01 2.066290464492881451e-01 2.073569378772865957e-01
1.074023007105968652e-01 4.181964481452251636e-01 3.362873013106243425e-01 9.524487763323188361e-01 6.119633129797604765e-01
2.202859893919068002e-01 3.532624205254275562e-01 2.941708197787110679e-01 6.675328992577944653e-02 6.772784643001665827e-01
8.597475148447815130e-01 5.823644130990884848e-01 6.221911727437056117e-01 1.479276569843962497e-01 6.523297302114162699e-01
6.742381912811314937e-01 1.851492623073425214e-01 8.920340458525179983e-01 8.569482011770221952e-01 1.645856294101899486e-01
3.921400094534318592e-01 5.556514455702500355e-01 6.112844510902450956e-01 6.717696708171929654e-01 5.607163932734872125e-01
8.354764342241246533e-01 1.110936707969554238e-01 6.969953474638312940e-01 8.223718168027589481e-01 4.447566842096033479e-01
6.285992931957796737e-01 7.773535928148047613e-01 6.729334492361678244e-01 2.109555163492228269e-01 5.205829633173365556e-01
6.034465591938145135e-01 1.450772980475714125e-01 8.414699142334702842e-01 3.203328665811873144e-01 1.659368516894023093e-01
3.346020373778141321e-01 7.819474428574502145e-01 3.003104124298816568e-02 6.133712221515941199e-01 6.109917671701349251e-01
3.600380419078718086e-01 9.447444657566593795e-01 4.033571616280110517e-01 6.619873610132160913e-01 6.852074196877087076e-01
8.714973064343060072e-01 6.045605081612193121e-01 3.554719657485756468e-01 2.378935917489505281e-01 4.805887770357407662e-01
7.124672708062081972e-01 4.451167052840003802e-01 3.495617714228738127e-01 9.088965330971124912e-01 6.536357495761800918e-01
8.740979915859427019e-01 3.454853779113226109e-01 9.498291208069492564e-01 7.710255417522599020e-01 9.683887697296128527e-01
9.236069123697270289e-01 9.759822805980913341e-01 5.588051012557487818e-01 3.039849688987190657e-01 2.658498944628417959e-01
2.717705407758277403e-01 7.634717311622229996e-02 3.474404915425308715e-01 1.524290596614994442e-01 9.578319910608913412e-01
4.368933629055463674e-01 8.251175536281181166e-01 2.219972468941926458e-01 8.376846470578871440e-01 2.124644439047104205e-01
3.639118035774354665e-01 5.791083246073450708e-01 2.623457524955619125e-01 1.407603858820927201e-02 3.815305812159195398e-01
9.053691504500560594e-02 4.949057821807245627e-02 2.178611819321729648e-01 3.812200746736613688e-01 7.649061492683384422e-02
3.114318233796256052e-01 1.089128511710633074e-01 6.510165677243443527e-01 5.134111349483673203e-01 1.947493579920193119e-01
5.300269374770358866e-01 2.284481908357037794e-01 1.682189680927055342e-01 2.954887409667479314e-01 9.428367029154451906e-01
9.026821882889116688e-01 7.524717975444944473e-01 1.947630363491346106e-01 9.094784751124919131e-01 1.801756399105753914e-01
8.617506381023625206e-01 8.112146580382845196e-01 2.033770595598554110e-01 4.891367250819013135e-01 4.079056124824107510e-01
2.939297145301653646e-01 1.306900497580933962e-01 4.022111418251584913e-01 5.232136451228781571e-01 5.474346040370859923e-01
6.914481556291403042e-01 5.109255853752086018e-01 1.135793079738355305e-01 4.702821052159287252e-01 4.495843488775520536e-01
7.231138918442464592e-01 2.124923866625763047e-01 8.724400016510456268e-01 9.906662244711628151e-02 6.911022412447243024e-02
4.174271739668048431e-01 3.268301756928457813e-01 1.956529134535019976e-01 5.337023846568456076e-01 6.940949335572498269e-01
7.536845779371253995e-01 2.565333464391900131e-01 5.099752367821048793e-01 9.813947278665915430e-01 2.776092443670608034e-03
9.801206960125916634e-01 6.731483206781501138e-01 5.211207508204539485e-01 5.890003376666258506e-01 6.719636825231023458e-03
5.982324269125924854e-01 4.285078317258772529e-04 8.093542892854289628e-01 8.964979746605261646e-02 1.582520312374970928e-01
9.740199174004109395e-01 6.661343778638817437e-01 1.970422592483835889e-01 5.226525532767661852e-01 1.849397197655694436e-01
4.217278809517412963e-01 5.193119425951148171e-01 8.265500604565101384e-04 2.438955300928989933e-01 6.735305170320788903e-01
9.590033316191609591e-01 5.817254141667347334e-01 6.560109864941024993e-01 2.245720303560460041e-01 6.277102023328384739e-02
5.631720067300778343e-01 6.031857431315714724e-01 9.007540643880203035e-01 3.753408698481008887e-02 9.873280741504240066e-01
8.805122037485402231e-01 4.140456623643762324e-02 4.623710074496234501e-02 7.211578369421232093e-01 4.894003074230124373e-02
5.546950405824853103e-01 5.048715834652084400e-02 4.908549218626612198e-02 6.558214602611057709e-01 2.429849651559220503e-01
3.875736501919180288e-02 9.043474715984743950e-01 7.825710753793397867e-01 5.657117037912728907e-01 7.793692495692070565e-01
2.468283623291394058e-01 7.157955608490327304e-01 7.304531702958242390e-01 9.404576973924545502e-01 4.218528530458370840e-01
3.059319240362112780e-01 1.406945783837425523e-01 7.327610662540855468e-01 7.289468809295596152e-02 8.972166853569479850e-01
5.662787920335090597e-01 4.054230468297942425e-01 8.319510135553757069e-01 8.911730540872617734e-01 2.636162084314730425e-02
