4.053603392419599105e-01 1.839954226359206135e-01 1.759080339703453788e-01 8.011819988141085647e-01 4.916017095141557158e-01
9.523746651529816365e-01 9.405656143339969910e-01 9.111769340447503085e-01 5.353076476017893937e-01 2.866327413836268212e-01
3.310880178576314226e-01 3.506237454089956573e-01 6.064442912228202864e-01 7.551419221907145207e-01 5.810123818777124249e-01
1.781366643159252305e-01 5.001239871406393256e-02 6.685716064593841823e-01 2.494596452931310271e-01 9.566239180278063303e-01
9.636484847180130098e-01 8.459977788767937268e-01 1.077661062079822152e-01 8.564810315101946125e-01 2.058416262970755861e-01
3.274672322786437162e-01 1.999195100088509980e-01 5.752866526283773041e-02 9.653424208584530097e-01 5.079819166094721172e-01
7.112741899589389849e-01 4.465092362450383545e-01 9.043986477021033199e-01 2.117369078358077861e-01 5.884004157399149726e-01
5.571721967277080134e-01 5.857683935738402514e-01 3.045686396150981690e-01 8.646282339066895251e-01 4.821486561609620303e-01
7.574857023986980575e-02 1.091356946660780869e-01 8.970314892588426847e-01 4.858244454840761062e-01 7.579743302657915294e-02
3.326959054049745124e-01 7.103127998552343225e-01 6.285899947413106092e-01 4.086856560449613207e-01 7.275552513213228156e-01
5.920084544305243002e-01 8.825074076399549439e-01 2.860157501523927781e-01 9.534294162268874828e-01 7.803299916959348659e-01
8.536293949671381887e-01 4.639058298622013021e-01 2.170376316354194479e-02 4.625201639516001162e-01 6.128178106379974510e-01
1.120236962095633171e-02 8.493835270888424605e-01 8.681710907176207748e-01 6.605030880714448660e-01 1.272955889009705910e-01
7.418328121099858619e-01 6.738144816115193558e-01 6.651077151680004906e-01 4.110879290411222353e-01 5.020209681512423083e-01
7.894952622950168752e-01 3.484896487998556669e-02 3.332323270104002866e-01 6.792660615592016615e-02 6.982914861650847405e-01
5.117618162705768192e-01 4.839386980258013615e-01 9.468488684719646997e-01 7.796839732860072480e-01 6.807981840403009022e-01
6.121964589016085645e-01 7.162976572889793170e-01 3.228556887699632894e-01 6.587899002174000262e-01 7.010762809530669548e-01
2.275998375703223164e-01 7.763624031010519788e-01 2.810510583753748071e-01 7.099640964093453244e-01 1.986355146437267516e-01
3.327565543791373148e-01 4.168585176067560738e-01 2.906733014926147218e-01 3.092902823813913349e-01 4.182629917700143585e-01
8.983643996878151183e-01 2.762456621652384925e-01 6.190690167512299391e-01 8.297340869196304647e-01 2.511406587593429940e-01
4.314339228090507961e-01 9.557879263118701507e-01 5.326036158862808012e-01 1.403094464356754445e-01 6.711143317458319046e-01
4.589896835818038090e-01 3.106996541813575874e-01 4.994856425079184925e-01 3.647499447363288239e-01 9.664177526560614462e-01
5.753422557375484914e-01 9.798965456168978738e-01 8.627891317994562659e-02 1.924973455048591964e-01 3.429159879971384051e-01
1.678577757021190164e-01 3.135918496350588169e-01 9.971010725780121708e-01 7.644334819966513983e-02 7.652681161242801400e-01
9.168559995052446565e-01 4.781858622575863027e-02 7.485500452021354167e-01 7.000904985018808757e-01 5.440596041848085873e-01
3.307387425547581028e-02 5.478723514607471978e-01 5.389587223183990305e-01 6.473241347237612686e-02 3.066549919621961440e-01
9.537147516638652123e-01 4.041527921790091238e-01 8.251154015818477072e-01 5.684559358527178086e-01 7.868230839464340765e-02
2.114313622265717729e-01 3.018938768930653493e-01 3.869929019315035967e-01 6.935354729286243858e-01 3.844135301534780114e-01
3.993013496357167291e-03 9.047555886097835565e-01 2.640544108121393174e-01 1.608409822726214466e-01 7.256608374254618354e-01
9.158939782207314861e-01 4.559990497951348365e-01 7.256622495982255616e-01 3.373815777554199924e-01 1.531618208749813137e-01
9.438014281511765136e-01 3.652789625603355406e-01 7.163736631910965214e-01 8.465116807994221837e-02 9.024151296426072832e-01
8.379533355508665959e-01 9.672370841266260122e-01 9.896314642543265760e-01 7.533087576231963789e-01 3.085287653059928248e-01
7.173476717513616041e-02 3.665520894002805008e-02 7.984272433269192781e-01 4.829921362444811184e-02 4.880779971381148385e-01
4.750120601826116618e-01 1.009347234475915789e-01 5.780347236646806719e-01 8.649401347385407002e-01 7.716558949511677090e-01
5.967777339899931199e-01 8.500938816460728020e-01 8.049322831954615065e-01 2.534022535576602175e-01 1.241934473913272052e-01
1.415630650576191751e-01 2.679022261220423973e-01 5.662102756760311051e-01 1.353359915883961540e-01 5.859890533245980526e-01
7.204060896159447669e-02 2.081419676018421150e-01 2.091223612087841355e-01 8.907940017556772450e-01 4.626773292694629225e-01
4.804080695014459890e-01 3.600695752033589159e-03 8.366870216041699670e-01 3.312190126419309877e-01 2.833881462983646182e-01
7.617347286233252524e-01 6.986066775480194169e-01 8.881450899373030117e-01 3.996478470793648485e-01 5.831571569154528900e-01
7.040242944940380276e-01 9.930167959650693099e-01 6.887116321275587039e-01 3.303014507323163151e-01 8.126695013860874006e-01
9.412229204404688465e-01 3.198010909390194279e-01 4.792725313524138775e-01 5.774055872646688403e-02 2.116307663268688355e-01
2.928832098480369517e-01 5.526995414908766335e-01 8.348683423703150419e-01 7.916774668747152965e-01 1.099635297828506220e-01
1.332898501732970864e-02 3.185912347577126713e-01 9.274540243341712342e-01 3.173568407491892396e-01 8.224764415069962809e-02
3.321805047287512691e-01 6.711849880733239404e-01 5.011233069274949603e-01 7.501514740147217086e-01 1.567002076658077225e-01
9.019508268239508908e-01 3.652282845579348791e-01 4.154075146772611138e-01 9.778851797587787553e-01 5.381676900843175293e-01
7.026626708892705908e-01 9.754027152273093693e-01 6.273800576789351213e-01 6.521053076293622519e-01 1.110598946506063944e-01
6.184968194152751231e-01 2.593375692879069661e-01 8.130819372067538131e-01 4.576823449293354606e-02 2.581901172941771794e-01
5.575115345233975228e-01 9.276738493599896440e-01 8.718908240363500983e-01 2.713853334123661476e-02 8.256450787720215345e-01
9.620650062295921234e-01 3.395203824009314086e-01 4.572324442084453322e-01 4.751513758889615024e-01 4.026754384142294807e-02
3.785447335748942654e-01 8.655247168342884434e-01 8.620195249402492488e-01 4.519422363609766347e-01 1.007588049245549122e-01
6.577402980847096847e-01 3.960085712412164671e-02 6.227349686212890756e-01 7.107244983471411315e-01 3.038661887714356746e-01
5.284936313500300242e-01 9.049477571305120094e-01 4.528039535160193196e-01 4.803365247601586452e-01 8.569851044744188906e-01
7.917422857216516174e-02 1.037560044421360628e-01 1.845205743260310838e-01 7.708731948521974076e-02 5.841521195738320626e-01
4.721597142233990851e-02 7.144318345595357389e-01 1.158917874801490555e-01 8.654390766444214345e-01 8.331859604621790760e-01
4.001812685279800830e-01 7.856796446247817922e-01 8.723975300279992462e-01 8.746277596062690396e-02 4.411137903274807703e-01
1.110372025191042056e-03 9.509474527111678732e-01 2.384796211362525398e-01 5.831414286645025813e-01 6.292354095640482203e-01
1.851782238693557847e-01 2.220839534045723207e-01 9.034175041937362316e-01 9.436769144694198141e-01 2.542012089157588139e-01
2.650008816397741995e-02 5.461154436071623541e-01 3.818788378277184759e-01 4.885300708430011518e-01 1.494105052219482088e-01
8.374590817074395455e-01 7.628117660642037556e-01 1.034559240579786543e-01 1.551021538174991443e-01 7.091683574853958616e-01
3.475949149179597963e-01 2.873483937193338500e-01 3.035297648451197317e-01 9.761977781583652813e-02 3.532037856887185745e-01
5.286714818585592779e-01 7.858113745779512493e-01 4.250871499208296322e-01 4.039733095042024047e-01 7.318969102357253398e-01
8.073983773192999758e-01 8.486818906436136567e-01 8.005735231202836255e-01 3.600039610267420365e-01 6.867893313056678828e-01
4.526707890409220614e-01 2.808750398370996049e-02 4.363043144915845772e-01 5.314453932633101951e-01 3.307988072347974873e-01
6.758767367250340108e-01 1.582503731208473319e-02 9.522027411477547165e-01 8.965470227973466599e-01 1.968343374499434972e-01
4.311251422155750745e-01 2.470958271741940937e-01 8.607263696574602996e-01 6.594303909329773949e-01 4.112842626904811283e-03
3.165007642205186489e-01 3.524755226506263162e-01 8.804367482854673632e-01 4.821990701257110601e-01 7.157204202009325167e-01
4.407172785212605248e-01 7.045449546549537034e-01 2.636980435447217053e-01 5.651646794944897856e-02 1.735445561992997598e-01
6.563566921836455625e-01 9.157421630150014424e-01 2.778984517611582383e-01 8.639140471201446347e-01 1.869464755118037669e-01
6.838028575625985095e-01 1.740826587164070460e-01 4.069122911914562213e-01 4.268333854378947301e-01 2.539854306957126662e-01
6.863504545595500161e-02 1.507821021431668962e-01 8.081639892972837247e-01 8.514886675097734781e-01 1.707699258101248452e-01
5.171696797914572263e-01 9.170354020796342986e-01 6.603989571540050951e-01 1.394838029773359800e-02 5.736626409277932881e-01
5.140008530198924008e-01 6.685137649132388837e-02 4.542628996196448332e-01 1.642236804920056414e-01 2.345782192676763023e-01
8.735650422333389731e-01 1.026130082860176040e-01 8.983973343991965566e-01 5.533929460851223503e-01 7.347633348486526383e-01
1.117518250305244987e-01 5.613080116564244104e-01 9.435623686365621765e-01 1.690061287076538576e-01 5.271749431309625811e-01
2.874175638723660553e-01 8.343593822098137602e-01 1.960453804851636228e-02 7.412916592046755460e-01 3.768047804709251380e-02
7.411091581473159273e-01 1.441087958638076483e-02 8.092353297947239010e-01 6.480338091794690669e-02 4.155328174706988120e-01
6.881463672106004070e-01 7.935081356352748916e-01 9.992178288712574297e-01 3.397102864550693990e-01 7.565602063300448377e-01
4.002184599972604673e-01 5.308542268717689749e-01 2.112368319489622559e-01 1.060891300008099947e-01 3.556046168041075983e-01
5.119363856553282854e-01 7.025976279323945528e-01 9.335638258769044517e-01 5.969831285333297988e-01 2.404946616460168496e-02
4.389159663443628068e-01 7.319812381923301858e-01 9.162373174937810116e-02 1.609438068913590092e-01 9.929949756927393123e-01
3.468101338536576650e-01 3.328539697052116386e-01 6.357003123278975876e-01 5.637993789035095071e-01 3.555725111059042653e-01
6.081357974889389784e-01 7.784610548668888796e-01 6.511157285178591492e-01 4.826980365278181750e-01 1.955628394965870376e-01
8.544987219056815464e-01 5.101958538725709369e-01 8.854611197903567987e-01 8.309926105479350511e-01 4.299162886818712614e-01
4.163172266367372032e-01 1.109196434845083346e-02 6.063779146413332821e-01 3.428341214266757975e-01 8.414110295148605756e-01
7.016864564179635666e-01 7.232511680156641365e-01 7.056029411312223498e-01 1.931681176325741323e-01 1.477767976639224878e-01
5.136966969690783813e-01 4.461547968365285888e-01 4.152206756091902928e-02 9.322641886700212543e-01 5.614103867168166451e-01
9.007838673856989331e-01 7.913120848644267236e-01 8.925685274413301951e-01 9.141133678914085126e-01 7.354085580093838725e-01
2.002975536323183814e-01 3.284867725218370005e-01 7.154557392597821197e-01 9.968963799838619355e-01 2.640964032572746811e-01
3.338960730016092837e-01 4.859336254186552573e-01 5.065700152683493274e-01 2.858144644728841666e-01 4.517934159296610463e-02
8.137221571727960567e-01 1.027754142557080197e-02 6.043351270075660864e-01 6.092772806991533230e-01 5.221575347245293042e-01
4.847548011665553380e-01 2.389192084436905228e-01 7.024371953188249806e-01 5.526093697785272596e-01 5.745762765174526887e-01
6.235886285363788639e-01 1.956389716824936675e-01 5.155608497413511904e-01 5.067536016644631491e-01 6.526227726305222632e-02
6.622836420239412991e-01 6.052759397795602903e-01 2.029283199626015222e-01 3.027988861242969509e-02 8.224165319803218299e-01
2.294843239553432390e-01 6.483298378569005704e-01 9.359497549610225064e-01 8.349613562343252138e-01 3.552258998373367671e-01
8.326019164184664811e-01 2.594163156622486532e-02 3.318110398903940661e-01 8.665847052865527367e-02 2.765913769002321665e-01
9.936682441930376752e-01 3.192376446324119987e-01 7.421474049447474020e-01 1.118239424429978701e-01 2.148402367373263289e-01
9.420908425960514698e-01 1.811608132575215357e-01 2.441823141091666871e-01 4.151998389146792645e-01 1.960210637055352922e-01
2.215017834627998061e-01 4.375379818597662229e-01 7.220737259733494007e-01 6.433221186762210220e-01 7.839051911951834262e-01
3.057240712796313042e-01 6.877066673224078164e-01 1.466462532997168111e-01 9.715147269125773422e-01 3.676541036098619486e-01
8.506053597479455997e-01 5.450174263471383451e-01 5.188047863377587277e-02 4.938833408871787789e-01 8.601753456753216120e-01
