5.016029859752805242e-01 3.775285265435103232e-01 3.307602607844224440e-01 1.069966390807707279e-01 2.269518577457314557e-01
4.693778839900153432e-01 4.633392424535158760e-01 9.336567766107972677e-01 6.207741723575486148e-01 1.225257222042752669e-01
9.287662974175753261e-01 2.922627772345496311e-01 8.237265977301593267e-01 7.018574813865858797e-01 3.390741430415331603e-01
5.515516647195166655e-01 6.754185028338657304e-01 2.703302472693835945e-02 9.103704900375212405e-01 8.362419723686643769e-01
6.395190506876180514e-01 9.433792679655579327e-01 4.390988042086563237e-02 9.013885996282443580e-01 6.920406466131902024e-01
1.964554398194716667e-01 5.884347248681195408e-01 9.696455731233849518e-01 2.462214057616239904e-01 7.638031954077528773e-03
1.851128341975114555e-01 1.759319128997731685e-01 7.701508334906246311e-01 6.460692054212722191e-01 4.364100084531259416e-01
1.879732996879005524e-01 3.329204073338867254e-01 6.684300514548746630e-01 6.616135509321453556e-01 1.686938087286860011e-01
3.321543198663742258e-01 1.309287343421062788e-01 3.062009087375332506e-01 1.085496244176313851e-01 5.044176093903761648e-01
8.610203245667199523e-01 6.908133852936948482e-01 5.273726777743925620e-01 4.370281968661660077e-01 7.450547147263998360e-01
3.661642292303453061e-01 1.500247035224466785e-01 8.608205745498419548e-01 5.479246400344383039e-01 4.473587052425176402e-03
8.877242715659243721e-01 4.820876023112700137e-01 1.806434262523161083e-01 2.539270746092382458e-01 1.691087783783699061e-01
3.107766914272311887e-01 6.303207369693561990e-01 7.456394625104387774e-01 4.698136029878881015e-01 1.851907832715339319e-01
9.893760892657249562e-01 7.263213091732281246e-01 2.171220247719385377e-01 8.152309525781172850e-01 9.767380693456482188e-01
1.957774518093702287e-02 9.753100604990865286e-01 6.197234997023260972e-01 1.444020860114761939e-01 9.150501976345700728e-01
9.381537891927446138e-01 3.380103470228255080e-01 7.739337981217833118e-01 6.471060186751985688e-01 2.122884722892209863e-01
3.282881144128100281e-01 3.235638737291576250e-01 5.744222894509154465e-01 5.588991366299680408e-01 8.026131787049650690e-02
8.484256651549783035e-01 2.572150506657555624e-01 6.165713408217031732e-01 9.635521473990503738e-01 1.697524656528720532e-01
4.297071506535360408e-01 2.325116168734120414e-02 2.566518634814862754e-02 5.950834931740625056e-01 1.118028487217125333e-01
1.769629602223854459e-01 1.214146251363024120e-01 9.888681877949924148e-01 6.728807439571277138e-01 3.580234421967599667e-01
7.831827898255110387e-01 2.833799769222518083e-01 8.145984531536776263e-01 3.125798761023043104e-01 2.701042264527349079e-01
9.382006386341998905e-01 3.217265356253730113e-01 5.421793859994453735e-01 9.459798058751369698e-01 6.177578325797161707e-01
9.780323788433138432e-01 6.757192542945331670e-01 6.384371340777037496e-01 4.692063359546536638e-01 9.705061514614128360e-01
8.290698599256736134e-01 2.131880111978898817e-01 1.321722601687512766e-01 1.144820164803208584e-01 9.310321536655634667e-01
3.331174252924099521e-01 6.915450274536216746e-03 5.181742991435412948e-01 7.122449751053311351e-01 9.954089445738198982e-01
4.556668816017378498e-01 6.458743304835099508e-01 5.178916051053380487e-01 5.990182965013084448e-01 3.036094178970005775e-02
7.840535287050606206e-01 8.110501162856842416e-01 7.990596839137420471e-01 6.484599804090505071e-01 7.510181391125893002e-01
6.196103800810002227e-01 7.191905345471838462e-01 9.193197318692903908e-01 8.853232830095226769e-01 8.255482300457818168e-01
6.888383496572636489e-01 8.914240815701881537e-01 7.236458947901345251e-01 7.485186659291553912e-01 8.166222610439486385e-01
6.033403803691063105e-01 7.127532238990119673e-02 6.470750218884885330e-01 5.231418915664620695e-01 9.280040736456726114e-01
3.742671870912344101e-01 1.841529976077985742e-01 6.916853520630833474e-01 1.197057614107434054e-01 5.741360309303699117e-01
9.629615644471406499e-01 4.242170184299745017e-01 8.391190190774935331e-01 9.850752813365770688e-01 3.238958402924476676e-01
6.200422027724528107e-05 8.891974973228149448e-01 6.688752332226632902e-02 1.824415749824849220e-01 7.198451661463363127e-01
3.401731362606781328e-01 3.502247761257384351e-01 3.850447556908441760e-01 3.718969509764161741e-01 8.622134791067476156e-01
4.126437962787982139e-01 6.263079877034332110e-01 8.318152746162199573e-02 4.119884349617906061e-01 5.409987896164093479e-01
6.648359808718186104e-01 5.249349113792264321e-01 4.372480385871674313e-01 3.826012985443247860e-01 6.706689773642180441e-01
3.284344148580276013e-01 8.438787856154749134e-01 1.078460353475136912e-01 3.064793011863641281e-01 7.274540444858470511e-01
6.612538175380224814e-01 6.803045708884974951e-01 1.049353074332209923e-01 2.793113647805353095e-01 2.353374556354240754e-01
7.459530177587732069e-01 5.759852796797787500e-01 8.266475628500017381e-01 5.873128831654026438e-01 6.049969441732315767e-01
2.529899420035266466e-01 4.751869534432970887e-01 8.830643844950525345e-02 3.400032996841422239e-01 7.280566658852783979e-01
5.886690979910240706e-01 3.083491222993911540e-01 7.069481245297123406e-01 6.266946202182154257e-01 3.434668692207455409e-01
9.153950983396330621e-01 1.466692813071452939e-01 2.170813902727891653e-01 4.250116195190944968e-01 7.468983576267985702e-01
2.831808281815967332e-01 9.897439318006029385e-02 3.302570953660707298e-01 2.965395342066083906e-01 4.600840183172218989e-01
1.481992369628553075e-01 9.521452570834032514e-01 5.466998288311711862e-01 8.007741775615517810e-01 9.173950693370765963e-01
8.945886688490523042e-01 5.617906157876505491e-01 1.248323652127389938e-01 9.640727554488525142e-01 6.432601787715221953e-01
5.614878517635151223e-01 4.966085094885446249e-01 8.412684532885724709e-01 4.313277115356998204e-01 4.235369654730282152e-01
3.007798541318115193e-01 7.569962536975862744e-01 8.556021876018093941e-02 8.861244724792650684e-01 8.095472320303697122e-01
2.320503156428377345e-02 3.355703312691997731e-01 9.814469731460426782e-01 2.939082019072236651e-02 9.113552512817701956e-01
3.658260633043924903e-01 4.163436406132727807e-01 9.583059642797316924e-01 9.770999724686572074e-01 6.054420534725823977e-03
1.134537616328272769e-01 1.846177003179017007e-02 2.937439678266400289e-01 4.629982335919204939e-01 8.822420596981368490e-01
6.801522974803193566e-01 2.449120968912144036e-03 7.114355111062156123e-01 1.178466843839449663e-01 1.919834596988287956e-01
2.743704633175678698e-01 4.136967090602103880e-01 9.248661012882597454e-02 8.472668354842931571e-01 5.606801526341336217e-01
8.342251549790105081e-01 6.220812128943006281e-01 7.497659294669878349e-02 7.488469043217365062e-01 9.450264111300443748e-02
2.689618072953529060e-01 3.146381580697532598e-01 1.977776616583000191e-01 3.517789467011408489e-01 3.445606396995166687e-01
2.465490637139267083e-01 8.086322915756183338e-02 4.189703705922560584e-01 9.134863361385006097e-01 6.651666894206236247e-01
7.538089300004555682e-01 5.696028002386631650e-01 4.588566247256031794e-02 2.149280610726923557e-01 5.763565784140143311e-01
9.261537145545948313e-01 5.478842924034597051e-01 6.305201483818584363e-01 3.924260007974320619e-01 2.953754497179374994e-01
2.750219824554377412e-01 4.345820044563752926e-02 9.378552532048045620e-02 2.295293453363622671e-01 8.610726107407717933e-02
7.709450978520717701e-01 4.260613408874673880e-01 9.197061906290153743e-01 8.215445099427994835e-01 2.324023841538683799e-01
6.799635053022300424e-01 4.816329349085646250e-02 2.689367082911986451e-02 6.292019505799478774e-01 2.442136291890617539e-01
7.264601472792466819e-01 8.849963541244734166e-01 7.938329696003220137e-01 3.466229420605152489e-01 9.465079909487602583e-01
4.996961212104752414e-01 5.318819236049713295e-01 2.638491975684941204e-01 7.877064500568662364e-01 8.166568621477973133e-01
4.443948968693678392e-01 2.453805831202471310e-03 9.365342329956896084e-01 5.838758022156350647e-01 8.873472179264308979e-01
4.389334317051962753e-02 9.358828061357784556e-01 6.943205627151608494e-01 2.242274921352880312e-01 1.329375787266687814e-01
5.998750338824165862e-02 5.836104023523042139e-01 9.539961209145274568e-01 1.260447893758991356e-01 8.342947337144741571e-01
8.160485820763123677e-01 1.627471232710697713e-01 3.484828421970280754e-01 2.076482331683346949e-01 8.869673650180859292e-01
5.052320322409830089e-01 2.050814418178208420e-01 4.115377519521278282e-01 1.421490481496108238e-01 7.988540766393750214e-01
6.944727567553633518e-01 3.056588423059394266e-01 9.342739737015985924e-01 2.822631127156103314e-01 4.051142314558227042e-01
7.071611868372204013e-01 2.199470798081806233e-01 4.738359093299845393e-01 7.002399961704468545e-01 1.704675418186407665e-02
1.665405546492981781e-02 2.295440944043729559e-01 5.080459260237032426e-01 5.054130621595859241e-01 6.280453076225888109e-01
3.897682505056798696e-01 4.174305300747925829e-01 8.041272329955149178e-01 2.184816117329820839e-01 2.386312596044644074e-01
8.815781506246854748e-01 2.999026572456215955e-01 9.673801798610219826e-01 6.031186352327133626e-03 9.371975283112187194e-01
7.397036462430403025e-01 5.766519151553765044e-01 1.700800939193819472e-01 9.402080317518732855e-01 2.769638288140690019e-01
3.185096868664830660e-01 9.882475233959610028e-01 1.853224410833299585e-01 3.222136024949747712e-01 4.965048600257901956e-01
2.225963759604273617e-01 1.990192349530990334e-01 7.217267125832176333e-01 5.681280165673938676e-01 7.977366813024078240e-03
1.043744466934256598e-01 4.113858521642304034e-01 8.722072053863062502e-01 8.149467040822188091e-01 4.060508669674739446e-01
4.843270675283896098e-01 8.645159021641303232e-01 3.280406850749870706e-01 6.911883327610379713e-01 8.959050880023216035e-01
1.451428382678184859e-01 4.561136929582138011e-01 7.181927566238117677e-01 6.054070725664940644e-01 2.665883618360461726e-01
2.901524734809836081e-01 6.830517732603784697e-01 4.061684057593706321e-01 4.773797859684287825e-01 8.840039339207949043e-01
2.011794697579141200e-01 7.687520755730197219e-01 2.027889765396384547e-02 3.975234819445825352e-01 7.866570274976693034e-01
2.865671691552632572e-01 9.340628918168064621e-01 3.821104315845802457e-01 9.310936917778256383e-01 2.702875479443492823e-01
3.431201589195309598e-01 1.676309008110947740e-01 4.424978892889002147e-01 2.514977860780376329e-01 5.060265439738802495e-01
6.079481001286445307e-01 8.936023727047686105e-01 2.998203448193337284e-01 6.985821657832196330e-01 7.514415958823160713e-01
8.682076995238507955e-01 1.155834304726913730e-01 6.079280659644192841e-02 6.975695662041493383e-01 1.785312989041866194e-01
8.844944350433634472e-01 5.867333941323276125e-01 1.075695947185586476e-01 4.517241700626717371e-02 3.655179951839399033e-01
8.260196558640731102e-02 5.515355165628663681e-01 7.752741520343219284e-01 2.842973662026827553e-01 7.844105464808642791e-01
3.983411034578416832e-01 1.426359863231509983e-01 8.270527922057553383e-01 8.758860706231619275e-01 1.648982936592049420e-01
4.102919247236180844e-02 7.195097547898077206e-01 7.787869734375579833e-01 3.938715929350312672e-01 7.194364222596142389e-01
4.535608327376674520e-01 8.980267402088299988e-01 2.887272309434714135e-01 6.046911561536753021e-01 1.977637976376948048e-01
9.811142596735565879e-01 2.220261702795723879e-01 6.461321904157280027e-01 4.847792700771796914e-01 3.030125677626492875e-01
7.019601991368102922e-01 2.746238596340571103e-01 8.111954602640908396e-01 1.175512803239996407e-01 9.774598654147386156e-01
4.869446147087439503e-01 4.181157949867523316e-01 5.196277420605934783e-01 9.109008207277893288e-01 2.140720611981299371e-01
8.973614890554859613e-02 6.679632772896930692e-01 4.780106476221833711e-01 9.994648042701251844e-01 9.229704663076945259e-01
5.194416607903517002e-01 1.720601432089794436e-01 2.167817319821629951e-02 5.219253598499566937e-01 7.292358673613530406e-02
5.549369491305622404e-01 8.944175937068945537e-01 4.226348912959402293e-01 3.539555178920350542e-03 5.840543538532196877e-01
9.455067159997332382e-01 2.859763568688885593e-01 5.646867184263020256e-01 4.801398589842618136e-01 6.964554447231771084e-01
7.885500726779048897e-01 8.050722448598318648e-01 5.724673182635184876e-01 2.374872204194670156e-01 7.469394934998768720e-01
3.769926864571334635e-01 9.588883011998019512e-01 2.232628452548454101e-01 8.952312543771503428e-01 9.814974558884914657e-02
3.911006798004967866e-02 2.024165322493090002e-01 4.815439671225745233e-01 9.554353078194642857e-01 9.627510862507497880e-01
2.090595471942902073e-02 9.697120239941829922e-01 1.092798969342111404e-01 1.295918924709411613e-01 9.131052537217724252e-01
