7.236616405303176736e-01 2.250593976719399425e-01 7.736112779089147073e-01 9.579969174544231691e-01 2.860908169353404418e-01
5.541144078992726874e-01 6.935658646280614681e-01 2.684118994277948644e-01 1.945701780119768465e-01 8.392323147893203661e-01
3.731808968099028512e-01 9.730086191530004092e-01 2.772384115986437081e-02 8.632072125771469429e-01 6.104653702529629911e-01
9.329849973158979015e-01 8.504918701982919771e-01 9.815430334349702912e-01 9.248233531460100521e-01 4.326664491071081642e-01
3.837005310643084588e-01 7.630627910891050192e-01 5.683239407443221314e-01 3.387451148289092329e-01 5.077486446278108856e-01
2.663769902703849723e-01 5.543624382231038261e-02 4.001781356483402607e-02 8.791209390595563500e-01 3.845439863057077412e-01
7.620557348414640497e-01 6.486771300418184838e-01 5.854865955608643535e-01 5.946833251517389396e-01 5.772101850506611287e-01
4.792689000579367642e-01 5.685151557363021801e-02 2.386694226299090893e-02 8.148972130775055112e-01 1.007136191287938409e-01
6.874032519090824689e-01 2.644499020922719268e-02 9.798144177107160901e-01 8.556157713995250491e-01 4.268833192119958486e-01
4.246543148689803093e-01 7.458766439670934112e-01 6.546789639245222947e-01 1.518617183055427367e-01 7.874412775650877494e-01
3.797959026013905115e-01 3.980325965689811563e-01 1.929751900037832701e-01 4.010248260661384290e-01 3.422259344927789382e-01
1.295910279682873645e-01 9.566368492861390127e-01 5.761800855154212142e-01 7.203680469982900458e-01 5.816734954858552298e-01
3.402390375994840399e-01 4.061131449807889870e-01 2.617097033878124090e-02 4.848364055793035199e-01 5.565857536270024664e-01
5.668860286502649393e-01 1.898437478764243291e-01 3.676397543735081541e-01 4.673112551659260872e-01 6.676179660534697913e-01
2.013657629800776894e-01 3.388307862749340149e-01 7.729223483130092109e-01 8.282354876611193184e-01 3.319938503096980797e-01
5.494087038549916313e-01 1.106985859490183799e-02 1.319894625626113482e-01 4.534543583192106597e-01 7.680949765659877970e-01
8.612693010938486937e-01 8.892103194897250651e-01 3.951406965417750827e-01 1.543972773530162268e-01 5.938243607107680511e-01
8.820859849114804918e-01 2.607555212526049271e-01 4.867371058553717766e-01 2.802950191062222318e-01 9.577343507189109983e-01
2.423476444984841160e-01 4.297430221849388721e-01 6.229443479083603963e-01 3.176953086394247450e-01 4.158636282285750330e-01
1.579754303410035865e-01 6.549611157622282631e-01 5.637142709459102008e-01 9.877410989997933433e-01 5.973620854499928079e-01
5.614856317082584924e-01 7.341449649378168907e-01 1.142976816025474962e-01 2.823090179090104179e-02 1.877512224529724882e-01
5.749340890013832084e-02 2.541651615579028078e-01 8.694441850084406731e-01 7.798990867874552313e-01 3.102688978552510246e-01
2.090467079695950137e-01 2.712149405849734185e-01 6.619172697701477537e-01 8.607895001437571025e-02 1.270765657442617380e-01
6.746288396197134274e-01 6.861927525832731689e-01 7.012182650184347610e-01 4.386063550637478992e-01 6.913070828353042874e-01
2.794781433083081135e-01 3.433271353112089530e-01 9.431237793193451013e-01 1.192571317147245180e-01 8.880435109758394452e-01
3.793638314649638854e-02 6.161154815721875400e-01 5.726240821394958935e-01 8.688499257976101120e-04 9.888381909165366856e-02
3.739840864634624840e-02 9.139690701989133803e-02 4.731299366712659049e-01 9.370945132228434282e-01 3.647816406360639974e-01
5.586854797621655377e-01 9.812462991661459188e-01 7.450287953703099708e-01 5.047278561116776974e-01 9.559264486396152893e-01
1.993054902563623498e-01 4.536736441060066349e-01 6.886729063585415034e-01 9.033592666557421769e-01 8.395127731264979687e-01
9.961865914293968061e-01 6.880726696562172728e-01 1.782824784622041303e-01 7.995658969443680819e-01 5.919282106135314026e-01
6.385770701448761910e-01 9.251563506352433741e-02 3.098602859512413765e-01 5.779522413063132857e-01 7.393960673337185430e-02
8.417938668125974910e-01 1.806134738443483378e-01 6.107316250538535884e-01 3.307831286046808428e-01 8.549761484702526060e-01
8.749210237842189875e-01 4.238705562326525733e-01 2.583723793229297794e-01 7.997465294301507877e-01 9.983320813514553471e-01
2.027754381991044852e-01 4.537418077139462325e-01 6.912154053265369136e-01 8.876788910388851983e-01 6.571946534198972456e-01
4.720396453244821711e-01 4.763342791528679676e-02 6.174257966674301379e-01 5.519249265460336451e-01 4.418346168074406277e-01
4.292770346709727791e-01 7.271972873011514071e-01 3.674907059649135110e-02 7.257231352988514628e-01 9.472859355429524841e-01
6.402069661534278699e-01 7.107380922297846793e-01 7.418528576966885169e-01 3.767356462442055243e-01 4.185064867178078796e-01
2.461762606636941353e-02 9.753599054194774798e-01 2.056117933994312530e-01 2.823226601539863267e-02 4.070841657092216792e-01
9.753065055895809854e-01 2.770249554183101814e-01 2.173692625065009043e-01 2.976524655973799005e-01 2.101167187668997460e-01
3.368433455498430762e-01 4.457293954076100295e-01 8.809800692600577854e-01 4.863340322368532309e-01 1.279522777610350159e-01
5.906479089932964444e-01 1.745585988055500248e-01 1.050211960937951217e-01 2.790976456775159376e-01 7.636930640530215086e-02
9.206705689730757536e-01 7.482416868415453504e-01 2.941506836947892500e-01 5.164854829952237880e-01 6.616267104347572925e-01
3.888800110651383646e-01 6.351956910982939908e-01 7.401410091882918429e-01 1.542971905107493047e-01 8.603053905161515136e-01
1.843442662390702980e-01 7.867321110744516233e-01 1.878735092417668229e-01 4.644048740548024634e-01 6.212368530388353571e-01
5.408744908319571554e-01 1.703793301599155763e-01 1.373887622663075847e-01 1.828041590281902495e-01 4.442685037685314420e-01
4.203277231550075488e-01 9.720546123795754667e-01 1.022315092590355690e-01 9.996745910203517216e-01 4.074784135104626559e-01
3.677797086388813197e-01 8.046601491931367756e-01 5.782622923049630659e-01 5.926195061375997275e-01 5.960229843349339474e-01
3.201810733503652751e-01 2.999702993278988705e-01 4.037446594043859749e-01 1.419772348162460229e-01 2.112680029360880507e-01
3.177306321495551034e-01 3.402824903023481395e-01 6.271691101685192837e-01 1.243360641958971557e-01 1.830661554638134403e-01
1.488179366841696494e-01 3.721178772489666109e-01 7.094962528395349910e-01 3.322221458234685398e-01 4.216197824169642949e-01
5.795509710245683177e-01 8.716493495761929999e-01 1.073367692136009133e-01 2.968863973290422065e-01 4.654998474125529029e-01
3.531021869839442440e-01 6.718297035319362731e-01 2.410605787009075796e-01 5.822075363475529564e-01 6.289289215601689964e-02
5.823165167721273683e-01 8.171651551426860616e-01 9.918024737713406758e-01 2.660898032667214919e-01 1.023962720195917830e-01
3.538868363802361028e-02 4.980632814447126799e-01 2.148140710358865668e-01 5.374436132192550453e-01 1.204356138083843009e-01
4.566754574023890179e-02 4.201624741695719756e-03 4.754752132114220542e-01 7.914060315303472759e-01 2.820090333463343146e-01
2.569064824271488634e-01 1.609415010535530932e-02 9.047728491820002938e-01 5.657487367618603269e-01 1.797758766692605370e-01
8.605048701995354765e-01 3.479106860654950228e-01 2.814092321034502575e-01 4.781851024160380659e-01 3.938244446455740899e-02
9.043589080244698319e-01 5.616042222694396235e-01 4.542282363353677965e-02 6.020428567714952717e-01 5.904585452723746242e-01
2.234423144053901966e-01 6.156942013691495408e-01 6.314412201051671225e-01 3.698787358170174677e-01 5.097547279078532556e-01
8.532189271593395574e-01 5.498279817909217382e-01 2.748434543898145010e-01 2.485645555709133925e-01 7.323966122488410058e-01
7.574382008739111161e-02 9.148669955019315125e-01 7.492770789275063903e-01 4.128424510848133222e-01 7.570261323062050796e-01
8.407495767422225041e-01 3.867839014542523435e-01 6.513143972065547072e-01 3.993915805854912904e-01 9.597136317626157043e-01
2.989033792422447489e-01 6.639138469969622092e-01 5.154541718616342250e-01 2.906336906286327570e-01 3.790777123710564744e-03
3.775307821168104594e-01 7.914838978046723206e-02 4.489748069652300666e-01 8.808294175049905528e-01 1.748802014642392155e-02
5.190902644200915406e-01 7.504339660027444792e-01 8.805091089411075655e-01 5.940369639335412177e-01 5.892994590418055845e-01
6.714351026989079374e-01 9.484620679634927498e-01 7.497648620458430280e-03 5.226761614011944390e-01 1.569995297198668593e-01
4.408686916223834018e-01 3.769036782264623131e-02 2.521502792034290286e-01 8.990399285190340262e-01 3.091766530615130959e-01
9.113786036851926342e-01 2.692430946879702525e-01 1.460447011608247969e-01 7.207528561469415118e-01 3.985732958214914801e-01
9.526404572051471176e-01 7.522364369544646268e-01 1.312819754910821146e-01 5.425822038614673826e-01 7.350091009247422535e-01
6.345426003937885140e-01 5.716243137861642953e-01 4.366138372500318887e-01 1.134532071578303603e-01 4.731457047515335024e-01
7.966957605363889083e-01 1.386734526057445960e-01 4.279072770973350037e-01 3.995502859691827391e-01 8.270169573723903378e-01
5.270400488471891354e-01 9.366107333440172322e-01 6.663591505733356124e-01 4.020232431272628970e-01 5.963179326709802108e-01
8.057698684304277492e-01 8.104444872614868789e-02 4.094176320336679886e-01 8.062156620680823726e-01 4.727040983397011731e-01
9.100642965652188110e-01 7.294454322133986368e-01 8.047665354703825713e-02 3.577042535710992510e-01 8.671194341099982550e-01
2.155139878527362329e-01 3.461177207716051862e-01 4.685010707666878993e-01 4.331935407368019408e-01 9.406526062220670337e-01
9.151678747135592040e-01 9.420205098461753579e-03 9.843792521421662611e-01 2.280862932870025839e-01 2.533164058672918717e-01
7.812986172811421381e-01 5.548960334825158158e-01 6.919376955662785988e-01 6.017135397071073921e-01 4.201247098222909981e-01
8.270418863622936989e-01 4.631782123054954958e-01 9.506149478747349946e-01 5.933427659570928991e-01 5.428267500756915886e-01
4.684037813460512067e-01 9.417365911169861548e-02 6.588770846295517458e-01 8.140982930808294826e-01 8.649340269696113026e-01
9.280734886929812300e-01 3.969646386273105731e-01 9.268062640124792306e-01 1.973214436530382754e-01 8.490021051278160424e-01
5.505489478068158471e-01 5.387409455590953522e-01 7.556207397596680364e-01 9.531890621370803229e-01 4.653759102153389726e-01
8.940869823868965449e-01 9.971810868273259798e-01 6.602554103722846346e-02 8.565301333280401774e-01 7.366705274760310118e-02
4.118514374330868311e-01 8.046898470454171282e-01 7.938865920481290583e-01 3.217572813026762235e-01 3.158507597298095826e-01
1.812439642509721116e-01 1.194027685770731040e-01 8.146639554932491034e-01 7.109102515258761690e-01 3.047979622102948705e-01
7.967909701784645637e-01 7.525776648040358729e-01 4.144305144056864565e-01 4.274240718072994660e-01 5.031584885294688725e-01
6.933841726721272636e-01 4.767554575024416375e-01 2.983537870902868150e-01 5.703703232152724789e-01 3.647081903445466011e-01
5.310548750908381521e-01 2.641519232898953407e-01 4.785854451493890549e-01 8.121841511725642615e-01 1.308427947218430143e-01
9.558012859188178556e-01 3.002061954956738443e-01 6.342420906098441558e-01 8.835497676820078805e-01 1.955594006803015317e-01
4.108752044051039443e-01 3.561460725902914071e-01 9.559919846576458990e-01 7.282435077947879698e-02 7.775408495118996122e-02
2.039694062182922929e-01 6.367391046918359221e-01 4.862317360573187308e-02 6.993322791088123491e-01 1.956912306593242556e-01
9.159611120990838184e-01 7.245224836449468686e-01 1.686817410619099178e-01 7.423215236674121087e-01 2.146894583117542332e-02
4.629099326728490782e-01 9.125048606936871920e-01 7.323150100252412420e-01 9.233627501876862098e-01 4.937547487176070504e-01
2.403881029346720544e-01 4.727133172853855703e-01 6.892259002386260658e-01 6.441741073802420559e-01 9.586150119378965551e-01
6.208265214737196391e-01 5.071684286171915801e-01 5.490005246142664053e-01 7.572464618059678854e-01 4.379613635457512144e-01
4.494916755152297272e-01 9.903573159669124548e-01 4.930454872565827040e-01 4.625379567986689366e-01 9.800388709309330038e-01
3.322608418669986685e-01 5.398331530800780653e-01 7.918090401672495116e-02 1.328795946841020426e-01 1.281591371363640652e-01
1.153367327085614846e-01 7.482387801958479967e-01 6.491910887573381084e-01 5.521507916889467626e-01 3.413084949202922491e-01
5.852614522041759137e-01 4.022168417542071328e-01 6.771649790008397174e-01 4.778770950068490508e-01 9.929908146809427461e-01
8.392410309316025163e-01 8.626295086123106914e-01 5.449744034576354812e-01 6.482808750765713945e-01 8.068251270615035553e-01
7.683643017645584994e-01 5.795396308243876415e-01 2.435723514852586868e-01 9.282149458041842882e-01 4.741850227928545713e-02
