2.370327410190893325e-01 8.254989602362458045e-01 2.051248975295653088e-01 1.902846803224041983e-01 1.454583211160548339e-01
4.829381374441871211e-01 5.390885144696510034e-01 2.778572815714289712e-01 2.222030378469778134e-01 4.807841744539792517e-01
3.025207414638452219e-01 4.886801882136223574e-01 2.031312007007738396e-01 7.290880547399245515e-01 1.808356326416563631e-01
3.942884293318980049e-01 2.793336048362944357e-01 6.884380883835350406e-01 4.223933347990704856e-02 7.199562283267041396e-01
7.982796975748833734e-01 4.000384906227854032e-01 2.921536454916467962e-01 4.637673663932712076e-01 6.459507044454154689e-01
4.549579085072360529e-01 9.572907129321159836e-01 3.803121575136613197e-01 9.252443673068493357e-01 2.868265090157865460e-01
5.541087358729879231e-01 8.505985199259371576e-01 9.305497670039989400e-01 6.454985619474118419e-02 2.847613603611482969e-01
3.142462913588361939e-02 9.808140386185276727e-01 8.406912337888414744e-01 8.829242048736226645e-01 9.854833222245107383e-02
3.422163376308586802e-01 7.523926918363988969e-01 4.088661894116768503e-01 3.422583342801924777e-01 1.035809269090889329e-01
5.961946855941594459e-01 9.280203306414825937e-01 5.839176473085990748e-01 2.693764805669736084e-01 9.113169024061625878e-01
2.927164745724329942e-01 6.133577653929760398e-01 8.892857580997653999e-01 1.057634080085244621e-01 1.686300662202413481e-01
3.628741914022225457e-01 2.072633287283456305e-01 3.067813858828850604e-01 4.047764007365771688e-01 2.888144830144827591e-01
4.720908115119646364e-01 2.822703596333466791e-01 8.978805892780344911e-01 8.351846621980111296e-01 8.897828967572326553e-01
6.588844971506833126e-01 4.858452211964530143e-01 5.995561645238201010e-02 5.316445456213110266e-01 8.707885061670497251e-01
6.675679722651706172e-03 6.777780162753715976e-01 8.407295786449331398e-01 9.331562673655202644e-03 6.619552586736840993e-01
8.010978402775025264e-01 8.477026119978054997e-01 8.114914533213010150e-01 3.760499366704765922e-01 2.044354212183960851e-01
2.679509552592352906e-01 1.445403511015703746e-01 3.937702387257638881e-01 3.984272423683722364e-01 8.477957981507093788e-01
7.282518340368583365e-01 1.353079788891614621e-01 6.107037964329380397e-01 8.253914012277929757e-02 6.303263782607544385e-01
9.019177931466878517e-01 1.249842943664958295e-01 6.766564980828068121e-01 1.998051226182626650e-01 6.295941517154766132e-01
9.117467780670512889e-01 5.720760065659094007e-01 7.532699046928235109e-01 9.731055223873937843e-01 3.970381391270415561e-01
6.900498768303786612e-03 6.752851626053575362e-01 1.407822607412698712e-01 5.701366518219973534e-01 6.562321754361811754e-01
4.413304416234643535e-01 4.604760249392454430e-01 7.601332081151256359e-01 2.622810458881330575e-01 6.645911775935209320e-01
5.405648022278143339e-01 6.735467070714863391e-01 4.858087061940753459e-01 8.329188248847008147e-02 8.026993334314848072e-01
1.665761102818644757e-01 2.626891548138318155e-01 9.200673775258205733e-01 5.369992883312244558e-01 8.542516777185965582e-01
5.449949416135869695e-01 2.000616497023911533e-01 5.721989352423250130e-01 6.290344338579063610e-01 2.033582452889077796e-01
2.410068776512810373e-01 8.726932023340460143e-01 9.299974340138319473e-01 7.601538654263185757e-01 3.121925934657505675e-01
1.802079325537446763e-01 7.281380218581207098e-01 9.201193497470980809e-01 6.250775644629585903e-01 4.547190076243532442e-01
9.597437113188508340e-01 1.597645141135961566e-01 5.187783636957036260e-01 6.926151109737271883e-01 5.233017330556072322e-01
6.155149369401863302e-01 6.491794455799179131e-01 4.030239662663985811e-01 2.528371964664910543e-01 4.699482947491164797e-01
5.091119654985193366e-01 8.945162914838937773e-01 3.689092038932820783e-01 9.402361712547940842e-01 4.795741206072497986e-01
2.619185868722554433e-01 8.336465185255669263e-01 4.869341990566581346e-01 1.880721539882693749e-01 9.365873265682395088e-01
8.758006865940937136e-01 4.591063668248090979e-01 9.762979856387435929e-01 1.448196644981237791e-01 9.769956780763947579e-01
6.051748610018478081e-01 3.518156468492432687e-01 7.791020568338336005e-02 2.580306087839768781e-01 5.803773758721927356e-01
2.879961200529401744e-02 5.445844095321659140e-01 5.236217891268107882e-01 7.981433240843438526e-03 9.571083254123429196e-01
1.495356220924127788e-01 5.260136331409233090e-01 6.807230639103891701e-01 5.105643255050895668e-02 2.298766277066117691e-01
4.118271007889138247e-01 9.797657630795956196e-01 6.382947423454951030e-01 7.285558364741634430e-01 3.170492507282455241e-01
5.080952208545012061e-01 5.767905722674862012e-01 4.763990539250683165e-01 4.582628437870942539e-01 7.694976511455665635e-01
9.725492792151454458e-01 6.416952728054204913e-01 5.831588652668679984e-01 6.507133010115150329e-01 7.057715268997218905e-01
8.743605345025591280e-01 3.127675688590937364e-01 7.753638543308026820e-01 4.263593266928337178e-01 1.887411693285537817e-01
7.166647771540740619e-01 3.697333412977606981e-01 1.587889814762432072e-01 7.237637408770640768e-01 9.440241243492069056e-01
3.469133013086489470e-01 5.329462881851240175e-01 1.244681401456876335e-01 8.256694708961372919e-01 1.310676515669880748e-01
7.065108645998408043e-01 1.230629956889697230e-01 6.636861034185229657e-01 6.401173470031229495e-01 4.924993175261357381e-01
1.332463286326764917e-01 1.884121221721720696e-01 5.956913981332629948e-01 9.907711761914239634e-02 5.713493900378558976e-01
2.963503394563231641e-01 6.221449466200552614e-01 3.083341607370604365e-02 2.417805731917692658e-01 3.397897118963968399e-01
6.604554287443620275e-02 8.834182856635277581e-01 3.996324486809323950e-01 2.938633638826380068e-01 4.844216860826033866e-01
5.843528088100781170e-01 1.617020688762282887e-02 2.283167629236221297e-01 7.879105880483857627e-01 6.969913849141223805e-01
3.282838567544813513e-01 2.735595202909401058e-01 5.844343650877159568e-03 3.512413372581895121e-01 2.895621073345709950e-01
8.616122840456819088e-02 8.149283695632916213e-01 2.656649710172330758e-01 3.163813167598482634e-01 3.845018491771499125e-01
2.624659389107952823e-01 9.367871160896892313e-01 4.132485388548745586e-01 2.066610896915058726e-01 1.898950343142191688e-01
6.437044938275016115e-03 9.886477697617046534e-01 6.117211363035179872e-02 3.402070248315173240e-01 8.353583761333575053e-01
8.995126138876997635e-01 9.991809249665976056e-01 4.193060979741657368e-01 5.820545012869605683e-01 9.254116475936358110e-01
1.001464863762314694e-01 5.663820313444174470e-01 5.279379586063975838e-01 4.418511792312435071e-01 7.152109472479362129e-01
9.104355844834766120e-01 6.934578733702710940e-01 4.634977891825255991e-01 2.787843144820045804e-01 7.977891990771650566e-01
1.397788116294400584e-01 2.231045618557360166e-01 8.062393394261291313e-02 5.013691955200783035e-02 3.805501873346549546e-01
1.553057664187345033e-01 3.549680527681510211e-01 4.233642609627441544e-01 4.361457567279164449e-01 4.264515024269136534e-01
7.551267646157280300e-01 4.163578708715757193e-01 4.246678416384797039e-02 8.178692594086831580e-01 3.009402526106907949e-02
7.378198087476814937e-01 8.133917779694821437e-01 4.723757496152947155e-02 5.356319008300374218e-01 2.279243316556227583e-01
7.022682214236553033e-02 7.497131031999185735e-01 1.598766897869671189e-01 5.805635125113378647e-01 2.505742486072675135e-01
4.608586411567017205e-02 1.708165637357735855e-01 9.318333215818617177e-01 5.291460309857565214e-02 1.890491820253570321e-01
1.900510008236038217e-01 9.251485439550839462e-01 2.441518809003487833e-01 5.806855809163585791e-01 8.513054602450026431e-01
7.851710820880025699e-01 5.216939072808677302e-01 8.975007139091202291e-01 1.452821905706391803e-04 2.300642252618957384e-01
9.052283797034721413e-02 8.775539472809714692e-01 1.459033558174899214e-01 3.111283930408392795e-01 9.281675136832561179e-01
5.423214730684341456e-01 9.974153452136669262e-02 3.498952913436597090e-01 4.994958152365919224e-01 9.965446951150275234e-01
5.984828339873622394e-01 1.932729310440757242e-01 6.633769547064960470e-02 8.835215220210690390e-01 1.739755306252818157e-01
4.380494020093068652e-01 7.192360935505878183e-01 6.319406962866993549e-01 7.388572804925619408e-01 5.142233337703917551e-01
5.739807231913310881e-01 7.252386349832052881e-01 2.489884874491521405e-01 4.162695644614418100e-01 7.693070386032837549e-01
5.208918739401212639e-01 1.030916625724330737e-01 8.032043248751203901e-01 4.727922449293500140e-01 8.581758709065236967e-01
7.333330806327758022e-01 5.799123894494685461e-01 6.538224388087523486e-01 6.191129120047287326e-01 8.191927413971190619e-01
2.305241847208751027e-01 9.290612524895783819e-01 6.899918224347679763e-01 6.562012762824109835e-01 5.253868381980790758e-01
4.004726851898285922e-01 9.764166662600757274e-01 2.475604902305234001e-01 8.217969892219985084e-01 4.285703436976576741e-01
7.093154039106785991e-02 2.303175669033020734e-01 2.064970970656120342e-01 3.256616936829169751e-01 9.654868222678744116e-01
1.623681734656380327e-01 8.139132622380631510e-01 1.870291569009474575e-02 6.167414169660075940e-01 3.289836490764630472e-01
9.660005828014710527e-01 5.371859771163456365e-01 6.888563301824401908e-01 4.413115544578076754e-01 5.519098269729448836e-01
5.795771566235567995e-01 4.314922185023547518e-01 7.631720053572554896e-01 9.186888092651369631e-01 5.796418607935975853e-01
7.666824064119159843e-02 7.657764009685650297e-01 4.720078257134361355e-01 8.876346069507686787e-01 6.417493857690947934e-02
9.740330961994676517e-01 1.998406415387492530e-01 7.852959685346438956e-02 9.850008772351045438e-01 9.924623813403913308e-01
7.644677540920942205e-01 4.897567017705826142e-01 7.614788898522061311e-01 5.933069683238876291e-01 2.570564758504740865e-01
6.557354407025944854e-01 5.579862805092700162e-01 2.794171517478987177e-01 3.891450826272235819e-01 5.547021275005604712e-01
9.598085813785111053e-01 6.999200326582810661e-02 4.625876687214103278e-02 7.384585812471387012e-01 8.475212234976736703e-01
8.222883030496332957e-01 9.041083462256361836e-01 5.476899993596631155e-01 3.796992307880893147e-01 1.416290285666512716e-01
7.683157653631913497e-01 4.333086496534278576e-01 3.216593856755780578e-01 1.215217387726295062e-01 6.858511214302133174e-01
2.767946503677722880e-01 3.268389326781070414e-01 3.121944192071547386e-01 9.020478978194801378e-01 4.779636669119224912e-02
7.780837127029610611e-01 9.223736814246445981e-01 2.642398397668292986e-01 3.653530265965788670e-01 9.803738417065832600e-03
8.445850040529370162e-01 8.185198183167365915e-01 3.743953865419439309e-01 5.458622672304951351e-01 5.777005574670674992e-01
9.249256911783729773e-01 4.372417783377042788e-01 8.238369276074540837e-01 3.660944704941694328e-01 6.223792458375760894e-01
8.124962785618915495e-01 8.333268864388450048e-01 5.947590987109973026e-01 4.242478918004609634e-01 4.285673634641742336e-01
6.150978427246549529e-01 9.046256606092560881e-01 2.264216399305971628e-01 1.824878797276123787e-01 7.937154911256661949e-01
9.976378517334987261e-01 3.564967510687987451e-01 7.607562546714988772e-01 8.097578121929336348e-01 7.544364514380837994e-01
1.680726535841112756e-01 2.845924058241677823e-01 1.790922220932483766e-01 3.454192848758119716e-01 3.791168096356729578e-01
4.752202574881247976e-01 3.377617884927786029e-02 4.976911857429688890e-01 9.487659398104915098e-01 5.891340860553371250e-01
7.626887312756975845e-01 4.834000371895306181e-01 3.148452823530821787e-01 4.891698190407086644e-01 9.470221780856203919e-01
2.003403826495897544e-02 2.456345300798956632e-01 2.379287635055248318e-01 1.725106953227858453e-01 8.135813012167164571e-01
1.330383698082482358e-01 6.843830843662812580e-02 8.791101481243501770e-02 6.557531954775884797e-01 3.710364636051584064e-01
7.122430266226641438e-01 8.047240553238323990e-01 9.673716028110647125e-01 1.031778626083436068e-01 4.092106217307799332e-01
6.996917404765267134e-01 9.558302908212448212e-01 1.553144190692959947e-01 4.399470993207499347e-01 5.058256219457059055e-01
4.029957689055639891e-01 9.888211632102582582e-01 8.399452559604997370e-01 2.062131172375556432e-01 2.362022528417299094e-01
5.100352672474459670e-01 2.242643782901780902e-01 1.197646256236273299e-01 5.747770499557918189e-01 3.609385543240435368e-01
3.026986072362984892e-01 1.768870742288373155e-01 1.244981641838824871e-01 2.968536982117186973e-02 6.355981774810670615e-03
6.772764102329198455e-01 7.010217032111730751e-01 4.247578166053510573e-01 9.498394585656599887e-03 4.254352179487189689e-01
4.772232734828707468e-01 5.205247328549136299e-01 5.928724567460390560e-01 6.990489643684170140e-01 4.260447071151952647e-01
