2.715957921696890986e-01 6.214335855004743392e-01 7.720984367326730879e-01 9.361415227498220970e-01 3.703247453841557180e-01
9.708566597077470384e-01 6.384340480238898108e-01 5.734915703019658473e-01 2.832654554985737372e-01 7.257510681961274468e-01
9.811668958251344996e-01 7.038503912114787431e-01 2.968211979803978551e-01 7.634539573341442287e-01 4.887267585048848950e-01
9.452526422582089305e-01 1.005831105386999491e-01 3.735609437518061515e-01 9.726122802183224669e-01 7.898965487721871792e-01
7.154388184863714750e-01 5.344891816472985280e-02 3.933031705747693785e-01 1.862516180825648515e-01 1.461955243330048670e-02
9.558372586510847091e-01 3.510244653525673719e-03 2.034360087111061199e-01 7.539757471012114021e-01 6.447401790727618209e-01
4.697612028595590239e-01 3.050235519921349336e-01 3.058649579864469725e-01 4.710575603849288528e-01 3.867747870104434327e-01
1.386479562807461097e-01 1.108372926455561958e-01 4.026640754296670899e-01 7.481271412727344972e-01 6.669452905286332722e-01
4.271992713971441979e-01 5.585339032558800376e-02 6.448591923237746437e-01 6.808216646722420329e-02 3.623197856680407947e-01
7.893603742866889261e-01 4.848417247489738013e-01 4.672720162305666891e-01 6.182986687257765457e-01 2.551312339211249114e-01
2.705492873085679761e-02 8.596136808111876082e-02 6.257691842357459011e-01 3.199609006985362214e-01 2.462299059283150626e-01
4.507108523168613656e-01 4.838275668324417689e-01 9.314597992899861234e-01 3.116362459287491671e-01 5.521409891324093877e-01
7.744311310714211416e-01 1.735053655287405183e-01 7.961145017183777206e-01 3.331363326993275198e-01 6.863753026913554933e-01
4.696510267989087994e-01 1.266638399103467982e-01 1.485162740597856246e-02 7.895951729944070685e-01 1.532312766649202018e-01
4.616174143391118534e-01 2.338222420442988003e-01 2.309545475812047055e-01 1.390774656841886614e-02 5.213789380493265568e-01
6.015359402329123473e-02 8.820487951049625908e-01 9.404539124595063804e-01 9.022250450452231618e-01 6.749469806771249969e-01
3.286938277551709753e-02 7.242148642703615247e-01 7.154708158334945889e-01 7.269910265010524064e-01 3.049965433199987030e-01
4.947485982204491428e-02 8.734582255924905336e-02 5.000446930897428643e-01 4.566283771051461438e-01 9.610477046304141124e-01
7.230638326069119826e-01 2.073309797258711118e-01 4.441881395186759729e-01 3.922709905051559032e-01 4.455300809135139817e-01
2.907660216537387710e-01 4.687326739475470294e-01 9.541164279598520759e-01 7.880833511232805400e-01 7.599271481303522258e-01
7.912245733652389923e-01 3.598532678444705812e-01 3.456391691821026901e-01 1.626251610785909296e-01 2.217073926486897717e-01
8.477095341612567170e-01 9.393952209227715011e-01 6.174585254548119462e-01 3.324992415208072316e-02 6.879862800572379422e-01
6.737390530872787719e-01 4.883056852058493824e-01 4.195889312540156402e-01 6.231973001955947167e-01 4.865510005675693916e-01
7.567784217424866622e-01 8.488206926391547169e-01 1.919713813125089041e-01 6.222173331204058355e-01 4.793035509557062035e-01
3.842187343080973871e-01 6.845207930133468954e-01 7.880456876730750349e-01 9.275491639119289866e-01 9.643374239886525201e-01
4.344401627381208053e-01 6.295587412422026796e-01 1.122175040148862823e-01 6.040827230155381145e-01 6.422667944273363627e-01
5.014653166585283373e-01 2.324335401681620894e-02 9.196002060865465788e-01 8.152534203052863582e-01 2.284628711956570024e-01
6.563312202761950598e-01 1.333675224837630457e-01 1.344836417939992979e-01 2.955871993846141965e-01 6.424089204968789213e-01
8.311914916914145968e-01 6.674901083849158479e-01 7.990450870903217373e-01 7.293273737540049151e-01 8.051940204084777619e-01
7.902120297088551792e-01 3.743692485266391090e-01 8.054283766053396132e-01 6.663824313751121053e-02 7.243367736869100737e-01
7.616241472266418455e-01 9.182911585248038078e-01 8.352759312066945219e-01 2.692247083676384545e-01 5.231239194985970453e-02
9.669613063229823835e-01 9.148235260157314697e-01 5.432172638890219174e-01 5.038610705765255160e-01 1.602195614138264279e-01
8.677840982136167947e-01 1.416868120865463210e-01 5.174542140640862042e-01 3.330211656398746056e-01 9.391347502794805679e-01
8.651163603127950408e-01 7.005264428583923841e-01 8.279530183240700891e-01 4.020892951856713804e-02 4.360474913548295639e-03
3.247489952684128323e-01 4.130604374422803815e-01 2.672970595830308493e-01 7.691568383751720139e-01 3.853325554162945199e-01
8.285786978053064633e-01 8.336419445312609477e-01 9.122949330083451880e-02 7.481845945989645807e-01 1.219199251916737170e-01
7.661720087381982403e-01 6.133363699764314836e-01 8.344813925281205913e-01 8.239997788508326426e-01 7.289006365112125074e-01
1.981434232040655274e-01 2.398339010714201081e-01 5.358476799363615095e-01 7.037226752662470997e-01 1.030384712847939310e-01
3.790749323505102630e-01 5.699275683240739854e-01 4.960412213426887984e-01 4.237825740388286855e-01 9.770691347014202055e-01
8.804189823597881048e-01 5.911486716087931415e-01 5.568741046798828531e-01 2.619756299549315104e-01 5.130828495352559582e-01
8.484085602705149221e-02 7.755667769316776372e-02 6.396648545055941826e-01 5.559562262244277520e-01 5.287001240935140789e-02
7.652065937703877996e-02 6.577878774127142725e-01 8.901248312551072184e-01 6.595787635704187801e-01 2.423381631533327862e-03
4.881482190944879118e-01 4.821933497039870842e-01 6.369798133019399788e-01 4.886775143349684214e-01 5.979804487928845891e-01
1.844238622695605345e-01 1.318742570507136502e-01 6.112696044442356147e-01 5.014017358716671424e-02 1.871742818171777678e-01
1.050871949563605412e-01 1.100081768974563445e-01 1.271406580571581291e-01 4.686156956083977754e-01 8.860618611166878322e-01
5.695566068527995185e-01 6.134258612052425619e-01 5.300229255698559738e-01 4.914480422690954420e-01 5.676804519707130403e-01
6.301053658495447962e-01 4.898550827821662734e-01 3.475314494787652420e-01 4.464740151524166922e-01 7.084188535850790558e-01
4.895314303598738981e-01 1.713827358632697972e-01 3.703550054103590394e-01 9.162023477466096910e-01 3.500086023373041311e-01
5.196346956940522954e-02 5.536141186198053621e-01 9.866720414881615664e-01 5.356658230933930565e-02 3.439483983122850752e-01
6.203750925334702293e-01 1.663817265647893340e-02 6.837596791585791589e-01 8.694673396069096949e-02 8.881441026538011707e-01
6.318127162266217178e-01 7.949294526895540614e-01 9.964724501839999915e-01 4.184082909736968059e-01 2.667800631677367251e-01
3.591677889861417672e-01 8.984299408364737616e-01 4.924595386621258841e-01 8.503071625725432403e-01 2.443885070678015747e-01
2.410778083282267836e-01 2.607753922726692153e-01 4.851758683932499983e-01 6.470967521091143260e-01 4.776939063019766119e-01
5.122001632117600955e-01 4.160016045514081107e-01 4.796952267678649129e-01 6.507478197165026401e-01 8.230598542683144059e-01
7.229087479790575754e-01 1.354444033756823096e-01 3.884709844979493676e-01 3.705589080691253923e-01 5.696679284721681835e-01
3.296037850632183019e-02 4.252966175067421917e-01 9.921877334324158415e-01 8.617337964526184946e-01 2.511555781945443711e-01
4.664310867019997309e-01 4.463125158935437042e-01 2.783726484760405961e-01 4.307855651657762630e-01 4.261256160728195130e-01
8.927587564769734474e-02 4.841912131727261759e-01 4.831733736502098475e-01 5.293124851586972213e-01 4.894972623978259829e-01
5.155981263748411481e-01 6.609652010870880057e-01 5.427880761562621226e-01 4.106392809326823157e-01 4.808247519927191238e-01
4.188127409336128704e-01 7.166852297218657686e-01 1.491355684468356202e-01 7.630021309381118666e-01 1.824017344151863673e-01
8.109121446248689358e-01 8.891931244267843315e-01 5.901760154673926229e-01 2.284262673954161604e-01 2.570417398417412791e-01
7.246014418089332665e-01 5.320855702511200214e-01 3.340133142370367292e-01 5.150741491389070337e-01 1.849965385302683174e-01
4.396646727001622956e-01 8.675685875955898574e-01 3.799463377988023804e-01 7.767771530980732697e-01 5.946714775328533209e-01
5.221738803429015752e-01 2.185344061350208422e-01 9.580169746823827825e-01 7.001403793762395189e-01 5.604870225728907362e-01
2.735991548625246184e-01 8.395993807116363117e-01 5.797516867870979862e-01 3.764220131266464708e-01 8.255022545703543102e-01
1.545011795905316676e-01 3.669047668616420843e-02 6.072475657882463462e-01 7.886528680554533155e-01 5.416061203991284767e-01
1.208762082296916951e-01 8.777503442089834573e-01 2.982617498582222915e-01 5.977037627030011846e-01 8.042109779043367102e-01
9.474747546822631650e-01 4.765384629735587296e-01 5.030107520472222316e-01 9.322799858318220334e-01 7.860143426541484901e-01
5.368519714563205758e-01 4.522460504215282118e-01 1.759037693765315158e-01 9.987920736755008244e-01 6.902107669856679673e-01
3.399708589479226717e-01 8.177909079312419838e-01 8.348146361308206309e-03 1.273763508806685651e-01 2.559658233980596220e-01
8.868265034331839214e-01 6.651980004900182042e-01 4.310951078526189528e-01 8.434967205235127663e-01 7.543150460741399055e-01
3.437237894324711718e-01 3.219981937893237056e-01 6.046390556718055365e-01 2.877745933669278999e-01 9.108112624067584706e-01
8.788370078780926020e-01 3.957542571590492164e-01 7.377284250497683216e-01 6.227748634218442936e-01 1.883991323516540639e-01
1.492195175594568379e-02 9.774232979806039001e-01 8.080070724957054695e-01 1.269344664876693729e-01 5.838985619592007570e-01
3.861661695152375229e-01 7.089958460323267930e-01 5.826664914757178071e-01 6.748694048243055743e-01 7.381251488976323660e-01
7.567079168942500988e-01 5.187878371021649171e-01 8.452982448813636251e-01 3.155663667043955289e-01 2.462066703028080727e-01
5.316170668661257537e-01 4.601060632053183275e-01 3.384437366330801389e-01 9.133962195444994547e-01 9.235628279948762120e-01
4.113727792674385375e-01 5.505208893776167844e-01 9.763622250263173097e-01 9.068677675373005842e-01 6.862779517229330439e-01
5.208987680147847410e-01 4.910836429370052381e-01 8.091187282761796995e-01 1.276728553295822799e-01 6.360491169905455600e-01
9.317052708166966291e-01 3.574713702329805898e-01 7.118777677430287998e-01 3.652266935058816610e-01 8.807728600973336874e-01
9.857449525796632139e-01 2.191532818246144654e-01 5.390872718808390474e-01 6.659464431038235599e-01 6.711079918143434409e-01
9.931592178717035813e-01 1.599893381207657672e-01 5.632065920475467502e-01 6.187198076658232404e-01 9.383221982347191847e-01
3.776714160778366081e-01 9.577519465950329325e-01 1.375540740544703988e-01 9.830951509456586912e-02 7.481684720406019951e-01
8.957323567349414484e-01 5.378599497590788037e-01 6.952970047454453129e-01 7.958073168242226769e-01 4.786205260671722028e-01
7.190468266987832813e-01 1.247079551922113394e-01 4.356072935716854833e-01 6.830468681801931119e-01 3.138753751764911115e-01
1.988274556332932930e-01 4.836503469437402059e-01 5.962819776055570120e-01 3.318331928594215885e-01 7.229459414278069929e-01
6.988190167410491815e-01 3.899047608984895774e-02 5.411436287372944909e-01 4.483614518243342895e-01 1.347537568612162673e-01
8.586560730788266316e-01 8.164562620062034703e-01 2.265822015851185478e-01 1.911931005194716926e-01 6.801730980820396288e-01
4.817541454425237069e-01 8.737421134191665217e-01 9.534996300862296215e-01 7.292367991691043327e-01 6.051111449435370160e-01
5.898232817155245611e-01 7.078265884305843247e-01 8.607573364981109254e-01 7.508075440773415155e-01 6.968720725555552775e-01
4.754467674968010371e-01 1.840506361452757256e-01 4.911927828189773804e-01 9.350874941576011734e-01 9.624844722648284723e-01
4.978792442262768292e-01 8.842314218947215920e-01 4.729153388094374799e-01 9.495172665449600480e-01 4.726364676130559994e-01
1.186261562903571098e-01 8.994987607826852027e-01 2.077549997037625440e-01 8.582078043824763469e-01 9.795328454290147535e-01
7.150166560223062406e-01 9.028047367910939647e-01 3.590424321584743117e-01 3.142042198918335583e-01 3.188662512793345449e-01
9.409939643190203817e-01 6.871531982771866831e-01 6.563962549969687421e-01 7.036797266746964707e-01 1.258827099554570284e-01
2.410491572968131990e-01 9.289927711614910377e-01 7.968868795820251982e-01 5.123689570331574350e-01 7.289368710493591141e-01
8.652186933252038470e-01 8.957196493646104596e-01 8.394268212397938411e-01 5.812419380875513131e-01 6.935709247549158851e-01
5.973071720556294428e-01 8.636421415096262599e-02 2.511008975574502422e-01 2.961826794917543637e-01 4.972000619812144695e-02
4.283405635063752825e-01 7.585742518997393713e-01 1.538798619471021256e-01 2.985291412201325212e-01 6.788016061632662357e-02
4.562948424224975152e-01 7.236999608817187291e-01 9.751927442900447662e-01 5.284777714772247448e-01 6.936518560031176284e-01
