2.558015528774391090e-01 3.577473584492223413e-01 4.443990140530953425e-01 9.395307096078486797e-02 3.279087410826277971e-01
4.060748181028828174e-02 9.204403933980229713e-01 6.586291039846203788e-03 3.085542202870025230e-01 6.868202447898755780e-01
7.971511749591350116e-01 2.008779199234893564e-01 1.985262265733221954e-01 8.118756811291150122e-03 5.904505716625720879e-01
7.044497386294975572e-01 6.789072537474798441e-01 4.111999446981122741e-01 4.466309562037340530e-02 5.323794783351171178e-01
1.136078673404530281e-01 2.131874172498465780e-01 6.736154554242194115e-01 2.071625069682158093e-01 9.545420210147420592e-01
2.205852062444738637e-01 9.038264038245708010e-01 1.131091212293777737e-02 7.516779983313159885e-01 8.348671292648601749e-02
6.963979104207990156e-01 4.225223667547821638e-01 8.232980361375225042e-01 2.759533902450843623e-01 2.401028523178910801e-01
9.963549685708017467e-02 9.428448815759978840e-01 2.236890633627486302e-01 9.589630987536261753e-01 4.972807199541579015e-01
6.556835150000041024e-01 9.468716029849019167e-01 8.717085977246852302e-01 5.494475048256406424e-01 8.573370765070288391e-01
9.359127884557993937e-02 8.984136303290773951e-01 3.188496527205617603e-01 7.446422747965794064e-01 9.494082785766760901e-01
9.616525517131566669e-01 5.473507281749897535e-01 6.706438713984677058e-01 4.170235501936048195e-01 3.490156108607983532e-01
9.515328076392609580e-01 3.424022535175229587e-01 8.102567455691751519e-01 2.652853489411514110e-01 4.976109623528001125e-01
2.052942336506802246e-02 2.488104788857790073e-01 4.256450527087283220e-01 7.263259369330427040e-01 9.827243063688552160e-01
5.651326807212331271e-02 8.815022451985077279e-02 3.641882181559826792e-01 3.230742869288355523e-01 7.412273533607912634e-01
5.227523840180979819e-01 3.129472127102755907e-01 5.522891408769224908e-01 4.443317988842595545e-01 4.765734473746842115e-01
2.772251670920278244e-01 2.397638873776476443e-01 1.243559209009975630e-01 6.909456866658612029e-01 3.241223115851166181e-02
3.930308325041753648e-01 3.891755399224647860e-01 5.864053858871225433e-01 3.722614614003512123e-01 8.569623805228311353e-01
2.744695726458787899e-01 3.534209702337217651e-01 9.901726170047885356e-01 1.234091120251586959e-01 8.799852072235524458e-01
1.543463194734991939e-01 3.865524704221210417e-01 6.999163409659622248e-01 1.307788381853716153e-01 7.494601588869197473e-01
8.751176693755310376e-01 5.404008471243344491e-01 3.421024039249114246e-01 9.848609135583508145e-01 4.696982407517311664e-01
7.715850785440100390e-01 2.588646567379467855e-01 8.456387282943480521e-01 5.911885752035883623e-02 8.714728918753523734e-01
1.372717917462485948e-01 9.323740556799696710e-01 8.784149567485906029e-01 6.265725563852346802e-01 1.618042534472936556e-01
1.134389409634819490e-01 3.513120651959319440e-01 7.212100938277710149e-02 9.583244725886256310e-01 5.611543234885342235e-01
3.698242624767258402e-01 6.276716293017848836e-01 1.465692282166728422e-01 4.409208723796433915e-01 8.813350836442324088e-01
3.165384595356568465e-01 3.922214945806857811e-01 1.783738731352049189e-01 7.215908189015723950e-01 8.188656660845913260e-01
6.279662663462334260e-01 6.353598338832773251e-01 7.833792093223884700e-01 6.756052739804901952e-01 3.767830945624980332e-01
4.618895878007114320e-01 9.369396889866014044e-01 4.487317799900950588e-01 9.737544701745451947e-01 2.529043465483596931e-01
4.707430687164894101e-01 7.305132362674801039e-01 7.598185878928641612e-01 8.796162312879415301e-01 8.453197146772581938e-01
2.381738137680359246e-01 9.572927898934125990e-01 4.678607434561627976e-01 2.046652470856891171e-03 8.625091290286490686e-02
7.994809516860557075e-01 6.014924102511168824e-01 5.948569624758309748e-01 8.909428937249654901e-01 9.088534421867522362e-03
5.459499316544879077e-01 6.227204017304577288e-01 1.699417505312257326e-01 2.396788531111869736e-01 4.165149141505942731e-01
9.042045748155185247e-01 8.809063680722176715e-01 1.006875161635748528e-01 3.210593975293888347e-01 7.304319351726599185e-01
4.633813095781386115e-01 4.935698696073322900e-01 8.543780004889104385e-01 2.097675295686650676e-01 8.753397363585042612e-01
5.386690728037839548e-01 1.924486810393369884e-01 1.121936284734663669e-01 4.632766835402547523e-01 8.634909333367747353e-01
1.825771209180712118e-01 7.372880620532558105e-01 7.369357300262702193e-02 6.102054615561449680e-01 9.743713214135252265e-02
3.708869413531457049e-02 7.771739082262844045e-01 5.415816264423777282e-01 2.522991140832032686e-01 9.598956087284750138e-01
5.859755135340994903e-01 9.147201008689284096e-01 3.417845528961402923e-01 7.812504550024005345e-01 3.224471171346587894e-02
2.821887731681083089e-01 7.003249187896259942e-01 2.944155851058033457e-01 3.080093697462530367e-01 2.169871932396595371e-01
9.038176283416068379e-01 3.110111543405451595e-01 6.958929223996196400e-01 8.614199854282930113e-01 4.315500299411270113e-01
1.479754045751580094e-01 2.478298789454693729e-01 4.137115927226721057e-01 5.870006603663114886e-01 2.686200028268349582e-01
7.974279804417799822e-01 7.452793969091335846e-01 2.712309632220564204e-01 9.973217719710075757e-01 4.229029516500233399e-01
5.107249437245980905e-01 5.384517745710767356e-01 1.021690931060430518e-01 4.945007900651771093e-01 8.922138856875808655e-01
4.800669847890493003e-02 6.118399536144663031e-01 3.816778521003549862e-02 1.241257707606356897e-01 1.394570059936088846e-01
7.219028141326794268e-01 9.456673661073887738e-01 4.817963614320907029e-01 8.843111768804290396e-01 8.022977080982828246e-01
4.020076009949746787e-02 4.218830349441282657e-01 1.482338403281697747e-01 3.402289267182316834e-01 7.609118470848253990e-01
9.330450560489881306e-01 7.423274416142982002e-01 3.369785320530450656e-01 9.826365763200682890e-01 4.554392657935572020e-01
4.750470096506156370e-01 1.108918903579824145e-01 1.330499048961372166e-01 1.456396541833215874e-02 2.509930731271844406e-01
2.416070673929268109e-01 6.838307540181218780e-01 3.485740942289032862e-01 3.190645724285028351e-01 8.920251941181291944e-01
2.369878721643126074e-02 1.377046640179790948e-02 8.451368114555412037e-01 3.379885422968172959e-01 6.681658398650306419e-01
8.322199739072857483e-01 4.171496090643956878e-01 8.897976263354187010e-01 5.584281078930670716e-01 4.525221294135687300e-01
6.701529860265675875e-01 5.984218862292118857e-01 1.685658517457542249e-01 4.524116303557147445e-01 2.759089508123173662e-01
5.182737678894790978e-01 8.041775285810991436e-01 6.757858841999342392e-02 6.460136502772709788e-01 6.438354970645587816e-01
2.767152511434711748e-02 6.023018219929290318e-01 9.466398339693371522e-02 6.040025162589107710e-01 9.921959655303970171e-01
6.951579068456605892e-01 3.444921832571957721e-01 1.790116510683238404e-01 1.445193771107788905e-02 3.421775200733505606e-01
3.152968470036925375e-01 4.594426956291688402e-01 3.287849241158909974e-01 9.742915752099451376e-01 4.340623678378611183e-01
1.785983580799841430e-01 4.656921924021628634e-02 4.739554466741646710e-01 9.636064351934292560e-02 9.835953547063018831e-01
7.371392271848856703e-01 3.477766998164179002e-01 8.376092083874537852e-01 4.136535573390273113e-01 1.652374143742321166e-01
9.725313915531588194e-01 4.912035779223733467e-01 6.568446069882956095e-01 8.570597142905928001e-01 7.706596899199730233e-01
9.350160695567609759e-01 5.860335721928672248e-01 9.819439817964830119e-01 5.829863125351647524e-01 3.043715658273363767e-01
7.816287781366064724e-01 3.225025198343678401e-02 1.070716592696181468e-01 2.331479997616489053e-01 2.088420724374046022e-01
4.731819485762489563e-02 5.164904299094270623e-01 9.086629679851033758e-01 3.330933745508771748e-01 8.960948214480791707e-01
1.155323832706091070e-01 2.459609136323039902e-01 7.404189325333410121e-02 8.450201765381094576e-01 1.598938586358399361e-01
6.404488391254017365e-01 8.818264984747586910e-01 8.739967398968007117e-01 4.901191526449749647e-01 5.570588354946667264e-01
5.033963437589211720e-01 6.721962627205830820e-01 4.701213898931067003e-02 6.748680672790579038e-01 1.380948651562038387e-01
1.618879654763683007e-02 2.277664913090893251e-02 5.202623621014969002e-01 4.304648788381533198e-01 2.334199625915607257e-01
3.727091679738522290e-01 8.810394352217087999e-01 5.295454980682612334e-01 2.786013186335531966e-01 7.723343034172021060e-01
3.944740029479034682e-01 2.271075664710294761e-01 4.705873660142074755e-01 9.766041923588235640e-01 6.565758167757154151e-01
3.160941471456794050e-01 3.707706750225592263e-02 8.233431523590111212e-01 2.102784537387294428e-01 9.662882116755302508e-01
7.815924032343271044e-01 5.972331900784839664e-01 8.202601438848950988e-01 9.483237671902915444e-01 9.855111921141191944e-01
6.030031979428475131e-01 2.058407647813952357e-01 8.590099048712745988e-01 2.038139531617332301e-01 2.442518919712907133e-01
2.413883293443561673e-01 7.439611084520996176e-01 4.306108575215938927e-01 4.980345729905834018e-01 7.902289890614718759e-01
8.134661931123225997e-01 3.132510675990870519e-01 5.566998028904248663e-01 9.106647638433378322e-01 3.301963385556813124e-01
8.612896291327394316e-01 9.123231727455566320e-01 8.567132786275755141e-02 5.161559144463807591e-01 5.687039843435337527e-01
6.031771371804407478e-01 3.880546819713471818e-01 9.709150247594570127e-01 3.845814906689312140e-01 8.496504470313152035e-01
9.542023171435541906e-01 7.738936623412581151e-01 7.899523834907232755e-01 4.103350650779387099e-01 9.914816090245266444e-01
3.479250308254840940e-01 6.002371620764754834e-01 9.777678908688960391e-01 7.004353313689182237e-02 6.230364136188651925e-01
4.483072018400455772e-01 4.820769504569364372e-01 2.003817449294308384e-01 8.305639676303221419e-01 8.598859685456128332e-02
5.148459075089546477e-01 8.167966930506425083e-01 9.920673194866247435e-02 2.450568199639087119e-01 1.161703875959995136e-01
2.031245399179587574e-01 6.933430553192584389e-01 6.421624992701366885e-01 6.610478926173162240e-01 9.033647330539723574e-01
8.083543180829630970e-01 8.579331298490344704e-01 3.282870289406544240e-01 7.925128738458053768e-01 3.083060427568087292e-01
1.053887383173031100e-01 1.472625541758938450e-01 4.253495018072427358e-01 1.273642264124810186e-01 5.973276964917905163e-01
1.829581959232485788e-01 1.711292424307297999e-01 9.694117175893027794e-01 1.470892289457998992e-01 4.672334080447351212e-01
6.825735380058667312e-01 6.669525591089042749e-02 1.165487037702805928e-02 4.285564507053355454e-01 8.498306654044541775e-01
6.045663804388764495e-01 9.393905923301991701e-01 8.224627333729855883e-01 6.144771311845607098e-01 2.065593699913546022e-01
7.621142994945933058e-01 7.680290777974521088e-01 9.887310743850756811e-01 9.068911386630782445e-01 8.255799072302797414e-01
8.229727682520820986e-01 5.547529497794170261e-01 3.181960046562037903e-02 8.122830592864941357e-01 8.598403146688138321e-02
4.894447389031143514e-01 8.888454643742221828e-01 3.119698242415737122e-01 2.978415424599822892e-02 3.409936764732222070e-01
4.851106527172952543e-01 8.031728831084226083e-01 3.487212809650842571e-01 7.318548762593871659e-01 5.775487332072493096e-02
6.539644718221041542e-01 5.642406733426763576e-01 7.141385750731543691e-02 4.761264316491967685e-01 5.621092723204408337e-01
4.197086556048037487e-01 6.390455009283466659e-01 2.956817171587931004e-01 4.632470562769476219e-01 6.181756150101513914e-01
9.436676680867803757e-01 4.742738123519958382e-01 9.620248812039577935e-02 3.554248116572723548e-01 7.502958946258587725e-01
1.630615120374956373e-02 8.993717170185863141e-01 4.016137867408574591e-01 6.257518250340994292e-01 7.821698573341456795e-01
2.420644153632982576e-01 8.334441958828888719e-01 9.780589027100703436e-01 2.961861624274317872e-01 4.141957600250026905e-01
2.787441811458473140e-01 3.110247402471311151e-02 1.140184715944764227e-01 1.924715951533773062e-01 1.479124599604426660e-01
4.591118500236378575e-01 4.120992766717139766e-01 3.359828775775740572e-01 1.705893546653507453e-01 1.842767552467119430e-01
1.835708822037661614e-01 2.820211812218685887e-01 7.534898732534465182e-01 3.065099350316385918e-01 2.251739064316090611e-01
5.607376749649030101e-01 7.592598466938601520e-01 7.345918691406970735e-01 1.405741760725642830e-02 5.085604741739867540e-01
8.761836651998511361e-01 5.567129245259021531e-01 3.114675213317119606e-01 6.923977417111704113e-03 2.711694156381250220e-01
1.860345831966162544e-01 6.943019145733619890e-01 3.481175640992617559e-02 8.481564088433614090e-01 8.882542337610340732e-01
6.843849431161960206e-01 1.718419414437537540e-01 8.662354339543795190e-01 5.365354793474164108e-01 5.903696386024548381e-01
