6.232779424545978886e-01 1.882270285404370469e-01 8.092447671282222421e-01 5.477151783184197598e-03 8.371275919184427705e-01 5.162124713866462766e-01
7.829866668091319815e-01 3.059452874877643946e-01 2.143233548251168852e-01 8.780149075509458001e-01 2.328973890840757566e-01 8.317773456229351492e-01
8.820144324846893591e-01 8.960259532693970463e-03 3.880875625795051631e-01 7.737237268863029760e-01 9.287866199809654555e-01 2.614371401077986157e-01
3.755914203861139278e-01 6.429274393166072299e-01 9.539438912634813361e-01 7.091995424869041997e-01 6.364045214150577667e-01 8.024018543962541106e-01
6.370461466640100490e-01 2.026350794124165411e-01 9.967937935985505815e-01 5.749994340470880871e-01 8.086865582582714040e-01 9.436804624428057897e-01
4.999048371511906064e-01 6.818323481297373645e-01 4.071777655326839218e-01 9.985220954993034859e-01 6.654979586639626632e-01 3.538370467151445986e-01
1.005721379813439009e-01 3.944771100287292054e-02 2.332060759862512045e-01 8.087109664367315709e-01 2.060132395487555002e-01 2.898117156336610378e-02
7.037051465108054016e-01 3.995697425987720930e-02 9.636030656309254594e-01 3.710017336715160097e-01 1.782085964270140321e-01 7.165368848656900047e-01
8.948586299151904955e-01 7.161152289111484270e-01 6.382395602008179569e-01 8.205131526716307189e-01 9.073095814293130612e-02 9.774129205741303172e-01
9.277246327874540954e-01 7.021794706171241574e-01 7.485487212745478569e-02 8.817256139678683047e-01 6.157767000384936074e-01 5.244242095965504502e-01
5.553803821320579814e-01 4.582129007440506330e-01 6.963512331163620450e-01 9.428763826519244162e-01 8.493620984546723651e-02 1.738140239738220627e-01
3.244121878584407259e-01 5.986472573325596347e-01 8.328259044562117408e-01 1.823753166893715694e-01 2.675676842313718939e-01 8.664617376052252684e-01
6.203820545807711140e-01 2.563925531451279882e-01 9.508875315127139904e-01 4.382489723935814041e-01 2.708594278525026100e-01 1.460989621962105467e-02
4.679519398895836124e-01 1.197456236942252561e-01 1.868291368262481322e-01 9.742389525865292610e-01 5.876477182565047475e-01 2.814850622025214522e-01
1.328503383380164049e-01 9.056381931771859684e-01 4.946985962806660364e-02 5.049574582156978186e-01 8.320864256799445080e-01 6.508929469755457831e-01
7.583717363575133152e-01 9.886026049524243575e-02 9.436163854249098870e-01 4.376654907112188519e-01 8.141501839591215317e-01 9.147929573626021327e-01
8.464637165989996603e-02 8.477875505076027940e-01 7.126750774889856199e-01 6.391394076901819599e-01 3.291602373124117298e-01 7.931978281268160513e-01
9.413566998170561639e-01 2.898577840892443414e-01 8.141681787713248575e-01 7.788581387761916996e-02 9.863219671911982456e-02 8.685498465533967316e-01
9.588575805158187082e-01 4.920453733448839628e-01 4.759142408849684758e-01 5.141670689155051210e-01 8.663721628680720599e-02 9.441614083555749382e-02
9.754753541531530070e-01 1.871381363869362158e-02 2.045371393998144383e-01 4.944500077021196649e-02 7.742106228013668767e-01 8.836662478212533589e-01
