9.891625514159654298e-01 4.492704457713783128e-01 2.542214133263839271e-01 2.611698474860130181e-01 1.260128002715131812e-01 9.270353478824583382e-01
8.547013684637672082e-01 5.301610158718584875e-01 4.891980102023509858e-01 5.991303305914804644e-01 4.082049862105467941e-01 6.604488987329708571e-01
2.506849766898879839e-01 9.645828512510437047e-01 9.301190125176618251e-01 5.234719652201951234e-01 4.875069925838567686e-01 2.339520042614309236e-01
4.422360512357286222e-01 3.670717401841172567e-02 9.488848144397721285e-02 7.437900524401408475e-03 6.572528161399433522e-01 7.734202708746626964e-01
8.522499320905863041e-01 8.837725590076206394e-02 3.341696598464798384e-01 9.330181750312658284e-01 8.936223554883035991e-01 5.102186432132451710e-01
4.714409911842952772e-01 5.732565555664164147e-01 4.426810839426941202e-01 2.534540868893141452e-01 6.160850630709733267e-01 2.109305520524328292e-01
7.095350582810232565e-01 8.458524387176707959e-01 7.307790744217601553e-02 8.676328296989825883e-01 3.110630856907808939e-01 1.372080046291878075e-01
7.509406797610729267e-02 3.538548186642778148e-01 4.574064030060083219e-01 1.969672625850452663e-01 6.021834527818740179e-01 9.301015006255828332e-01
9.284948079813826194e-02 7.160165491134831139e-01 1.471287303048538497e-01 9.978916610793236996e-01 4.263976624859706632e-01 5.054366204173340593e-01
9.631873645058902644e-01 3.864426213432121671e-01 4.640988862799129144e-01 9.521220706994337757e-02 3.125168710516753601e-01 8.958569885985370185e-01
9.424312962272706207e-01 3.547419333011145870e-01 7.931914498759381482e-01 8.695231024065045444e-01 7.047411723767406100e-01 2.050587864323939469e-01
2.946371375101010104e-01 4.218835537371896649e-01 3.330134540230550444e-01 7.436748665047344664e-01 9.075818379458626683e-01 7.236871606921493338e-01
1.877441913476464164e-01 9.086418116300343240e-02 2.405358440943907716e-01 4.872694036490252678e-01 2.929121936466808629e-01 3.526289001376221588e-01
9.511175990465253749e-01 5.605746871939315534e-01 6.040803157303503701e-01 1.990271291279704924e-01 3.036229149371416636e-01 9.588720660883633951e-01
5.769296550821225722e-01 2.956769087640109817e-01 8.279846889584498992e-01 5.158827738471730706e-01 6.449812802245259435e-01 6.936757884890663028e-01
6.925089501637060607e-03 2.534062328227424388e-01 6.915495429996835197e-01 7.569608714838393926e-02 4.272223125776931640e-01 3.138824426099610099e-01
5.296784012855006996e-01 3.718174482713423323e-01 2.234349225799546756e-01 4.655350345383493238e-01 8.077957009274938649e-03 6.534407071754431140e-01
3.368473005532613973e-01 2.840590521883367137e-01 8.268614879196068967e-01 4.699164650571692192e-01 8.290375381825900725e-01 6.501413007095787622e-01
1.009486534873466068e-01 9.566964898557203112e-01 7.774279298842246000e-02 5.994995663797366703e-01 9.982654247808543380e-01 4.191554454367488747e-01
2.825352187838525708e-03 6.590578508814922687e-01 1.418885708484428632e-01 1.543453047553366986e-01 8.212033723685503439e-01 5.108557203592624107e-01
