3.554694828527457107e-01 1.484617035151125641e-02 9.781110302755195995e-01 1.121218655670173092e-01 8.147616328890180393e-01 7.134659014940643029e-01
9.404796177115507527e-01 7.586318607750827114e-01 9.175155342624385924e-01 4.751133980932896739e-01 7.019384570305448046e-01 9.054099473433931955e-01
3.657173349227036407e-01 5.144377016774995814e-01 3.508423853503369605e-01 2.380822455542156435e-01 5.609784117077246668e-01 1.671643812975328602e-01
4.683179343106280701e-02 5.601627759349434577e-01 4.197152693480723507e-01 5.651135497404273789e-01 2.013612313694833622e-01 1.816548089492224793e-01
5.993996481883984151e-01 8.713150619653657891e-01 6.913706433831762199e-01 7.050429751266840128e-01 5.750614423906472705e-01 4.799823870949717630e-01
4.496919892422109877e-01 1.113024983273045443e-01 6.073205723968312375e-01 5.043274616804074295e-01 6.787317220040536281e-01 9.977512710291787101e-01
4.008288475546314400e-01 2.541607540886405836e-01 1.021397738502954899e-01 9.612842311136048368e-01 4.642838252041979752e-01 1.257014771280172694e-01
1.085732472158567052e-01 3.409033504985703456e-02 2.324219642585404477e-01 8.298180310847058649e-03 7.123214115274424385e-01 1.056348770785500157e-01
7.077853886185949683e-01 4.372144283534623588e-01 2.498834696856542248e-01 7.287122137305989122e-01 7.718003033062725837e-01 9.144794431308186367e-01
4.762803084820218524e-01 3.419869108393150947e-01 5.663531987835666026e-01 4.506067437228185035e-01 6.519317201473094903e-01 7.601613004764559145e-01
1.482826925436564469e-02 3.293319628746689265e-01 3.952472106265036977e-02 3.604088244270358121e-01 7.977795312040983911e-01 4.645777550862663086e-01
7.821013517582473540e-01 9.577408908281492828e-01 6.156000093316302824e-01 1.660541169739792045e-01 4.459166712413529243e-01 1.953590643652595160e-01
6.708368714818846446e-02 6.054075099968790896e-01 6.972431989185626788e-01 4.973001451930858519e-01 3.395782522374399814e-01 4.189118584825999303e-01
2.678887829347430527e-01 8.164450870326493970e-01 3.276740052601047060e-01 8.611444658715866618e-01 3.358154995923093855e-01 5.100533115022427566e-01
7.814960932722613274e-01 2.323727706104155022e-01 5.237287206194276568e-01 9.022474891924039397e-01 9.590136925538154111e-01 8.025565507401744014e-01
1.054485723322599044e-01 2.987989731844123975e-01 7.667306527629893509e-01 5.754787998662261872e-01 7.326567365855195524e-01 6.761563036428102080e-01
9.562214599561041917e-01 3.483558901388325024e-01 3.366079054290223027e-01 8.428588229981637259e-02 4.481340846340117201e-01 4.411705007737171114e-01
1.302110772395109750e-01 7.281064983841876170e-01 6.167219788707261063e-01 1.779770821927596502e-01 9.561031330192026889e-01 6.541246808095423360e-01
7.171960507681898189e-01 1.027297578109539478e-01 4.759063490810206964e-01 9.964949477189414262e-01 3.269594791545205048e-01 8.480664327757555521e-01
8.236041092500978600e-02 8.710772794479649805e-01 7.383734206000993616e-01 4.691390291564256909e-01 8.821262802490589250e-01 9.480092546828581268e-01
9.599159033854787193e-02 6.295479472726326353e-01 1.693724696899400195e-01 8.557740081236133722e-01 4.543634727676937324e-03 7.014109064071871735e-01
6.432332076269643428e-01 2.375132195670497381e-01 1.270442589082031448e-01 9.340999355430285034e-01 4.470833284885800119e-01 1.613435717333437935e-01
8.433783227349348488e-01 2.634575259357093691e-01 8.693156048595945817e-01 7.729920248874282418e-01 4.001749717922431504e-02 5.654685713504919997e-01
4.734147735711269345e-01 1.421640298518433987e-03 6.013024036348298962e-01 6.895857817245720778e-01 6.458448719925179438e-01 2.413975876121073894e-01
3.902074457447546330e-02 9.708244359616732266e-01 8.409054578304875349e-01 3.132020560743786763e-02 7.751691468405709218e-01 1.334040139468865016e-01
7.917174019983218569e-01 6.286098812217476572e-01 1.602868537792343506e-01 2.230320144971652541e-01 7.922459712821685596e-01 8.448870693999694925e-01
7.311620163548409046e-01 9.953541150201179466e-01 2.768918948023417759e-01 2.026901338438140687e-01 4.924802651425863598e-02 3.611229762244363428e-01
5.708271698410001260e-01 2.596603103327987938e-02 2.505106068801815633e-01 9.603353401258554189e-01 9.205222873398203332e-01 6.243442021909576534e-01
3.879627573885413572e-02 8.257602746710167585e-01 5.939323804260610018e-01 2.107232274221371160e-01 4.102645332985291882e-01 7.556689272621144315e-01
3.242517148157468831e-01 1.815274936896265068e-01 3.703568540487890415e-01 4.444544919837197794e-01 5.707240386216427819e-02 4.494336173403330470e-01
4.961420458028220626e-01 9.078006482610259109e-01 6.452480322132911894e-01 8.554425163038511526e-01 6.090529878803589980e-01 2.794920647085339382e-01
2.239109779353565255e-02 8.775397861633158492e-01 6.262749655881769684e-01 3.896286128674987248e-01 3.457345848733541782e-01 7.485549174071738365e-01
7.234700588944518174e-01 8.703545634461271607e-01 7.014603528453567938e-01 7.853188982841541321e-02 6.244118684155873789e-01 5.809868706932803661e-01
1.789155055034388209e-01 6.051534898578384558e-01 8.227871675730673573e-01 8.529090681162830867e-01 7.792340994611238747e-01 5.965690650838373355e-02
5.212019982118596406e-01 8.181929862066851245e-01 5.476808021116785774e-02 4.176623336130244057e-01 6.944901561218247421e-01 1.638901004721177168e-01
8.747816328859403523e-01 5.447468088126680152e-01 7.409392176308922107e-01 3.936374006721495844e-01 3.783427218564935357e-01 3.375239667475911087e-01
5.208242147652941689e-02 7.715180412602016258e-01 1.238995255424112374e-01 4.186561917479522110e-01 3.423572615286920584e-01 5.187722505712298871e-01
7.839954312551885574e-01 4.766304910450347432e-01 5.756290221476384472e-01 5.541770334358331329e-02 6.899865740330188846e-01 6.690059404737839222e-01
1.686820203724285205e-01 1.214347680772992488e-01 8.768742454393964048e-01 2.721527802392265105e-01 1.193039541683489357e-01 4.100736018584899556e-01
1.030361979768745773e-01 2.147963681472769837e-01 1.187685403727206657e-01 7.144473249323268771e-02 9.922477898999916279e-01 9.528271704261974673e-01
8.564130351837536681e-01 1.228211294293876099e-01 9.775640197104307205e-01 2.656325304210949145e-02 5.995753648588864060e-02 9.536474493094090343e-01
6.526490412275002262e-01 3.833369573866115543e-01 7.380601809469362617e-01 6.905144124602458078e-01 7.368037324478667882e-01 1.335936607423260369e-02
5.802799749043610067e-01 7.428226934121550107e-01 4.650118204765327778e-01 6.020144752752599748e-01 5.628455900737039386e-02 2.435019012054785437e-01
3.761654903536001404e-01 3.003168913497703540e-01 2.608385419995096210e-02 3.126300633439590415e-01 8.250695664738084689e-01 5.192457263481675689e-02
4.159813378586284527e-01 7.493610086083762889e-01 9.687920455362815098e-01 5.663747587818472873e-01 2.005370542969182601e-01 7.838990438912974978e-01
1.262770984837577881e-01 8.440411718297418098e-01 5.264866426343230987e-01 2.210727808223148516e-01 4.148373256007462651e-01 9.623989541039759121e-01
3.084919264425763918e-01 9.160085700880331583e-01 7.973819998163736988e-01 3.118063563002060334e-01 6.195768788023614526e-02 9.258661863627678512e-01
4.254030830782618011e-01 1.434985130843485779e-01 9.214191523992498745e-02 7.876108041664968695e-01 2.798327300183162114e-01 5.547140811672531813e-01
1.940242652024322112e-01 6.407911440803115699e-02 1.776219702822375845e-01 2.447446669137589570e-01 8.118632668562487664e-01 6.935040949945945332e-01
2.315388915327092345e-01 9.790258245086103095e-01 9.033441352658433399e-02 2.269482210198552341e-01 3.221233149659815664e-01 9.830481534786158493e-01
9.906635518142118402e-01 6.534479201420503314e-01 5.352134858636488079e-01 8.912568029455548713e-01 1.578534602788665975e-01 8.582452767183716968e-01
9.593776332193758583e-01 6.566389709484612425e-01 2.086190492119716078e-01 7.977054708340227673e-01 5.492381099417825707e-01 9.035602020440621773e-01
7.643960574715040757e-01 1.162702982313112976e-01 5.360265603496426889e-01 7.675222537096159092e-01 7.640234852785128261e-01 2.060484571765728301e-01
6.570040971282511411e-01 6.587484771399054750e-01 3.755731062775224949e-02 2.133361610380374307e-01 4.343527586115152328e-01 2.590479793572010303e-01
6.460577203691009185e-01 8.930254122146086271e-02 5.317554640718201719e-01 3.845540864789426250e-01 9.669924208144086153e-01 1.405709838152767732e-01
2.363396319595650885e-01 9.547449558909565370e-01 5.651320831673859457e-01 1.157393206873720271e-01 7.771301323733574851e-01 9.455817998387244794e-01
7.974947934236066294e-01 2.930626772792360724e-01 7.948778992417177003e-01 2.481198916738566185e-01 3.482664982909899898e-01 8.213431051552045892e-01
9.256602240624434152e-02 1.488463118580083400e-01 2.591596627680526899e-01 1.640758478252630770e-01 7.105056823755306894e-01 3.512759605191140277e-01
3.159126372019955831e-01 8.490159768967014964e-01 3.339452557274469324e-01 9.023744889057230267e-01 6.131090234234362057e-01 6.795162882869291154e-01
7.913374822901445560e-01 5.156749927106384357e-01 2.529698968090865474e-01 9.885670000219630715e-01 4.755022275122615660e-01 3.312153187244957220e-01
5.468987621169874025e-01 1.796065252870936435e-01 2.225048834741126802e-01 8.283027371650285575e-01 1.474113939624093206e-01 5.924299750610785287e-01
5.649946426370989760e-01 1.784130624340550808e-01 1.155440685908161180e-01 4.742562021751706158e-02 8.478093375771319495e-01 3.673757733557642124e-01
6.920016555528873958e-01 5.080854287566236582e-01 3.241146377309893634e-01 3.977315592514127918e-01 2.974060626138754770e-01 9.596306309699274006e-01
2.333328843769123528e-01 6.467122377836387326e-02 9.907706969038140299e-01 1.662744091025063486e-01 2.185950622241212837e-01 4.138585333628100882e-01
4.088650953512142916e-01 2.902062250677763799e-01 1.597539870828551534e-01 4.834827102406757948e-02 3.342813803600273026e-01 3.813861581029964753e-01
8.965354706852669553e-01 1.141874642658278205e-01 5.530035519952910539e-01 9.055454134418672307e-01 3.599550050547308810e-01 8.562357002096118164e-01
7.621781983040070152e-01 3.379350553539129942e-01 1.781450232761883079e-01 5.820486748548046041e-01 8.163067440469573555e-03 3.651907026233477405e-01
5.597610801754528964e-01 5.265472916575238971e-01 2.872558045731783416e-01 9.602783850194762660e-01 5.359866007773184116e-01 2.895599668965757045e-01
5.243937358992174502e-01 2.064666570318152150e-01 6.799119991894544413e-01 1.251150829906251261e-01 5.668470416426615310e-01 3.904050190424505073e-01
1.399092380160227300e-03 9.735738938761936412e-01 9.791390838256022189e-01 7.721924520153561344e-01 1.914316899945381900e-01 5.814182947941836099e-01
1.210782596466464245e-01 1.652297861812801472e-01 5.269982048167711763e-01 8.597694633712789081e-01 5.366634829365091175e-01 3.413291020190276637e-01
4.563313103656848613e-01 1.942900696665591509e-01 9.773644732644263255e-01 6.783352346085330664e-01 5.242910311458404138e-02 5.182843483384743655e-01
8.068828882782995704e-01 2.558463560013353177e-01 2.060535728664310007e-01 4.840627944271304051e-01 8.219738960127765948e-01 9.207240348827561149e-02
6.964003995134556702e-01 8.715060802157925668e-02 1.661653678028141012e-01 7.750039568514222044e-02 4.318840077053102133e-01 1.190881688057113807e-01
4.824521335529593502e-01 9.779108124272277713e-01 9.765395399192768888e-01 5.189844680693967982e-01 1.785410276811666419e-01 4.744825607894003205e-01
2.864667348599208019e-01 9.456248749095823580e-01 6.747471217632012852e-01 4.762978971308946541e-01 5.770591360196130060e-01 5.750667326658787104e-01
3.536444081628320468e-02 5.742054926827390160e-01 5.419239463260338008e-01 2.234002510863877244e-01 6.613103807271679679e-01 5.114048307129639426e-01
9.870991234539595593e-01 2.471758493212921071e-01 4.408975972978101954e-01 2.474839182521428871e-01 2.646438516548451636e-01 7.739765809742331637e-01
4.961772967409983082e-02 2.625466880528692926e-02 6.400480953213177893e-01 6.120394877200313610e-01 8.362328972459284193e-01 7.573383563257529705e-01
1.489327113886717013e-01 2.898177176123830634e-01 4.439829343353695057e-01 9.212274108524380889e-01 1.230683311099209920e-01 5.393459825421887954e-01
9.434059427259421371e-01 2.938055880092552696e-01 4.770938536870459323e-01 4.420519922836466664e-01 4.222709559730175588e-01 9.940618717038739449e-01
3.220199213697483298e-01 1.036161002457139935e-01 2.560470814949868945e-01 7.669501502609525900e-01 8.355233646131628999e-01 1.583779564998027967e-01
6.741186674087422670e-01 1.500425162863955331e-01 8.461407099142179700e-01 7.263499789813764318e-01 1.243868995681313150e-01 9.390917985576294758e-01
6.331217046462999098e-01 5.206214791026840816e-01 1.885512878911090873e-01 5.858244394586367143e-01 1.566181389771126309e-02 3.534178509318597339e-01
7.139117955362106471e-01 9.120110876526126287e-01 2.214193701332698438e-01 9.425863751547455260e-01 4.784491248822271281e-01 6.488486060330611593e-01
3.369491073674668602e-02 3.516356838587058053e-01 1.755685690925071762e-01 1.997346675279227934e-01 8.612730495506893957e-01 6.701645830050273478e-01
7.639415702527618812e-02 1.646539854943970260e-01 3.485690410621677948e-02 7.735441657143985461e-01 8.500712913856323105e-02 6.179708134693607802e-01
4.847998123587959896e-02 1.296380400675293254e-01 9.952719857528202763e-02 2.101817876936205032e-01 8.595796307406156078e-02 3.543905155156193976e-01
1.951622372969993302e-01 5.457426343535977109e-01 9.301003187003442640e-03 2.158891603372565804e-01 1.209821442529880331e-01 5.310778042157644485e-01
3.831961678885611455e-01 7.116212649122249934e-01 9.949508772645543342e-02 1.716704516712534989e-01 6.581699086108411256e-01 3.040986664248691573e-01
9.835247323519563656e-01 8.559287295825200870e-01 8.945730883701124014e-01 2.977265400223956249e-01 7.734753336044050132e-01 5.602163176085549479e-01
9.018087817270804551e-01 2.075296954151578666e-01 6.844234432240630106e-01 2.110816154491639285e-01 1.903886223522366361e-01 8.068059691505040654e-01
2.415245516869777287e-01 5.674557967506841383e-01 8.800367793829877439e-02 4.054126333834393581e-01 6.773979804968052187e-01 6.437063224682523233e-01
5.607119570002615516e-01 9.367961118884624572e-01 6.034285829968786263e-01 9.424889701835197364e-01 4.391336137544497031e-01 3.093798211276798105e-01
1.607518734728099474e-01 2.932566193746034555e-01 1.439635737356841361e-01 8.191714061182588935e-01 7.864441042656332703e-01 1.431666295063716010e-01
4.250992345026685104e-01 7.376502049753198564e-01 2.890975078579882673e-01 4.207490381613441244e-01 3.421522870953722650e-01 3.249384183210105581e-01
7.016256157870881527e-01 4.899785463057150237e-01 6.811859794900760878e-01 1.054409956823180172e-01 1.626158923950219437e-01 5.570963697238553447e-01
7.976302469088885072e-01 2.877327137814006397e-01 6.704338029741417904e-01 4.560547411177273691e-01 7.528904799347654331e-01 8.722522668139249813e-01
3.221029224916360789e-02 5.610659310721344273e-02 8.393624388857012786e-02 8.682306399824347709e-01 9.016968876792719190e-02 2.567551423832148405e-02
5.851304743850915813e-01 6.308239003006085310e-01 5.985665458420289520e-01 9.405260628843702397e-01 2.227927312789088621e-01 6.963611422107043314e-01
