5.490400748292234567e-02 8.859764395494245104e-01 3.945970022669229582e-01 9.168582385707747529e-01 1.105889967124717987e-01 5.614333441984731277e-02
6.305001936564071929e-01 5.368318058819633309e-01 8.718542188752717026e-01 6.556501454059607825e-01 5.673922512624680614e-01 7.274563496788777339e-01
7.495450173328765953e-02 4.247753573335989463e-01 5.497840423950893785e-01 6.997911042880110566e-01 5.654722727600132171e-01 1.051261712414276461e-01
3.692061536251964871e-01 8.595323283321487651e-01 6.485216107116994477e-01 8.065055154530726966e-01 2.858813678301820316e-01 6.215199528805870344e-02
5.801719375872946838e-01 3.300296596448559772e-01 8.012378146015557423e-01 5.203065994316390386e-01 9.291600248869499312e-01 6.282306130660687549e-01
6.898664930910564097e-01 7.739442227704337318e-01 9.258630101040363769e-01 8.884780891621180121e-02 8.980873467488749151e-01 4.703200520878223490e-01
1.523104612215209208e-02 8.337677422668134941e-01 9.317565219435344215e-01 5.274879203092548430e-01 4.087395785024209305e-01 5.085195630567256320e-01
6.756347320028801562e-01 7.690834796688751362e-01 7.414123927904985312e-01 3.225158320911691856e-02 8.473654281457371207e-01 1.581612664745324359e-03
4.962669012930063239e-01 6.165241704548130031e-02 5.447547380815075391e-01 8.791512922513500250e-01 7.070674676969386230e-01 5.764869386104776172e-01
9.304787175836989332e-01 6.717251849714034329e-01 8.917194758465118998e-02 6.117671503667777566e-01 2.335619230296618332e-01 5.357290446023729169e-01
8.356603942121055839e-01 8.890380811186106014e-01 9.865029382048333684e-01 7.537517659930235148e-01 3.961827264878082788e-01 9.276610360600888727e-01
9.138403009568759616e-01 4.341042845693223740e-01 5.976120456837213935e-01 2.782015315557722079e-01 8.978074293786959537e-01 6.314544750558749309e-01
5.762874722280494355e-01 2.486228481597760887e-01 3.751365954157780402e-01 7.800506228878718584e-01 4.758979818168094233e-01 4.933113586164048492e-01
8.324522211051877951e-01 9.280724059403507864e-01 2.533675950260658727e-01 6.322872182453753709e-01 2.843827871372152094e-01 7.175259760744634452e-02
6.851694375558768924e-01 1.193274942643129943e-02 5.487086959725305801e-01 2.873028884043863362e-01 6.093466581327328102e-01 5.304583548916659286e-01
7.383130633678491872e-02 8.495309601681393374e-01 1.272316353721012483e-01 8.667504127693721472e-01 9.015195221152870753e-01 7.656467998025564548e-01
8.540682598562368000e-01 5.828583936703423118e-01 4.467529431995189704e-01 5.792758903932007097e-01 4.487387711697656822e-01 9.498123408065637374e-01
1.991766595420265684e-01 4.988641190538967152e-01 4.914453911108488393e-01 6.452248766602985963e-02 1.005342082084081934e-02 3.914769701715425931e-02
5.630453105845106831e-01 4.500456457652042275e-01 8.622488060818284117e-01 5.339152840544207912e-01 5.906911695133677531e-01 3.172196366663526668e-02
6.141674968565702386e-01 1.510985861475760972e-01 8.444995179200932567e-01 7.835207099126131336e-01 8.721257255726684310e-01 3.554339359700421364e-01
5.470846471602748284e-01 6.076476490060813695e-01 3.317661734735652956e-01 1.206635942258774685e-01 2.957718130402949841e-01 3.543678067410438448e-01
9.422458946820063685e-01 3.766056715188791371e-01 6.525008788126176462e-01 1.449483720111702789e-01 2.501016079011367799e-01 2.388900787745804610e-01
6.678657965008804043e-01 9.068051717096441422e-01 6.674192223687746006e-01 5.836403174250509585e-01 1.199950289217571742e-01 6.437395919951602874e-01
1.664305725281584047e-01 8.569647871680839968e-01 9.044744384834760842e-01 1.346832433500694259e-01 1.773932468687267061e-01 3.625963873145208183e-01
3.515129724276526701e-01 7.637373336611671393e-01 1.487994838180786150e-01 8.529094503369136770e-01 4.767839224122193409e-01 6.027049114565656840e-01
8.518420671293117641e-01 1.638571190708930647e-01 8.388281208921263277e-01 2.301939913454403852e-01 2.191397454658107202e-01 7.032676244187013870e-01
7.090266398045464991e-01 8.359044223394782591e-01 8.259133335499282413e-01 7.440103439795686668e-02 4.236113822980857035e-01 6.741484550552945265e-02
6.263684539312718291e-01 5.205467415904435624e-01 1.682044315911761512e-01 8.091968390054127269e-02 8.980517369482147183e-01 7.392687835743219082e-01
8.358996867553691867e-02 1.060386374395240194e-01 8.420158888745050696e-01 5.162358223573698668e-01 5.637783115937020639e-01 6.669011319820465911e-01
7.509901370794537234e-01 5.883909697305894637e-01 3.094010701946544595e-01 3.869858927386997660e-01 3.174882222155410716e-01 9.060334611264296845e-01
4.317382993943795766e-01 3.351924783860824597e-01 5.143957442779255596e-01 5.582092917887793160e-02 7.924865678954269299e-01 4.150706891066148208e-01
4.284290489509992028e-01 5.422730261882962033e-01 6.250923483546874104e-01 4.857896271781797504e-01 1.770010754788206020e-01 3.932046167900948852e-02
6.195615332107164974e-01 7.155160323670693989e-01 6.134882910164106695e-01 4.001242325301870295e-01 6.939851457253090050e-01 6.329374784936055987e-01
8.554935572971849034e-01 5.021228862602137299e-01 5.444537067355892379e-01 8.811636597958478756e-01 5.433940942111038508e-01 8.704716322297334496e-02
4.489064317174258356e-01 6.360019454250539495e-01 8.377296216878453716e-01 4.214512306101880768e-02 4.254619421847199989e-01 3.372185574288454335e-01
4.416168193517919782e-01 5.160009229200853698e-01 1.751342852636610381e-01 1.781221551759027966e-01 5.491451931526533103e-01 3.567263832900026133e-01
9.134236192576619118e-01 6.174189793303104246e-01 9.581824925656043934e-01 5.770931128270272437e-01 1.921999449520308545e-01 8.434097096963477647e-01
5.950711577136439390e-01 1.890681673104082083e-01 4.057275143697496311e-01 1.213045132686693117e-01 8.831589444695655544e-01 5.828430244787474734e-02
6.784051870524180350e-01 5.178511372843627170e-01 4.278742160041070219e-01 2.794998259830687726e-01 5.667325513974973417e-01 9.503607728846562575e-01
7.077621130638680480e-01 6.417614521567456265e-01 4.844237021554977929e-01 4.821106584452933275e-01 8.603137618619755012e-01 8.316869217383098256e-01
9.789584037607226286e-01 9.515138030347780607e-01 7.975059474991593733e-01 6.495197785642307098e-01 2.406981476549477916e-01 6.077321506575606991e-01
1.064803605191877445e-02 6.340537187017092347e-02 9.174908815568344478e-01 6.159413230793340244e-01 1.422257157699310381e-01 6.131940437826057799e-01
5.775362263199246282e-01 3.676901812511186307e-01 9.368439811892339542e-01 7.721209651679339370e-01 8.825971533423296878e-01 8.235083206752563667e-01
6.528454280542416166e-01 1.250317125117903494e-01 9.943707184331569415e-01 2.640967730388008583e-01 7.507711586227643341e-01 5.194590193299671865e-01
5.640918939708161606e-01 9.324776594877739466e-01 8.593507568647261730e-01 4.591711446830758492e-01 1.624689857278616145e-02 1.392279263361547725e-01
9.095295950991277856e-01 9.410685766307310685e-01 1.287858249390949616e-01 1.418715211731448322e-01 8.490440167570468821e-01 7.942589926463421435e-01
7.180465309291028664e-01 2.284129312381126820e-01 3.060149143223920287e-01 9.884342313098970489e-01 2.492769805339173361e-01 9.542209215962128566e-01
8.528716721658414768e-01 6.979594905076346167e-01 4.698688654944971343e-02 9.356215036401371865e-01 8.382637054092296758e-01 9.385014699384621739e-01
4.745798377841078386e-01 3.474603180663126123e-01 2.380995129117441378e-01 1.417057862598569695e-02 8.410119901408286136e-02 4.495098602298750468e-01
9.176873576870229199e-01 1.433006337569509014e-02 2.211079316767522451e-01 1.106972293365495741e-01 6.433679170098056677e-01 1.566267039347970513e-01
1.938459813315853708e-01 7.283758752946875026e-01 5.140190880670469920e-01 8.148943908693574434e-01 7.844520254542152182e-01 8.050478004178784897e-01
4.933420970249684512e-01 5.361616598359713048e-01 4.762123374597220238e-01 9.300877392947553002e-01 7.845228794168509490e-01 5.383351128375735151e-02
8.442657576095332628e-01 7.644934121768200974e-01 2.260814861160312939e-01 5.512154363873733587e-02 6.968426067889197384e-01 7.957353634521748820e-01
9.247214740341368477e-01 5.925844605187838843e-01 6.181141116285548964e-01 6.566964352871897947e-01 9.211607865603641532e-01 9.482241080575460890e-01
2.362754897319153669e-01 4.174364674625911098e-01 6.574734463494605885e-01 6.417534388456730410e-01 6.686193950133300090e-01 2.552414242444487336e-01
6.615331360135054961e-01 5.800082610182101250e-01 1.410250108660920931e-01 6.461000141947225162e-01 3.976885537535689297e-01 9.212966043257471149e-01
9.171460874166690314e-01 4.175118097937511319e-01 5.304051911844961387e-01 4.633467088642153620e-01 8.160950328994737157e-01 3.124262811098800219e-01
3.879542408512409724e-01 1.695351703294184498e-01 5.659401254063952669e-01 5.617300437513635947e-01 7.473701361308250357e-01 1.939558414619714233e-01
7.828137306545768226e-01 6.626207008238094165e-02 4.723500333196258838e-01 7.361146498419552930e-01 9.375771827520186230e-01 5.010590352417111371e-01
9.234319893647701116e-01 4.205654312807175499e-01 6.383602543415538566e-01 7.561154417688735752e-01 4.621469500234420824e-01 5.542954035157552362e-01
8.844420790588437553e-01 2.962509089151709185e-01 3.174265981400623549e-01 4.938436224504061389e-01 3.911056068633732563e-01 2.120803706744434081e-01
1.584898818738711412e-02 3.441476000416460179e-01 7.684067879734904905e-01 1.410955289560544834e-02 9.021529753915547012e-01 7.275576922938024049e-01
2.513949934495344207e-01 3.627515707659711985e-02 3.012600103830930243e-01 3.821316052742916858e-01 9.631910190069070676e-02 3.762389781481995099e-01
2.976882536983619376e-01 4.472827091536913935e-01 5.155716127439480267e-03 1.921848369067458151e-01 9.835845880409108677e-01 3.874187794241776839e-01
3.052769470144933717e-01 6.595138461922258610e-01 2.731165536773061397e-02 9.720981157552505136e-01 2.265718654944743893e-01 6.860466046013656838e-01
8.967543820585508474e-01 2.336956462288162228e-01 9.081525076321950163e-02 5.184902843803154138e-01 4.115375968946068941e-01 2.836194966434667508e-01
7.314397387316848853e-01 5.691903962783458892e-01 6.862970262979617431e-01 3.890317233370408356e-01 7.290596615872383390e-01 5.199430563122596771e-01
5.128451344924668254e-01 1.921292201752757833e-01 7.712820737777370539e-01 3.522077233290467069e-01 5.250847010303991702e-01 9.312509662916892417e-01
3.646032659806872633e-01 3.578041572600054732e-01 5.941137142519278269e-01 5.259307737902707558e-01 2.782283872050156370e-01 4.718761546145255892e-04
6.154815137609563891e-01 9.310481605787848114e-01 4.150045705977345456e-01 8.288567507014454883e-02 4.691241070063311147e-01 3.117471833684691829e-01
6.384123301977062681e-02 5.638834454560208709e-01 2.419621297295360129e-01 5.513960561966606555e-01 4.957456278176175513e-02 3.130129618756951615e-01
9.726108326842701768e-01 2.029121760001724173e-01 2.906068205022658280e-01 5.233296642100799811e-01 7.241176318937514456e-02 9.142731455004504681e-01
5.908521219856461837e-01 7.442243328426599858e-01 2.262271087438813000e-01 7.678609205076497579e-01 5.125841351306922311e-01 9.147652228153906329e-01
9.250086484047720381e-01 2.882647804475066966e-01 8.834949102365252660e-02 3.105585251528448776e-01 4.751397008707276548e-01 5.432807340620657843e-01
9.729400218177802762e-01 5.123298881364019008e-01 9.258781078820577104e-01 7.482695452135212921e-02 7.567093370648276807e-01 5.304185313246059241e-01
7.287995821814915454e-01 3.603723701468353191e-02 3.897857471781855931e-01 4.006728114928987949e-01 2.152006855671232399e-01 1.289607501183577254e-01
4.771257356420989248e-01 4.183763422524350295e-01 2.008635273099702578e-01 9.565889348491628530e-01 5.882381914365923947e-01 9.375960502245861417e-01
4.852694818981664326e-01 3.870922337702142890e-01 6.079074186135641211e-01 7.076292624764268790e-02 5.952932089040330332e-01 2.342007573356696959e-02
9.506346211838924143e-01 2.772098595216951900e-01 3.389028258249069392e-01 9.041018317510918223e-03 4.007978945169191620e-01 1.813519579256730463e-01
8.138449947908502624e-01 9.150020629284967288e-01 8.518361581147692041e-01 1.292272985639113525e-01 7.196126746872477664e-02 7.671786669031901429e-01
6.731797902002638612e-01 6.594886034967154531e-01 2.966458822672511930e-01 2.277528098893235597e-01 3.290848098328076343e-01 3.204875339498186593e-01
7.039875322249867784e-01 4.636681444369191718e-01 9.690460781969110204e-01 9.383263459749051627e-01 3.441842161388192212e-01 4.301291777286218032e-01
7.135840913253860274e-01 7.065581335797022078e-01 1.499290147801518591e-01 3.923030438117935947e-01 8.459895384889685177e-01 6.804153083046713402e-01
2.953317665295939198e-01 8.862462290485692007e-01 6.121122143665452819e-01 9.476070133626477432e-01 1.927723018040782277e-01 7.357203524217498236e-01
8.222437869823450152e-01 1.280428701243740974e-02 3.122156001330924635e-01 9.098458015615584760e-02 4.045457416664757222e-01 6.355783569441519898e-02
5.914981669106821327e-01 2.285442525878534914e-01 7.269286972501849409e-01 6.026730030920863790e-01 3.133371173969745627e-01 7.656788656874145005e-01
8.535947730614479312e-01 4.781374873291092120e-01 6.510578551711684314e-01 8.708058530886522153e-01 8.603913975640639089e-01 5.252501265585528545e-01
6.233579971922107443e-01 6.212152937646708839e-02 9.233427095115454009e-01 5.959235258316434303e-01 1.366835567362635340e-01 8.841580664148297464e-01
9.869032237514241412e-02 7.762172924460926104e-01 2.338538344897984622e-01 3.222801579314383824e-01 5.033276849724230839e-01 6.137142976163977304e-01
8.031216662017545138e-01 2.952881937104144816e-01 6.371625451342720625e-01 7.456626436143836134e-01 5.500578187019454779e-01 8.565449447728534782e-02
8.677997455535330085e-01 6.201525265330385395e-01 3.083917566394588361e-01 2.761019266065640743e-01 4.044206050330146907e-01 5.286707520964513130e-01
7.450113918546086289e-02 4.453854446109443144e-01 5.433695662603006404e-01 5.201820934942631425e-01 9.310115725399579212e-01 6.620420841826727409e-01
9.010279053572358698e-01 5.046666171012557101e-01 2.899374042553803932e-03 4.040635654024948842e-01 5.920957545493998886e-02 2.497234712462133022e-01
2.025106107775165309e-01 7.190951918199994797e-02 7.152184302186199716e-01 8.732659169352118278e-01 4.090948833195422463e-01 4.131730303707936702e-01
2.988977915690427256e-01 8.544555625459656634e-01 3.434437221724390144e-01 5.334774316600164878e-01 2.993901224148246554e-01 1.478626422272357743e-01
4.182009953418142079e-02 2.980665955358435815e-01 1.366774042475760176e-03 3.998150675781797503e-01 3.760540496205481142e-01 5.035091041360284514e-02
3.275598203787059015e-01 6.727058422574884178e-01 7.136178974497329186e-01 6.908276005338331860e-02 6.699159347531469244e-01 6.701411758497972659e-01
3.501997316503776547e-01 8.883765702860147995e-01 9.404699891402595879e-01 4.601495333027005863e-01 1.185091092524664935e-01 5.975542751891271820e-03
4.657801054342660674e-01 9.469680343651102339e-01 7.299310521452139211e-01 6.936552604230930008e-01 8.797223566892424795e-01 4.587398259213536500e-01
4.383497467124469749e-01 9.412136013831617909e-01 7.437320437100052306e-01 9.320682805308677654e-02 5.820662304362493877e-01 3.775294730222242823e-01
