1.249352002538802742e-01 4.746157951128282537e-02 3.179885883937627611e-01 2.888796311503289971e-01 6.818360326283579020e-03 7.918520048875314910e-01
9.247669512860987595e-01 9.667168684848436166e-01 4.071099495550938308e-01 9.361601316947476548e-02 9.674108708807344081e-01 2.861513992293868158e-01
6.880174244174128706e-01 9.263642913440791604e-01 9.932761466763414537e-01 9.626093771656044629e-01 1.199117211554781015e-01 6.139078670927052839e-01
9.091421213227556253e-01 9.887162461647114320e-02 1.114454607136063924e-01 7.184128710549860797e-01 7.166102697528516918e-01 8.825482678681750848e-02
4.269654897960556417e-01 8.038853260150191637e-01 7.666764733959663403e-02 9.990896241080517992e-01 6.727920271347246350e-01 2.494205227861767682e-01
5.282852800393609272e-01 9.452527697128181305e-01 7.411091592374696724e-01 3.861933567565157821e-01 3.342150213774632839e-01 6.728623268361186849e-01
9.998182263663514258e-01 3.268421443542717242e-01 8.240006786684872520e-01 4.216005479338945650e-01 2.696803358816054486e-01 8.797417601702278711e-01
8.576181061440690812e-02 1.000071097695330868e-01 6.137235907930675971e-01 6.882342384312895023e-01 2.841220945605200665e-01 2.352307855302099293e-01
7.566173388080686957e-01 5.560552536565027681e-01 8.902557612735980674e-01 1.927637770446649634e-01 3.907463758731954950e-01 9.669294926868097217e-01
8.596813498440303292e-02 2.118658643508620765e-01 7.517301478226059430e-01 9.017776244912728556e-01 9.395369236991691908e-01 1.815690119526721658e-01
3.069267335435755806e-01 2.046119824172315527e-01 2.579144767214558431e-01 5.630144359820588029e-01 2.474929989417404830e-01 8.791128384028414899e-01
1.953875301282269605e-01 4.159343305834403148e-01 7.143045970161424618e-01 8.100526789922083415e-01 3.797430937127463935e-01 5.900058985704790260e-01
6.004450680044491895e-01 9.197600000492611727e-01 7.608819279847700567e-01 6.975875462325823451e-01 2.129375637333583704e-01 7.875084696288761066e-01
5.706473999065124758e-01 3.758339645765302883e-01 7.289287586503435667e-01 9.882722979498164140e-01 7.956442027264699624e-01 6.218629899544136919e-01
8.889900325952519999e-01 5.567303900728922672e-01 1.639120583033110146e-01 9.019923041834195798e-01 8.287298912055894862e-01 8.910798100709349523e-01
9.529299858511330878e-02 3.659787521280243316e-01 8.468999500768864541e-01 9.901839181891727293e-01 7.715379615852931972e-01 1.710931811298272986e-01
9.556819755316170450e-02 1.458227440095153371e-01 9.564130419768108737e-01 4.412844334189288675e-01 8.285659103130803560e-01 8.143082157671809318e-01
1.356883065822604983e-01 2.204563119978707464e-01 1.993073460773980843e-01 3.788233990098073267e-01 3.519967538253063744e-01 1.625091129133307000e-01
6.837629913806518855e-01 1.954034094617254080e-01 8.871870432892799974e-01 4.581745378377366507e-02 7.751040658360435209e-01 8.328786366879797898e-01
8.128442231391959094e-01 9.838115663340063488e-01 8.845293659242575712e-01 2.445003080224557035e-01 8.659804273275262254e-02 3.947804984966438724e-01
1.384433905397431941e-01 3.845525913750448277e-01 6.577959302411948705e-01 4.211749235510605649e-01 2.972225087724083004e-01 9.342104827446271464e-01
6.023524779045092981e-01 7.284054507288683089e-01 6.219283945394104007e-01 4.535325825959040102e-01 8.703806830054561239e-02 7.290773469546989460e-01
7.914677575074353655e-01 5.826633329380852544e-01 6.975365387482090895e-01 9.431168217821814803e-01 7.499763594949447887e-01 2.823947922388714282e-02
5.193619428800058113e-01 8.463155345769963755e-01 4.816249352514571092e-01 8.196183250166437784e-01 9.386372614596077968e-01 3.572136343097014333e-01
6.949123406872437236e-01 9.432213368999847747e-01 2.224099541680877312e-01 9.619577723665787561e-01 4.310353593284169671e-01 2.724484795430852646e-01
3.540201595344427687e-02 7.530137914328371984e-02 9.874257448727707942e-01 2.622492551788963011e-01 1.045449698658806881e-01 9.250485419793916808e-01
6.573959369615725024e-01 8.570662769740100551e-01 2.321013367024366003e-01 2.861291806631739432e-01 7.966314374044951574e-01 1.670598607499957922e-01
2.279763493310726918e-02 3.408835360739003173e-01 8.434400091391256460e-01 7.130671261997061361e-01 8.513941528626923771e-01 4.015252893335784501e-01
7.793211905693027131e-01 8.707618960286587217e-01 2.719097596512879411e-01 1.993292959506890449e-01 1.616433744208219947e-01 1.276112618830615997e-02
2.873863139790658883e-01 5.249058913952675542e-02 7.493107457958203543e-01 6.528121483173071615e-01 6.938952409064917948e-01 2.132194893083317888e-01
5.153098731191371185e-01 1.986014863037134370e-01 4.080416984619397169e-01 6.041712227235895849e-02 7.631444983898713064e-01 3.608037446111930224e-01
9.077080147142866373e-01 2.260321137342183873e-01 8.555239723363314841e-01 2.818335689853339598e-01 8.669090060065984815e-01 9.595526993136839211e-01
1.466806169928399628e-01 4.906978370010783852e-01 3.869870279561632431e-01 6.477155258446545272e-01 1.811540342242263790e-01 9.635206968490594992e-02
3.067196310397892756e-01 4.241606845012046989e-02 1.475305377580867772e-01 9.360674654659237870e-01 1.037605744924513518e-01 9.808062262076941984e-01
3.275909456027616962e-01 7.713686685192244763e-01 4.283433101794209552e-01 1.052693173699116302e-01 6.369931250484439644e-01 3.323669296489961678e-01
4.375051451881664111e-01 3.267527568183273834e-01 7.396345701830393526e-01 4.654811031591329362e-01 3.357624042562485922e-01 5.999405090542384578e-01
4.608463906880473360e-01 4.114764603946365895e-01 4.579873488840447981e-01 8.842967983495915174e-01 1.807796377841508484e-01 2.124238321829271525e-01
6.177608536634090486e-01 9.567639514188153171e-01 4.795045790402061581e-01 1.794140516011344388e-03 6.432065560540508597e-01 5.170515825272555821e-01
8.059571683741443282e-01 5.554961445697967903e-01 6.535813681688950050e-01 7.737578120399888348e-01 8.177703647412782884e-01 1.197081792207830286e-01
2.910792283089073118e-01 3.741246695629885100e-01 2.843758071946517196e-01 9.634034594259066608e-01 3.839797851476944857e-01 3.996247193725523950e-01
6.118314868476016910e-01 6.506919739043145468e-01 3.049093289459113842e-01 3.251787581304673713e-01 1.891425648644226021e-01 7.973261599197779548e-01
7.578599348267717195e-01 5.193927123870825113e-01 1.984609394784303538e-01 4.866099167556358074e-01 9.570989250658832326e-01 4.949055324263870181e-01
8.161753140478933410e-01 1.321275166612599916e-01 5.927151106594839014e-01 5.536071816408459911e-01 8.007712986743842354e-02 7.992780246285783319e-01
9.006578351548926165e-01 8.192071892211434392e-01 8.812342617298771774e-01 7.845877095180971983e-01 6.492805429335181122e-01 4.027632311921146568e-01
1.318629486151313701e-01 2.066297193379210695e-01 4.263420218008640017e-02 2.098362988663055040e-01 6.704634048766089371e-01 1.161041412405412476e-01
8.163765885564544522e-01 1.400451429728474251e-01 4.573122233465969355e-01 9.000960953032527412e-01 9.838616325525544326e-01 1.943212018762157101e-01
1.977931579047188526e-01 4.338311850979541529e-01 1.233045804607744156e-01 4.986574774947573063e-01 7.401407428009679768e-01 9.270201398793365133e-01
2.035624036673577830e-02 1.593732322722939410e-01 6.925532702432602994e-01 6.408815707445006948e-01 7.626793330619486833e-01 9.863027944617130949e-02
1.095466097558671636e-01 8.778658915182702138e-01 6.928636590719541299e-01 9.380973224519865150e-01 6.000197406078063844e-01 7.392770186357994211e-01
9.515640255451539575e-01 9.201220507785562441e-01 5.714554300482993510e-01 5.559706744365022768e-01 6.314234243883066755e-01 6.924426600752386918e-01
4.651304157085734969e-01 6.005338340662335073e-01 9.068715691653947975e-01 6.167231212053573275e-01 1.533356918647231781e-01 9.132319416092822273e-01
9.627301351060012502e-01 5.720889500944416062e-01 5.147234896384996761e-01 6.417694313362983793e-01 6.001893844913017695e-01 7.727006218288506867e-01
1.675439632192522454e-01 4.412079024117643300e-01 4.178332357749479087e-01 3.789793055960883894e-01 9.364859511360388300e-01 6.088176568263623523e-01
7.311974653185767670e-01 1.065228078445683568e-01 2.830588579065451693e-01 8.929215108631937126e-01 6.851871967317202383e-02 7.692771888112026613e-02
4.628296360473503901e-01 6.359816377470568494e-01 9.418811105018459751e-01 8.322299313678607202e-01 1.111719891620033263e-02 8.886330797656386560e-01
1.795316590328621675e-01 4.876980054391268915e-01 4.684620313978814510e-01 4.672752725637624449e-01 5.792354445044202160e-01 5.129252815227972606e-01
6.759376617626575712e-01 5.016056633496022155e-01 5.641407352488648774e-01 1.874007804639380437e-01 7.817220963402757850e-01 1.208337658689931926e-01
1.135750047589630940e-01 8.897122497229712490e-01 7.294884201033093873e-01 8.695333441618412484e-01 8.265787580979832017e-01 2.158793556698971328e-01
6.478463980996564953e-01 1.547300186248711240e-01 4.659765016766701518e-01 5.318405393828286032e-01 3.296775226066502862e-01 6.114458536775668751e-01
7.611864079796630822e-01 6.852767887809335656e-01 8.472496319885003402e-03 1.103876429273115134e-01 4.684515482209034021e-01 5.417305140001774655e-01
3.840262798115764431e-01 2.174178551134703374e-01 2.916689677998339780e-01 8.158649146172209932e-01 3.516046062291029450e-01 1.184379619647913939e-01
1.699338160837445821e-01 3.770679955853348808e-01 7.893489790055508992e-01 4.001696128038795264e-01 2.620324873525381459e-02 9.021012865063565700e-01
6.554588939125359781e-01 6.458949855267682727e-01 5.868155370714779329e-01 8.151944777489418259e-01 6.750682840673867258e-01 4.059398866076890933e-02
4.354462265486226391e-01 1.503712953849465350e-01 7.456982483843576093e-01 5.792516545404484685e-01 5.070336509361511590e-01 6.265953451211817571e-01
6.924927611281944673e-01 3.271317882926046972e-01 6.586006303161744402e-01 2.701659639576540206e-01 5.888914880726524581e-01 1.423088411243922380e-02
3.154038741721135741e-01 7.717513571086788149e-01 7.668369163289200374e-01 2.970820327378466130e-01 5.706086121728919380e-01 3.697741457225399708e-01
1.561628521333155994e-01 8.870011756867903774e-01 6.811974118054784366e-01 3.204018118639933022e-01 9.616456656306808792e-01 1.913157729055821044e-01
9.147454545789258651e-01 3.354393639133610439e-01 5.612477875689142470e-01 4.246269073761114177e-01 6.767892809937843257e-01 2.592857027821310334e-01
1.058994812173822408e-01 7.641564250266120739e-01 1.521071617364694317e-01 6.709115346196234952e-01 8.987159813818069720e-01 2.966379994103368611e-01
1.143625781242066930e-01 7.666816417605115674e-01 5.940189453995514679e-01 5.574029847364803114e-01 6.271349493854787571e-01 8.626617485558729648e-02
1.474966992390261966e-01 7.053335645895669748e-01 6.196903074407794643e-01 6.663477717637533715e-03 8.775032858697121574e-01 2.612647829696249646e-01
4.023775929003059471e-01 1.534885310691834759e-01 5.305062120999670672e-01 5.270716493917459999e-01 2.753410964857447851e-01 5.927813868580983359e-01
3.549593394459860107e-01 5.849511930448726416e-01 1.290854547529992624e-01 1.411181633431261018e-01 8.980280303832776090e-01 2.324633244595252224e-01
1.650001655377463239e-01 7.230894256144604348e-01 4.287925154424698793e-02 8.698084881473320262e-01 5.650728360165109265e-01 7.458423847011372843e-01
9.695818451344967448e-01 9.122138656208866880e-01 8.131883643979669340e-01 2.884380492835212362e-01 9.764434977326286180e-01 1.951898571078565237e-01
4.119262694826091309e-01 3.676799052100513387e-01 6.456210757554348145e-02 7.194835904235191704e-01 5.189725227221420045e-01 9.332379183247740961e-02
6.645476283388623839e-01 5.253809682556844773e-01 2.338757398604044413e-01 4.642307462435554255e-01 1.902955455830024345e-02 4.996240234261326574e-01
5.145070865783736291e-01 9.680707700250608116e-01 9.474047491715738012e-01 2.907446757025951012e-01 6.337833902304618183e-01 3.149298595459231187e-01
2.868199773448374401e-01 4.199141073670209501e-02 3.412900976161434841e-01 7.618751449147564969e-02 4.776273227317506809e-02 1.851202605267616708e-01
4.756989894262985130e-01 3.938268523011170252e-01 2.157285237052944948e-01 2.857007761400375268e-01 4.549459737161727357e-01 2.956356350377977726e-01
2.104481476543162977e-02 6.561813169467286544e-01 5.022553614460353311e-01 7.986760841007056744e-01 4.716760309300123133e-01 3.425617223598131922e-03
4.285709105484307724e-01 5.764484369952170839e-01 4.123202520682525130e-01 6.471726893084654986e-01 5.311411225602947761e-01 2.781647118601167090e-01
3.111958095403837277e-01 3.341092184343665838e-01 8.662838170061499810e-01 3.694868085812564873e-01 1.575661581220844099e-01 8.222681075150957142e-01
4.999711947720993921e-01 7.500231518072494330e-01 3.334611525727197989e-01 7.864560823859041427e-01 2.581073135034565036e-01 5.323699288291650067e-01
3.693107138864559769e-01 4.471134148686386478e-01 1.613964180457737596e-01 7.071481930272497385e-01 5.423122197852815463e-01 9.003718566792977551e-01
6.578488403848630206e-01 8.248049118008445868e-01 4.258963135722099169e-01 9.730301696977105008e-01 6.408470020670864464e-02 9.960548489760282509e-01
8.735609985555815582e-01 3.467302550214299561e-01 4.975060691897232878e-01 8.334025615729980796e-01 4.381781208916842862e-01 5.934498777674869219e-01
9.254685192794773752e-01 1.519275933921556687e-01 7.105689039633367177e-01 1.130582952490069015e-01 5.208851190541248233e-01 9.816604272701687783e-01
7.869081499844443606e-03 6.460483675850267060e-01 3.339911221261941954e-01 9.865357555143132728e-01 9.849374098020833301e-01 3.582447021201078385e-01
7.148152457849018537e-01 2.901485361990330247e-01 9.807479885010225162e-01 1.213054285761181461e-01 2.157024033873855551e-02 9.144103699866938939e-01
5.056934382436124586e-01 6.112486647966616227e-01 5.188493336548267720e-01 4.270475236220000470e-01 4.135519053195184647e-01 3.871935289538209757e-01
4.309081484479514446e-01 3.815248102725055102e-01 1.967019617102850892e-01 6.783292949550714379e-01 5.596354397103129319e-01 6.887268073262307055e-01
6.927331358445243392e-01 1.623683901847305933e-03 5.565489977233906149e-01 9.347014884509875499e-01 1.162752980754241383e-01 2.526325583501923822e-01
1.716248842109812101e-01 5.696793505336541497e-01 7.529243229141878713e-01 6.060137345459721825e-01 6.612772109539246657e-01 5.690949985688517065e-01
9.171817165680169470e-01 3.948687945645501518e-01 9.599801358747840352e-01 8.392550370793614434e-01 8.674367143869492480e-01 2.738624940546731112e-01
1.191925736188936824e-01 9.271064457078210808e-01 3.185203609278735026e-01 5.033979851947069095e-01 9.775733751298502083e-01 5.553361290553758822e-01
3.948567433569226681e-01 7.034054497864135058e-01 8.725078369235986786e-01 1.723522846617037141e-01 2.559682707304289373e-02 2.285790482254812517e-02
9.732611810967923827e-01 6.717878571988465941e-01 7.694539738039323229e-01 1.186996335869161534e-02 8.902443915381293982e-01 1.719754737769070285e-01
9.879076199742895525e-01 6.792278897925805303e-01 2.106636449682315337e-01 9.757572537831331605e-01 9.790292001641176522e-01 6.042795239609519697e-01
9.656240881417506028e-01 6.327611337117260426e-01 4.357451111712725700e-01 8.856014379082133292e-01 6.283234627737686040e-01 4.423689594379238699e-01
