4.578339371891472220e-01 3.188740626106280063e-01 3.783203803888891548e-01 1.131884014081872003e-01 4.170223273900077743e-01 7.288539433707061921e-01
5.474442671277531813e-01 2.132817969786517942e-01 7.667876761639693672e-01 3.772678246282363812e-01 7.530175544165336188e-01 9.281701065474888823e-01
4.014335853607108318e-01 1.408550404087769437e-01 9.850276157591373316e-01 4.463943518718950232e-01 4.760226369306066463e-01 8.656989171922212511e-01
5.835617884999055871e-01 4.408466390624353748e-01 6.365875292884010106e-01 8.269404724326114842e-01 8.014299217291266375e-01 8.589454631782612593e-01
4.577682427688735123e-01 7.476906627533531635e-01 7.851464342972835908e-02 5.981335249338672888e-01 6.335753671049348945e-02 9.971308758838257624e-01
2.149665499877473351e-01 9.345150853482634412e-01 2.665361359680162856e-02 1.099643731458229690e-01 8.481954297530934772e-01 8.866592049403296816e-01
2.273221529432568611e-01 6.525284877132977446e-01 9.680158017758833111e-02 7.160058204836940998e-01 6.301871222793790084e-01 7.989023007125939380e-02
1.977023738736624070e-01 8.367869578737114900e-01 5.966934943662455249e-01 7.926120294453391502e-01 7.995032653109346299e-01 6.374454791250813157e-01
6.727885835057764163e-01 1.528807300787902168e-01 3.291535445286508654e-02 8.299380149382340477e-01 2.959070395339503667e-01 6.914809609544531055e-01
7.931712440190662461e-01 1.684478111478902029e-01 9.390185815171434580e-01 8.399309234094189947e-01 1.119160366200362411e-01 5.710263101439008171e-01
9.393457667925297905e-02 4.998363237029688211e-01 5.659541038822659687e-01 9.592836852157877736e-01 2.969365987885028701e-01 1.140463372887713378e-01
1.114435939258506814e-01 1.808661183197978195e-01 8.938526781669527965e-01 8.026380190601913878e-01 5.987006375851092743e-01 3.494602422489001547e-02
4.602618837527352458e-01 6.228294592616995251e-01 7.734064148073612754e-01 9.349094824392496506e-01 6.631332005446202160e-01 3.804993395242355358e-01
9.850419414703120990e-01 7.216976486607697971e-01 6.824181591806621761e-01 9.919429345827571742e-01 2.606110345253923599e-01 5.821935972597602760e-01
1.235140190022459006e-01 3.944959577676513396e-01 4.228203721590296782e-01 1.148262747925766769e-01 5.861478454787338865e-02 8.805463298972491248e-01
7.403035889902968014e-01 4.061697007576572371e-01 3.058687644026070185e-02 9.623748361975623666e-01 6.439528058391418286e-01 8.309997516725482480e-01
3.539650075469232826e-01 7.663076770227149614e-01 4.807921159805960132e-01 1.893094256324783231e-01 4.094137908828549000e-01 8.405946322325855702e-01
3.074627678512820150e-02 6.353973873457009480e-01 4.512551402457753991e-01 6.138383967351530579e-01 1.124193103604151922e-01 1.299646216032668278e-02
1.780515190769192957e-01 2.249118187204247610e-01 7.414864271172461052e-01 7.284957758930054039e-01 1.391347677445110564e-01 8.257803519088715571e-01
5.969844605153565853e-01 2.965058062353803647e-01 7.583752070618676733e-03 9.723901156892237330e-01 4.130396756147416415e-01 6.526647602123619718e-01
7.660738432518151564e-01 2.372969272675721220e-01 3.855579472209309522e-01 9.472967795724396289e-01 6.660215404445046783e-02 8.488363899998963014e-02
9.050595586525449487e-01 3.227828930717393519e-01 1.636528389929655658e-01 2.441535952317374081e-01 2.850040273455702877e-01 4.949022219205525541e-01
4.470880817109155192e-01 5.113149706274480177e-01 6.448179163313372264e-01 4.050993523523087614e-01 7.790353913238139416e-01 2.213347810349890477e-01
4.849583295787275317e-01 6.612487527795773978e-01 9.898596285407255113e-01 1.840434009066038712e-01 4.916925860384899760e-01 7.123248276473023166e-01
7.680057143980567602e-04 7.445595058072286276e-01 2.579480527018027658e-01 2.203898792221261616e-01 6.506111007724801887e-01 8.800461033703724789e-01
8.932754607292864302e-01 3.473008313000335301e-01 4.562427801701339769e-01 2.444984346057965663e-01 9.004149339544158526e-01 3.228723720523651863e-02
8.030921746150273544e-01 4.148603509471742168e-01 9.482642615485170623e-01 3.563526851466372047e-01 6.060445705911140513e-01 7.447276248478792438e-01
9.208071022743105072e-01 5.622359653332343887e-01 8.416720478165841124e-01 1.330731307547140529e-01 2.106126501783479599e-01 7.080725387353575817e-01
4.524365900479603297e-01 8.741600487904566119e-02 1.504785968196018509e-01 4.927466497478857343e-01 9.032945210835453542e-01 7.983738897281870139e-01
7.159050760199037189e-02 8.762602425558767560e-01 5.334875196812751685e-01 5.658646632352583028e-01 9.031477673475585277e-02 4.926733952648315595e-01
8.894245057477627725e-01 7.095550509129699979e-02 3.211808644451555894e-01 6.668896492144114063e-01 9.697000304108576163e-01 6.905785647338833488e-01
3.475810007702467841e-01 2.424026508787511247e-01 8.316199516512057244e-02 9.034500041911647239e-01 7.190709367765224513e-03 1.874139972796751152e-01
4.031175632380581408e-01 9.480929579028098964e-01 4.708387775350297844e-01 3.938998135567038927e-01 6.771623833482565136e-01 3.068036047579676406e-01
3.617306629476759738e-01 3.379875664450752160e-01 4.132283058013933585e-01 5.015057642373706992e-01 2.687890262721910339e-01 9.991205594192291706e-01
4.546808052070503425e-01 2.164441711567931526e-01 7.559221367954525039e-01 7.023342614484799906e-01 4.533812394940330837e-01 4.551445307998682743e-01
5.189741898709167023e-01 2.239841442807827265e-01 7.464671923359311734e-02 8.316424468511023349e-01 3.850804369108927760e-01 4.380427414648205842e-01
5.406290466103413905e-01 7.761354267956784847e-01 4.905745079411378828e-01 5.024089710928228980e-01 6.298253793903685338e-02 6.047877049605313582e-01
4.527121566696463706e-01 6.097874726164008718e-01 4.596060963762818030e-01 1.881680714720789238e-01 7.983781998056189710e-01 2.917648393407057394e-01
9.852443759934460532e-01 7.413575346740436389e-01 1.216802626377653240e-01 9.639843478898436624e-01 4.715593865878942026e-03 3.498961672202848261e-01
6.482193295623869256e-01 4.824570021145659915e-01 1.358381722440190620e-01 5.667409674778665085e-01 5.259034138709697270e-01 5.370304222912367642e-01
4.871496471291453245e-01 7.002493796059157116e-01 2.713056746019013588e-01 4.583115405556781319e-03 3.397584602662613307e-01 8.736992918788077933e-01
2.407686752129380992e-01 9.445203460351938585e-01 5.348018801487608442e-03 1.376621016215291426e-01 1.007049979525272976e-01 5.043008163295462642e-01
3.709890299401097380e-01 6.659966764117987159e-01 1.492815383975709675e-02 7.220693615336178928e-01 1.171502104048702808e-01 5.314637678919723607e-01
7.956537606231605109e-01 7.463101872603957743e-01 3.739587256603594811e-01 1.988571575628306221e-01 4.667794294512558340e-01 7.137930235471163787e-01
2.756304154467417167e-01 6.036129382769894747e-02 2.295646340459890355e-01 8.388643136727262917e-01 1.854932273765453887e-01 6.505214798479193039e-01
7.312325950286736598e-01 2.314720629486588521e-02 2.880565193819009107e-01 3.177999133691702394e-01 9.487741695970441924e-01 7.022331704395163854e-01
3.094238534908144711e-01 2.332914168658376530e-01 6.212129822526060163e-01 4.488270315675803035e-01 1.983437782178123499e-01 3.630047140961608632e-01
2.267451526013486429e-03 8.594668119219628366e-01 9.269468384358526825e-01 5.538939517203289586e-02 5.142757731878285776e-01 1.545984239620895595e-01
5.227967510214341917e-01 4.178960166756211514e-01 3.800293388989507415e-01 3.119192945627353719e-01 3.419505458394263009e-01 6.527654903024561195e-01
5.647574455983714881e-01 5.977804081611566289e-01 7.144089277973680874e-01 3.319237416090161652e-01 4.096006464472589093e-01 8.552793535407940961e-01
5.239250021201197205e-01 1.878155791771622951e-01 2.070424692547122580e-01 7.621747977391246653e-01 1.253193740165861048e-01 3.096949210874032632e-01
6.864686279671087243e-01 1.344653380682688804e-01 7.235756599879265005e-01 4.372300751915910721e-01 2.070668186911291953e-01 1.124347257295563729e-01
4.595403529940413900e-01 1.867583923655798950e-01 7.116026792182187366e-01 8.918088666188270786e-01 3.010753594623196694e-01 7.257239155606173275e-01
9.292392690723159099e-01 8.780537143464319794e-01 4.648252196853053242e-02 2.433859958429026582e-01 4.021487380203342399e-01 2.289174904860072912e-01
2.114078338435876336e-01 5.522713414879348859e-01 6.482351275508480004e-01 5.569560478655635194e-01 4.599321405352655434e-01 3.141041965868902608e-01
7.198140664626325735e-01 7.958373934544789030e-01 9.721022977105528984e-01 5.557187613756781053e-01 2.679428800427052781e-01 2.435573517360016815e-01
9.884184177064387899e-01 8.336987999592261334e-01 9.914742597088751497e-01 7.600252410538935743e-01 9.273655839818129021e-01 4.741711887571998796e-01
6.667540522828064864e-01 2.202592826220999278e-01 4.857103659039907484e-03 7.458296679279601271e-01 7.714938378911129213e-02 3.487361528780893449e-01
6.764895911952057972e-01 3.961820361532500945e-01 7.345148523899672766e-01 8.188009408176130099e-01 4.265445474822154859e-01 8.260807125325553280e-01
6.630544745392279449e-01 3.700571021868518384e-01 5.109203938282724788e-01 5.529354863420876676e-01 1.843870170498140837e-02 5.773055276231444655e-01
3.407031276414810295e-01 9.064338421213700148e-01 4.374616923783439804e-01 8.749185239779223577e-01 6.407804650067385754e-01 5.987095957039036964e-01
3.125529692804113191e-01 6.748294675097696871e-01 4.042373802791359161e-01 1.199698912361357728e-01 5.785644261584232950e-02 8.335595573039623618e-01
6.851083433042184367e-01 6.095951654240159279e-01 3.377729330135609276e-01 2.883325248517513151e-01 4.579650264252393965e-01 7.221035638339904361e-01
5.069845911860675347e-01 3.866389086698177602e-01 9.987255382625407352e-01 7.783904349545220924e-01 1.456745893037423301e-01 4.639307265586912754e-01
5.895958241914445175e-01 3.918167422791966059e-01 7.922733203964749116e-03 5.851399885778633125e-01 3.592876589906561779e-01 2.510293332779046649e-01
1.560502041480983371e-01 4.895138039706692368e-02 5.876979008277172234e-01 1.470076901328367658e-01 6.437770654339014520e-01 8.623918213200152394e-01
6.909319399384032945e-01 4.187661144552360382e-01 7.516438099947387874e-01 7.764064614222754290e-01 7.493367035363885931e-01 6.604175354212425963e-01
6.254970403959076997e-01 3.776880459263542988e-02 8.402570599920200500e-02 6.379099418819580425e-01 1.095312241193404645e-01 7.243541080688142841e-03
1.273497215859831222e-01 6.528801767084914109e-01 5.841420574191914517e-01 4.219262351988710691e-01 3.845498485718540360e-01 3.554410501109128706e-01
1.591591929734974542e-01 8.488766687742171912e-01 9.555105154910775722e-01 2.407865524158081527e-01 9.434356039099589530e-01 3.862758828080911089e-01
6.397958171208395495e-02 7.710694342284273306e-01 6.294630611431811795e-01 6.826724042678478099e-02 4.794183780719809551e-01 9.509458216471103897e-01
4.054143888006126462e-01 9.327518617655121691e-01 7.273513089106221630e-01 7.005104472338625765e-01 9.635753693233285455e-01 4.911985002370710118e-01
6.390771532579070380e-01 3.682627869576999835e-01 3.774842306892963739e-01 1.849630314880631454e-01 4.822699511258767835e-01 9.281760909861029862e-01
3.601068042598390972e-01 4.847022926492962069e-01 9.026508833101395401e-01 9.326276832901997382e-01 2.437009593098951044e-01 3.929491826511468666e-01
6.385371141930641370e-01 9.864427221163849513e-01 2.976280147422469824e-01 1.990946516580521797e-01 8.731569764788875698e-01 4.964620006568736255e-01
6.533916706890819937e-01 4.034627150850434996e-01 5.123800075223694517e-02 9.017560836074062225e-01 6.578191871751811748e-01 9.319667247062418669e-01
2.862984151406255950e-01 1.173155816469371171e-01 5.016565734392560705e-01 1.945915278786941593e-01 9.558771440763285110e-01 6.257446208923804765e-01
9.378569799558807984e-01 8.038778577646298329e-01 6.133302357771286406e-01 9.114950158988155415e-01 7.485018624508421592e-01 9.648076543531793892e-01
1.101651237388924232e-01 4.123815119710203536e-01 9.712472159499441204e-01 4.971265865786275162e-01 1.505654775810275625e-01 5.207001006039900792e-01
3.875014165439357727e-01 8.677007465128796504e-01 1.032507627933273442e-01 6.122706192610810616e-01 2.511324548635420761e-01 2.095072533983020069e-01
8.267161827230636861e-01 6.693620247335561046e-01 8.402686195294717386e-02 6.249714982295007104e-02 8.358194276539476775e-01 8.400006805536317511e-01
5.214374560463941322e-01 8.007544931705866675e-01 7.587129552969109625e-01 8.759060698049958571e-02 4.113615798920507993e-01 2.616236905518317668e-01
3.138274051937668396e-01 2.179548818056764592e-01 2.038335547903602496e-02 1.065180513831895937e-01 5.915506327637888306e-01 8.653518792032112161e-01
1.420950144471627707e-01 4.937066188841843228e-02 3.416409818279286803e-02 5.830154972020562543e-01 8.743866965258201285e-01 1.236482703159178520e-01
1.783189798790013603e-01 3.334126095868086281e-01 6.796165978944760377e-01 7.863651239711677565e-02 9.852186530656992236e-01 3.575348224974056466e-01
8.706567349463268934e-01 6.138567130032956953e-01 7.669785862800558851e-01 6.147658734994589924e-01 3.238809837519136536e-01 6.328412830890792762e-01
8.436284701363953031e-01 9.492638620636487667e-01 4.870508166486906543e-01 8.475911378139053820e-01 8.537192415112806465e-01 5.037925779915863878e-02
4.494629459230262691e-01 4.726966489745730859e-01 9.411908714870899084e-01 9.306051207315424456e-01 3.343046778757852167e-02 3.753895954219077513e-01
4.798658649225013839e-01 9.059987478624217383e-01 3.477144623520136424e-01 8.877820444634687558e-01 5.241631471102224937e-01 8.609043895596826257e-01
8.806121527657194692e-01 5.236708307188256972e-01 2.480128923516258244e-01 9.056863239343970751e-01 6.171788074121956624e-01 6.836888452521039383e-02
6.680154527010662147e-01 1.510646144771368160e-01 4.751561329402730349e-01 5.882284666749395541e-01 7.615914754478854132e-01 2.036769204617787654e-01
8.977827002089632247e-01 6.027344217983336971e-01 9.044344967861910334e-01 4.248348504613591592e-01 6.255267728922474513e-01 9.254657528932326294e-01
8.363882396990734991e-01 2.344877837122241182e-01 9.986741285898605991e-01 6.764364109667343472e-01 7.287125203857915956e-01 8.976232197812805680e-01
3.316999035386059003e-01 3.641215364660179699e-01 1.937873117289186098e-01 1.134491418620525716e-01 3.301900241817230519e-01 2.240365034526631272e-01
8.075447599004549337e-01 2.950496230475804227e-01 4.299250213635834594e-01 6.713630494334112964e-01 7.117011206894933162e-01 2.696494536722257029e-01
1.202212042595306452e-01 6.418290079936833648e-01 8.229370159607168889e-01 9.928271855257971845e-01 4.291284847917362644e-01 8.698207211008697204e-01
3.986601791392961891e-01 8.735306888758188615e-01 6.971114358147201262e-01 7.812787268029248722e-01 1.421270497852299419e-01 9.427107494352332528e-01
8.094431610951825506e-01 1.324715848734761003e-01 8.328768639193485646e-01 6.681056217923614371e-01 1.164762624858840523e-01 9.176168293260918984e-01
1.544013932415355672e-01 6.085603663365471983e-01 6.673782099896059528e-01 3.383128931670243977e-01 7.727102973283389575e-01 5.071776498654672061e-01
8.341917146409535411e-01 1.214248200176526460e-02 1.015443178490331722e-01 4.441263652570163201e-01 9.097258613781278314e-01 7.112894211469810157e-01
