2.118640983184336690e-01 8.240548226512559582e-01 8.368594649112203188e-01 1.800049836745215570e-01 9.134726559356053377e-01 3.814624158593236114e-01
5.524507786209514881e-01 3.660337994306690490e-01 7.379823705634138697e-01 6.404537601254074453e-01 5.749217550900396212e-01 6.541963360010355499e-01
9.022595501218699798e-01 6.934546116701335583e-01 2.261795961813893863e-01 8.716391545631496651e-02 2.406173011362292558e-01 9.062195474449752375e-02
3.199846272657780322e-01 4.981147306379343220e-01 4.050099409065824885e-01 5.663835792914717615e-01 1.003066100096107194e-01 1.535767377617883733e-01
3.925063777085263661e-01 6.734750719102926553e-01 8.041890950000891714e-01 8.596660686794236339e-01 1.349777655280611777e-01 6.237443536145832468e-01
9.058714788728431389e-01 8.052958218765505771e-01 6.079749935548242057e-01 3.078127088520434818e-01 7.619747422821817606e-01 5.864720843585946586e-01
2.097033603260692880e-01 6.570567475676006852e-01 8.669519567328666243e-01 2.573284226335461611e-01 5.033616301076372368e-01 9.846094146122328361e-01
2.535062531413933007e-01 9.871835611075474581e-02 9.293457190916879496e-01 5.761740017779051204e-01 6.491118305308382075e-01 9.385800076514128065e-02
6.307203875834638263e-01 6.027150674929825369e-01 8.602207655201599135e-01 5.948276143786757064e-01 4.111243261173693764e-01 3.295006547167474986e-01
9.015174832859196297e-01 6.151254838571514894e-01 8.105304258824651553e-01 2.542157011807020250e-01 3.593566602095796814e-01 1.629051298529362590e-01
3.395372752528946769e-01 9.610239788542573880e-01 3.298693802793987162e-01 1.210013638333402586e-01 1.454293894210770821e-01 1.238905635613236633e-01
5.771546386561035025e-01 1.539034950464206464e-01 1.556841818704824965e-01 4.083627134755074550e-01 8.182956110432978436e-01 7.869728346596779334e-01
5.958886048246940792e-01 6.004137995073405287e-01 4.245525875939706317e-01 9.294256228223451988e-02 9.692346807937738395e-01 8.569012705406733321e-01
2.063494389249576066e-02 9.582281455529334524e-01 6.767461894000992295e-01 5.824486152277009721e-01 7.810166915218289541e-01 5.095930132153676517e-01
5.674121213001839248e-01 8.089714156483949203e-01 1.775325478030408410e-01 4.625539825129660887e-01 1.025167959881201352e-02 4.300836923547086688e-01
4.938550805852591763e-01 4.525191578405931558e-01 5.203547138990849419e-03 5.719548749571057300e-02 9.495228017380429320e-01 2.206661336487251157e-01
5.991358042308790877e-01 8.901981089200428077e-02 1.293217727727637989e-01 5.582766444345064194e-01 7.132090727248746598e-01 1.125064655170135985e-01
7.237099159986407626e-01 4.865662396180635563e-01 1.551809493422199315e-01 8.943051993586138559e-01 9.249979816414906075e-01 5.647974120551785271e-01
9.086300948623915463e-02 4.955655376631084019e-01 1.635941908430147418e-01 7.438894788866765584e-01 8.506929839623510459e-01 8.603426426927929249e-02
6.915687091757545257e-01 4.263161870761632555e-01 1.347570885337602276e-01 2.430234191117430775e-03 1.899087067138508500e-01 8.552793646754034418e-01
3.825189755241411582e-01 9.719456626399954891e-01 9.029146443362936481e-01 3.840849121704352775e-01 3.821152788425297153e-02 1.225783318717660331e-01
8.624045587141045965e-01 3.745672951215377466e-01 3.422370971988247801e-01 8.038739074726730660e-01 2.171260695392484008e-01 7.572104570620791231e-01
3.297965124391757374e-01 1.901632819430228993e-01 7.500819201650619217e-01 1.627418785618708341e-01 4.965934788072207118e-01 9.207510486624145285e-01
5.626976229803033469e-01 5.670871177700306243e-01 1.909809182863673183e-01 1.212127811801313459e-01 9.180399338217293259e-02 7.612958718795430624e-01
3.581167447365759537e-01 7.421236594150643073e-01 2.415332151165691110e-01 1.558665013336952843e-01 3.409676967379007273e-01 7.337042070277558503e-01
4.241539744085505159e-01 6.535804947439255441e-01 7.224017130452951019e-01 8.803148261910698213e-02 3.631326852610555767e-01 5.209003761259527465e-01
5.712593888576178447e-01 9.059324332559131054e-01 6.855529111192910641e-01 9.270738431224987419e-01 7.460059975132637966e-02 6.017570416239618192e-01
8.801644610746246489e-01 6.815016528458766043e-01 4.523525130475207767e-01 8.456803261447202180e-01 4.841203027037636053e-01 3.769136414850580152e-01
4.028041915476792134e-01 9.772140040771708502e-01 4.145961744524209180e-01 9.069053870063966682e-01 7.397810238306113950e-01 7.810097625495648899e-02
5.355748603576235833e-01 3.943233560520691405e-01 6.882661557630381788e-01 3.644831026392535422e-01 8.651630312805604905e-01 7.481635776310060493e-01
3.870122724276979786e-01 2.162940644590446437e-01 3.801299473200837609e-01 1.524811624542824484e-01 7.641397696515739302e-02 4.909156500132445533e-01
7.644547690710239429e-01 8.293620544833690822e-02 3.579808627664439191e-01 9.570779351135997315e-01 6.046033395484061712e-01 7.685793599005077414e-01
2.032456169377330202e-01 8.794799239582218320e-01 6.998062765945679553e-01 7.877712196751652796e-01 2.923058825541187122e-01 3.207669281975967790e-01
2.652497181421241690e-01 9.225623567685699022e-01 4.060734983212599403e-01 6.691430850049386869e-01 7.659392153702958561e-01 7.199878541892141826e-01
1.005959537625420452e-01 8.797354095335988555e-01 7.947263258455852242e-01 7.507554324853475958e-01 1.257842953291994359e-01 6.620131547926538795e-01
4.892387974737355538e-02 8.034726489079249134e-01 7.070381175126885243e-01 1.274339113636113741e-02 2.219367843004743657e-01 2.667155794222698661e-01
5.245948432966467401e-01 5.691563937136978613e-01 6.777678490065643935e-01 9.850924525315225555e-01 7.378457176371515658e-01 7.240518572554421883e-01
9.023967785331802327e-01 1.327802433201688004e-01 5.226632621253317623e-01 7.919750692475130416e-01 6.960095085639271817e-01 1.859731677717052500e-01
7.111323584750665061e-01 1.577558490516824952e-01 8.695680619316881188e-01 5.048294987357851982e-01 1.769504900553636739e-01 9.996809352768389889e-01
7.931571423948392541e-01 8.784331269989429369e-01 1.464590423265137442e-01 5.944633861671545505e-01 4.737406564450420410e-01 1.523843733318209770e-01
5.978947892986529178e-01 5.463026421296170998e-01 1.882018337128016361e-01 6.581948088923176288e-01 5.795551894207502386e-01 3.343744796803457264e-01
5.280396006437135803e-01 8.718494808381858086e-01 9.474847764481582058e-01 5.440524095165977236e-01 1.644953151609273023e-01 7.719083168852991506e-02
5.817724183503449886e-01 9.227658509811639265e-01 8.467429653951522583e-01 9.716846031193336897e-01 9.481610472824792968e-01 3.936051337743786682e-01
7.117448484155768362e-01 7.326385299998441347e-01 9.378464791252502097e-01 8.056673974440324848e-01 9.399079431448478239e-01 3.972714733899210815e-01
4.437273896375736326e-01 2.228102232933845128e-01 7.406080214356502989e-01 4.109191045250358831e-01 8.086021078464692424e-01 7.152156543140267830e-01
8.639040475247677930e-01 5.785870321046699960e-01 9.003898299404883288e-01 4.054090603111948354e-02 9.953226112852789909e-01 6.723048203355049823e-01
8.500098820252720566e-01 1.666916878261250901e-01 6.200143434124102404e-01 1.514872294133557951e-01 9.179542657884108836e-01 4.486475094564875699e-01
5.096363622595296849e-01 7.811805125739786915e-01 6.820196718803264169e-01 4.133247176842822501e-01 9.984610256610642054e-01 7.574530106321366585e-01
1.275535763221955499e-01 2.601177363052707969e-01 1.944079960969874454e-01 1.338645285031999643e-01 6.801281167182784415e-01 8.253785515223592828e-01
2.009797135774422649e-01 1.629136594016035167e-01 1.820129700594208533e-01 5.150954244155994122e-01 7.217349693782814102e-01 9.489373795550025692e-01
7.594863254888011284e-01 1.510836537949885594e-01 4.125355046742695819e-01 4.374596418547260779e-02 1.514567895661511621e-03 5.382909592567561852e-01
9.027964446270075882e-02 2.993871378701915553e-01 8.084367102919306491e-01 4.520469410900654905e-01 1.772574729980813668e-01 3.148759970821326526e-01
9.828672770405780801e-01 8.942440203040949998e-01 4.488946658267537471e-01 2.379415448366413166e-01 6.828212657561221199e-01 4.821129277010658409e-01
8.257888851713016676e-01 5.790299176786461999e-01 9.014133617116052433e-01 5.150249640440356380e-01 2.726456494764118998e-01 7.306722633245137377e-01
4.851543390638975994e-01 5.388344512439714462e-01 4.673018044180655695e-01 1.187457870783142910e-01 3.002954223413123458e-03 6.809471878156226898e-01
8.029635063671363149e-01 9.288821890695031502e-01 4.346279044257520541e-01 5.531464481956567258e-01 7.539380616055454398e-01 7.633383794366893627e-01
1.619174945315200453e-01 9.996259325892540293e-01 5.148943393271908642e-01 7.962476986322238881e-01 6.283556155370684237e-01 9.183680839821184438e-02
1.739553241664599792e-01 9.350409101061259998e-01 4.802021950631139013e-01 4.000940292241871310e-01 6.281779776307989671e-01 5.677299549336753959e-01
8.456849774929963148e-01 1.336973867423013607e-01 9.280792113780729213e-01 7.981560541395725794e-01 6.989275923970531545e-01 6.549458364757833051e-01
3.665079808373369330e-01 6.837100588894421405e-01 2.411925517938138253e-01 4.420498321914398954e-01 3.058321206029075423e-01 4.318370195376375342e-01
5.619828254564782632e-01 3.232124884437861390e-01 4.189091357918884873e-01 7.176456937344554143e-01 7.621784616879854202e-01 3.734107638052915901e-01
8.093561462651187588e-01 3.629105965131828038e-01 5.176255010659587263e-01 9.348055220205985227e-01 6.035669409591315482e-02 8.080120411488691534e-01
6.620523198186620828e-01 4.554661102025026054e-01 1.008763090566620058e-01 8.365901510398767726e-01 4.697576691595891640e-01 6.123666942378517275e-01
6.924576372330528695e-01 8.878979737620761314e-01 1.373198696514476014e-01 9.444519701675460066e-01 9.985012253422892448e-01 9.313710474023673136e-01
6.767507946344815117e-01 9.271199339023539210e-02 9.834768175122153844e-01 2.335248110400730548e-01 3.233429850466023048e-01 7.894831611008896743e-01
9.671020577279744179e-01 1.346465181202958217e-01 3.111986301596594284e-01 3.715145190937622077e-01 1.350980025887184022e-01 3.337753903963636137e-02
7.536848111754668178e-01 9.130327428711629834e-01 9.787262479630221002e-02 6.793513833317617046e-01 4.877701773346715397e-01 5.460108553951529275e-01
6.576831223789799674e-01 5.738187727902821500e-01 6.888692407361411973e-01 4.224482385256742578e-01 2.868815023417390364e-01 2.640090496353095784e-01
3.078183182893515779e-01 4.101896274038957513e-01 7.071059413136803196e-01 8.968111194906516204e-01 1.120647689617841891e-01 9.824518841143681236e-02
2.966731425661891519e-01 6.006540240353557270e-01 9.029367353167975230e-01 2.578554834648832950e-01 7.742387836021843439e-01 9.562215253209132015e-01
2.075414549819240007e-01 4.891653958042827544e-01 9.759843297974811760e-01 3.896458162115834511e-01 9.326708470512785620e-01 9.201330887089053112e-01
4.820892259979300265e-01 4.187440806942415161e-01 4.928304532103553459e-01 5.864414391092995782e-01 2.499197997215049094e-01 3.037635350968764802e-01
1.268303814103806104e-01 8.513913583199168578e-01 9.482233141942814081e-01 2.189069655625662802e-01 4.073195221374270591e-02 2.778033344685235662e-01
7.717587654148659881e-01 1.887243258479012198e-01 6.599784271139730318e-01 3.026425110130914753e-02 6.244597308499771904e-01 9.485927278459235223e-01
6.764206701685129275e-01 2.474298543758786106e-01 3.922025952977103991e-01 2.160727927363459422e-01 2.445082575575296957e-03 1.626332161951575817e-01
5.405475894311271290e-01 2.682205234782732983e-01 1.792139929632186046e-01 6.980375021785429901e-01 6.189849748998540457e-01 9.459754461764733335e-01
7.502777095998497403e-01 8.746912700794073903e-01 7.252448483187781125e-01 2.421442384238893242e-01 9.690067790269789594e-01 9.004005565878729911e-01
9.612761777069110947e-01 4.986107754772020062e-01 5.686640660538933023e-02 9.728373459301165038e-02 5.684395043215118015e-02 2.582090139827215580e-01
3.608370761974973862e-01 3.138093489564023342e-01 5.189415419783970362e-01 5.537326137103417700e-01 3.018965214563443800e-01 3.904327591487128934e-01
9.467617222515334330e-02 4.260223692317977040e-02 2.312769262856002594e-01 6.150535958709690831e-01 3.143894212489769524e-01 8.238724949169943246e-01
3.466472218185613352e-01 7.227340691507424530e-01 6.545663495884017635e-01 3.632230370573165112e-01 7.681155506795557253e-01 7.001750650156639555e-01
2.965289881597008570e-01 6.097464765912683493e-01 2.250535108411901852e-01 9.851796987193929267e-01 7.164737005060464181e-01 1.661763389109339739e-01
7.237295987976496425e-01 3.309817670306449688e-01 4.962530113471250726e-01 6.000595948198211849e-01 2.439315037161031707e-01 1.425956128203781370e-01
7.153940384679599029e-01 3.217565308549890091e-01 4.252675736135984597e-01 8.939679224547658620e-02 9.356153738532269060e-04 1.642986659236121971e-01
5.547140387754146973e-01 2.207235943970308201e-01 9.968183351928316949e-01 6.727515747362161624e-01 7.036400130535420683e-01 6.528858650781839135e-01
3.697076312313543056e-01 9.256858749867779013e-01 3.724445821603120654e-01 6.402164994831355260e-01 9.923153071094585886e-01 2.973515947705407392e-01
8.455278805444104151e-01 7.913027072137980289e-01 2.135643196266283628e-01 1.974492878270782681e-01 2.091553749756476233e-01 1.893992960497459244e-01
3.959725607576631834e-01 7.148024239000092539e-01 2.371776498373603381e-01 3.935190220504014569e-01 8.693080148223231163e-04 6.524471086934949815e-01
8.872673874398014915e-01 1.929881504292034755e-01 8.959545197692689866e-01 3.574632472507870418e-01 6.543385605314483433e-01 1.713797424080238940e-01
7.994828992045716065e-01 5.032790726097785550e-01 9.094270159063801984e-01 8.395773183568877585e-03 5.569631597901011366e-01 3.143514072697092265e-01
4.902238146995462342e-01 5.683552042117813174e-01 7.177137891337869169e-01 8.898561555793487177e-01 5.143148827115415767e-01 7.052994344905038071e-01
7.862520319539245683e-02 7.864148629737884866e-01 9.695825168749830913e-01 8.861507401821513419e-01 1.131777719985654906e-01 2.919077331954172960e-01
9.323228510865000374e-02 8.518236358428826760e-01 5.301310880568177453e-03 7.216444932636075782e-01 1.867027853535766502e-01 8.748120390050506678e-02
1.502298284470110490e-01 4.734640845053421643e-01 1.688769100913130039e-01 8.609662893452730836e-01 7.462550630893162174e-01 3.313386641450754011e-01
7.860123496012890731e-01 7.405112526525583494e-01 2.856018037207830318e-01 6.031648729197502945e-01 1.404743886831427702e-02 5.118478377790252054e-01
2.974623295006966206e-01 3.005226000820847565e-01 9.035725315785677614e-01 7.115709330465534999e-01 9.552479466340692005e-01 9.360926148684479697e-01
5.179015613209547730e-03 4.305456356010236574e-01 3.708586574191952145e-01 9.646201410434884771e-02 4.971420756869959767e-03 9.621711566819413086e-01
1.153896680602803926e-01 5.830030975870567067e-01 7.784239922134993384e-01 4.330169245465370631e-01 9.656618364884199668e-01 9.727216729335287360e-01
6.986704698285634008e-01 9.366885363031685063e-02 9.321896041055883764e-01 8.199644277736688469e-01 7.057235645854844641e-01 2.882071977612163938e-01
7.727178661255034164e-01 6.270246801386726299e-01 5.270524101282559881e-01 2.571332326795071621e-01 2.106572612069913530e-01 9.528429940042423274e-01
