8.195682238347912207e-02 9.132629448473013056e-01 6.186064931990274962e-01 7.079414604883130790e-01 6.241758070990766072e-01 2.649141820273781534e-01
1.411524605872562788e-01 9.969936533720262783e-01 5.193500432660286270e-01 9.623445330812731013e-01 8.114386322226214698e-01 1.657051211476416874e-01
5.578975114687896308e-01 6.302033806571495367e-01 1.750501835128317474e-01 9.133111347278143333e-01 3.573550586820465336e-01 1.707489167822218157e-02
2.541269886768656727e-01 6.847247504674675023e-01 5.690123361058869733e-01 6.422401120246387096e-01 2.614896023667735436e-01 4.988472640182052276e-01
6.408064670539399543e-01 7.657751654399376218e-01 3.861336744563151901e-01 3.011468096710290254e-02 7.222241678311008828e-01 8.703131022525643079e-01
6.488368689622318053e-01 1.395098551950195720e-01 9.238662502987463609e-01 5.731051544409770937e-02 6.615473332104561122e-01 2.664563652581082298e-01
3.705259403117074912e-01 6.723311304641356179e-01 7.447401980280334843e-01 5.243191753889607787e-01 2.675800959178038507e-01 3.096423008421135270e-01
9.494037690327237211e-01 5.214713478753992826e-01 8.228056919678711223e-01 8.110823830015478908e-02 8.021958441752043978e-01 6.014175054956636401e-01
1.149473821932637252e-01 1.354129886266347560e-01 4.596166859282612149e-01 2.369807234713661170e-01 4.838423386629679968e-01 8.087407388187377588e-01
1.665570376350947734e-01 4.405525572781117116e-01 2.638338085118463461e-01 1.017817745394173912e-01 5.844457377292655575e-02 1.761330278105599501e-02
9.390365749478580826e-01 9.654396982249253689e-01 7.873780693640975992e-01 6.407123149931567285e-01 5.823815610379207142e-01 2.634176681760488359e-01
2.048587422293082216e-01 9.446070445522122272e-01 5.950046769139765157e-01 1.685154738164829080e-01 5.740344204740085443e-01 8.041553479370947555e-01
9.573929979952268132e-01 4.238536599473533562e-01 5.099888089447645045e-01 2.570693069581364565e-01 4.252263204313738720e-01 7.431683701678071241e-01
7.583305170582759214e-01 4.050901573903291641e-01 8.721863033160153211e-01 2.280727456370083006e-01 4.650209354918465321e-01 6.298410691200436728e-01
8.924788899313151891e-02 1.237577518461457915e-01 4.313194205173470630e-01 1.732840794756176361e-01 8.379456486960855655e-01 7.700394272489451408e-01
8.783832740158520336e-01 3.780135490419792577e-01 6.492711915745186246e-01 1.279093821591850144e-01 4.777906820479558281e-01 8.061208180705529136e-01
1.729492685536986318e-01 5.773336800929421697e-01 7.563585361614416636e-01 4.562946491458029774e-01 7.863431089198280599e-02 1.266752065626215451e-01
5.288891123069364708e-01 3.510970949507834504e-01 4.906410948312373010e-01 4.402642023157842255e-01 5.072957173846097678e-01 1.148977488585843920e-01
1.258528541396712885e-01 9.428264219985910133e-01 3.852152183397571372e-01 1.149131904127418391e-01 3.611147400324375978e-01 4.786549524658613164e-01
5.680603244895936488e-01 5.477970417828729177e-01 2.746827351755065649e-01 6.907616152118295494e-01 9.936200835962517575e-01 5.867997867231851128e-01
9.179066305574472562e-01 5.182419022437066980e-01 6.348423169917719600e-01 7.769199519073307636e-01 4.517815737483438232e-01 1.402124063354527328e-01
4.827311484153732346e-01 2.890399162936960753e-01 5.205147726559872234e-01 3.435140850884121910e-02 9.443120180644437589e-02 8.956315507335814718e-01
3.055126976803823613e-01 7.097294056354354064e-01 3.114579698855164391e-01 6.784643829732350806e-01 5.990217282525561737e-01 6.868307251445947559e-01
4.217198589915066576e-01 3.303296749543435107e-01 4.325414683674144722e-01 7.108010461061130547e-01 6.151334868491331598e-01 8.908862740844544215e-01
6.428087125347163866e-01 5.514734689742893936e-01 7.314562557698668366e-01 5.332730040587818632e-02 6.311013159681323481e-01 7.865785828868396834e-01
4.621104617074753840e-01 9.899918042416853137e-01 9.530709597403741462e-01 8.148194301494936509e-01 9.710634570236035268e-01 3.701152757689385453e-01
1.738810832012664953e-01 1.198875976447572045e-01 5.020211099648060893e-01 7.763686522095741838e-01 2.756145813336825512e-01 5.679751330189306557e-01
6.489413634229912464e-01 9.226033019298999216e-01 9.816925346789713291e-01 9.026003616523614603e-03 5.792430945247065699e-01 9.163552750586041462e-01
7.248833136544207134e-01 2.078744315351732652e-02 1.920037032132825283e-01 5.611762120838708068e-01 1.031852808315938397e-01 5.403028525623108091e-01
4.973664924998159043e-01 8.769560691417295217e-01 5.557527137332198830e-01 8.493554079917120525e-02 5.925809055425338423e-01 4.389599920305647940e-01
3.767674761254783400e-01 9.136917622206802703e-01 3.677892905483286512e-01 4.632695404755370339e-01 1.761065757001383236e-01 9.180059693379664099e-01
6.725281122766405550e-01 6.643059284497632166e-02 3.614663744723320971e-01 8.167234731059856978e-01 9.337667579146886609e-01 6.205555660961906694e-01
8.530352182093150493e-01 4.630115724270312816e-01 6.171802603811279431e-01 5.613119042877375842e-01 1.660046270390186374e-01 2.515523734584494964e-01
4.360056316615668059e-02 4.374385594383272124e-01 3.809650994921675027e-01 9.302135753743157043e-02 3.623609949314297030e-01 2.457192258676033081e-01
9.626785418790773097e-02 1.704636858152619450e-02 8.739513131176568361e-02 3.835887097692691761e-02 3.960518827017356358e-01 2.679750288985138784e-01
5.087689468124856340e-02 8.281186458918821103e-01 2.197472668764094417e-01 8.954771201748246146e-01 5.389546954396667866e-01 5.101493759532498284e-01
3.371291838350919390e-01 9.598981987648957936e-02 7.815890015587282358e-01 6.587254369355121097e-01 8.358821698532395983e-01 9.171538091621268540e-01
6.390974493121892586e-02 9.433020125518380983e-01 9.817316473724672088e-01 5.336764267808169482e-02 5.938874383391931078e-01 3.986013618787426216e-01
2.659594557732394282e-01 4.237523561628602220e-01 4.663800885913788052e-01 1.706606128686680712e-01 3.795905793330506262e-01 6.004409060769656525e-01
1.486161782947527099e-01 2.205993397765223518e-01 2.159599237545828387e-03 4.669519384726684708e-01 2.765681395362463713e-01 7.725564032250373803e-01
8.585079072961088187e-01 4.488834055515819044e-01 9.997585865277520689e-01 4.146198846427781026e-01 8.955224679475426441e-01 5.272670911672144856e-01
9.611637537820599819e-01 7.857655048257342623e-01 5.094535555432377905e-03 7.480000346359746421e-01 7.184553823404479234e-01 9.048155092432946800e-01
9.291949033668298608e-01 6.657770412426230466e-01 8.139582369334875667e-01 8.526387073804198025e-02 3.908348943853320323e-01 4.498101146744359902e-02
6.594238014694727701e-01 1.159909342291700618e-01 9.779675758283847831e-01 6.182893507790720999e-02 9.976532158482431800e-01 2.035376361392081668e-01
5.113501023491709985e-01 1.589705157454084361e-01 2.899255991819285061e-01 5.224533354920398720e-01 7.131396340468295625e-01 8.459804006691563627e-01
7.644972441066899549e-02 9.830721915407355516e-01 6.482777208724895823e-01 7.185514867067112066e-01 4.643804522621057806e-01 1.585619217307114859e-01
7.738854794395639836e-01 7.161028238238089649e-01 1.127557644889776167e-01 4.824389769662551508e-02 2.057377307993457638e-02 2.160475396526274627e-01
3.121220389895982272e-01 9.086058880417989814e-01 1.126026768878407580e-02 3.869052135248171043e-01 9.498819222760388481e-01 8.250144203220706185e-01
7.983172900038868480e-01 1.351948085794230092e-01 2.414912885739848303e-01 3.288595987610487548e-02 5.899715560182006158e-01 4.211486965977223607e-01
8.787696040762970062e-01 2.743804449971405379e-01 3.449366804333775516e-02 4.538035897098527949e-01 8.992148261515766627e-01 2.339744165291445244e-01
4.997355742885917218e-01 9.001793485601286005e-01 1.929438111778337683e-01 5.260421942624042835e-01 7.184826917690090298e-01 8.953656427007395946e-01
1.836018380438600994e-01 9.966710266933663798e-01 1.221429525557066187e-01 3.985257520762250927e-01 3.982625624112312579e-02 7.569955093376748989e-01
4.077121206583559365e-01 8.040095922354992819e-01 6.437418815932408611e-01 2.274108930855736066e-01 4.098135982312445247e-02 8.379333931304158156e-01
3.278917956746363327e-02 2.179793203018842718e-02 7.337689691725488572e-01 6.453746497214126743e-01 5.149548486604047515e-01 6.125046412512799021e-01
5.317945678796108799e-01 5.576543309523518399e-01 3.971572951524665607e-01 3.865075859519440105e-01 1.554761254646704893e-01 1.578512100991533718e-01
4.755602364316513508e-01 3.112025356386182162e-01 4.126764290762005016e-01 9.689112260080885441e-01 9.430352988555320559e-01 5.143886330937207374e-01
7.647842226813095223e-01 1.862970590493409073e-01 3.864531471713429367e-01 3.373703778583958535e-02 3.579678846301325157e-01 1.168537612310595053e-01
4.682631187057914035e-01 7.910072915497825541e-01 3.199118237132804188e-01 9.233282823900668124e-01 2.886957470113167279e-01 9.610189761607396131e-01
7.895911592629928366e-01 7.405755365813253555e-01 2.246851753753875691e-02 3.201870558783787013e-01 9.846121389151732961e-01 2.011948190845418427e-01
2.247135387893426373e-01 6.532544051769417770e-02 2.120558619799772782e-02 6.144079091595573416e-01 3.700412337369270999e-01 8.789681257384833746e-01
7.014162121583700227e-02 2.396234303350663897e-02 9.919829893892566641e-01 7.887473417622830052e-01 1.965099962109739806e-02 3.838249155154925818e-01
8.068385212478710322e-01 8.846177573117411930e-01 9.706557842176577466e-01 1.057116358168819215e-01 5.056789574959333899e-01 2.546099598499933503e-01
2.948770847145124607e-01 3.429097405054348791e-02 6.078347329486556427e-01 3.110734156684377139e-01 9.571876643606196389e-01 4.940883442006647197e-01
2.045575741546553639e-01 5.812503714694139401e-02 1.240729693527637956e-01 4.711520930501511550e-01 3.690928970418649868e-01 1.863294218101042565e-01
8.556272064323611204e-01 4.970311541388932053e-01 6.739752557842720870e-01 9.972275905181030575e-01 7.636961209169843556e-01 4.476705008708296019e-01
5.719169919647488776e-01 1.901666924891153299e-01 4.707789663301900074e-01 2.514968861921804688e-01 9.914826359447465043e-01 1.600526170453077102e-01
8.092898842843859741e-01 4.927962061486298451e-01 2.042291022706250736e-01 3.505812341899626761e-01 2.041666096354863846e-01 2.513505374423661287e-01
9.022336343730945618e-01 2.211061379674879035e-01 4.585518700603230524e-02 5.106852121466282091e-01 8.304973030096618469e-02 7.467700949140508859e-01
3.151946829402427763e-01 7.701285895761996736e-01 8.428075235374655749e-01 1.680465373675330554e-01 4.184991774370792061e-01 9.595733086567266312e-01
7.489612553651425753e-02 3.072493717908743038e-01 7.781476879973436844e-01 1.023926338879042053e-01 1.115526554683331506e-01 1.158694490979242930e-01
7.570477073292607439e-01 1.523123420561601771e-01 6.724465013134397484e-01 4.698580478650539183e-01 2.906935891544091266e-01 5.024865433167354789e-01
8.959177700610998496e-01 9.968595585031235773e-01 2.034537229713325734e-01 3.694244313929050394e-01 8.878288940601398727e-01 7.410598855342931390e-02
6.959442059856014717e-01 8.526808108888264126e-01 5.402310854852591104e-01 5.936430308726761140e-01 3.931755413586642822e-01 5.321018354051795241e-01
1.523131138974915810e-01 7.704781225526523558e-01 2.539418917831177680e-01 9.996861613492430410e-01 1.485154242538928582e-01 8.696363362287260479e-01
3.011016032380279261e-01 4.537057322109877555e-01 9.382077003064440701e-01 7.418830442298485206e-02 5.636711405941142727e-01 1.812162303516214878e-01
4.862174202207217855e-01 8.283986760281992767e-01 4.335667698523872904e-01 9.486279531578770685e-01 9.082121451772886545e-01 6.470642676293815176e-01
8.259653558285577901e-01 6.715706385994423266e-01 2.812316166175086174e-01 2.273905197394557876e-01 9.515150400278558074e-01 1.827278474388471796e-02
4.316625941975182901e-02 4.593097283732202607e-01 8.773207291407407737e-01 4.820361035491563806e-01 5.874280145725051527e-01 2.488123354667246545e-01
5.433775077462749126e-01 3.911242430934352976e-01 1.439041478972713506e-02 1.480520819870343452e-01 5.074068308770313118e-01 6.438630626176462535e-01
4.970841870087955305e-01 3.110784699772333184e-01 1.042824289572691354e-01 4.768484324462198831e-01 7.397792905001583375e-01 8.555812206979653833e-01
8.501947717614533051e-01 5.330790101825323424e-01 3.331241959095010419e-01 2.986833012930243392e-01 4.557777934342994719e-01 1.883735313378547271e-01
2.502553624035246393e-01 1.072621013131451750e-01 7.549928726380960020e-01 9.499309665631189281e-01 1.327205856106716819e-02 6.374794983889159328e-01
8.161653979910321599e-01 2.991988244083595427e-01 3.703072164013064826e-01 3.011381696470810665e-01 8.950357392053152061e-01 1.040789587304502550e-02
8.853465799127826497e-01 2.809108733805265601e-01 1.794321688337542353e-01 2.530401926275935853e-01 5.522675514387769269e-01 5.767346811424748365e-01
8.173597382330168859e-01 6.856915907815877009e-01 4.212213037270667870e-01 5.241393553104549685e-01 5.499320085222294541e-01 1.404308457821551448e-01
7.693521930374159767e-01 1.754779046562255918e-01 5.277644050207382920e-01 7.197345889643568251e-01 4.721624463121137927e-01 3.368556778749870473e-01
6.239255009003763508e-01 7.431888654363852931e-01 6.584443384412131950e-01 8.734110235074469264e-01 2.328878201082974497e-01 2.277382536493408605e-01
9.524080753919457187e-01 4.349546123168095413e-01 9.990536385425634602e-01 7.574510104939427002e-01 7.276501122120178078e-01 1.415483970100003264e-01
5.899807797585642222e-01 7.777138023470785422e-01 9.107846940972207372e-01 1.884227683628225680e-01 6.756254012911530049e-01 4.922964029691081489e-01
3.878363739989602044e-01 1.266843621761554184e-01 2.143926723941751433e-01 7.727623659236290132e-01 7.175214985306205273e-01 2.603334903685750046e-01
7.464378785502936431e-01 6.251867674577428202e-01 4.023745155606203161e-01 7.438074925173521201e-02 6.929841573954007572e-01 2.043908791623194610e-01
4.527542869286863558e-01 7.952114061035490122e-01 1.361186471833712996e-01 6.203171851853178653e-01 3.006727787554142051e-02 3.301963177747508915e-01
9.733823297575949773e-01 3.122896129841041812e-01 8.804500379377780961e-01 5.541997330436160274e-01 9.752858194746095721e-01 1.774203490336595523e-01
7.584264779932974321e-01 3.971169185354376241e-01 8.994131146913415531e-01 3.947013856731307335e-01 5.670525761182720892e-02 6.313132701348318498e-01
5.101817434488777891e-01 9.046442284130336020e-01 2.197911209450552628e-01 4.906340612618237396e-01 5.280295097395814041e-01 4.721051916659214642e-01
2.631744076563434787e-01 2.544562985534415400e-02 6.919869240718624637e-01 3.166058513310517908e-01 9.915825027653042412e-01 8.963805732186472808e-01
2.911209102446041808e-01 5.080471824490706556e-02 4.941996698697559420e-02 1.124064114888385646e-01 4.280147286191609002e-01 8.998174975661906716e-01
8.298731660280314060e-01 7.276651744232510710e-01 7.516454376917386382e-01 5.918248777619001810e-01 9.937298652662895915e-01 4.420693420627990200e-01
7.943043023371537670e-01 6.180737175125852190e-01 2.117207103161522497e-01 2.365456895474081778e-01 1.422728018223210489e-01 3.126773460932635862e-01
9.797434076680573423e-01 3.318821170650002594e-01 9.027087212046285281e-01 4.680515174361848940e-01 5.641744964896795445e-01 1.925966584303895335e-02
