3.364342635882373589e-01 9.959192345198749630e-01 4.253777573673808154e-01 8.817780834331470086e-01 5.940527199238387901e-01 3.821225733138932101e-01
9.616185306587143877e-01 9.024727109919162826e-01 1.495720448895787591e-01 5.536722988463262940e-01 6.279674257678495852e-01 4.074608934690527873e-01
5.627843720601772848e-01 1.574381217158501434e-01 9.879555658928510509e-01 3.364082666816312628e-01 6.711706810320935412e-01 8.275356178082126091e-01
9.194784588822033644e-01 8.418183269328621821e-01 2.716294362781106475e-01 9.157556655201487539e-01 2.722318464616567679e-01 6.473552245630158630e-01
9.057045898884202861e-01 4.410253520908397062e-01 6.358960694368833710e-01 2.482935896670601661e-02 9.687655024098459355e-01 8.605915624936506525e-01
2.357597629292209618e-01 1.931656480364470907e-01 1.032787422667932331e-01 5.086991512129503956e-01 6.623823278758012023e-01 2.826746040079506361e-01
7.613525768526607784e-01 1.095219659454234051e-01 6.771203834172436764e-01 7.701404112087520959e-01 6.786294763388989182e-04 4.130572142019419690e-01
7.482242990870328070e-01 8.376786223839408629e-01 4.349333336512813952e-01 9.287475676387433321e-01 8.066426832038267047e-01 5.631427074714981940e-01
4.005674094035738264e-01 7.325172037006303372e-01 9.557555943566763412e-01 9.564052064386963092e-02 5.439390772235195293e-01 3.009244029272396537e-01
2.355404383279589009e-01 8.261438285607761722e-01 4.539901568887139138e-02 9.736266027547362256e-01 4.613868121932083177e-01 4.155775039265341420e-01
5.017485451146069808e-01 1.861242777206215671e-01 6.652526934437128503e-01 8.647032518525252787e-01 5.154790809372963301e-01 2.019004609201285882e-01
8.892859031428860250e-01 2.779604889761939646e-01 2.986494081248011190e-01 6.510865104634389056e-01 7.119380460343146533e-01 9.974020037442159481e-01
5.524382882377678605e-01 8.508862210263011816e-01 3.402355492197793874e-01 5.203391390176287379e-01 1.589211419289329186e-01 6.356843991548001283e-01
1.346536929063629762e-01 9.361296987568469286e-01 8.172875788113540541e-01 5.052758035630655620e-03 2.937950789081177350e-01 5.986332251609912669e-01
1.329192647592941645e-01 7.710497953905215418e-01 8.321086578370452402e-01 5.103097495206678769e-01 5.431016543516629103e-01 3.624415419052490206e-01
5.576561666407060525e-01 3.192659068896253061e-01 1.812082646582581225e-01 6.716008127575534559e-01 9.571567964669580597e-01 3.780587598401778937e-01
4.070905922496220741e-01 8.018933019042018273e-02 7.074997719873548085e-01 8.429056353972532722e-01 2.233975040885269880e-01 7.617829053772668946e-01
2.306112262235693322e-01 5.917714280194052989e-03 4.669063080486814954e-01 2.023420394647866827e-01 5.617336184498090690e-01 7.073183401980882579e-01
3.608596288679143393e-01 3.209443688574122877e-01 4.256792001299010142e-01 2.007762035057670813e-01 5.804435055609545868e-01 1.705640085397389649e-01
3.630020533103929248e-01 5.701178006355513972e-01 6.041843750913744593e-01 1.129748115439656031e-01 5.269253729717381374e-01 5.656455182066892906e-01
