8.433815250940666086e-01 8.409225342051228624e-01 4.938146014152910990e-01 2.453400610621314648e-02 6.758338735875664138e-01 3.082392435520056040e-01
2.612647985171916432e-01 2.922400421087419931e-01 6.302321750515313958e-01 7.607219816344085173e-01 3.906590055252255889e-01 4.891888365055252486e-01
3.439150986577785840e-01 5.589495081069747462e-01 7.028494875153821209e-01 4.776022619699071825e-02 4.163927807835583472e-01 8.439935921135290897e-01
1.267046916274071622e-01 6.318255416353788512e-01 6.568347891493574453e-01 7.769461279053537783e-01 6.929266222367598260e-01 4.724459697462712882e-03
7.967501542852279961e-01 8.252418162639654220e-01 9.303576815116185728e-01 1.853049085445926947e-01 3.749016653433837609e-01 8.340207361260625341e-01
4.185403589425178428e-01 6.057515075349257927e-01 2.493181593590880762e-01 3.743563853756497473e-01 7.097847683933244944e-01 9.922134778526114918e-01
5.798735124323062262e-02 1.346804604150521056e-01 5.057734047675334077e-01 8.718521414067268438e-01 5.942768675458492966e-01 2.953401605698936505e-01
4.635345902336457380e-01 4.351820818925431489e-01 1.121850644401897190e-01 3.703026350498407337e-01 2.626028166013992804e-01 7.673826403624766090e-01
5.604151019529399758e-01 4.942242705371648892e-01 9.233013151964358789e-01 1.057508575857268873e-02 2.052371679568086860e-01 1.375745943521669012e-01
4.198129429783552524e-01 4.021590306567489614e-01 6.787000459142840114e-01 7.116698092570535872e-01 4.297615310816798040e-01 6.730448343653607779e-01
8.094456381503175590e-01 2.039086657376781853e-01 7.004928579216074258e-01 4.181567905656277118e-01 7.542931879043950349e-01 2.930718869441349961e-01
1.289890199330097076e-01 6.055270575784598153e-01 5.077039175988500297e-01 6.824108063763355547e-01 3.701238959811914420e-01 4.781127784180584372e-01
1.704305595766502091e-01 9.453510621640777156e-01 9.594811285758855224e-01 4.926177158620228536e-01 6.978559268699185969e-01 2.258163986778188859e-01
8.464128114591039642e-01 8.529284422710092795e-02 2.018929979984184220e-01 9.156327103359368502e-01 7.578617817868816831e-01 9.123642008293008088e-01
3.310366608653018128e-01 5.290431238235639988e-01 9.439368640885505979e-01 4.814216593301802183e-01 6.820273839449270126e-01 1.635366011394725483e-01
7.419188877872318066e-02 1.783975787592181339e-01 9.860265743467935273e-01 4.601406832676199210e-01 3.485233008402677246e-02 3.989334655932070817e-01
1.875449193113359891e-01 7.512832349556056721e-01 1.998122132888835445e-02 5.350462713078758537e-01 8.170440717770423023e-01 2.109472824735019181e-01
1.441215782480490537e-01 9.842946534415475401e-02 5.733899860505347057e-01 8.085255690411207175e-01 9.549132925133291261e-01 2.183525495629583535e-01
4.757175374359358111e-01 7.883277646979504061e-01 3.830628556423554265e-01 3.643457971136502271e-01 4.995993012535790978e-01 5.821764932741244625e-01
1.352383448893046403e-02 1.545073300278053674e-01 6.427918423174555640e-01 7.733247234392930380e-01 1.350242029329546956e-01 1.762464345308193403e-01
