7.276315695739411504e-01 9.346087242907957782e-01 5.275536707232090228e-01 3.358790767824529899e-01 3.535020886522824979e-01 2.426894127098218057e-01
8.502394613279328217e-01 1.222687464191420936e-01 5.615533542288249080e-01 5.175511316044721921e-01 1.351137886924459464e-01 9.831467006112220020e-01
5.491064591812819806e-01 5.273776121362938607e-01 3.827451027750301549e-01 9.175867948089500015e-01 4.598526124631356904e-01 2.623357002506506719e-01
5.155900122940478836e-01 1.544510666771454765e-01 4.491247345321502937e-02 1.312634282723200707e-01 2.547226720217923290e-01 9.131392773541039398e-01
1.749419591459204781e-01 2.491284192184053392e-01 5.749622921196552161e-01 3.931316289649154916e-01 8.843743664339845933e-01 6.602899473526123719e-01
8.094478163068192789e-01 7.299122012526907399e-01 9.417833828347242919e-01 9.224954215575746908e-01 7.274645227573051098e-01 2.718648184172267612e-01
3.082677511660303349e-01 3.031607296920822980e-01 2.659063534165340137e-03 2.539021374741965431e-01 4.867101103499682502e-01 2.914896348206114096e-01
4.207857019176097779e-01 3.959454656902281489e-01 2.898139587701090703e-01 1.404800942786270657e-01 6.738430117908857930e-01 1.363963614228478338e-01
6.155556086386615444e-02 6.348010822745631110e-01 6.769289819552564147e-01 8.122616651885380401e-01 4.230021718727859925e-01 4.790835093956268276e-01
5.129114714879949855e-01 1.563643917703392283e-01 6.444173580941664481e-01 9.693698735932465560e-01 7.170454299717318181e-01 8.859930078369562256e-01
9.688646402878591246e-01 4.496194146945656778e-01 4.986400374792060441e-01 2.197201551288876509e-01 4.372869785748800808e-02 7.176263893734761146e-01
7.261128557281993912e-01 5.856044798452081368e-01 1.439964228960127768e-01 2.538760688330978788e-01 5.953652719527100512e-01 8.758117478586934235e-01
8.740873088683744907e-01 2.512592133018248797e-01 1.449940552444748398e-01 9.430400712610187419e-02 6.608038600503616244e-01 2.686574894918551948e-01
4.926327752309975772e-01 5.234000879432797460e-01 6.854956425124500985e-01 8.824527857280403120e-01 8.811915192295897148e-01 5.980652058067983390e-01
9.956296822957229065e-01 5.954447648777482227e-01 4.663918399729055642e-01 3.006040613301707021e-01 9.497858443723846689e-01 3.855284635334932375e-01
3.968148486425970844e-02 8.734176675706328830e-02 6.116299731399212902e-01 2.348303128224527025e-01 6.870965376254981605e-01 3.674629309951833456e-01
2.029939532687510262e-01 8.164664063446638309e-01 3.197417087258457302e-01 5.615003378157277236e-01 7.703445071061948424e-01 9.506692459288116348e-01
3.109215585442648422e-01 4.873184933598507795e-01 6.554765272235347773e-01 2.557467392659681371e-01 3.120385620491678003e-01 4.813796699506373011e-01
1.639395572273659729e-01 3.596720998996010277e-01 8.974819648116065807e-01 9.844774136905130035e-01 7.618697377766747714e-01 7.518243595247128264e-01
4.157692317670774740e-01 9.721542202328631310e-01 6.260468064625912543e-02 6.170207581744696634e-01 6.614477148309497734e-01 9.923497352301300367e-01
