4.542037625428895220e-01 8.329401243989799086e-01 6.253003783609575317e-01 5.381353798197950900e-01 6.630680325057259905e-01 2.879598993103309468e-01
9.407626934582526967e-01 6.850413560468160412e-02 8.074002640376685136e-01 2.387437550728536140e-01 2.141782592010977870e-01 8.580124812923493050e-01
8.488457720089429559e-01 3.445620510129504543e-01 5.377910406420551848e-01 4.909529259175118288e-01 8.772393661274886512e-01 5.008177395359910689e-01
9.016935436174042806e-01 3.480719848883417900e-01 2.965208257770034495e-01 5.365929376294605868e-01 4.507700521919407732e-01 1.701162065543025959e-01
1.210157095598796140e-01 7.259536493733894646e-01 6.062867290322891956e-01 1.001603718533191634e-01 4.120586689211115372e-01 9.103589273259249381e-01
4.642176704325069458e-01 2.343286388354757221e-01 6.081099308219874988e-01 7.855012294158671970e-01 2.827230474790735082e-01 3.097302943163549038e-02
2.483951216314398414e-01 8.459485267128429298e-01 3.603217623387792168e-01 9.326692376703602516e-01 7.663053493760654256e-01 7.703762274835957991e-01
2.428049679632225955e-01 5.007855071341292819e-01 8.799382980990082537e-01 2.338899278798622916e-01 8.559703737544684943e-01 6.182881680620377907e-01
2.698804243275459980e-01 7.640571119284041979e-01 6.911529704473993174e-01 9.740515749613416485e-01 5.065357592630835848e-01 3.950346126683002002e-02
7.277763345019641061e-01 4.482752264470354353e-01 8.174841096350372593e-01 2.951454119614708160e-01 1.663041567637247864e-01 5.321342838378418927e-01
5.171923420094314272e-01 3.423718573718624869e-01 5.582562940494676385e-01 4.514719670672023843e-01 7.307908971379826202e-01 9.351667365158767842e-01
1.916199688743218665e-01 2.916275617537489317e-03 4.690437353920136054e-01 3.465054914212032378e-01 5.058986065063626469e-01 2.581795293397676216e-01
2.557117473868165680e-01 8.676156014352757184e-01 4.537617827889435240e-01 7.391401284360330504e-01 9.166837545812895893e-01 3.377447102125724632e-01
1.166292169082164820e-01 5.933530099825952142e-01 4.112377152123413149e-01 2.550813560416729242e-01 5.437345217849172130e-01 5.845470896772229086e-01
8.342274467419976691e-01 1.350668333314813951e-01 4.115771279395031845e-01 4.624346838291337747e-02 4.500329541608492079e-01 8.562800935428749316e-01
2.410430671951011572e-01 5.791669540515828052e-01 7.020024365230441710e-01 3.291604615600214334e-01 6.023638556958369472e-01 4.384879357604630767e-01
5.758855941775710141e-01 9.031767040426389448e-01 2.805673186066506286e-01 4.346968371915032048e-01 2.981960768024835007e-01 5.135961275210391141e-01
2.684172072092252392e-01 7.750986522688185776e-02 1.522414701393232095e-01 1.772223267970747251e-01 9.719150581201774219e-02 6.698952318464183042e-01
6.287299566998962863e-01 3.074895227170891809e-01 9.532380587830543428e-01 6.710466947870559196e-01 6.658234892243197756e-01 3.594670511653941247e-01
2.094468326542440195e-01 7.705993652654629100e-01 9.088670822400178873e-01 7.510156776721572669e-01 4.718864257292330056e-01 1.654415421288789600e-01
