4.031567670123549219e-01 2.757954556068696883e-01 3.322324149248310210e-01 6.734223035662201262e-02 8.599901836799708210e-01 3.915920884254054934e-01
3.837645595239795870e-01 6.944845938699980570e-01 5.084117401425516380e-01 1.388771064267577682e-01 1.208191078987009837e-01 7.027330104286964030e-01
5.020521909871183963e-01 5.866357488615773219e-01 3.518459612088956634e-01 9.575504659506423044e-01 7.912118408807160552e-01 3.269958605870654234e-01
7.322730866326662147e-01 6.357612412726250106e-01 1.598133068370034549e-01 9.801797758150007089e-01 2.115593454966542275e-01 7.556136811227743832e-01
5.479350188142627642e-01 6.260205226778111642e-01 4.984288774491534291e-01 9.829296284536154227e-01 1.964327622998159883e-01 6.506391910611399876e-01
4.124280645342269791e-01 5.257035222625843218e-01 1.226765627733040764e-01 2.638353594265797630e-01 4.910395057776217875e-02 4.266918895150469959e-01
6.711997985294314573e-01 7.962817474319467959e-01 8.078282403918801702e-02 5.627092595897338345e-01 2.859248657467345911e-01 3.154820516211161996e-01
6.975320032826586303e-01 5.796662030648151998e-01 5.703510834666734031e-01 4.611173414451452679e-02 6.977299303088994042e-01 7.074525595520033683e-01
8.308411014184119425e-01 2.415381674227079500e-01 3.794905670171601075e-01 3.504753172512394821e-01 5.945919339361454004e-01 5.891527614773396371e-01
7.287639766060775015e-01 2.238949546791135781e-02 1.457960362020812584e-01 6.554814463828935178e-01 8.830730205564794044e-01 5.689172311792101144e-01
6.976825527068691857e-01 9.343945923878382853e-01 4.369956257902702923e-01 1.836287411295195460e-01 5.064771417617304206e-01 8.905728256730628400e-01
7.911774892144469717e-01 9.282419200429801176e-01 4.299402104665562829e-01 7.030884475236619524e-01 9.066942769804892110e-01 8.255038249398016781e-02
6.745372499935421429e-01 8.522666133006737699e-01 1.415693852261707963e-01 3.767404093401583998e-01 4.868432606951260677e-01 8.720216641833771209e-01
9.924105205276645414e-03 3.496932780532452378e-01 1.937667045574262836e-01 9.434775421786395500e-01 9.484105590871420022e-01 4.136101205583003759e-01
5.016410895635114997e-01 5.804621731004544483e-02 2.745842296207756661e-02 7.020935164279262786e-02 9.002868687517955326e-01 4.176889035344363288e-01
9.980244251293138857e-01 1.912881887283756077e-01 5.353577124268575904e-01 3.847182060945114612e-01 7.329802383937064070e-01 9.376966709616296747e-01
6.664251000054023377e-01 2.755469877939239476e-01 3.177134290268568417e-01 8.196287417123346852e-01 5.815679765836755388e-01 9.142882663596774151e-02
4.348707803465967636e-01 8.578254672019759441e-01 1.374440883950631687e-01 1.387149431532415100e-01 4.285751287814476562e-01 2.576212332922256376e-01
5.053397673110072708e-01 7.264796439160473573e-01 8.470095793480708624e-01 4.543691655588877332e-02 7.648415748857635421e-01 2.853042305410224966e-02
5.181674299949090567e-03 6.692872157456599691e-01 8.326216459553568150e-01 8.169753141581160838e-01 5.922227460955422629e-01 9.779548380483805703e-01
