6.107358910070980196e-01 8.608365904444762462e-01 7.322421085874155633e-01 8.786938658757992293e-02 7.693258530634825565e-01 4.372657157550600138e-01 2.761788545143392115e-01 7.010624112287455745e-02 1.385659789461689551e-01 4.945384205989318271e-01 8.015441950393638049e-01 6.815169909056872921e-01 5.729255904284298317e-01 5.564742913009246283e-02 2.942405963316404582e-01 7.499021986469333045e-01 1.791140158680813999e-01 6.281305054172978686e-01 1.157334871622144323e-01 6.706774656267694423e-01
6.256804107570363982e-01 1.290972219896047157e-03 5.432919006707110920e-01 5.323215192096806270e-01 5.200485194630583008e-01 3.147552292777139327e-01 3.343071654522520308e-01 8.539235363248138810e-01 3.725672425747491578e-01 2.001703336915494624e-01 6.271978349928006846e-01 1.197665093989072060e-01 7.350686519726956636e-02 5.595530461748871032e-01 1.724192718449893968e-01 4.808823216831684677e-01 3.597141987525122042e-01 1.095543748104056414e-01 4.231809691176637855e-01 2.410810317541498549e-01
5.244716419278987463e-01 5.790861267896392217e-01 5.209057559239309576e-01 6.225054144378593390e-01 2.356099365885764296e-01 2.142329699636290608e-01 4.344716728715752874e-01 4.199542141289857033e-01 5.143173571284456180e-01 2.139822420852344198e-01 8.429089831421358037e-01 9.053471086716072813e-01 7.818131253529743141e-01 1.817664576168293022e-01 5.364338100675006826e-01 1.786356201428389578e-01 8.191582934991690212e-01 2.946828193817032648e-01 9.258416984895934121e-03 9.551145483141331161e-01
9.595659575445596445e-01 5.972450644231632744e-01 4.025066331939771702e-01 7.714336109216366477e-01 9.604218742837563605e-01 5.818298473823949601e-01 8.185925780673495300e-01 4.676574708103087286e-01 5.868011561320813918e-01 8.130748278998006784e-01 5.938313261729181169e-01 4.235758255813294459e-01 6.340226526241860006e-01 4.838472380404603701e-01 9.786577223768542222e-01 4.797277647854314431e-02 4.695692038153915782e-01 5.856891813016587012e-01 8.775934010758486004e-01 2.413120974250579920e-01
7.446499615928219296e-01 1.420169001064115477e-01 4.957918158226767291e-01 1.482630562555427023e-01 5.317071344758312890e-01 2.030455456599151720e-01 3.182200344725863994e-01 2.256349255249264774e-01 2.675449894394887895e-02 1.994799889515708191e-01 8.377305357663952234e-01 9.578096181607099746e-01 1.392672885199276456e-01 7.809659389017171716e-01 2.181591263469850883e-02 4.177839349539493874e-01 2.818717001293139512e-01 3.375220201150475052e-02 9.288715690762132660e-01 8.396940152798662016e-01
5.213129847117493609e-01 3.811291405677911248e-01 2.839950800252979413e-01 9.643455610226082664e-01 4.548014651902613226e-01 5.080930883564641620e-01 6.056582757296056219e-01 4.423088943836824827e-01 2.089988601510101018e-01 2.311286467590671911e-01 3.007722467309850156e-01 5.205833931157461958e-01 7.398230485278060042e-01 4.549672473156525232e-01 4.646539695437668094e-01 2.875529396642750868e-02 9.833083223265127737e-01 9.596518783906713423e-01 1.430823361782634917e-01 3.391021236112232717e-01
1.626272637075568683e-01 7.941181057136490473e-01 5.748085773291391476e-01 6.924467043014876921e-01 9.999849020344719897e-02 1.737813342459748611e-02 7.625106770484850749e-01 8.758001976544346201e-01 7.137572507356653162e-01 3.029281594405388578e-01 3.083814751916362784e-01 2.636487477135109891e-01 3.535477527707420187e-01 3.845880643169505841e-01 5.798946626343501887e-01 3.083979374093933634e-01 4.571847916538099854e-01 2.753375070402243052e-01 5.969155952382143582e-02 1.973166653379543334e-04
1.223190643874031425e-01 1.474378872618594682e-01 9.888931278586199358e-02 2.912478422769991804e-01 9.375138562099429862e-01 5.008903313710511007e-03 2.719667077709847502e-01 6.284456328040638473e-01 9.939516720564900432e-02 1.283230219740383315e-02 3.297291905371503296e-01 3.009580286860560339e-01 3.644658372262150614e-01 1.347134150070742331e-01 7.878210453891885123e-01 4.364888540268305750e-01 2.438996603573563293e-01 2.462992152076626251e-01 4.135629664575098952e-01 1.973197335530200158e-01
5.849958908443397831e-01 8.264634400708467110e-01 1.388401509604133555e-01 1.145605669239843083e-01 5.973941291853314128e-01 2.370818620516942365e-01 4.982088929856876014e-02 8.875595748028659582e-01 9.408072025982158193e-01 7.241374097150847788e-01 2.165625086830658130e-01 2.540902099344002352e-01 6.240711535696730206e-02 4.197539485335954890e-02 2.450490649060373949e-01 3.953733535100741880e-01 5.302982827836895119e-01 3.759472381842748900e-01 7.402658794141856458e-01 4.009439719873086894e-01
4.743472745042293104e-01 6.393449104959540996e-01 8.376507083536601783e-01 4.584689070927893129e-01 6.867998957123703230e-01 1.835897377668738173e-02 5.916375738330167389e-01 3.600718300105953951e-02 7.047658202062921928e-01 5.917358546079852788e-01 3.054314739112318211e-01 7.651033192664604687e-01 3.978121768982677553e-01 6.916945742391770180e-01 4.445292287254904995e-01 2.243034121208510312e-01 3.408581144523495920e-01 3.957714145319657373e-01 2.982454827345226711e-01 9.125373994434614611e-01
6.925416650831368592e-01 6.621816982926919115e-01 5.158727137492945536e-01 9.152677425663994226e-01 5.815158230712893506e-01 8.986461074240353897e-01 3.809303006101381062e-01 6.338758180457363389e-01 4.455624763364055552e-01 6.157858507082871746e-01 5.898415797805501848e-01 6.634427619388133524e-01 9.256532019008443246e-01 8.935286770118195943e-01 4.228172735431295903e-01 7.870753819080422709e-02 1.796690506817066879e-01 4.056522795063632891e-01 2.838374952219855363e-01 3.151794700367386293e-01
8.936856293975823373e-01 2.530487839258156457e-01 9.664989662108046664e-01 6.110934470745584823e-01 5.043304106705140955e-01 8.896609591792880023e-01 4.201803260906434856e-01 7.974056297096144830e-01 1.597912462223236574e-01 4.686499679096614024e-01 2.041783243403760828e-02 9.695882784495394313e-01 1.170395325647439755e-01 9.463440083575482831e-01 5.297157604388292862e-01 1.752038102464481550e-02 4.625352377467771836e-01 5.044978751665319949e-01 9.683384654384342705e-01 1.847445121737827378e-01
6.181158129518619093e-01 3.502104034061862547e-01 5.483395426630710556e-02 8.327289940179642969e-01 8.020076894232194276e-01 9.932947968438310404e-01 5.827465389912878102e-01 2.026069660059715005e-02 6.096969861237719890e-01 3.644143471280503199e-02 5.457704354011568837e-01 8.456117050007255775e-01 4.408608779532253719e-01 5.301518284706910888e-01 1.635023243982729468e-01 7.474434230249803468e-01 3.159616090733836646e-01 4.287372412428858137e-01 1.577830681319037920e-01 4.581282784229192551e-01
3.095321989040991095e-01 1.183103271485229646e-01 7.921424406964263643e-01 7.370045085316427880e-01 2.472927825860795625e-01 7.286108086582945287e-01 3.874031826412043245e-01 3.242237056931946970e-01 2.542127060579661979e-01 1.611128843319670212e-01 7.919253567430184493e-01 4.909580311593236823e-01 3.562566338575948732e-01 6.153246128032187068e-01 2.755357477454842829e-01 2.331476171389899044e-01 2.465236774052682600e-01 5.323285033415842138e-01 9.411918811028285869e-01 2.581783958984577021e-01
4.523488394945101021e-01 1.776733887792887323e-01 6.650877467082663141e-01 2.407251191011527958e-01 5.132139484618046810e-01 9.996800818940488886e-01 1.632602065540240677e-01 6.262423065093516428e-01 4.479910819243909659e-01 5.087567095073558532e-01 9.682052194499818354e-01 5.275843353253484302e-03 3.753402115864952204e-01 4.667587000112692897e-01 4.205314528896878512e-01 3.447556533158379066e-01 6.639729668605031110e-01 9.904548819806816562e-01 5.613107557207870357e-01 6.429770086399253515e-01
9.631371278181799500e-02 9.113383830711252465e-03 9.291989850097603920e-04 4.786718028340601894e-01 5.294647116558023336e-01 9.297440449317422306e-01 9.212511496861645055e-01 8.881561736002335783e-01 5.940945425899808452e-01 3.889906023753687547e-01 9.184797211752655510e-01 9.312914147833922796e-01 8.321299757461751989e-01 6.156320430822618262e-01 8.014954276317438620e-01 4.557998131939615671e-01 7.083296750559263666e-01 9.245138576614336801e-01 5.115791790890359403e-01 2.016508417515788798e-01
9.444494130244007746e-01 2.840883585962251656e-01 5.399157162735450655e-01 9.256224176444430851e-01 3.564451307213842846e-01 6.665388091824081540e-01 4.068573134796575896e-01 8.758991886131277660e-01 3.164249896973124754e-01 9.882230364723483262e-01 3.571124490101729165e-01 6.274423468717785779e-01 1.548256304390391858e-01 8.679961508916321788e-01 8.481995105812095703e-01 2.236132229817514583e-01 4.920986138993557191e-01 8.974635855382162575e-03 8.968723319400562222e-02 1.327409145227801401e-01
2.397548631171062539e-01 1.302253791524646820e-01 9.943938524426710890e-01 3.675600703583794537e-01 7.969122571934025290e-01 7.445870288145891580e-01 8.876064362926606721e-01 4.791398821655392659e-01 7.733965801759258296e-01 1.717160161385899997e-02 5.493228733262444097e-01 8.465316912703124697e-01 8.291467555379767873e-01 6.091374913608609276e-01 8.902081924967438775e-01 2.777582212913229931e-01 3.944476661383602423e-01 9.824883070844421251e-01 5.742996877249457732e-01 7.894685025767944619e-01
1.892066656172017858e-01 7.474194619267292561e-01 5.233107621609857096e-01 8.913921897246204207e-01 2.275156607310168111e-01 1.434805536542926863e-01 8.507189206705882967e-01 9.295871805480702132e-01 2.950774436844669779e-01 3.953800104366430590e-01 6.359041890764607352e-01 2.607169487438509847e-02 9.849325173992038440e-01 2.415770412513549292e-01 8.425822409586344319e-01 9.586764207745159805e-01 9.135479797230205978e-01 3.125646378982920304e-01 3.824783166775655996e-01 2.724810716613706996e-01
7.460781039815593818e-01 9.874027232436157764e-01 6.129579574428479782e-01 6.167481962070247015e-01 1.131863120622949026e-01 6.079736171572551751e-01 5.980334616802950309e-01 6.827120405888391641e-01 1.656361404341540888e-01 3.682537291389753609e-02 9.235818851815190689e-01 7.504009241459186352e-01 8.248164835280249463e-01 3.494024078639332842e-01 5.809602965722144852e-01 2.690197317491923590e-01 7.139180831212103007e-01 2.956538287804411080e-01 8.532555478633307988e-01 5.701317885767225313e-01
3.511462025291882671e-01 5.708239504174400514e-01 1.248090904427612280e-02 7.899552465896125808e-01 7.440919067386053687e-01 8.147442094088146458e-01 7.312186214290027353e-01 3.893910818588418588e-01 7.282311023470272593e-01 7.574738048048923478e-02 1.165150637706524606e-02 9.726176542326263608e-01 9.198294548142780247e-01 5.682707223502262428e-01 1.703186817166874034e-01 2.698799099064684848e-01 7.369639375387249114e-01 5.850493311385784878e-02 4.550886811234364782e-01 6.006164784036410742e-01
7.589737546478575458e-01 2.518184050879470615e-01 7.485740862102274740e-02 5.345499932896264905e-01 1.170384797456385240e-01 5.348189962006583142e-01 5.899036169519954464e-01 8.236914694380329527e-01 9.257509744993253076e-01 6.079952177396241719e-02 3.144221692792426026e-01 7.454772492541122952e-01 2.141220096802026740e-01 6.620583352842477343e-01 7.345662690460508237e-01 4.854937790765672112e-01 1.394019878364035625e-01 8.875831906909629199e-01 9.720781097186952380e-01 6.499868077740403871e-01
1.730757036737365917e-01 2.596047876764309148e-01 8.385914026389044151e-01 1.922994779840528912e-01 1.059234150295181864e-01 2.381130397743583815e-01 1.155481112084281170e-01 7.668540873412210690e-01 6.587737247390708095e-01 9.910259920827336755e-01 4.662443068932902168e-01 9.328337009325562423e-01 9.738119368472978321e-01 4.611954459239161475e-01 5.711107466517542086e-01 9.116096954787934470e-01 9.481670448289918340e-01 7.962700741404709071e-01 1.817627296656237901e-01 9.778305018968700413e-01
4.212225854093487598e-01 1.923479181848627428e-01 1.123915894981285524e-01 2.850620957455967108e-01 4.485312230832424474e-01 4.852641430935553668e-01 4.337890791075235120e-01 3.521562685846784113e-01 9.152163686286911570e-01 7.317462693767192716e-01 3.640537518266541150e-01 9.416359536910443584e-01 5.431585795176540055e-01 7.110396205339152287e-01 3.324062269767690259e-01 1.610374900089748262e-01 3.356578160603475025e-01 2.790630667866645931e-01 3.492675633730851770e-01 5.159748531135953664e-01
6.046303981033267494e-01 6.440604604321891191e-01 9.107823987631871177e-01 1.807436271490237001e-02 2.813929711522682453e-01 9.964005254947020385e-01 2.143801362359283313e-01 9.176820470715928435e-01 6.772814878680647466e-01 2.404628900009317949e-01 8.769843681057909457e-02 5.727716918162883974e-02 5.851717072427398136e-02 2.903131380168544329e-01 8.319787534864282463e-01 3.771417574371691561e-01 7.421341389680271572e-01 8.270295902917971231e-01 6.011327228555931601e-01 3.312350464192215238e-02
4.362633897270296046e-01 7.703709310824634615e-01 7.491857190313780945e-01 6.881068291667338244e-01 6.012661253766637959e-02 5.355869371004048363e-01 3.248451101419908005e-01 1.725580210517961843e-01 1.133682333977845680e-01 4.723031832521580320e-01 6.256771078810039466e-01 5.377905324651858221e-01 3.601995680754936924e-01 8.154715822264028136e-01 1.998926948331268827e-01 1.607885838585237925e-01 9.529889507857275399e-01 1.241161213087138560e-01 2.084057867328458213e-01 9.670188542133493215e-01
7.966356147214219696e-01 2.378688789513729862e-01 2.546144827413718836e-01 2.971018068234901888e-01 9.612038229045543059e-01 3.083987682600132230e-01 1.568760714573015358e-01 8.702989323359020535e-01 3.978959736130580627e-01 4.290392862224832182e-01 3.194572970042000026e-01 6.472992551986482823e-01 1.064747608642002685e-01 9.047797842861341477e-01 2.836026965681984757e-01 5.146789699140132957e-01 5.257426617574616490e-01 1.418863856437798665e-01 2.929701402686961664e-01 4.226741389849149044e-01
8.916473413405598958e-01 8.397459464973566767e-02 6.264151661844528096e-01 4.487794508006308636e-01 1.175356763708409469e-01 6.926333610917880801e-01 9.745283950124192796e-01 7.042273402657670545e-01 3.034276175254235763e-01 9.450061614795224330e-01 9.517193338796825497e-01 8.603813055951964328e-01 7.783551389236040841e-01 8.721026031808388757e-01 5.527351797387466403e-01 4.673448176260628362e-01 4.649576921384288575e-01 5.190100484939162984e-01 7.597794124376666680e-01 6.748665479543337620e-01
8.424425976875200561e-01 7.272633224028427490e-01 8.918476647922939371e-01 3.844702396144125123e-01 7.011894521805304148e-01 1.609016330343600032e-01 5.880683654950111805e-01 2.444829455333836776e-01 3.773481919567185372e-01 1.459694989430203593e-01 2.038808257431733439e-01 7.174940694235748539e-01 6.704615938583712298e-01 7.703628264938353620e-01 7.207259306239289787e-01 3.475987696781714931e-01 9.893052455503024145e-01 6.276510054870256816e-01 7.259543594270658762e-01 3.976240609860511865e-01
8.990171458764397716e-01 2.832054199980449383e-04 2.996331893797712365e-01 3.830163224972359393e-01 3.778880834450755177e-01 9.333658570157119527e-01 6.467194206329675010e-01 2.344564635159389621e-01 4.127738622189147666e-01 4.371454047470764159e-01 9.190161284380593543e-01 2.153374261815728108e-01 3.987685965914213870e-01 1.424890436903558655e-02 2.514745887665604807e-01 6.804117382716576845e-01 8.812287564152583297e-01 8.759898201471485457e-01 3.456076449215876867e-01 3.682590889074027762e-01
9.945492878585547869e-01 9.546577752093881042e-01 2.689548994939454651e-01 1.116542783434212316e-01 6.511672253793548970e-01 2.717721694688711720e-01 5.829108443579187337e-01 3.491049959161390825e-01 3.119502437099619385e-02 8.839095480354293155e-01 8.724935676919506333e-01 6.102175215811769249e-01 6.119814274928517817e-01 6.106410818131091656e-02 4.711593473802127008e-01 1.580634587557103732e-01 1.275074117032442000e-01 2.231234252936225015e-01 3.781023400274019508e-02 2.123067781223760830e-01
4.241667657753112053e-02 1.309616327065197261e-01 6.633472074842750033e-02 4.091523996649094608e-01 7.810554179919084739e-01 3.214118385056260463e-01 4.534375228944057534e-01 4.108353882889635988e-01 6.214269997867194473e-02 4.750868788997664183e-02 5.914210736306222405e-01 1.327540108570660626e-01 1.515714661418477993e-01 1.210075402351260543e-01 4.460914383445458986e-01 9.689180146457698761e-02 7.972291885689271052e-01 2.862320819329847721e-01 7.901283289423000067e-02 3.637897239087019008e-01
1.711813937479013115e-01 3.583435760746698229e-01 3.424946724164650291e-01 6.829502625856396225e-01 9.763863494019111577e-01 6.406902541831374087e-01 4.042544389297635377e-01 6.401622226283413264e-01 6.616355173627344044e-01 1.491517693835294756e-01 7.824892932552728331e-01 1.437545235042354541e-01 2.643051161302039098e-01 7.921278508740812185e-01 9.372355602381378104e-01 3.384206642015679112e-01 7.224584383238428220e-01 4.633756489147156099e-02 9.718440076708602104e-01 5.209250549311316147e-01
8.587003656665803675e-01 2.692765777162791085e-01 1.373109007177459873e-01 4.880467782254500619e-01 5.563182726701254577e-01 8.414068140752295477e-03 3.543794789547257684e-01 9.823671302279421980e-01 9.159229036216801623e-01 5.347338060241298985e-01 7.444787691533795160e-01 2.158754730650740417e-01 1.235482863293827505e-01 8.498692761874687696e-01 9.394932307618569789e-01 8.366865618050148834e-01 6.650577698285915496e-01 9.170809306954874618e-02 8.603313831884845664e-01 7.812262559795637440e-01
4.475125435424820441e-01 3.730752486666428780e-01 9.786548069622070800e-01 7.661299990763745793e-01 6.251193226540758818e-01 4.070192658712475930e-01 7.710562370773842433e-01 2.162803340492944759e-01 1.423418741520933173e-01 2.620305085622017804e-01 3.982479950987108941e-01 6.207949844758409164e-01 8.893667524247631517e-01 5.707608034715304646e-01 9.118695184477006999e-01 5.442737062012388272e-01 5.583255114766375593e-01 1.352063272694099538e-01 8.451570685419840245e-01 2.104869807424125661e-02
4.123795581321614279e-01 5.379762263282614754e-01 3.096304433257554001e-01 8.619012278837870911e-01 5.640263786870625129e-02 9.005606908900971597e-01 2.376620307655424869e-01 5.730832719000100717e-03 3.639472253849194150e-01 7.606650885356370795e-01 9.554731830275177140e-01 9.214123910965481556e-01 5.600866701133652148e-01 7.293932689054691831e-01 4.459769375410640446e-01 5.758830138888831884e-01 7.451874546533843180e-02 8.787373358060516226e-01 8.475942718127276176e-01 3.229038307412390729e-01
8.331406316442774296e-01 8.789426033893295021e-01 8.316104809529201169e-02 7.499868247685980149e-01 6.134234485146539129e-02 5.027034765185498522e-01 6.892419074759411624e-01 2.450533907734627759e-01 2.293701454777152815e-02 7.887485797940837484e-01 5.361640329839765240e-01 2.598891812527739376e-01 3.580108057285830148e-01 8.475072509212157046e-01 2.718837948504685409e-01 1.291004990673085828e-01 3.035380920573187424e-01 9.161593927416955552e-01 7.177716032813463709e-02 5.097310170571921484e-01
5.632598997857111156e-01 3.053925743676549898e-01 1.015918634509295204e-01 4.319536147305669260e-01 8.730729997268799059e-01 2.926825002665052189e-01 6.941495591787328889e-01 8.154930490630128981e-01 7.670198448521113876e-01 4.391115540827466024e-01 7.590096661268334044e-01 1.513894811135002572e-01 2.788629250047158781e-02 9.392807372144464928e-01 5.421854521376484604e-01 9.777510310204553523e-01 4.708537133233658967e-01 2.564816667271414552e-01 7.418206881162190403e-01 9.518673588573826061e-01
8.879822492771550779e-01 5.839873461309452729e-01 5.482739919221192304e-01 2.242566854485564809e-01 6.295014955293735115e-01 5.256736702358925095e-01 6.266504238544016170e-01 5.051183051699004167e-02 4.234856682513997717e-01 4.026330675592829644e-01 3.246843286298684017e-02 6.386886237836003621e-01 1.263877374023381073e-01 4.267007434360742257e-01 3.810104349394954903e-01 4.127214318598131371e-01 5.577477507078387742e-01 3.456982060872924034e-01 8.975270622126318987e-01 5.702150423649541278e-01
2.794939407547439858e-01 2.760657877881845801e-01 9.587996065896043918e-01 1.092709066156105635e-01 2.025019696544675396e-01 6.518386287355387720e-01 6.642717640435422677e-01 2.735728910981384265e-01 3.200355096136331401e-01 4.293945489940075300e-01 8.632927003407492306e-01 8.609089647393384226e-01 7.613898209253500138e-02 1.279216530167374133e-01 3.322623488704424810e-01 9.515065580905315290e-01 4.274623258789354008e-01 1.648594073706115548e-01 6.486960917392767811e-01 3.434390225923722451e-02
5.171543742264161914e-01 8.557381974983621076e-01 9.407846988767143426e-01 4.455152156176609424e-01 8.786065971862877522e-02 3.223245134940078138e-01 7.472734387028390213e-01 4.189878843908066974e-01 1.507696805243222693e-01 7.686327339569933859e-01 6.775026086430983030e-01 3.918299345107928433e-01 9.648887651783655262e-02 6.028905135854579767e-01 5.779304815191443900e-01 5.025139171928294513e-02 8.921208764387262846e-01 6.983378554133675697e-01 8.767523342151783972e-02 1.406054718965513706e-01
7.006133501937690244e-01 8.287728142459934721e-01 8.369825291563156577e-01 6.698858571531742800e-01 4.952753244733640869e-01 3.278500635493868387e-01 3.853040531032427829e-01 9.714442227316744116e-02 2.387846509755880975e-01 9.980080959528420115e-01 2.806625098963601017e-01 4.091578175602341716e-01 3.862241157569890060e-01 3.944388934636966493e-01 2.428659026970532153e-01 8.960057792689941625e-01 2.547007340697424738e-01 3.295210269880152198e-01 6.523741670759132250e-01 2.846649964724186077e-01
3.882753557000655498e-01 7.265621399152241144e-01 2.416670785083998574e-01 8.038002686505461014e-01 7.268999214859191982e-01 3.455950729945510558e-01 4.612441782130607404e-01 8.869532590896370694e-01 2.247977116772427175e-01 1.092754035155473202e-01 7.529673111214757464e-01 6.799539208650229316e-01 4.270991036807525454e-02 2.825364466210478209e-02 2.799445053495920321e-01 1.293847494766422468e-01 2.263699494171608206e-01 8.685963961650865484e-01 9.407023648620082001e-01 5.102178562969125197e-01
9.144165047087449150e-02 2.884140976872947570e-01 5.699548732271465523e-01 6.589976072228985737e-01 5.902091517678652588e-01 7.093194624853232932e-01 5.769704447103817246e-01 1.333597107377609836e-01 7.097199324526599629e-01 2.480093673609879978e-01 5.820386602934854992e-01 2.138751475084726961e-01 2.919487287439452849e-01 7.072896791967653307e-01 1.324015904384017173e-01 6.934769763038092227e-01 3.183648001293235552e-01 6.216071017423450140e-01 5.208268078028682746e-01 5.207495023217720842e-01
2.234444919739035917e-01 8.588785734961185137e-01 5.529575356042926160e-01 9.260616974501540977e-01 9.319700111663916653e-01 8.439008090397599471e-01 5.546351963176001654e-01 5.977761510025492164e-02 9.941656754694838671e-01 4.564383227892526707e-01 8.104029016853183665e-01 3.004831609632485634e-01 6.355735490804675925e-01 8.322013936581473814e-02 4.901180598121845922e-02 2.245594940543428342e-01 7.810774377652419664e-01 4.954170624366117659e-01 4.243570480237217613e-01 1.151292124760994184e-01
4.711545344913589117e-01 6.792537034937505824e-01 4.147461704541728356e-01 8.990553391622112533e-01 9.548050130483143327e-01 2.491923049090248865e-01 7.376236247118526101e-01 8.256447131822571839e-01 5.903581138942013418e-01 5.678729161588512708e-01 3.987293456225091681e-01 1.434720216800701165e-01 5.152875527283209411e-01 2.571489667974853344e-01 6.671660963029206748e-01 9.906416953540343462e-01 7.100382251051886584e-01 9.505700817829221272e-02 9.535913261390971396e-01 8.092538679031463511e-01
1.335301537530568794e-01 3.494373688437022452e-01 6.306853130035532384e-01 1.085929979510921184e-01 8.308537579618064939e-01 8.690041583054602947e-01 1.497565383215720969e-01 5.764152629607237621e-01 7.862541107714776656e-01 6.446389668368753822e-01 4.814338651740365238e-01 6.417835191091011415e-01 6.203089060407572797e-01 2.807463819510296332e-01 7.327493696481762742e-01 3.879880647250634196e-01 2.456949071819125585e-01 1.439093365069793462e-01 5.461841176083279681e-01 2.445393035639032986e-01
3.654111924265294187e-01 3.341025160953521311e-01 8.473779813414739071e-01 3.346248320893926431e-01 1.124084356878711777e-01 4.464300255324110678e-01 4.721930341292150946e-01 4.449486587656534820e-01 5.597784347331289379e-01 3.930252014673818461e-02 5.421656106015459997e-02 3.952100490047122383e-01 3.578611897634744743e-01 2.097283762621160452e-02 8.973002998263005514e-01 2.439271296274381218e-01 7.257423531241901093e-01 3.177392114919410648e-01 5.415118094882258593e-01 8.863941567818834910e-01
4.453130103952162022e-01 5.892286266424028307e-01 3.773792075926780676e-01 1.755213915960351923e-02 1.339233191521594923e-01 8.987935647048439503e-02 6.366724910433715356e-01 4.844575555261582123e-01 6.315727966935368309e-01 7.484678341952462066e-01 5.312924029544244808e-01 1.899121796087278602e-01 1.903911841565387730e-01 4.491945608097224207e-01 4.989679899082681835e-01 9.742635624828511753e-01 7.923114321510275060e-01 6.709561698037481703e-01 4.193748692171700432e-01 1.512058803792282191e-01
1.180845256441126478e-01 4.980744274678163830e-01 4.438306829048723756e-01 1.501417273354415105e-01 3.127502457825637183e-01 2.339812728939164588e-01 8.234986159335040412e-01 5.933311782818290192e-01 7.685238501823921098e-01 1.388039424678012557e-01 2.333598748773082487e-01 4.385782223711207628e-01 1.461604125292416123e-01 4.426752624894165766e-01 1.907717578032351868e-01 5.679326112238141100e-01 2.835473363192583252e-01 6.612500138010758421e-01 2.256552532093271113e-01 8.504606269162119370e-01
3.494037214150783610e-01 4.412838064524962078e-01 1.980027055606072839e-01 7.051846894373324792e-01 3.477928831518128927e-01 4.975174149063054108e-01 5.150951753848030945e-01 5.551095869559560247e-01 1.894779474269647768e-01 7.979749577466926924e-01 7.338988839985932655e-01 9.470194840242120993e-01 3.615648493589350698e-01 5.951571308376624181e-02 9.415424574768448407e-01 9.135466798237572572e-01 4.991585759309224990e-02 4.577675489142976062e-01 9.869309735157073549e-01 9.695726415271830323e-01
6.076464375096106707e-01 7.690810252361812704e-01 2.131587752194338270e-01 8.137724060197705223e-01 8.779367874363128710e-01 8.313681838405250213e-01 3.448888193374129996e-01 1.458766223401930517e-01 9.789185304995035031e-01 2.653730613840147301e-01 5.901030256600234836e-01 3.175701300280551198e-01 6.756917508029203212e-01 7.553470901739652854e-01 5.806376297342082937e-01 8.932281559877460753e-01 3.854851724722136996e-01 7.176990253819838239e-01 4.430054151608697754e-01 5.363535505350595090e-01
5.102963397417999980e-01 5.609540183085437448e-01 1.634679458612712244e-01 8.661889013050428909e-01 1.875292295588638636e-01 2.635704521190372907e-01 9.632887080471785879e-01 5.081099941876673354e-01 6.146584444700660121e-01 8.538408256191705181e-01 6.032319773424921205e-02 4.345368372200931750e-01 6.528763175351978143e-01 8.704991987951322674e-01 4.623954989092639023e-01 5.512452982707556348e-01 7.846692357726631206e-01 2.559592727172429472e-01 8.422802301852819751e-01 8.430036694328386648e-01
2.106260169799291093e-01 7.317599252428274026e-01 2.536762409301351884e-02 4.907212015646402747e-01 2.305601142098059331e-01 4.983174962748586623e-01 4.125822656118649512e-02 8.679697940328234829e-01 7.040576900332571331e-01 8.301947952331308889e-01 9.775639079111468899e-01 7.088441171364180393e-01 8.778925125264569473e-04 7.362841081198715498e-01 7.624641744176881009e-01 6.811381459041611075e-01 4.549272215302316846e-01 4.557196932805231970e-01 4.741045872257076965e-02 6.544112336297627230e-01
9.101836799939104772e-01 7.126633960686414859e-01 7.307873861164997376e-01 2.072822071229722951e-01 7.015065022696351793e-01 1.748973216340762304e-01 7.718098806659207112e-01 7.742443131241296683e-01 5.611100878069096298e-01 5.747031536569970900e-01 5.917773996339525944e-03 4.001112519061145179e-02 5.994531386706255516e-01 8.837583497644636576e-01 6.345663609669019989e-01 8.421154192124139515e-01 4.346410787867661663e-01 6.620882362514894925e-01 5.297508625715877661e-01 8.715317739911107031e-01
6.987267311115052948e-01 3.955295355131936974e-01 8.340917454528229413e-01 2.031535052916234596e-01 7.822089164305545683e-02 5.792384813739208660e-01 8.785848368003899012e-01 3.640202977576677545e-01 1.591957983533279775e-01 3.016462199542998546e-01 6.202834736186182418e-01 7.572404975456082932e-01 2.314171474223697400e-01 7.416544898312579237e-01 1.211077949064928161e-01 1.302280515424568685e-01 6.646346198370539637e-01 3.103686325317367434e-01 3.841332955030341001e-02 4.808535494182660797e-01
2.460233119848226346e-01 2.684699933078286138e-01 1.407941113458698323e-01 2.918570396969633052e-01 9.827617595262503336e-01 2.656487965492522196e-01 2.000336394944965956e-01 1.218915557770469116e-01 6.709557303049317190e-01 7.466149159575798944e-01 9.032990770534651270e-01 7.211408954927281956e-01 7.706608694745163968e-01 2.157372578512706252e-01 4.288900686652832306e-01 9.198522110334153012e-01 7.436200155490422237e-01 4.081976991977587232e-02 7.245198697599455340e-01 6.351351605276460699e-01
5.839803223158869239e-01 1.843848109387071776e-01 6.381089700955415722e-01 9.615564660184321433e-01 1.764337617684303972e-01 3.974485215846681463e-01 4.997023580750559191e-02 4.786493711139689911e-01 7.524613958260906177e-01 8.022347880817881638e-01 9.471893484642103234e-01 3.751193003660686642e-01 9.354418970077049700e-02 9.951895968284305560e-01 3.663042633366542233e-02 1.031111966760608345e-01 5.042146620686037695e-01 9.470737066066248211e-02 3.175660985657468016e-01 4.378888684499780970e-01
2.831395065607421602e-01 8.059981957179629397e-01 6.270310407654989815e-01 9.974934115867423179e-01 3.595119208730467308e-01 2.060151867348062327e-01 6.652463687245037116e-01 9.785365786902305851e-01 3.072688079503975711e-01 4.076698731953344312e-01 7.423755132336058438e-01 4.011315948999231162e-01 9.816918420820364144e-02 7.332985481093656777e-01 9.832601362237397558e-01 4.195713935815570395e-01 9.146389224294796394e-01 3.382715991797846655e-02 7.853646928907022096e-01 1.169332334944401808e-01
4.693159239020843199e-01 5.873011558927924147e-01 8.681892071777971287e-01 3.201885324413085154e-01 1.320593252931170358e-01 7.274170205505663400e-01 1.696265529401022043e-01 5.446538130330083050e-01 1.956852480047943654e-02 7.532677344157124866e-01 9.533221129906347402e-01 2.611159180295047344e-01 2.412575987194000016e-01 6.210069598355497655e-01 2.460599309631482656e-01 1.186972749358892187e-01 7.575341150555552350e-01 8.790034878583118383e-01 8.672475850358837279e-01 5.698828065291035028e-01
7.720826096729964672e-01 3.787507369529536927e-01 4.532512985257416416e-01 3.420483471985128476e-01 7.117611958279108642e-01 2.658133988743027754e-02 4.582237021092082641e-01 8.250447656530209839e-01 6.678953626175103686e-01 3.257631495832574720e-01 3.338619837569587467e-01 7.926599623574714926e-02 5.246185586950048441e-01 4.058805947966648286e-01 3.161872493733061118e-01 3.684299674729458740e-01 8.461147648283295908e-01 7.788192056169257471e-01 4.387422581465910687e-01 1.197935503248582778e-01
4.435512361570272954e-01 2.388725628029263470e-01 2.155141876318094063e-01 3.271060851797334967e-01 1.815081573053575204e-01 4.864733960511132826e-01 8.714609583492436418e-01 8.826193336799454947e-01 8.037858050789887798e-01 2.271939830217172274e-01 6.058125055635306122e-01 4.854798731148373125e-01 1.138638497798858396e-01 7.620305069434004652e-01 6.688025078419954639e-01 6.880218410312711752e-01 5.638608896156075412e-01 6.524838120942124675e-01 9.342984917331006445e-01 1.701831167366804065e-01
3.295831508494432294e-01 7.859624364740397384e-01 9.574020475706249700e-01 2.940618705733222260e-01 8.573999533483159796e-01 9.807101627863480386e-01 3.162546422247183298e-01 5.116652747196883677e-01 4.668885562789133470e-01 5.331953887678834159e-01 8.583391604743607628e-01 5.449032944888607677e-01 8.285234746773117998e-02 6.551222270912663292e-01 2.555150022826722100e-01 6.394836687152432031e-01 2.488088299975516060e-01 4.925735715032434348e-01 2.159294527558236476e-01 3.359729696707047797e-01
2.546652555306604393e-01 7.022581281322083369e-01 9.387094563894519128e-01 8.973769537762733561e-01 3.472585288568769135e-01 5.329757592647340614e-01 2.047638203534994927e-01 5.838488364269865949e-01 2.517368724530333335e-01 3.896032084280300900e-01 5.759916673290361722e-01 4.811752097243731097e-01 9.463672294983392907e-01 1.980628402823432221e-01 9.386964099828312147e-01 1.426702147994791670e-01 8.268880431832871247e-01 9.312023958279846969e-01 4.173925344490524436e-01 2.199191688844471804e-01
5.620107167550141281e-01 3.389162478519918142e-01 5.473539309070339920e-01 1.287350823850128556e-01 4.720746746608639466e-02 4.373461024923297469e-01 1.616445051213365458e-01 8.335270450126364139e-01 8.735049700008848950e-01 2.911313811061719825e-01 7.781453487599939711e-01 7.493224493976102796e-02 8.434275817040974843e-01 4.955349226083971548e-01 2.650036769239185741e-01 8.032313845168703725e-02 2.957269271619162865e-01 6.885734138621931733e-01 2.049471511788036882e-01 3.155534953098038109e-02
5.783354083058320771e-01 1.142962332855104179e-01 4.832554372370749807e-01 9.813524397663709875e-01 5.192344102959076668e-01 7.424689702978501948e-01 1.334427184716013848e-01 5.375506560853170468e-01 8.169751306263776103e-01 2.854711403882252974e-01 5.913587852516274390e-01 8.090417916223534567e-01 5.376163171802039731e-02 7.076032842462434136e-01 8.894419611722990116e-01 6.175132992207374993e-01 8.043881521480158447e-01 9.526136871635528802e-01 8.476239638933039666e-01 8.607838650706244321e-01
7.740189150363865345e-01 9.525870355212736618e-01 9.007330518899341332e-01 1.964224744641818177e-02 7.346492256429077994e-01 6.365698316000506507e-01 7.165002454545827959e-01 7.321802957542622448e-02 4.977094735240039647e-01 8.934062573665042528e-01 7.312318544614828664e-01 3.216869130775745766e-02 5.796378797122536675e-02 1.738837174335481350e-01 5.459350589302505163e-01 4.771331445621478373e-01 7.019261423077468587e-01 4.311025280225208034e-01 6.381799572068873605e-01 6.891506830381380899e-01
6.812040672728604251e-01 3.654384606526622781e-01 8.920404848693630484e-02 4.284078809912362784e-01 1.917083411595007503e-01 9.763640974164577990e-02 1.267237092051728409e-01 4.172971675947970693e-01 2.556785387770679208e-01 7.649030058134045351e-01 8.884692973121706139e-01 6.426981230840743686e-01 5.055274926310203698e-01 9.840023182956331160e-01 1.972347530202489541e-02 2.612487029338006472e-02 8.236387521695779368e-01 1.424520980621221122e-01 4.220299802805297373e-01 3.685051581595780723e-01
9.600860131318450508e-01 4.272970676485413621e-01 5.545854744551557136e-01 8.990898358137513480e-01 1.872710405439956816e-01 4.334024681972982185e-01 4.094456392616829810e-01 3.763268156839030265e-01 9.551072664473261309e-01 7.648688482190689752e-01 6.746877285771302191e-02 9.810444718770781058e-01 7.076794450905687928e-01 4.117366897179562946e-01 6.731208586073529343e-01 5.336249151647125544e-01 5.897858376400588742e-01 8.073025320405614602e-01 9.393133140536099601e-01 6.633990611317986952e-01
9.394015096506812545e-01 1.401541019798833165e-01 8.308097740740638670e-01 8.509794435624018494e-02 9.964079012908947375e-01 3.424715348991728137e-01 5.836020693712349328e-01 3.336424776841218076e-02 7.362638094919978782e-01 7.654737086002471047e-01 5.865612833146921501e-01 4.759445473736089172e-01 8.544604161689944855e-01 8.017880368638431454e-01 2.584784277363069149e-01 7.346411803680149566e-01 7.215995704955091572e-02 6.161830162680528300e-01 8.728855880543463508e-01 3.081418975117237169e-01
3.842916218298744191e-01 7.566941825655995046e-01 3.669270692275072854e-02 3.476996677127907054e-01 4.805664162781794202e-01 7.500692174333384310e-01 9.607542756293322439e-01 7.826789675147899361e-01 7.396621311961687484e-01 3.582452405768872250e-01 2.650619503089470808e-01 3.065723023114537149e-01 4.274154776269100120e-01 8.469108042282197379e-01 7.985126576740009252e-01 6.727482892911371692e-01 1.717073896182420567e-01 5.216429066815181370e-01 6.383489891560234497e-03 4.004871980745555726e-01
9.878019779306153048e-01 1.071166757571917483e-02 8.589386711472885017e-01 2.086620550342315195e-01 1.324658921764593211e-01 2.400100887789635706e-01 5.577856876526769980e-01 1.489457701238887655e-01 6.089638046507321878e-01 1.632616620093808590e-01 2.746103452593173788e-01 9.381680303688367806e-01 2.953882597889416761e-01 3.270812077591542799e-01 9.329101886512436437e-02 6.963720352269658909e-01 7.890599975708797453e-01 2.940137950804684319e-01 3.858645532137108258e-01 3.063828074466627971e-01
9.397732858703033987e-01 1.587613488117751714e-01 5.683283188157095545e-02 3.129252226987079277e-01 8.134796488754064692e-01 6.551720079239284900e-01 8.947578324759198898e-01 1.040283187356323413e-01 8.866312054151223032e-01 5.953140875210042315e-01 4.688411006726198593e-01 4.707089917720412853e-01 6.083790785740899043e-01 1.707378400751469183e-01 9.502714857701786144e-01 7.347808307139931383e-01 8.296351454796002667e-01 9.155812935218009541e-01 9.227166408341712645e-01 7.678231600695869519e-01
4.727020943752467952e-01 5.925726878644010931e-02 7.099871650597600059e-02 8.363028893849255851e-02 6.428388555014947769e-01 1.601204968629102998e-01 8.218164149736760793e-01 5.974565597579812870e-01 5.800933074885193941e-01 6.484732740626187875e-01 5.378461116721799939e-04 1.521252645890261990e-01 1.035527211885967080e-01 5.712454547033108954e-01 4.567085761841545022e-01 2.948968169613302992e-01 7.004181140843469544e-01 5.753224682225650533e-01 8.454481535709917894e-01 9.848086976118133329e-01
9.476319696773597423e-01 2.331319696068645531e-01 1.019170265079516469e-02 1.082661088593195320e-01 3.749295915142889513e-01 8.724619089994575249e-01 9.786562803157413670e-01 3.121152876826109868e-01 7.889123538386311196e-02 5.308093017954640391e-02 1.165726738355047365e-01 6.249404521905264076e-01 4.661109025922022253e-01 2.212339729203982586e-04 2.894763068311583254e-01 1.415600117983124573e-01 9.349186449876724092e-01 1.499458121956253054e-01 7.201927053119737687e-01 7.210318730061376913e-01
8.324088988514459775e-01 2.406158396044714154e-01 1.407885402854719414e-01 2.738857654982370660e-01 6.030856431170246168e-01 1.134168427695692039e-02 7.662342192657574103e-01 4.604218194999751823e-01 2.047784120376463513e-01 5.550285305618714027e-01 2.352874974683949461e-03 4.155763124733075076e-01 6.345383905958628112e-01 6.802833958210380283e-01 1.373883267105493466e-01 8.183088629053404395e-01 6.522796779949577850e-01 1.497939903025280461e-01 5.348553306536454333e-01 3.476274071661680232e-01
3.667875623925574979e-01 5.542643648265244138e-02 8.483182749727113947e-02 1.456711684240830085e-02 7.218357339023560026e-01 5.380005063573828350e-01 8.053539333006547452e-01 4.894483128052973253e-02 8.990576873135497360e-01 2.247017355676658168e-01 4.438492384396940382e-01 4.149025736089628769e-02 2.440989639029902403e-01 4.831009507746710785e-01 2.743338724850499233e-01 3.991128276911911632e-01 6.921342373267632686e-01 1.665721653456395668e-01 8.716541112329134755e-01 4.773381577426916156e-01
8.335998813631545490e-01 7.667356892460696072e-01 4.731253752183747219e-01 4.231459934825876346e-01 9.997070009561535020e-01 9.467204940324094320e-01 6.472156816728363848e-01 6.974478646999341391e-01 2.882887079468651192e-01 1.034602078268599401e-01 2.367347657061660282e-01 1.539109810439786008e-01 1.824195891569062589e-01 7.670415331274917925e-01 8.553569222483582424e-01 2.462129693062792279e-01 4.195002292492705509e-01 6.897598217731499837e-01 5.648815234259737528e-01 8.662556417904656580e-01
8.325959675139793514e-01 8.904511905374351555e-01 5.331920364920997857e-01 7.189415208300876658e-01 9.570997711966364729e-01 5.920714286063538667e-01 4.784156183146255348e-01 8.895620785773148409e-01 9.138333705244733318e-01 3.036756557170768867e-01 3.166348151667627286e-01 3.352390970890795074e-01 9.153233609707104312e-01 2.768462776719969876e-01 9.789213629188797672e-02 9.012560424498921030e-01 7.577273668086793590e-01 3.151033665595934785e-01 4.902639953516326754e-01 6.789280209520479614e-01
6.833154993947977429e-01 8.470845502277861705e-01 9.768982594288657673e-01 1.886761607086037129e-01 2.915805951782848293e-01 1.965142910026220768e-01 6.034688165301398399e-01 9.501695315119523810e-01 2.546393354225571226e-01 3.954931433397037566e-01 6.396217378896108530e-01 7.161136959069382968e-01 4.111679242862222861e-01 4.050188051809744394e-02 9.694631507464190889e-02 5.653134550250422663e-01 9.157641121440807108e-02 4.001766532189122705e-01 2.996114609908824278e-01 2.691752234250975873e-01
4.429164250003558845e-01 9.026553959140481975e-01 3.430640547616197189e-01 1.359930088896476041e-01 9.527067790081413801e-01 6.052733720196219469e-01 3.801362027934377386e-01 2.212508914518885872e-01 6.370177777850511980e-01 7.612467263461699662e-01 8.334981649911634705e-01 6.934498024336325228e-01 6.806827027441674227e-01 6.912154285880526272e-01 8.180250671136268803e-01 4.601305984306991448e-02 4.150388578847210574e-01 6.991384802684165178e-01 4.148255023250517759e-01 8.504487612659138440e-01
3.680265530744344371e-01 1.778772897929943309e-01 9.533618638488070562e-01 4.899503925727458631e-01 4.516473697852183555e-01 4.470917797711198016e-01 4.528093175802117010e-02 8.524845404161934814e-01 7.366408875194316863e-01 7.911926785640078785e-01 7.522548083671030117e-01 4.066752883849079625e-01 5.684066294344857218e-01 7.570590333396451932e-01 1.899267959805084338e-02 2.789191609882520906e-01 9.994294743689993155e-01 8.701024416349880664e-01 4.653293482452478536e-01 7.118185485094866705e-01
9.004249481574092551e-01 2.803096656325239078e-01 5.140616825907892151e-01 7.366500347486524269e-01 7.352012870194681859e-01 5.204439454969870260e-01 8.021531184053448671e-01 3.001662008234672330e-01 7.048668285884244211e-01 6.851007225777128173e-01 1.749711580953117185e-02 7.208195998180095820e-01 2.885062333681038815e-01 7.378794323033242009e-01 7.169440567560927402e-01 5.221308934895133591e-01 7.251150153196741499e-01 3.911892118167330512e-01 1.443786828550194246e-01 6.007506195669298776e-02
5.763040834730529527e-01 6.916829990124537808e-01 8.380079786079941417e-01 5.995480946960382029e-01 3.977510021029403431e-01 5.131172362892292282e-01 3.162291097495052439e-01 4.683679030212120065e-01 3.522492993398643746e-01 6.948569618658948510e-01 4.545224738506724593e-01 5.969845810384927232e-01 8.245101582402208917e-01 3.557422943798898007e-01 2.096244268073240713e-01 5.350721645425423612e-01 9.218610289106643485e-03 3.360222034472868380e-01 7.227402748115326903e-01 1.086825947024782080e-01
2.278152618118738371e-01 4.095800633347143060e-01 5.044573598907970968e-01 4.805508437329504279e-01 6.600743481988855521e-01 3.794036175555935975e-01 4.435251015811780828e-01 5.122948978909012130e-01 7.080790379692812886e-01 9.896297903535251628e-01 8.340795224989435708e-01 3.631316767281005387e-01 6.349926680179774907e-01 8.294167841676285402e-01 8.382225435314576423e-01 6.100282171042570312e-02 4.607613828442769233e-01 4.157923901022511082e-01 2.751409424585149477e-01 8.830355708285773098e-01
9.129440548016169998e-01 5.049318859015881067e-01 4.746678270892967788e-01 3.462160559226215018e-01 8.488055226316315593e-02 6.914692492532266144e-01 3.497976186834043100e-01 6.552190865075879778e-02 5.098636690334524824e-01 7.719157152670651501e-01 8.528787839280920213e-01 7.922382405777759207e-01 9.516763788051018080e-01 1.148785132937559794e-01 5.240051739212570059e-02 7.556324581272774177e-01 8.642844305777003244e-01 9.413370594480933162e-01 5.432991454113982321e-01 7.411391882107744022e-01
1.932253943263173568e-02 5.253922043321311852e-01 7.911078803492891387e-01 9.141178494433643831e-01 6.108816201006208590e-01 1.106324609997607622e-01 1.908473814528339751e-01 4.122863693720707490e-01 6.244195832398993229e-01 4.248858163749057448e-01 7.372145066165169958e-02 4.232477839372574824e-01 9.401633752434797042e-01 9.585665136412552245e-01 3.706747096305716971e-01 7.688740432152152415e-01 6.750112740867552086e-01 5.921161920265328726e-01 9.049784945487073795e-01 7.180680019536478387e-02
9.485483853700825696e-01 3.218213471310727991e-01 1.402255363013794609e-01 8.179057934388848095e-01 6.449017366929807871e-01 6.465384409905204910e-01 2.264448855006575556e-01 5.083797267441536594e-01 3.079620500973568875e-01 4.556672616150307942e-01 7.866862653905866143e-01 9.735645599914849457e-01 5.942872013131800246e-01 1.462364026954168228e-01 3.234193175860229363e-01 9.089357407513742881e-02 6.629809157670047970e-01 1.526487046877942344e-01 9.854721729892207405e-01 1.926975323609000368e-01
8.968883605733019015e-01 7.395828337482458492e-01 7.020859047678615905e-01 1.270291324391735754e-01 6.633412603405723917e-01 6.868665280737379364e-01 7.236764142548319789e-01 6.173819678320957571e-02 5.988085742659280397e-01 2.168084057411696630e-01 3.899000394368661304e-01 6.704311057744956059e-01 7.698900612662895604e-01 2.689789157082085325e-01 1.129401399759165647e-01 8.157350169006676310e-01 5.107315934578944283e-01 4.154790338954204021e-01 7.163583806608759819e-01 3.385354876878128305e-01
2.034344260638865087e-01 2.140057803482277032e-01 9.787936115185903452e-01 4.539854580863981193e-01 2.906927798672731544e-02 7.769335731578556059e-01 8.578964309474195193e-01 7.178342149851631993e-01 9.010596258651462076e-01 4.676751359349412551e-01 9.699941862225830436e-01 7.468640738073404339e-01 2.444278911212436345e-01 1.975312976162438838e-01 8.331754846324099795e-01 7.235734616135650610e-01 6.001178452861952728e-01 5.091007576086794550e-01 1.625780887241230488e-01 4.975765068320650020e-01
3.511543338472811193e-01 3.076823720467634082e-01 1.582843451874367258e-01 1.969499395299545430e-01 2.410935160030808211e-01 9.253676756591890928e-01 4.627482326582553762e-01 5.487511462393787065e-01 8.847237193965158397e-01 6.817351866209102607e-01 6.249384595894565964e-01 9.550572801448705684e-01 4.458557874336404048e-01 8.976334396517005043e-02 1.871251043441995998e-01 5.608823274726805197e-01 6.375415881062052037e-01 7.389482222236998243e-02 9.279148079421835060e-01 6.186997281573042295e-01
2.625025096792790169e-01 6.146849181283935426e-01 4.371178649858501464e-01 3.134470120122910819e-01 8.460002500761968358e-01 6.971656016502995046e-01 1.855384277459781739e-01 5.974041817850134217e-01 5.834830427635085970e-01 9.648508765076393434e-01 8.609898037396208625e-01 2.227429621440429885e-01 1.393326653355470013e-01 8.266572570569759026e-01 1.094493411841469532e-01 6.317447444155327441e-01 3.061655040852783172e-01 9.105580752813208223e-01 8.971541825579862905e-01 2.707976612314312304e-01
4.453830090128674257e-04 8.915148581842092801e-01 5.397432793383203364e-01 1.647622622397926229e-02 6.672763177811300572e-01 3.968652912661752019e-02 7.397387372941203187e-01 2.476984801078491172e-01 8.234332093040228617e-01 9.375052408288598871e-01 3.331016321988923279e-01 9.844167979797402435e-01 4.740105687295556036e-01 1.014594129911355891e-01 4.160735510212552057e-01 4.360137124782604845e-01 6.291552971224179114e-02 4.523869340342367984e-02 5.794142516332205783e-01 8.632549538060049210e-01
1.990350758613809168e-01 4.940102179150827055e-01 3.711569792270402735e-01 8.490549248727550236e-01 6.534640927994530557e-01 1.924365111394862327e-01 3.289410410581239397e-02 5.152028780064620284e-01 3.788098211712490615e-01 5.512967371530905769e-01 7.351319388997206161e-01 8.207008932758891318e-01 5.323947761818850211e-01 7.961687589635478846e-01 1.321171381102026476e-02 1.917553375400466997e-01 6.131339296344601175e-01 9.736834898901760571e-01 4.089740345639518715e-01 1.783552577471594347e-01
7.815151925153405177e-01 2.683528844004233749e-01 2.853587098892307328e-02 7.783140530187475647e-01 6.517069262201000690e-01 9.950025877375832106e-01 2.205777322045976430e-01 1.037825822062721226e-02 6.616774860438149330e-01 8.348145088164231620e-01 1.150743029407220730e-01 4.460857944691692945e-01 6.815184888083754000e-01 7.329764958382198881e-01 1.268800520996915537e-01 2.134714936183517153e-01 7.176309278189862972e-01 4.778761487100027239e-01 6.411008076250273024e-01 2.707957742197183437e-01
7.016034064939347115e-01 1.833297985523453244e-01 4.534065277154463169e-01 4.736498604031430526e-01 8.888384737971577465e-02 7.635589534005410295e-01 1.404946564568031464e-01 3.505729914608073372e-01 4.928523689450954315e-01 3.706562242120418071e-01 2.360526118545028806e-01 2.125514334017074569e-01 6.215647573763595224e-01 1.118110300317128880e-01 6.057346706979230833e-01 2.353350298575063171e-01 1.196758579803991474e-01 4.164865424218531231e-01 6.756531087068702313e-01 3.315995885640865559e-02
3.611687665853217100e-01 7.045741091756829722e-02 9.856535292189727571e-01 3.168009052321967278e-01 3.366696279203928999e-02 7.491064524161974436e-01 1.410150265002237946e-01 6.628505511851426890e-01 9.592727925830965008e-01 9.270229816861170757e-01 5.877118775557040875e-01 2.703156771814392290e-01 6.387651598012562548e-01 1.586995958259236339e-01 5.422840755805568014e-01 5.197125474818240498e-01 3.359752166892118197e-01 6.193478741696591960e-01 2.826925259667882884e-01 3.160737486438529587e-01
4.304639163813691605e-01 2.035521531264021800e-01 2.476010376046589023e-01 6.556571314889015900e-01 3.156000827563010258e-01 6.832228625926809462e-01 6.605149578394128307e-01 7.444156820198333246e-01 2.043367258570116807e-02 9.653924591778678677e-01 8.889955782269162166e-01 3.896588369027387255e-02 3.958838163053823855e-01 7.416680348148170232e-01 2.538824454240640183e-02 7.411478371439051971e-01 5.060165058564877194e-01 8.788874213872486241e-01 3.005079218393025275e-02 6.856547335959786160e-01
7.185275347920804245e-01 4.124144257268217428e-01 8.858247748277880973e-01 1.683981308676271160e-01 2.810366713216638779e-01 4.755069821272788211e-01 4.222020170138185424e-02 3.385141164554857918e-01 1.829038179165688449e-01 8.551347290826339931e-01 2.674118162572300950e-01 2.334926536802650610e-01 6.242939730556325006e-01 6.350564598430321617e-01 7.950951921191309335e-01 4.822130438374215844e-01 6.178295722207325369e-01 5.135559810357362975e-01 2.526280401843749024e-01 4.932211889955817608e-01
8.957589161897118180e-01 1.511476143447881837e-01 3.724645761166496261e-01 8.905425715860789682e-01 7.967683778585070709e-01 5.588289616933258541e-01 7.474128835220889000e-01 1.664945010216140053e-01 1.579506383070813369e-01 1.905792742662539840e-01 3.610813369053513799e-01 5.897229503029594033e-01 9.663335989277758165e-01 1.895568287985127665e-02 3.474882405886277059e-01 3.433946354552909197e-01 9.816439955399322015e-01 9.044798261874246181e-01 9.428160674650243323e-01 5.116891601221355002e-01
