7.776365465285345335e-01 2.912694106191524579e-01 1.879025821216225856e-01 9.718952976498338447e-01 2.987643394345135262e-01 5.340715553700254858e-01 1.143932164384944272e-01 1.834983988356417850e-01 4.936588269363730852e-01 9.329051709317267571e-01 1.754380760096323488e-01 8.028100356180480901e-01 8.341668711104975875e-01 4.460790953887426857e-01 4.647821422889940601e-01 9.059191622477247297e-01 1.743738061634690917e-01 8.910819377617054116e-01 1.823219022068529593e-01 7.996725112033131744e-02
7.713800669164880830e-01 4.818525052364053263e-02 5.563861843276129981e-01 7.527964259988108031e-01 4.412292375769801822e-01 8.156220721645197624e-01 8.034468258149439768e-01 1.198225891672344279e-01 9.537446326306797673e-02 3.713511954269014259e-01 5.733357181065757979e-01 1.841936085595765604e-01 6.974135549128627209e-01 5.865982461399444903e-01 9.062305122034849392e-01 9.253905696132099790e-01 9.775898833329961235e-01 5.730246142608674820e-01 7.638885069397733929e-01 3.628494844179733780e-01
4.547955990704235507e-01 2.109757201537955096e-01 6.805541902552706413e-01 4.777547421726402455e-01 9.569565438288197834e-01 3.714919208643566728e-01 3.084934935500698305e-01 9.375484378096612392e-01 8.256292868121318795e-01 6.583076844796588167e-01 8.890691818490390474e-01 4.907433806451051428e-01 1.920990489137723856e-01 2.198565101308930236e-01 9.516942009149457204e-01 9.419468503515791014e-01 6.526482314625903225e-02 1.807524917667736597e-01 7.550219018731796350e-02 7.146854594810341244e-01
8.423409504063363862e-01 2.770535973150961562e-01 6.317039962131053565e-01 9.250242140063408280e-01 5.716716953500621257e-01 1.556864107821741561e-01 6.333046488945431873e-01 7.938350684486740194e-01 2.251184751500048264e-01 2.575542594676908381e-01 6.644989317158325193e-01 1.815551797593027983e-01 2.501187541293887762e-01 3.985068945763318160e-01 1.821846509722384599e-01 1.055310146556265316e-01 4.928975929110572807e-01 1.172488156945764581e-01 8.731136809649040487e-01 6.931238499749126092e-01
9.559357561402533898e-01 6.946572273219736582e-01 6.048891637248207109e-01 2.310042259424963662e-01 7.095110443873007267e-01 9.152926841410796710e-01 1.766701438901687737e-01 9.011287794977745902e-01 3.341117039095263808e-01 6.218954577441104803e-01 4.829267695651143777e-01 4.038789906933516471e-01 5.990450916757249500e-01 6.974947757213725286e-01 2.813577833050551202e-01 7.256492815449538947e-01 4.957410578565909498e-01 3.716844391348191889e-01 9.381678382673656058e-01 7.882461327753520486e-02
7.019103079580216731e-01 9.534254814422481461e-01 7.385377767797572934e-01 1.526255196551942195e-01 2.250771404863773917e-01 1.122264930558188878e-01 1.570411757827098187e-01 5.469565873892020536e-01 8.456599434537243054e-01 4.484052269129469304e-01 9.826381107592448982e-01 1.623425090742677268e-01 8.800927515681266078e-01 4.256065435037519329e-01 1.640349136977976574e-01 3.982119815786089312e-01 5.685001301573426868e-01 6.275587165522854560e-01 9.052745513529394383e-01 6.838874724858426957e-01
2.997287812291998810e-01 9.092899365565291214e-01 1.684779215953279286e-01 7.708889267616394481e-01 5.599760519314194163e-01 4.828066746121696395e-01 2.944462521270776456e-01 9.744987177416523094e-01 5.009681294139728402e-01 4.599769530747623847e-01 6.113770677026235667e-01 5.120335221122673808e-01 5.526841733483323083e-01 5.035285735847259136e-01 1.763389381820363866e-01 4.325283762128403486e-01 9.052604979038227917e-01 3.007360283142709312e-01 6.142255303253146836e-01 6.941220072520355444e-01
4.617403549790844997e-01 1.118448010776552648e-01 1.219156574677471294e-02 8.898881958805360259e-01 5.700617271709762512e-02 6.555857197335271946e-01 7.582738265804235267e-01 1.853881963286967416e-01 6.740353882323855128e-01 2.202764867533838489e-01 5.909272208271710847e-01 9.682975912693566611e-01 5.282367689549312129e-01 6.636219631379582928e-01 5.284493393457054822e-01 9.765273726500088847e-01 9.358806795859874184e-01 6.587630533746848815e-01 9.265683723256213922e-01 4.793126798227851371e-01
7.426642011661844789e-01 1.909847345223467663e-01 3.147648462335415065e-01 3.166000626267310158e-01 5.554047354191796737e-01 6.622788181169845245e-01 9.712320372648662881e-01 4.227881738147722945e-01 4.143177795419736853e-01 9.483347890993232276e-02 4.201303932567447275e-01 1.875299048231375831e-01 4.999490915139620517e-01 5.789445686324788953e-01 4.522396609481261764e-01 2.343924507157619797e-01 6.248313113460390866e-01 3.978880076482914641e-01 8.295257985293007508e-01 6.951821436445652092e-01
3.369802744352423662e-02 8.559175349677747846e-01 7.367503185497514817e-02 4.900869331549316810e-01 4.184471430674401304e-01 2.771316518536929285e-01 3.590433607682876893e-01 7.877076663898505693e-01 7.131705388849084448e-01 1.818507546707409661e-01 8.328896663566724978e-01 9.232700994063981481e-01 8.328058503978449378e-01 7.196495465552688042e-01 6.674530258470720012e-01 3.041718467946368243e-01 2.049984378021374454e-02 8.346519671713088506e-01 4.350779222674742153e-01 6.662893448591215018e-01
1.379107636420552341e-01 6.809911142262066175e-01 1.653160707833316589e-01 8.645983796951758338e-01 3.026074073708294732e-01 5.191903394489602031e-01 3.991588181427396798e-01 8.865299979632514926e-01 6.133727187379955925e-01 8.224420119438358157e-01 8.683271971948495205e-01 8.182584019048072532e-01 4.796259495620978086e-01 4.036115794840898774e-01 1.810708715070940000e-01 4.491564860621672928e-01 5.872407590524751919e-01 7.765536473905998438e-01 1.666432177651463453e-01 4.164253991458019000e-01
8.886848001279666898e-01 9.162117804601760396e-01 7.996425516051101079e-01 1.694209700271834818e-01 5.867078893734994915e-01 8.715977276771323945e-01 6.663093920859486374e-02 3.620364643648676939e-01 9.750850066240381864e-01 6.852299376191991476e-01 4.232182072640637838e-01 6.681266587682954672e-01 5.723900704500922698e-01 1.262892957185625109e-01 7.956250714422395953e-01 3.804775135780696926e-01 5.459398284084118202e-01 7.390688322082983319e-02 5.436121251028861456e-01 6.847231562414103356e-01
3.720746533998209316e-01 3.531880979748190930e-01 9.622022516931427738e-02 7.176594504584120626e-01 3.553335187987708421e-01 9.958148864971926306e-01 4.051117981998227924e-01 5.998778054731440657e-01 6.964869903922469296e-01 6.712239962477760669e-01 8.402592477829037287e-01 9.200539058693930627e-01 3.193399720952760923e-02 3.959095379569614881e-01 9.723340602519934261e-01 1.096901756783894566e-01 1.170735266718457845e-01 4.940351644539999754e-01 5.106883484933527617e-01 4.660873295193996846e-01
6.325182980080604755e-01 6.554583114059072679e-01 2.860821617509728965e-01 8.060998876889031717e-01 4.358059243795490145e-01 9.679017219109334880e-01 8.233694832489464321e-01 3.603966648045264787e-01 1.707693741453741865e-03 5.072290811389786880e-01 7.943147948708897399e-01 7.507095108583615728e-01 4.978748668800873078e-01 5.818347037166110569e-01 4.533327757443658124e-01 5.713011473282622044e-01 2.797949266837639337e-01 1.402816227337330135e-01 4.964899967656276614e-01 1.898557371177653774e-01
6.307457311448461112e-02 6.395191770844185220e-01 2.111973518202939770e-01 9.398400244749443022e-01 1.752897206089116811e-01 5.367238102098498276e-01 7.915360993931918054e-01 4.866085551951568888e-01 8.011545143819762682e-01 4.529539126785587788e-01 9.078296114227090152e-01 9.846239210158689303e-01 7.207802081750436241e-01 6.289472670774620688e-03 7.240093089658938830e-01 9.108835151925026574e-01 1.427152694585789305e-01 9.916616531410960000e-02 1.389946352452064993e-02 3.928512959316179387e-01
9.287088235151441662e-01 6.526420915744453044e-01 3.739004832001748824e-01 3.590447088062922454e-01 4.335792852579507528e-01 2.244790074518472345e-01 2.969183640962121951e-01 6.925225553122541511e-01 7.390092808249578704e-01 7.959194117121345391e-01 5.288294553993133640e-02 4.075313136502739519e-01 1.008354356594265422e-01 3.101658381074210435e-01 1.062022014217647303e-01 4.599522830444690014e-01 2.888779866861509449e-01 9.047819607878639925e-01 9.769511477938034316e-01 2.538401353333621380e-01
5.096492533484640042e-01 1.438667442946117703e-01 5.887969871398663901e-01 9.366799925650710623e-01 8.396227538778445743e-01 9.344480358683551202e-01 9.855002347779669991e-01 7.214995870643358122e-01 5.251990075358521359e-01 3.213343918027810053e-01 7.346869132805199376e-01 5.260082648342174760e-01 9.995827655667005596e-01 6.733138524452488838e-01 5.531056137783043614e-01 7.646175024739726434e-01 8.732134686722409223e-01 6.423091878634423768e-02 4.003564621595662176e-01 4.987329984610118228e-01
1.763801889370809617e-01 1.441451212394527781e-01 2.934671850793501013e-01 9.587081231419090077e-01 8.975695099277455347e-01 9.006897588665828680e-01 2.420807806758322744e-01 5.607562308967406484e-01 3.437783565175897005e-01 3.297824730441856200e-01 9.962408876128656665e-01 6.756867832625704784e-01 3.585229786654535733e-01 7.002680902272205854e-01 7.611642388598340858e-01 4.898006155978170684e-01 8.920759901234317502e-01 5.375953039146563750e-01 6.946254638034080608e-01 1.610664491811653054e-02
6.442862091253347412e-01 1.100307799931299346e-02 7.800736679622706227e-01 4.321636336103660270e-01 3.583813708984505686e-01 3.532451674133987307e-01 8.825414247970908566e-02 1.490370651357219023e-01 6.375404089223594140e-01 1.615253459265580949e-01 7.576741200976309099e-01 6.661937399027333395e-01 4.522942961765009651e-01 6.359802919374634156e-01 6.615706750015845072e-01 7.451856860436019137e-01 7.945541749129911846e-01 1.936744390045421760e-01 5.382662479837635461e-01 9.000911582779057563e-01
5.338959939581490177e-01 4.545146659708643178e-01 5.958906837218092001e-02 2.751637776793292023e-02 6.017126383280483326e-01 7.282379992170127103e-01 4.749887051712130548e-01 2.632823089251994375e-01 2.365499344752380884e-01 4.731759175260732420e-01 9.167677554089795899e-01 7.079694572752515125e-02 3.289618999086847406e-01 9.624071519338630587e-01 8.257131137067139637e-01 7.462695480491962075e-01 8.050252876244766709e-01 7.270143095522713095e-01 2.317284744668515195e-01 3.351935084759269934e-01
9.882855746589924717e-02 8.670740909754970360e-01 1.829819737494722265e-01 9.976267577946802412e-01 4.985465878273994678e-01 2.813862362252904648e-01 1.498726916791806030e-01 4.576403694830485369e-01 7.069354984043390022e-01 3.079157660380462680e-01 2.535404196600253846e-01 7.280653663713039236e-01 3.041528790755564371e-01 6.875690666833722542e-01 8.104840369990472526e-01 6.604942325106808454e-01 8.640644382280737723e-03 9.180541996741472532e-01 6.345917349420369113e-01 9.921239508857104816e-02
8.477802840706024634e-01 5.169141389033493628e-02 8.605835430935958597e-01 8.027403372722498043e-01 8.645872973568152764e-01 3.976053560377045271e-01 2.551838849194556502e-01 9.595232490364530298e-01 2.081067405263903325e-01 1.156823297381294191e-01 8.839402045211719461e-03 9.528544103208624882e-01 1.505356566086031300e-01 1.997531888881822759e-01 2.220946183880107005e-01 1.217340951350227574e-01 9.131597912442667164e-01 5.447039559668288566e-01 2.986980108380564713e-01 1.342966482662700800e-01
9.923728952320541863e-01 9.682915317880815831e-01 3.850952380506006412e-01 9.253859668014069451e-01 5.179747762801661937e-01 3.663387190340139377e-01 7.616195781812978849e-01 4.143827975381950690e-01 3.871373906019245359e-01 4.745990809140684386e-01 1.490841679029271116e-01 2.650498199088012763e-01 8.650894242708166981e-01 6.443842204696402787e-01 9.130164458122647098e-03 1.088927490800450926e-02 1.699092743582638620e-01 5.374267274052829668e-01 1.416978005602861357e-01 5.759342959142665919e-01
7.168349642569898927e-01 7.254012022889918532e-01 4.170558275752362931e-01 6.166899669281575846e-01 7.416338382330462942e-01 8.482235432574822820e-01 4.759972338197466790e-01 7.805133094465303012e-01 7.125344560918364101e-01 1.036533751485986254e-01 9.559249954043280706e-02 7.973026534625090589e-01 1.838844890938523546e-01 4.446828062504705192e-01 6.507416378464009332e-01 2.115907587435176263e-01 5.311914152557554170e-01 9.295344867546438961e-01 2.316903849026572537e-01 1.029999917881982974e-01
6.642972251202809986e-01 1.123917237844227479e-01 6.538448900498700089e-01 1.592859547833924694e-02 4.049908595252488253e-01 4.023070665609416174e-01 5.534239202518939083e-01 3.728451122588120059e-01 7.622939890862364676e-01 9.292104941326717604e-01 5.457189107574345055e-02 5.533480101321974765e-01 6.465675611997703243e-01 9.515083828991732773e-01 1.193277066411460030e-01 6.870462767165502749e-01 7.620875410637756309e-01 8.971926974215856943e-01 1.088386857543093278e-01 9.667095110537804459e-01
5.301597500041136390e-01 7.173225797565059292e-01 3.286434859400277908e-03 1.290198208648601907e-01 9.592840662960001596e-01 5.287969052901098088e-01 4.873705449056289218e-01 4.188826797190470241e-02 2.014986785835447547e-01 7.799375545174420665e-01 6.762108702494411538e-01 7.772108655462233173e-01 8.913698003247269019e-01 2.082410535158970566e-01 5.777526074798874367e-01 1.141374649720043877e-01 4.737155417296899929e-01 4.077166494230587412e-01 6.896974456202786818e-02 4.623211956155111046e-01
8.000509304393231824e-01 3.200889032353078090e-01 4.371134271221163159e-01 7.186774717956019298e-01 9.681542604236615945e-01 3.367148420476916426e-01 5.265082640967312377e-01 7.591347103419187059e-01 9.115614677751121553e-01 5.439056893476883481e-01 9.496805833249627460e-01 8.623540050976840066e-01 9.822829515861059013e-01 7.980489413368685447e-01 5.141620758412090986e-01 7.107119305035799472e-01 6.536517923369523642e-01 5.031239363894053351e-01 2.160642188752333048e-01 7.171623833628135714e-01
3.951668171291039533e-01 8.552224049535178674e-01 2.039232224396938520e-01 4.647094114991472402e-01 1.063887367826765740e-01 5.445667282344412996e-02 6.169873053368009064e-01 8.607594594262101273e-01 8.459733174083382545e-01 8.771332896253901668e-01 7.625750362345802280e-01 8.483086379648058228e-01 8.001295006786715014e-01 1.829467795988229950e-01 8.140972951306670868e-01 5.177575975275644504e-01 5.082110400620830637e-01 8.383585021867777654e-01 8.582877393503371977e-01 9.552019302413727875e-01
1.226796445306358452e-01 1.218750118061494581e-01 2.697349267591054867e-01 1.627035121100133264e-01 9.986052803152772883e-01 6.662245415316438990e-01 8.811276126358768002e-01 6.420018733105073983e-01 8.415972203578514499e-01 1.824371133786706345e-02 6.987540443659123746e-01 5.606134223353327339e-01 2.306262510548499067e-01 4.896130325045102705e-01 1.285624928488379171e-01 8.585238214382376887e-01 7.264603865950370887e-01 9.453389028711739472e-01 4.842477686406799764e-01 3.389242123042938148e-01
5.735980179926872813e-01 4.415640571624568356e-01 3.561706851090468140e-01 9.943436421267537462e-01 4.098649235684351799e-01 8.682024809785613417e-01 8.250808736786716668e-01 2.101705872597308122e-01 8.966682807437017511e-01 8.510416343589228827e-01 7.269899303240637822e-01 2.021920722708889784e-01 3.411648307840756678e-01 9.275784823787444067e-01 2.267354607564178171e-01 2.339372215214313711e-01 3.996727214097905989e-02 8.524302103118507334e-01 4.272717015578810784e-01 9.475773452940774444e-01
4.671906552872386875e-01 4.852408598670596707e-01 6.561977931905745853e-01 7.516646758940976891e-01 5.857408068139348112e-01 8.762803205301026299e-01 5.262868635817605778e-01 5.009779393317415064e-02 2.504665116056398189e-01 4.260808493801712116e-01 6.454272992931856523e-01 7.450887006587343375e-01 1.817419510908176994e-01 9.797513107171713642e-01 3.583805108581411547e-01 5.643608515851150642e-01 7.614297093105154568e-01 3.588015349670903298e-02 2.018751907204826557e-01 6.938131172975028349e-01
2.332107833805349140e-01 2.186740206602995062e-01 8.539170631123568223e-01 1.470108211806920862e-01 8.776156855948106239e-01 1.802348987481104947e-01 7.355474856057454547e-01 4.855177514146308271e-01 6.195943879192370440e-01 3.656121961100602391e-01 5.990073442758288014e-01 8.898899219496314572e-01 1.047232080331994553e-02 5.619322165795127555e-01 6.142110378002776372e-01 6.733749296271409612e-01 8.431159166893162915e-01 9.362001228375196327e-01 9.645337464234976510e-01 9.899047644743699248e-01
5.833442324162896320e-02 9.781806290798092940e-01 6.077922778059444697e-01 9.234234512999918154e-01 4.693798767843703201e-01 4.947508573721588476e-01 3.678620493942630354e-01 2.526177976049237550e-01 4.729594447963381132e-02 4.617673419883189245e-01 1.007667375441123614e-02 2.076056875504249666e-01 3.370416415828563217e-01 4.977641859926243972e-01 4.938389628916686203e-01 2.011532839287836216e-01 8.126857249841824560e-01 5.120468377473551547e-01 4.505130837555715306e-02 5.547559293475657904e-01
6.470964197843881438e-01 6.262791496304120908e-02 9.384459163873100085e-01 2.851561846679890877e-01 2.556639354535268360e-01 5.193696727241896571e-01 9.397221526429492267e-01 7.700558497867703300e-01 1.620904726641847482e-02 4.156152733980433833e-02 2.629375784996459409e-01 3.721139129579607019e-01 7.641086104696381831e-02 9.891930548034165716e-01 1.991150445654416012e-01 8.950973406878754979e-01 9.160394659554890184e-01 4.932394587568345035e-02 6.349239366944861018e-01 6.712460978776505494e-01
1.590309688453614978e-01 4.127520046227316497e-01 1.398540432793693444e-02 3.612267162553856048e-01 7.396872363034656672e-02 1.257876458113245111e-01 6.718097158406505232e-01 5.365408247407619236e-01 2.334557399976537884e-01 1.505567796179065887e-01 1.684513185169272953e-01 9.485041956044328870e-01 1.888042729119443486e-02 3.419155738649093390e-02 7.679090134688224545e-01 5.480997898069788210e-01 5.601100614041765180e-02 7.684599331424348811e-01 6.644379389983093853e-01 1.603266504493895406e-01
7.582596906343498366e-01 6.835977363967408182e-01 5.319375565636328407e-01 9.605897648220881324e-01 6.439617693590063974e-01 8.259736589344779389e-02 3.516687243003410179e-01 5.757503493770637082e-01 7.483670152763917116e-01 8.313618988505364626e-01 7.816328572945910880e-01 1.791222890209100971e-01 1.705775538462103169e-01 7.750607999548254634e-01 5.038305707642753983e-02 9.706036454095829935e-01 6.370280452175636210e-02 6.077543147406163637e-01 6.580459473756145039e-01 3.889998450855030043e-01
7.167302697024326985e-01 6.638683676993972771e-01 5.921168878680899139e-01 3.465860824252657846e-01 3.299889823437565095e-01 5.451471931683883332e-01 8.311429520415198891e-01 8.257743706630532587e-01 5.241589193632626431e-01 8.557465296217463546e-01 1.319041791360607840e-01 3.313760119710832397e-01 6.902308323833206138e-02 8.664881409541915769e-01 9.824377273074921257e-01 8.258427009840815236e-01 3.072316341991004895e-01 5.494954414214094918e-01 3.185295591639653034e-01 3.692428604560085148e-01
7.757609273771181035e-01 4.855445019386414041e-01 4.356395621833831777e-01 8.585019456952043271e-01 7.233435240520358356e-02 5.493352772548808494e-01 3.518071019354507278e-02 2.411982382738820929e-01 2.854016415476561264e-01 8.280926645885552384e-01 2.903245076608740316e-02 7.580701333607583470e-01 6.900903509815760062e-01 5.825943027452124001e-01 9.205476608565928975e-01 6.378397198659631062e-01 6.810595790728358745e-01 6.393455801228773439e-01 6.664445097909654780e-02 3.754809769451509238e-01
3.918572652777688736e-01 7.607589316581340189e-01 8.750784246165965730e-02 1.987944681844109329e-01 1.776191135383470288e-01 4.931354498320043023e-01 9.343428780976841264e-01 6.886166685739747439e-01 8.581848361607887776e-01 5.515125894025281195e-01 3.902213028154972729e-01 4.402999048757555434e-01 1.715674372554009119e-01 2.912602958552134025e-01 5.312328811201374457e-01 1.741170450170669293e-01 2.378301163878578928e-01 9.946688324246880653e-01 8.960064218939804981e-01 4.676897582464326630e-01
2.659949062308050172e-01 8.138584815664087202e-01 8.753783340219398745e-01 8.335320011976375953e-01 7.633278827364651242e-01 6.411702791511886268e-01 9.105058590597134849e-01 7.077802551411760401e-01 4.954484587864294021e-02 5.283063485472867526e-01 5.946303761363588292e-01 9.129848905845275864e-01 5.131519894147953398e-01 4.925276797666811035e-02 7.308857384814357872e-01 6.386962455351383738e-01 2.895328865994994949e-02 3.913532266866370790e-02 3.670040231716705792e-01 9.505662373715637603e-01
6.798597846531910793e-01 4.208801766263517985e-01 3.714879709113899642e-01 6.294140129599501421e-01 1.238258878681505193e-01 6.562800534459001245e-02 1.991151547458860360e-01 8.877986935593549234e-01 8.955763637409988043e-01 9.912756449595044872e-01 3.938055391609354139e-01 8.193526133679163159e-01 8.645281165844331817e-01 8.275310838070689679e-01 5.876477548232058590e-01 6.890817312434053266e-01 4.022571846377995808e-01 1.420511928167869087e-01 7.387409850850513715e-01 2.275508575431046676e-01
2.888835817389285854e-01 4.562732988237189202e-01 2.002537908210577644e-02 5.786002357076139857e-01 4.068021177077250083e-01 4.159456337173547125e-01 6.168195122239565897e-01 7.065014322573914818e-02 2.312813208149709920e-01 6.437582176172090831e-01 9.597241908126357135e-01 7.659141153783681766e-01 9.225047105386189328e-01 8.473673374863287533e-01 5.591781642547211106e-02 1.440721300077222322e-01 9.416781595740838506e-01 4.706635331624630103e-01 6.837547928508891371e-01 9.136810377910612457e-01
1.869171447908838379e-01 6.003218632977974645e-01 3.709408207175135530e-02 7.718334286088675000e-01 3.045362083518446950e-01 2.672617524754711260e-01 9.796564325387646655e-02 1.988779971205621999e-01 1.719560466823171208e-01 7.018885731534926231e-01 4.163024817946611167e-01 4.070809577033474014e-02 1.553242425995701170e-01 1.959493192318462196e-01 3.184583237040528036e-01 4.837955464569149155e-01 5.366348503674134296e-01 1.885795192813560783e-01 2.970131915827267655e-01 8.751953765801183671e-01
9.289892280476097497e-01 5.021706586492535873e-02 5.767374820455873907e-01 1.158766457698379160e-01 1.006177050384235994e-01 9.659424719417758487e-01 3.423079137028055552e-01 9.796934350196272456e-01 4.827771154224462791e-01 5.893033611124931515e-01 3.073531898517259942e-01 7.688510457283459498e-02 2.516386487152599827e-01 2.527950073530738084e-02 1.164122801938963780e-01 5.949827737332492594e-01 7.135061988226809593e-01 2.738347144754382789e-02 8.005591677866391587e-01 5.718774382583072802e-01
3.805835170865506933e-01 3.244810572129392945e-01 6.276043403431367240e-01 6.861337848389792438e-02 6.624264982791574496e-01 1.897933583306500305e-01 4.868602854377787059e-01 7.339776140327572973e-01 4.999460745547112950e-02 6.579352733696220978e-01 7.657615212938138072e-01 1.095523159320472839e-01 9.638226378553892415e-01 8.256453322841373899e-01 1.757785136551427430e-01 2.522097586321447871e-02 7.993909252312964009e-01 3.603522049666032512e-01 3.610257347244937298e-01 9.867354787366821034e-01
7.089323200469144215e-01 8.573749972518397433e-01 5.539101176871402687e-01 1.380819260527099690e-01 4.924815695291240303e-03 8.231607665967251020e-01 6.817417006475434693e-01 3.547269885038228932e-01 3.899608457212030421e-01 9.067649490323779204e-01 7.151824276177857209e-01 9.615316344866996490e-01 6.150715281123226852e-01 5.120326179964812541e-01 9.810474179884557389e-01 6.712703790807427184e-01 8.395401188646165469e-01 9.113028224310055769e-01 9.294559370495911743e-01 4.419690317435516214e-01
5.384711173888234725e-02 3.015054243078205687e-01 4.499796112760812150e-01 4.540260859180472730e-01 5.546644640024593897e-01 4.270329352396665668e-01 3.880798582738913538e-01 4.207530325660825410e-01 2.756002431827381249e-01 3.881510111307340249e-01 4.146250272414855331e-01 1.916120031658559153e-01 1.678175169977862424e-01 7.443341255013802282e-01 3.716820254389475719e-01 7.671239813798048646e-01 2.596092605875782722e-01 6.697786470384333724e-01 8.811810670125072020e-01 1.962015404090243775e-01
6.322598073618569403e-01 5.147706543309128469e-01 5.940117569048875001e-02 7.948108724183843288e-01 5.469786434240568873e-01 1.495477354654719537e-01 3.127277367083961535e-01 6.878975734346896020e-01 3.343097602777765909e-01 6.243064866425759307e-01 9.815505159011808090e-01 5.780384814076089395e-01 6.706075654880735426e-01 9.849862786410188420e-01 1.020363895649681885e-01 4.161574864706529819e-01 6.607055341187012543e-01 8.790448978111470302e-01 4.883976564089866912e-01 6.735984976900099008e-01
7.937725237312416304e-01 9.236699943090296294e-01 1.196733497351796238e-01 9.690150618481049305e-01 1.422179515720554122e-01 3.809671576059187048e-01 7.473700973305309470e-01 9.158952514477241014e-01 9.084404532258638643e-02 9.634351170369219730e-01 8.721714490219378835e-01 5.885218962311592472e-01 5.478633012347795539e-01 7.888185400837895989e-01 7.616191113042738436e-01 6.515776594715250170e-03 3.962361745883181685e-01 7.653718492754726377e-01 7.624137865150182325e-01 5.644349974767518541e-01
8.479930175281981120e-01 8.868442261689811756e-01 9.125596986532137356e-01 6.774145037445405970e-01 2.680971468430803917e-01 9.768229654356338498e-01 1.053213773310613943e-01 1.296801364989806915e-01 5.678713260584434819e-01 5.014783974627895491e-01 8.039328857716064869e-01 3.048446433907370245e-01 8.387427471917845434e-01 9.567635040649160594e-01 4.627098052910678661e-01 6.987189016600702240e-01 3.800393696399539945e-02 9.475680917926216917e-01 6.847996845641335373e-02 7.213099815521186731e-01
8.620089760963072223e-01 2.762472578212445962e-01 6.148225876850590410e-01 1.832957881842518510e-01 3.084089978442126068e-01 4.832729520642309318e-01 4.384540257471020164e-01 7.993883801883826523e-01 5.671000902600243920e-01 3.631833689663895859e-01 3.955948795172927746e-01 9.102572062368288197e-01 4.101794124683113552e-01 2.325795614797567801e-01 5.097736508942740663e-02 2.848943166534927407e-01 6.364230083414648131e-01 4.101367416402108557e-01 1.181673945123855596e-01 8.939574005291665015e-01
2.641509527602181606e-01 9.342154308781638328e-01 9.731227889051529134e-01 7.361280849687078520e-01 7.151505345827599003e-01 8.570584682283460820e-01 2.516770987397882742e-01 7.966870851611509430e-01 4.159696496519481590e-01 2.161789271657520439e-01 7.838703324660695193e-01 6.878678590407515392e-01 7.446233818571047491e-01 1.433596782933392877e-01 9.161777179099553914e-01 9.940040199365436369e-01 9.511757458875116367e-01 5.746872616737012107e-01 9.874514137787581136e-01 5.570741027176603355e-01
3.546225224461929670e-02 2.464922198424149835e-01 6.777004757263876966e-01 8.623143113211217958e-01 3.716095401994317093e-01 1.938908267980143929e-01 5.351675087308753742e-01 3.046830215801894504e-01 6.763381424803849296e-01 9.940369181857420244e-01 3.591895653006592637e-01 8.966756442898115020e-01 7.536317972864712278e-01 6.813727825905150359e-01 1.193983716026757458e-01 1.241560227349515211e-01 1.296419781817420569e-01 5.689918440398455957e-01 1.408991887870845172e-01 4.596299334857504304e-01
4.396977086950837332e-01 5.880016833338879145e-01 6.523465702125486043e-02 1.756890239513734242e-01 4.343202592300779985e-01 6.174687943104845145e-01 8.744563204632292974e-01 5.851831420245556803e-01 7.698767147741607531e-01 3.928036531823411170e-01 8.607638050220306480e-01 5.110760566880353517e-01 6.236070889241891457e-01 5.092191325600127216e-01 5.791981911753303347e-01 7.999314431191140162e-02 1.414008219371089004e-01 7.544047260329701521e-01 9.238871057847631851e-01 6.169303745228256197e-01
7.845485402689504895e-01 4.646826048016033939e-01 4.746063686255602709e-01 5.274833744565289306e-01 5.610721448084164953e-01 8.520378214836056285e-01 2.726581491010959812e-01 3.224006915859523037e-02 4.721532573478640638e-01 3.464101908230047266e-01 9.702199326608715868e-01 3.159660569391959939e-01 6.392555398240262754e-01 4.353448906084655956e-01 1.718944448991504004e-01 4.523982198346380157e-01 3.317426114111429181e-01 8.996103556887893316e-01 4.589310547180670552e-01 5.515269157451246906e-01
7.072372316151959160e-01 1.756133301194069407e-01 8.205352107132103390e-01 5.441644558766405293e-01 4.015332743429286255e-01 4.904640319640276580e-01 3.695918421004174004e-01 6.317864300180664472e-01 2.917863442975041632e-01 9.565918316397683530e-01 7.001485766399672128e-01 8.243062412359225544e-01 1.141540851247001553e-01 6.884505608644208019e-01 5.893239350410237609e-01 1.338455365129043173e-02 6.623793564709039572e-01 1.530903848593512251e-02 3.311210504852702963e-01 6.135031343458239306e-01
2.836266104988390824e-01 4.101322155316715623e-01 8.007101089511192704e-01 5.042357283371933230e-01 6.047575098849020669e-01 2.141750706433280804e-01 7.553348695307674499e-01 2.793058977446244429e-01 3.146139366352034283e-01 9.295927271377052437e-01 8.716324424821364492e-02 6.254295206879079139e-01 4.845253520176473483e-02 8.094041529210508346e-01 6.428924064656503790e-01 6.053881074882071500e-01 8.409799233274719565e-01 4.238623200598683471e-01 9.159539815417551134e-01 3.245909733885424808e-01
6.906011969630543312e-02 4.199834061204582580e-01 9.485208834035074865e-02 3.776321309367873802e-01 7.045053455830916356e-01 7.805203943833959324e-01 3.058158382676620102e-01 3.258826247265622644e-01 1.897524778754318131e-01 7.467300438329474987e-01 5.120100132892506650e-01 3.928879798593920558e-01 4.193154741675175767e-01 4.585714887907509363e-01 2.313037451640564957e-01 7.683830132955120629e-01 3.274260263556543205e-01 5.751262430590197150e-01 4.116359363279165073e-02 9.151814572307997997e-01
1.193347711142588308e-01 9.232798607372114663e-01 3.269113862029612294e-01 8.114516728165799275e-02 6.726873710599358125e-01 1.520832516581452909e-01 1.791810778280115146e-01 7.509703547157835501e-01 9.531652998156969758e-01 5.152837107356119661e-01 1.155796984592520893e-01 9.284659273546866931e-01 7.026305955643326051e-01 1.693531668114314215e-01 8.998184000295607055e-01 7.606490730593078453e-01 3.712059437231141068e-01 2.010178779816184091e-01 7.642502847272525379e-02 8.816368492136441581e-01
7.055156738158515628e-01 9.385010411622762838e-01 5.298080016593026409e-01 6.095965490257813091e-01 3.790111177894317507e-02 2.979073124868100164e-01 2.432436631174009767e-01 3.259309293750138892e-01 2.321307035213506786e-01 5.182707339129137836e-01 1.837992430759359808e-01 8.907486226068217494e-02 8.867492670986076853e-03 8.283820257061121906e-01 7.314073196210592043e-01 6.870228427955373807e-01 4.494132434238007345e-02 3.474628680809873638e-01 9.247455189596687219e-02 4.394780985002739726e-01
2.543144628109711425e-01 1.717179501619208182e-01 3.276894552164966168e-01 9.604501233967032148e-01 7.630268938647141175e-01 6.805651939471075718e-01 2.604253882933170727e-01 4.175186976552111018e-01 1.343565493317406823e-01 3.655180005790087394e-01 4.455394182294596384e-01 9.111655246453815860e-01 5.722757443279800071e-01 8.116976223687955017e-01 6.606312145640299560e-01 2.792529918645370035e-02 6.114579685646874818e-01 3.423215749756183257e-01 9.987853848882821683e-01 5.100941410597696901e-01
3.519167268841144613e-01 5.956828394269060301e-01 4.075030752227001285e-01 9.868758536080604049e-01 8.994811252461418771e-01 5.563005365393260959e-01 3.431340922655516934e-01 5.717544679553028253e-01 3.780039743803014218e-01 9.699698622457664232e-01 6.191789763680295433e-01 1.286143873577028085e-01 2.791426759403931035e-01 5.413707207945405164e-01 9.274938425013355969e-01 1.213103594989664025e-01 5.668494754170954053e-01 8.371581108511518821e-01 5.858151675745641995e-01 3.532224463095611222e-01
5.769261570001186223e-01 2.279209016675836086e-01 5.438005075054832549e-01 1.059840054188846414e-01 3.711214657480810253e-02 3.600495769071673235e-01 9.726502191599907254e-01 9.270071088483003985e-01 5.999209297688634646e-02 4.206211175293738114e-01 4.166283437685602831e-02 2.595482063880254486e-01 8.013730952090171167e-01 7.469855601509404197e-01 2.655095665419122675e-01 3.213600946851306039e-01 3.473918879809055893e-01 2.978453322680241211e-02 6.838739111294829254e-01 9.604779313266867957e-01
5.015852387407518931e-01 7.293123529729061971e-02 4.688793395308341605e-01 7.297977983457767381e-01 1.894918681255500781e-01 6.425373284307501764e-01 2.733089868661828792e-01 3.129517838412980701e-01 4.037550684928512545e-01 4.138551200244775519e-01 9.041461446172716077e-01 8.716398973631761526e-01 3.256235790212735903e-01 6.321051005784309451e-01 7.068706422047232873e-01 7.662324221265282009e-02 1.317484092393556017e-01 2.398159473591576774e-01 2.572635176165928295e-01 5.389106904617271265e-01
6.832785538396787262e-01 1.092770644351614973e-02 1.952935770415742400e-02 1.752530100189242379e-01 2.100159097256693030e-01 9.138787813156827866e-01 1.822542628062684411e-02 6.031101615945562155e-01 9.513220887851699947e-01 9.234681875793127048e-02 9.706440157960483095e-02 4.632193092858690742e-01 7.803706216179013833e-01 5.344272844490733920e-01 5.021380811741438244e-02 7.073218994440484408e-01 2.280650680801683539e-01 7.384227086347850966e-01 3.710382240256591135e-01 3.952268977532247263e-02
7.434068472624388857e-01 3.530408043165428333e-01 3.160685322734499980e-01 1.678699093270308307e-01 8.401521746639406540e-01 3.482631174002204233e-01 3.668865807813915803e-01 9.035424269688796528e-01 4.769899581371691566e-01 6.099941398552138905e-01 9.158644698487911073e-01 7.938425469597261142e-01 3.724129818401322733e-02 8.298702513710325412e-01 3.818427667248978086e-01 4.009668508838585277e-01 3.856569180740045955e-01 6.898678801688139517e-01 5.031324131611009109e-01 5.826862882478711647e-01
6.629995613419984446e-01 5.839819304849858117e-02 2.942059052319816459e-01 2.613577553667306708e-01 4.042502720049359066e-01 5.311884703815710207e-01 7.504133397110787085e-01 6.065301092308329478e-01 2.435861882199414907e-01 2.617199067891058384e-01 6.607951842990045233e-01 9.879593054685474884e-01 3.442962788686433351e-01 7.449909895551344308e-01 4.968647872117080144e-01 4.665870061171069061e-01 5.783079302183992132e-01 6.099489381086632411e-01 3.013496793889789416e-01 9.011186449140367039e-01
5.469321127053355935e-01 6.644915957154566843e-01 8.983886026366694200e-01 6.645857945497614105e-01 9.747120481971726091e-01 1.510796752696437206e-01 7.084224047610299113e-01 6.343911946453506534e-01 1.111301109501112716e-01 4.104424333906873112e-01 4.078006306314656548e-01 9.120933105164679144e-01 5.692373894346226537e-01 1.127482518703860626e-01 6.858236887210726884e-01 5.625991803030639948e-01 9.363177569119529586e-03 5.491660953955951330e-01 2.572185886750432138e-01 4.641277879547471841e-01
8.699938856020147382e-01 8.107376909848053037e-01 6.451306480930826259e-01 8.528708529128125049e-01 2.119731313862718292e-01 7.005417879612273468e-01 1.569141456797517042e-01 9.124705268839309324e-01 8.978228503051141063e-01 9.540052752815668669e-01 8.826760673168331239e-01 5.775323751450989196e-01 3.042408132271534615e-01 6.763675512653416488e-01 8.862842023462271790e-01 6.830228684117616300e-01 3.754406271099255399e-01 3.404103049600450959e-01 8.705288794766128380e-01 8.551043311947618131e-01
6.957906364578827496e-01 9.194132537566555019e-01 2.309263678065498482e-01 9.764017161810366607e-01 2.668957986501875324e-01 2.882812055241836813e-01 9.590955988660530007e-01 1.905996478125961957e-01 7.103466847460915279e-01 2.836182386134369349e-01 7.256716373822773569e-01 2.275138963952811899e-01 2.206270305613283744e-01 7.276535736042432090e-01 5.951931972901807200e-01 7.363556010571392640e-01 2.792908986352493628e-02 9.910683270789709676e-01 5.215387627064670406e-01 7.672556399794202564e-01
7.897910601904289951e-01 4.043195197351006076e-01 7.670974732289292941e-01 5.165137315599449552e-01 9.397324672091993403e-01 7.183818784759288256e-02 2.000209240719860171e-01 8.382822200727046980e-01 2.797321877064561368e-01 2.532451215299739156e-01 5.143140047504816126e-01 6.982638107374569136e-01 9.402515397570389011e-01 1.652383003111416171e-01 7.879457965411775788e-01 9.538827824030525759e-01 9.169849054804019017e-01 5.767039119703782912e-01 6.041953511327309290e-01 5.661020094588329332e-01
3.275616062338752021e-01 4.163106461345713605e-01 3.771337636970730767e-01 8.446228036131683270e-01 7.077693489793740467e-01 8.374052489989683989e-01 9.550414970953694516e-01 1.932490377839608531e-01 2.986453391606501695e-01 4.539285114230634521e-01 8.896465528749954998e-01 6.525063602699243681e-01 8.540586452565949172e-01 4.755965309674913266e-01 1.302726285703812437e-01 1.614551486961587345e-01 5.994030765936458893e-01 3.351456443317357703e-01 6.742072009141928390e-01 5.558464476936291199e-01
1.460616815446115213e-01 3.955008952316118043e-01 9.981615799142419254e-01 5.687417867435168306e-01 7.529120900000917382e-01 7.904845775232355320e-01 6.326951582696479504e-01 1.976616687124549410e-01 4.863333508653641113e-01 7.184882466622667385e-01 7.556870826942260200e-01 3.295454124077801250e-01 1.013489291437442708e-01 3.045530196631303088e-01 2.114080469895543990e-01 5.301724480970496645e-01 6.273495703115608002e-01 8.197315546901527972e-01 3.952860265692306196e-01 9.345151046059232414e-01
3.861676368523395686e-01 4.499693874166417196e-01 8.627824427209931368e-01 9.696769252104355807e-01 6.766757214454399705e-01 5.272493084138332176e-01 5.282801397655253473e-01 8.000286174730651956e-01 9.289696157049439629e-01 4.848003856109703857e-01 6.330375783484757379e-01 7.923559224598931694e-01 8.617191758925013545e-01 7.291099640124433234e-01 7.170057049727959209e-01 7.773171292427654144e-01 4.979421941108187477e-01 9.589462932023800068e-01 3.307808891054295763e-01 9.977257367311778147e-01
7.669271520628984096e-01 8.570381028940798895e-01 3.442618927802286732e-01 5.070497250931699229e-01 6.399730580674651836e-01 6.500253865025861222e-01 4.044123699109014591e-02 7.173261871803965350e-01 3.294686167256937193e-01 3.054668802563764718e-02 9.171107763237276167e-01 8.426772913032659629e-01 9.298962471756350157e-01 1.536365005642933435e-01 2.207521765845655848e-01 6.537180558647912587e-01 5.151429358185288798e-02 5.597423936804722944e-01 2.926802462005066996e-01 9.345190310803982436e-01
1.607459224185469049e-01 2.862257638005060167e-01 5.518162409055836770e-01 5.270920361506843399e-01 8.167603413703179438e-01 5.598679922362453931e-01 6.475279250007979215e-01 8.642538217866285732e-01 2.187641867162563036e-01 4.357965430960596409e-01 5.410537434052632433e-01 3.790514641459741263e-01 7.946886263737429346e-02 4.145483846548292384e-01 3.182445675893716963e-01 6.725085754456061604e-01 6.199257840119034579e-01 2.857487977547894520e-01 3.205631521222067626e-01 2.166131912325441888e-02
5.618194762927544161e-01 8.112822425918742031e-01 8.656839136416749625e-01 6.850304110213381037e-01 2.728474429630526332e-01 2.986078448168169031e-01 2.568044573786605334e-01 9.568295077866875165e-01 7.349928755822363602e-01 6.327974649556235009e-01 2.206843925317372168e-01 6.796174977542048801e-01 8.647427761844760363e-01 7.076867348198160323e-01 6.942730418929332625e-01 7.292889113978404669e-01 7.340992108025485852e-01 9.077561356149544958e-01 9.360501286863687209e-02 2.331460419077274748e-01
7.779155351100108806e-01 8.535470205955353329e-02 7.137652557549263310e-01 9.366109600713051764e-01 4.297157831776382553e-01 9.254826886002420760e-01 9.027552100428810622e-01 3.849854363151007375e-01 8.416385295541489731e-01 9.523947633968804505e-01 3.285769746558122595e-01 1.001096663252728503e-01 5.278674799197240475e-01 7.730169472294941002e-01 8.498606612093961843e-02 9.151688091105183442e-01 3.183086804828024752e-01 8.091451935929195871e-01 6.508429733627868474e-01 8.396303210103974735e-01
7.151236077424641957e-01 8.696543200783798389e-01 6.977741665571366436e-01 7.625780767813192806e-01 1.779363034410438305e-01 7.513480540000825325e-01 3.981854126080723866e-01 6.537375065867878643e-01 4.594092151326834017e-01 9.497068327001151333e-01 5.005231746469861465e-01 9.971109453186007832e-01 7.293380845859639416e-01 6.708542555980334665e-01 9.444883331523893366e-01 4.878879114982037635e-01 6.409937344783522839e-01 5.863146599822881555e-01 6.208600746782078073e-02 9.827459247565473177e-01
1.739295146621044896e-02 9.761966216701959409e-01 4.776519028943577716e-01 8.765366032268401275e-01 9.457064344152654733e-01 3.860698004480005441e-01 7.769680097852577072e-01 7.335882693587236769e-01 8.664600690621018231e-01 6.802580929624335582e-01 8.498211873459494692e-01 4.100440739647971400e-01 2.707891547119112285e-02 4.787428020064177225e-02 7.836287873198807263e-01 8.860105291664910343e-01 6.607576457148934823e-01 4.903749555058382059e-01 3.183338833666647938e-01 6.214934925675860145e-01
7.532078164275419763e-01 4.846969436450283553e-01 7.178977224704742310e-01 9.303555187243210955e-01 9.501429014632156722e-01 7.856945875673749802e-01 1.514968865548859123e-01 2.572956801733338184e-01 1.405877317603154708e-02 3.942709929832186599e-01 1.184026896394911876e-01 5.392417632405984707e-01 4.815862653453499842e-01 5.960914399813022069e-01 9.794276417777908472e-01 8.910392098707355935e-01 6.241969840161915029e-01 9.129457680514616591e-01 1.139535128138178255e-01 5.255251622038201731e-01
8.755105020692481865e-01 8.232528099324617488e-01 3.867318141598918846e-01 4.499319448407681499e-01 4.939929723246708759e-01 1.849618643034540710e-01 5.212725338866357472e-01 4.412176591167951134e-01 6.440226060996128155e-01 6.606857015664668875e-01 4.772870051954724024e-01 9.868580694846329493e-02 7.236005610703932778e-01 7.042287113009854105e-01 5.040749911505950642e-01 1.413037245857085011e-01 3.341432202287324404e-01 4.974944089106253520e-01 2.578345718269071662e-01 2.648623656210086219e-01
1.954761605337287378e-01 1.101721379274054335e-01 1.112185953852588005e-01 7.391676091359279388e-01 2.443810279670344254e-01 5.955722713537604518e-01 5.769868031945178943e-01 4.659743749686221514e-01 8.433787805357421119e-01 3.596596106219697164e-01 2.229604231232766853e-01 8.055562435699953339e-01 7.951446244631976690e-01 5.076203614978365142e-01 5.989451028346601813e-01 7.270039743864886717e-02 7.280019183887874723e-01 6.209183463685499227e-01 5.426553780685879902e-01 4.076300571791190430e-01
1.125008866043134548e-01 2.707431268198726704e-01 8.413846493601176979e-01 8.592742175120040571e-01 8.314208396181469451e-01 1.507631182401814041e-02 2.097240472071353334e-01 2.421142728616645368e-01 8.278406248073010287e-01 4.933331578401336515e-01 5.583299223996004423e-01 5.796518157457644094e-01 8.851466463524557682e-01 9.898364531496366414e-01 6.611282016066660772e-01 3.759158083781370951e-01 9.658022762736038214e-01 6.168341995659252230e-01 9.718211917780837927e-01 1.508371128515495485e-01
9.295279837350766128e-01 2.897524800767814490e-02 9.625916544925081642e-01 9.936434899968966672e-01 5.314390453752486643e-01 2.964272943039988339e-01 4.628582957119669050e-01 1.537828390844064863e-02 1.425687765386884909e-01 1.958920551530018983e-03 9.910743250523552650e-01 9.025451810137795627e-01 8.031005085738670557e-01 9.199573458190221098e-01 7.523891367391963847e-01 1.323953981480331388e-01 1.687730435940104634e-01 4.188423608161417899e-02 1.877351269272791168e-01 4.670662843334163483e-01
9.584398911476886829e-01 3.712498793226137739e-01 7.156802357468208253e-01 7.155580503959700911e-01 1.885718320587643770e-01 4.617371258749479734e-01 3.183255870711915181e-01 2.596129695784444857e-01 4.608990818003214640e-01 7.644424942563911030e-01 9.101361707483143215e-01 3.238867262834665972e-01 3.649006005475674552e-02 2.170448553478228071e-01 9.512741596868888871e-01 6.180069370010353724e-01 2.937749948878207729e-01 6.041163236558944050e-02 3.070194317510134274e-01 1.532977571348432821e-01
6.802385690579038080e-02 3.801090006796871146e-01 6.351084618438226359e-01 2.984823854814275812e-01 9.105599965537292118e-01 7.187965909546744081e-01 8.680672174851534750e-01 6.239528737160843219e-01 1.127064146858617333e-01 7.282017211088653852e-01 8.654780130789951897e-01 1.587291061413942383e-02 2.964976790211149016e-02 7.069702155317275638e-01 9.463212293504026373e-01 7.097664748009478997e-01 8.452861042249897316e-01 4.146215400903262571e-01 2.950307626406378780e-02 5.431411811943731571e-03
9.153441100324264390e-01 9.752174758766053442e-01 2.630589659576521022e-01 3.651452009133594467e-01 4.779330769797111023e-01 5.852208830301434128e-01 5.895178027624525807e-02 6.677587954559246475e-01 4.170840556453033754e-01 7.150507179249028233e-01 4.090673362040999628e-01 1.748377844917451407e-01 6.582838391805678757e-02 8.731822478911298591e-01 7.500270182499815252e-01 2.900657671749048427e-01 4.643011952946072274e-01 7.959374040800143435e-01 5.293929566710942058e-01 3.685711597963048369e-01
1.774075735833018364e-01 5.230922157841649822e-01 6.964758759863294291e-01 2.848776407877187111e-01 3.185887587572636681e-01 4.819741175092867591e-01 6.788943634367172741e-02 9.570003804590481167e-01 3.245355885095230208e-01 7.513685141322880012e-01 9.182087499107897122e-01 7.731026515815653255e-01 8.756640791207820351e-01 1.279035418110323619e-01 6.582525638775427179e-02 3.055369942809147421e-01 8.064547491226607967e-01 4.493054098171437305e-01 5.310682398044490604e-01 4.323508284906041332e-02
8.747959538723856232e-01 3.222672496741794124e-01 5.969523288265317085e-01 2.684713682290423842e-01 7.726697892210909746e-02 6.293244115717232523e-01 5.342846721676914878e-01 1.176319846494778831e-01 7.544913903815519962e-01 1.084294632009460413e-01 1.054191319566410989e-02 5.798488473143070809e-02 2.277119118577252133e-01 2.158403878662203956e-01 4.896212504024648471e-01 7.055948838521997057e-01 5.275314192195117435e-01 8.215612511878509494e-01 3.668358482007538779e-01 4.360129970173705072e-01
1.836294288611166614e-01 5.580485334336616754e-01 4.777919803510596308e-01 5.908474215092834880e-01 7.336587735431897572e-01 4.287815054888760580e-01 6.863531601065511190e-01 4.350908731021696507e-02 6.598006147801498411e-01 5.630008411191751438e-01 2.900053165527325394e-01 1.082857733677745626e-01 4.046126407088417309e-01 4.515499480204374638e-01 1.705313654530956624e-01 7.328238205690924545e-01 9.898501995011769194e-01 5.005702231529661761e-01 9.952582629441318884e-01 4.052984188177091163e-01
7.198958727585073047e-01 6.329905631061902849e-01 2.850360121525896684e-01 9.708904800876294594e-01 4.930276803223386795e-01 2.384195170916216799e-01 8.677472172010481932e-01 5.922402219228471987e-01 3.486525242857130280e-02 4.458239465258668766e-01 7.715559356475628627e-01 1.776374383976030424e-01 7.024340475113914906e-01 4.107557854073248249e-01 1.304694452779819880e-01 9.268240697119416449e-01 3.252130846424139410e-01 2.282891765659155192e-01 4.829867223094636008e-01 8.427496100832492232e-01
9.373574155874521141e-01 5.440763735518105992e-01 4.457007557777058482e-01 9.433379367863335974e-01 6.772367471184331800e-01 1.141980912594805497e-01 6.331859822826032547e-01 7.256152878099652037e-01 6.702249240784240447e-01 5.354322562579285627e-01 9.955401831594329343e-01 8.354014611486839659e-01 1.909006858899998660e-01 5.562619540216273695e-01 4.798331918968331555e-01 9.820457138021718713e-01 2.978831032357329711e-01 9.650245608381254891e-01 4.863377033713403019e-01 6.452313842872507976e-01
2.540566731066620232e-01 8.878384829472835138e-01 9.670139697696484848e-01 8.635757111035291533e-01 9.656282780265134091e-01 4.771836771135684607e-02 6.707436311347327873e-01 8.549196918123979083e-01 2.641966184042991994e-01 1.273258156954459874e-01 9.003843469558338031e-01 3.753305235200525836e-01 4.946822315063102993e-01 9.102199505359233056e-01 1.658580620793435045e-01 6.529597191805279754e-01 6.753816385022929358e-01 6.713810062021785541e-02 1.795342319016037802e-01 1.405121004334946022e-01
9.879665052286432658e-01 1.971028493500494028e-01 2.929270573297459990e-01 2.565358847997029068e-01 2.585340245493944478e-01 3.247427508259249640e-01 1.079736164607774107e-01 7.051130526766097306e-01 9.452905097882502439e-01 4.949705304784616233e-01 1.433064398523885563e-01 1.396958210008353296e-01 8.317597887802544721e-01 8.060163974413686594e-01 5.846854003821208012e-01 8.174837308709371753e-01 7.702347573064222130e-01 8.608197516109725722e-01 8.400593791266776078e-01 4.818131733644425152e-01
1.529218284247901849e-02 3.981219325053353408e-01 9.515288476819721009e-01 1.088825983017382981e-01 7.118315677922131268e-01 4.727031356596710365e-01 9.823145807792437179e-01 7.236666716048451020e-01 3.061686548565020205e-01 4.320769042309922092e-01 5.763161521708090040e-01 4.755361688456687386e-01 3.112169104959848775e-01 3.172866182007669789e-01 3.787489554244133361e-01 9.578598535141448211e-01 2.701480566656705440e-01 4.025506344687519444e-01 3.837180064133574042e-01 1.872293521903680702e-01
2.549167788981980820e-01 1.685251417023164722e-01 8.715030399201143529e-01 5.481102627669076632e-02 3.199022457861311342e-01 1.962937473000456734e-01 3.858201284323721225e-01 7.838103130521051343e-01 8.969211639757854737e-01 5.096018925557259660e-01 6.578252864666533917e-02 7.247391063928618760e-01 3.711670429182875042e-01 7.021859110487712607e-01 6.128159454779776860e-01 3.856671723069270419e-01 2.181243269295978227e-01 6.222599749896140509e-03 9.978231116798363942e-02 7.513857374488510654e-01
7.991979243553840595e-01 3.947643924333463783e-01 3.607863719181022555e-01 2.688959307437845947e-01 1.054104233190068518e-01 4.935993614423396236e-01 3.944522598157620408e-01 8.057183594067908183e-01 7.056293211982934688e-01 9.017392895254620067e-01 5.483437772539243582e-01 8.978060482048537683e-01 8.101277298077884659e-01 8.492408769860199103e-01 4.176673580264028685e-01 8.124891660291445605e-01 7.190761038789558190e-01 5.836615779462467346e-01 9.846691683352789548e-01 4.223914789552352111e-01
1.129538499456207434e-01 7.584159934976331119e-01 1.654520710157549868e-01 3.564752315226673574e-01 2.478352716924850929e-01 6.380820523546085754e-01 1.768563948865177204e-01 3.653552526594587846e-01 2.254329174176272765e-01 5.708229964176636528e-01 1.710010508280981334e-01 5.221057210507037416e-01 9.497367822687549088e-01 3.890663305986896692e-01 4.412296605039863762e-01 2.320015437749027853e-01 6.166310329858161188e-01 5.745823146736166454e-01 5.605828093836032755e-01 9.819892405753820608e-01
6.477293215204044108e-01 3.035422290668103873e-01 8.185461398248268239e-01 2.088448528352286893e-01 6.867174428814160070e-01 3.979147334734479680e-01 5.506619813791316931e-01 8.165758576703772142e-01 3.401692147900436947e-01 8.741231551791327492e-01 2.671052237543330987e-01 1.865457526390674747e-01 6.594338801732989586e-01 2.403507377222320329e-01 5.529699480893888186e-01 2.714528279699373048e-01 2.875834104986786377e-01 1.650032161451682189e-01 6.167061594748755038e-01 4.413839692139974735e-01
