3.201731540472646520e-01 9.594684385699276952e-01 2.735578397241453796e-01 2.841589964946739100e-01 7.532561405472798510e-01 1.872399763547134555e-01 1.347520779013799963e-02 1.254704163721453991e-01 2.156415303275146522e-01 5.774142660487926459e-01 9.846880085123730364e-01 7.254924518324484817e-01 4.274584544277262310e-01 9.323200651481278189e-02 2.101651007928841963e-01 4.047656387298959046e-02 2.946159046026567419e-01 1.924219583822394108e-01 3.215654946021585525e-01 3.472382035783287968e-01
3.027441885078174799e-01 2.488615591410814343e-02 8.878029719474986869e-01 6.340834072357559581e-01 5.572173771901682837e-01 9.391220410217752113e-01 4.221475196993714762e-01 6.886420165106409419e-01 3.717661643411585004e-02 7.207584260374816365e-01 9.931567717072676826e-01 1.865593824276574608e-01 6.220409376450884986e-01 9.938730990516918551e-01 5.349148112147864564e-01 9.694563127104736111e-01 1.917878127958121404e-01 7.588135734562965196e-01 8.172405621407830001e-01 8.731389855962440327e-01
4.327660404775921510e-01 7.717602204211237993e-01 8.481402775235832303e-01 1.716190670673178875e-02 9.836015090160418195e-01 4.559441332850096007e-01 6.830409538525613611e-01 7.419066804033569440e-02 5.992985498904124242e-02 9.550482895453791254e-01 6.977219498724652746e-01 4.274152163066247123e-02 6.583027367438504251e-01 6.041405977697774654e-01 6.481235163006791034e-01 5.988824735332485272e-01 8.764828322314532905e-02 8.030935817047106795e-01 8.522371907198822427e-01 3.185674116121953725e-01
4.361975198195866543e-02 8.952465524235465599e-01 6.876631814124244402e-01 6.859005884191713420e-01 4.262658373749922402e-01 4.666530916016705666e-01 5.489181492894268377e-01 7.813285954029225433e-01 3.919531628150216829e-01 1.763919350900636784e-01 5.719880100699759051e-01 7.597244976222183865e-01 2.988327359277772599e-01 8.036628120700461952e-02 5.183604173536831006e-01 4.048654350861868867e-01 7.839123807080392581e-01 4.476608904281198509e-01 3.499792267321331085e-01 3.133559197798851947e-01
2.285790823400712934e-01 1.367003850422443545e-01 2.063681565781428917e-01 5.924017627696345212e-01 7.514426253092872932e-01 6.645489549819078023e-01 3.303232666639400739e-01 2.250454286599137266e-01 2.362022146871943784e-01 4.808391428619485097e-02 4.852795605704629534e-01 1.341801339857906505e-02 6.815130423574666807e-01 2.190906685588275282e-01 7.784044627332422639e-01 3.654783249121180688e-01 6.734779477058066011e-01 6.101936296267840287e-01 7.393656291308050577e-01 2.597634133947157586e-01
4.746241642200429434e-01 1.160038073368562239e-01 4.756485995398895827e-01 2.832136520010506420e-01 4.343759864028539086e-01 5.059951580764313617e-01 2.999858557850776375e-02 4.614019113930470928e-01 8.940359208493564580e-04 2.364426646489548034e-01 9.664601659881743023e-01 9.834497554067420655e-01 3.051333480846308843e-01 6.519564058773077431e-01 7.505388765487430724e-01 6.878532074275067743e-01 5.033799494127213503e-01 4.499002708442270126e-01 9.951866966761782063e-01 4.296314048535343488e-02
5.076339537299663363e-01 9.503333801929562119e-01 4.888327384453640123e-01 9.205674602186615374e-01 1.008189647890543883e-01 5.547220848751818201e-01 5.188115571186165953e-01 6.000981372210711928e-02 7.201216252050812727e-02 1.388632038074936181e-01 8.710394906953865535e-01 7.851368874818369648e-01 8.423601259922079976e-01 9.240893148131316126e-01 7.489035440051416970e-02 4.692911654066966864e-02 3.975238065874986404e-01 7.636638825738352176e-01 7.728984764339391633e-01 3.457936298945640807e-02
4.171318266243558837e-01 4.822199128870032769e-01 3.291932559832122518e-02 7.991182520405530898e-01 9.889011563547077666e-01 4.926929008188726256e-01 6.979902891332907533e-01 4.785494038265000194e-01 6.777897101981660288e-01 9.012140260515459911e-01 1.850793783958799565e-01 8.565893242880598946e-01 1.615585382169740791e-01 2.112424819621366856e-01 2.888649291688435428e-01 6.848805043257045755e-01 9.469484721412337880e-01 6.535380131869646947e-01 9.251767294017887444e-03 6.851467752429868385e-01
9.430718453308553073e-01 7.828254452073493130e-01 8.514546073688727956e-01 1.334040299366732185e-01 3.734075141957436950e-01 8.796074695722351233e-01 6.386465536852037328e-01 8.307951301439435721e-01 6.852428476389601508e-01 3.323022433847713231e-01 7.902721925853273266e-02 1.704465659690439505e-01 9.975183614477991512e-01 9.577735998795176009e-01 4.916425951458597288e-01 7.521081355205960772e-01 8.267306633690866269e-01 2.089832620698934829e-01 1.328376919562442859e-01 8.958877073674949010e-01
2.203274679182644080e-01 1.120756395536267602e-01 2.515508910450106050e-01 5.910378943555687492e-01 5.902372737673936554e-01 2.257869152301834603e-01 9.569135995688622387e-01 7.151290156176769441e-01 8.476157312852461434e-01 4.751895384459159377e-01 7.528909173347199113e-01 2.695238114167340937e-01 5.676828179931170393e-02 1.876733309864075938e-01 9.378203827276122562e-01 3.549405879649623063e-01 4.027356074206123182e-01 3.640962802671469101e-01 7.121072846448779359e-01 7.701536350412858667e-01
2.443088623470542897e-01 9.168950223664213972e-01 5.897937129418721058e-01 1.077099639572443035e-02 8.433703992282699513e-01 6.605914848190468369e-01 7.996560105115274597e-01 3.495379048127622568e-01 2.195759296583832398e-01 2.782244809534144547e-01 3.382982374699413652e-01 8.395157607874433880e-01 9.890598909655691218e-01 3.437015648906850407e-01 2.856365550587744995e-01 8.919800424536646899e-01 4.464712766962430912e-01 4.711607458873654508e-01 8.524004472628997631e-01 4.892034514866445694e-01
5.021259783599230087e-02 5.938160905407374734e-01 1.400720356685480894e-02 7.031415137148104844e-01 3.778515404928104449e-01 5.082329554740488975e-01 6.659792178785529648e-01 7.062378665144384282e-01 2.724761478870182385e-01 3.041775363864723802e-01 8.948973362499936801e-01 4.911836001936810137e-01 3.005016128436610590e-01 3.509164513691380716e-01 1.072597062725990646e-01 3.798304063719286638e-01 4.296658914483397762e-02 9.725934168209315889e-01 6.283567534822204204e-01 2.005163275440955406e-01
3.601330432276752536e-01 4.621036420693449553e-01 4.216838146055418290e-01 3.757714867849120122e-01 4.120618901430255221e-01 1.089611516605909491e-01 4.602692781729732507e-01 9.957215070930514056e-01 3.313703063186543840e-01 3.830625597149370787e-01 1.913262060578380108e-02 3.523013391141880390e-01 7.113784974562041841e-01 2.011414871412845473e-01 7.257479963079487284e-01 4.912509385029926179e-01 3.153682267243375081e-01 3.150547702694628249e-03 5.774676456428808891e-01 1.263549717323331212e-01
5.632776973271270693e-01 8.468887406236980109e-01 3.402283023323473543e-01 8.905644381187303171e-01 2.353006571503925004e-01 2.748800693277690943e-01 2.624958876942120600e-01 9.668658368945781678e-01 6.298505356235850616e-01 2.577178574525458288e-01 4.611819876710532284e-02 1.356366689454182595e-01 3.792406562380302715e-01 4.234421065831833753e-01 9.636473469815867166e-01 5.840707043359679718e-01 1.794375672868069316e-01 6.453417156878654692e-01 4.131728026333139070e-01 6.746631057198406722e-01
5.876208219876838390e-01 9.682025714199428146e-01 3.999815443617682487e-01 6.571253152299355582e-01 6.358312295302511741e-01 7.487775461405717925e-01 1.222837386318047503e-01 3.791073066813185344e-01 3.448959735645374947e-01 2.809938657766116732e-01 5.455598943934227840e-01 2.992193633170935341e-01 9.162459264201028297e-02 4.052201088495501757e-01 6.495015363114039486e-01 8.091410956925564335e-01 2.221406972356300136e-01 3.809513234997597975e-01 4.733744292436511403e-01 4.120591032044138569e-01
7.850219197232376489e-01 3.803196712865083429e-01 5.394066897385746406e-01 6.169415267080184950e-01 1.546369619679190954e-01 6.103716380288438659e-01 1.138128081201251751e-01 7.013645035229458813e-01 3.228398523626241357e-01 7.897947810752652398e-01 9.530029838835565315e-01 6.229647243906393239e-01 3.661152252174150190e-01 7.305682929650987312e-01 7.207980722931778272e-01 3.161233983588673802e-02 4.797194520081455860e-01 4.654559442638765976e-01 3.335302165052997925e-01 1.973982353901893028e-03
4.076427833571917292e-01 9.918967505890743386e-01 1.418976838972587640e-01 3.394054666911320295e-01 7.962241470306014035e-01 3.904026052776626843e-01 8.770682524293997862e-01 7.863226080753085157e-01 1.243437546721345432e-01 8.771368553033748183e-01 8.145065806169663469e-01 2.459737699750739193e-01 3.537210596058015799e-02 2.076090574206688188e-01 2.256819910986627153e-01 3.899541133814072857e-01 5.924440627348437349e-01 7.340949971333482482e-01 4.854017658995569695e-01 1.639240383153176550e-01
1.529109487020928748e-01 2.726008895228833051e-01 6.306139397808474545e-01 1.422441007550934167e-02 1.983487644499897229e-01 6.927472498959843517e-01 4.458282535259497914e-01 3.724467194554897942e-01 1.411827306326294273e-01 5.217200366992301719e-01 5.177598299813668259e-02 9.852362641427314660e-02 8.245759024502957724e-01 3.773862967185148687e-01 6.022438364475659611e-01 5.718785682868235964e-01 6.434552461299893888e-01 7.880546204954913536e-01 9.956430273324382574e-01 2.120277368207524882e-01
5.231929930751788582e-01 1.136127583222048543e-01 5.883578447007132839e-01 4.151363612651096657e-01 2.060385457149689348e-01 4.582107417781745573e-01 3.344486853722005160e-01 1.647952968729544665e-01 8.593558982822956382e-01 3.133838938163416854e-01 8.311601644505332009e-01 6.806933301286713922e-01 7.179553306707684435e-01 8.805576191928146113e-01 5.902007724197778638e-01 2.908629339639533518e-01 1.436300761760730405e-01 2.363209409825413054e-01 7.161660265469632636e-01 8.844823194631393770e-01
7.192300816648845574e-01 6.621744001052963791e-01 6.971561463975866069e-01 2.205386687432476789e-01 7.995778606742065531e-02 7.304529766911157518e-01 5.817636393970047060e-01 7.089589772054961658e-01 5.558920841870227392e-01 6.582414667711806722e-01 4.366688806561138669e-01 4.836150631174985781e-01 4.118105570788189729e-01 5.696035744904071052e-01 8.997608874568253645e-01 2.837593127020694439e-01 8.393302963953654938e-01 3.579003684393740059e-01 3.059828416875086665e-01 1.279980506990504585e-01
3.425459612451773328e-01 4.408626432640341264e-01 4.607579336092727518e-01 9.883612485136616943e-01 5.160830890342579247e-01 6.049085123790153284e-01 6.031745273486617265e-01 2.966943324448845232e-02 2.702238788136277492e-01 6.244743040551793412e-01 5.672060366863154179e-01 7.793071319276494435e-01 4.714364592086995875e-01 7.446959802555631613e-01 1.165182468640696412e-01 7.065630324433436193e-01 4.749770088770289833e-01 8.367845477523586650e-01 7.807532998010338066e-01 9.170129657463803596e-01
6.358187438768660993e-01 9.869232851551960062e-01 6.110190618282235198e-01 2.607201083454943058e-01 6.559340055416781334e-01 1.263387724925434386e-01 4.689372153869134641e-01 8.884675550089935481e-01 5.135063503263216367e-01 2.512476736443399750e-01 1.547160966547848071e-01 3.715089679406263778e-01 4.133260135528125101e-01 9.892939945372976052e-01 7.788689746377759349e-01 9.216613149217652845e-01 3.238549121771223671e-01 7.621300028549541361e-01 1.477177354871376247e-01 9.977937636931151211e-01
8.597890861500734339e-02 4.582895408875361509e-01 1.137714669420051283e-01 2.921333765248180780e-01 1.553061279392826677e-01 6.214271257300947315e-01 2.235264057827701656e-03 5.071087994470052651e-01 4.037392146564178219e-01 6.590161591683978415e-01 2.305511946926527278e-01 6.740343134923895141e-01 2.992011961308753687e-01 4.657444266687766898e-01 2.612951511371728319e-01 9.167538453201626858e-01 2.494679192626982900e-01 3.167601835671096655e-01 6.243207754971528134e-01 5.346926097589121962e-02
1.446293780469500856e-01 2.963042473733825677e-01 5.554771016401313100e-01 4.071499270162595163e-01 3.514633737812269398e-01 4.262873752348165235e-01 5.517279783825599360e-01 4.461247454007233326e-01 3.696697019540990947e-01 1.077263815417726089e-01 2.608698512153628801e-01 1.812014329342634955e-01 3.979911520899239719e-01 2.942600837203819264e-01 6.175282656186908969e-01 4.700686361744813579e-01 3.215969787436955274e-01 3.612459662458240572e-01 5.283370047981927886e-02 2.566105169037519174e-01
4.778873627987263450e-01 2.072415327433497767e-01 3.423708686435572579e-01 3.669513908973138783e-01 6.539874250957041779e-01 4.051412765153071804e-01 1.446620909070843730e-01 5.393195652793676409e-01 2.362368021606519042e-01 5.990098434469985911e-01 1.006188603216466859e-01 8.619852313307079239e-01 3.121339126233546590e-02 5.575819951403949704e-01 1.916891030060670076e-01 5.342683858317215373e-01 5.780607179672421214e-01 9.305430910262286748e-01 3.566103328049139431e-01 4.339589871015078204e-01
3.557793110545400816e-01 4.803740827413283121e-02 8.988874600400303949e-01 5.388179140440554349e-01 3.492363733122764158e-01 4.608942374273130582e-01 5.017137004755475305e-01 5.025987042635152724e-01 3.289161848694543977e-03 2.242957309153912338e-01 7.398872949711621239e-01 4.480269659487716716e-01 3.679556616920320877e-03 3.158318526079915145e-01 2.388766500002006410e-01 6.978521147300039695e-01 7.241861508590147212e-01 4.442472433647973729e-01 6.386958426599975702e-01 8.227622235951578267e-01
9.910592804326406879e-01 5.385529382476036409e-01 6.854751013522538683e-01 9.081435604152716667e-01 7.287733296093459323e-01 3.725056856330488664e-01 7.409556311467999645e-01 7.867638385120436784e-01 9.633242011910938540e-01 2.918481183087676678e-01 7.594414457222002923e-01 7.746101354699678199e-01 8.614877078868574678e-01 9.815658972111779290e-01 5.203046551248076135e-01 5.790869754479073261e-01 4.983676198730451201e-01 6.290861321702122533e-01 1.739227965282968968e-01 3.610880272855048201e-01
7.573754785741655393e-01 1.569692116512253488e-01 6.548416283792709569e-01 3.424643348198244119e-01 8.140107003527617957e-01 3.448385676036060943e-01 8.113872381228300901e-01 4.268165315992739073e-01 4.386701652936474405e-01 4.143349349033984552e-01 4.998113864519126981e-02 7.900286808898130397e-01 8.458429413379678907e-01 6.695309672317282246e-01 4.382885967695916429e-01 1.069141011507505068e-01 9.783238623089163255e-01 6.194009368374278068e-01 4.761231639661520632e-01 6.620403178772878983e-01
9.721084919435095673e-01 6.760036923376646634e-01 5.343301239461455410e-01 6.507952945000090583e-01 9.035040626503574313e-01 4.545622403723990068e-01 9.627798280975417011e-01 8.747645537208483812e-01 7.418493978260505273e-01 9.569681453481219124e-01 3.549984129991242687e-01 1.944248456439373607e-01 2.203143841082888521e-02 4.637492797352487095e-01 6.993993987674402835e-01 9.951367843581436778e-01 8.091714966967904488e-01 4.634530691222308318e-01 1.948598882759247086e-01 6.353201088366813298e-01
3.281431579947448052e-01 1.858225235791205465e-01 1.621342035306285734e-01 5.478614854134192802e-01 8.821366386279756444e-01 5.396330233684054623e-02 3.393804215420368475e-01 9.592198266034501763e-02 5.367173189082582452e-01 8.898130461850868311e-01 4.054666533167774478e-01 4.316775041317797434e-01 3.653147413790355236e-01 5.601411743165043422e-01 8.467032513526638882e-01 4.937399092667517086e-01 5.589544772170962350e-01 5.346262237355003943e-02 2.802545890572792908e-01 9.885789964362330373e-01
2.656500141159838790e-01 7.952215315590268618e-01 7.717112651476371044e-01 7.233540621532990045e-01 8.211733810143579948e-01 7.134865671944741194e-01 6.545491988583891363e-01 6.626766658076316263e-01 8.247659719769395714e-01 4.740482029954100618e-01 8.721921956539122611e-01 8.917231455029259735e-01 4.257207932131191752e-01 9.454213584602888520e-02 3.403362689240131411e-01 4.750527397858854695e-01 8.417866848301338578e-01 4.722206225130016755e-01 3.230845375426449895e-02 4.744603544826118124e-01
4.862602851308388541e-01 1.162156731277564914e-01 5.257041651481214606e-01 9.063604099140936121e-01 1.449531560108962003e-01 6.251938453516251437e-01 7.195844799840667161e-01 5.434818751583067042e-01 2.139574928653324992e-01 5.180681439720102865e-02 5.302824201008651261e-01 7.526714357583883519e-01 7.874254332643715326e-02 4.129431156055521912e-01 1.609044524487254213e-01 6.040944451051607489e-01 7.551156361812113582e-01 4.794787500972295113e-01 6.765795198438954161e-01 7.528969822507225462e-02
9.001172427575173662e-01 5.346189927397172470e-01 8.122743675606304281e-01 8.243038479742514912e-01 9.146956736806211019e-01 8.708797802833045942e-01 3.940452712592960038e-01 1.147352281633390314e-01 2.496620310738506543e-02 2.554888942161138710e-01 1.674714864186241936e-01 9.590609225621161693e-01 7.174753140310150545e-01 8.079571953486116564e-01 8.612575063843909140e-01 8.138000771580007342e-01 6.576001159029070120e-01 4.378352292704820181e-01 4.704418272777965981e-01 9.837052962701177128e-01
8.406097806069123823e-01 6.949781187532084736e-01 1.232926286872134680e-01 9.490193172287995083e-01 3.232670788545688456e-02 9.486816961069097776e-01 1.502905612510491151e-01 4.342457251219459247e-01 6.684254403973548531e-01 3.844347871995648092e-01 2.069714825645841971e-01 9.034377732970347852e-01 7.166884659595906815e-02 1.088535479179676413e-01 4.455998480657830108e-01 9.886471010675543791e-01 9.645830530388020962e-01 1.976336554493340891e-02 8.401463275575881129e-01 8.756986047206490875e-01
7.122359816434307156e-01 2.840065472224440057e-01 4.822451915490677532e-01 5.044897444506654116e-01 9.837474975180675596e-01 2.688695611351892278e-01 5.479588768824122935e-01 7.417166723816988050e-01 3.240347522474440467e-01 4.692221620886187772e-01 9.474578495825890512e-01 9.097325825037128055e-01 9.605651832254624711e-01 3.669831772242480028e-01 4.012101308491884399e-01 1.109076567721054563e-01 4.469087099689225129e-01 4.232038201269254785e-01 8.809169226350754833e-02 4.111020272360969008e-01
3.767863718514175009e-02 8.135657396656109652e-01 4.454145753338705216e-01 4.654003663189901774e-01 4.331914077491066939e-01 7.041702973020336209e-01 3.624742060102120744e-01 2.321812659718581751e-01 6.802080489915549588e-01 8.244352885590758850e-01 3.044189137634132347e-01 7.326555466318571685e-01 6.400321985087416010e-01 7.822912719532877368e-01 2.750242828218036895e-01 5.030001517455007232e-02 7.537836789294929396e-01 4.371346379727841791e-01 4.103442812783603122e-01 2.735701381815835997e-02
7.100001905864075091e-01 9.143095259118925178e-01 6.366677928827157995e-01 1.977705876808303342e-01 6.009308047051955537e-01 4.826391557092435391e-02 1.824379002559919360e-01 6.001803046194651436e-01 6.632070445857688457e-01 4.618972217029371219e-01 1.595039834441990267e-01 2.495867394907087533e-01 4.488721076692704370e-01 3.103845966621857633e-01 8.609745978581633263e-01 5.750721344459861495e-01 5.623893123102799985e-01 3.745563547041046437e-01 2.273883926658375465e-01 6.812004292910451841e-01
6.694201242473067914e-01 4.460026970693302673e-01 8.454322877184794471e-02 2.384124398510889531e-02 8.400629887927436590e-01 5.382622306084960950e-01 6.434790052629154600e-01 1.082763166446552017e-01 7.234556436309036442e-02 8.395521663878431351e-01 1.945612797983679032e-01 6.373581789989315460e-01 1.128534944982207966e-01 9.210982191498884308e-01 1.202166053327931028e-01 4.008161912858573261e-01 3.421135497779339563e-01 2.883866021163857818e-01 4.916161032252118757e-01 2.338844082760120902e-01
4.332828309446848936e-01 9.627884057566959974e-02 8.993806480022782379e-01 3.501450686165411552e-01 8.303866429278061734e-01 3.921867149576885314e-02 8.049948706735722270e-01 1.079150026835142828e-01 2.304075491729523639e-01 4.215858574586289764e-01 4.845731705824118940e-01 3.082865954783531315e-01 4.948987596933906996e-01 9.746179783026198695e-01 8.536338036515762617e-01 8.781771618666782686e-01 7.528013956799133322e-01 6.889553332889088999e-01 4.500537221067432148e-01 7.966786102757200672e-01
3.210351764894804338e-01 9.810730880171285584e-01 3.555506101145230469e-01 7.990061689104133169e-02 9.695324406800742700e-02 2.187963338695816384e-01 8.856362684591356782e-01 3.670176943039099582e-01 5.914646449056948363e-01 6.580481740098647059e-01 1.956410959471116540e-01 2.813290373028670688e-01 5.701208582362213839e-01 4.499894016575446409e-01 8.977968976352862507e-01 1.029807630136312380e-01 2.246058189111943548e-01 4.198601908688701645e-01 1.117251577005380359e-01 6.845787640018918818e-02
3.557798780057034316e-01 5.735492912446438218e-02 6.848550356630833669e-02 1.880452029601364927e-01 5.481345311739987958e-01 1.678735923057050883e-02 3.434473767335338712e-01 3.922353873993124074e-01 5.023485392246378467e-01 3.765661431723609232e-01 5.316786204620030931e-01 3.259591682699554127e-01 4.745525015919849210e-03 7.168101053776109177e-01 2.758354474326667471e-01 8.722543306684329423e-01 7.092975228082082362e-01 6.109145077139369606e-01 4.904005543535325806e-01 8.320521110628176231e-01
5.513607158862778856e-01 9.071997164835441385e-01 6.991798298502545084e-01 5.214443244302505720e-01 8.790991422123158872e-01 9.718622850317115702e-02 3.453236924706271083e-02 3.789387627631789490e-01 5.494664941541888004e-01 5.165024084077751709e-02 6.603574112675953955e-01 7.174603285294209876e-01 3.259374230816558526e-02 8.773451664591317423e-01 1.390183860440838970e-01 5.686619936771791783e-01 9.318878969283951319e-01 4.054365944975013569e-02 7.102057845138974868e-01 1.856449074260868581e-01
1.070184472460256053e-02 2.544537116178999803e-01 7.016328953085986253e-01 1.587414992692850468e-01 9.112780725287482619e-01 7.713932724407458474e-01 6.827176417426927824e-01 9.318708348319341139e-01 5.277650200413639414e-01 9.159414337601626821e-01 2.618951809995356816e-01 4.912348397472412476e-01 5.113974604063165064e-02 3.516766906352328803e-01 4.714790607295565872e-01 2.809913658646310264e-01 1.433725733873788544e-01 1.791686535027109395e-01 1.537219457764611441e-01 5.530153812932731006e-01
9.836409558862376779e-01 3.994014343438141434e-01 9.502903447830917116e-01 5.359914633369528003e-01 8.983369890059316187e-01 2.468143563927740480e-01 9.253725223102696740e-01 8.437155193530442299e-01 7.741031832893306985e-01 8.368028635487606559e-01 4.648749167662513671e-02 7.916044469722804955e-01 7.655513953216794842e-01 2.196170769331236006e-01 4.910668688450121611e-01 2.999618785184230418e-01 3.048841263714181515e-01 3.968094257347377640e-01 8.865262085466366626e-01 4.498086644807970380e-01
3.095243426474936221e-02 8.422190684008168393e-02 1.706947493828770979e-01 2.734821829563447437e-01 4.986511269010202030e-01 4.312357269916147207e-01 2.970349799117446565e-01 3.655847536122194263e-01 1.402787268267341458e-01 7.089967217496510044e-01 6.052719017614320851e-01 3.795562401008523157e-02 9.250105131629308142e-01 7.595423204462011801e-01 9.926461091669627201e-01 1.253419152540653503e-01 5.715413628891952147e-01 5.565044472633019490e-01 3.270957541675767466e-02 9.503433158047470686e-01
3.333296219844771313e-01 6.712230923786142167e-01 7.842570124746059967e-01 9.129432192365027898e-01 2.879552248506334067e-02 1.766690130090116106e-01 9.983360021836396037e-02 9.711490579782107169e-01 4.123159257016163481e-01 3.099226333096618546e-01 5.357924818605621642e-01 8.748968885362279346e-01 9.022343510305449454e-01 9.717596534851834500e-01 8.924617577096416454e-01 9.069052685078842213e-01 5.818516530079821392e-01 5.972701033054909070e-01 6.423798813120797924e-01 8.683782953321678155e-01
3.899917838016894178e-01 6.571963034019410177e-01 3.136377897933962933e-01 1.251489389200143298e-01 2.339008635869422870e-01 3.903008632870286210e-01 7.264009319120126040e-01 2.002879401266365322e-01 4.764463416763859982e-01 9.601706243128670382e-01 9.186849981461232550e-01 6.908139172861562649e-01 6.539867398007980226e-01 7.493544276287448236e-01 1.354229276252327807e-01 8.283919622062851928e-01 9.928454780107602851e-01 1.313967030634869415e-01 1.268324415020779528e-01 7.932328733934083109e-01
7.473628609428912828e-01 4.328375301541642628e-02 6.202670040336476509e-01 3.569226690738719343e-01 9.109973812200317100e-01 3.965090926410201888e-01 3.952220470797931373e-01 6.872826853938364122e-01 1.720217341721304027e-01 6.328738264393566348e-01 8.647698490816613237e-02 9.653656220111498376e-01 2.443396201296249570e-01 8.413629821973730438e-01 1.023376569442352446e-01 3.705621874513176373e-03 3.991250232213759963e-01 7.621636579451890325e-01 3.165887103719325912e-01 2.526311817796056403e-03
1.639072157741927604e-02 9.784056071253364184e-01 2.057106038089617783e-02 1.278997155594415736e-01 1.547202816616165544e-01 5.844180670680776402e-01 5.519326137680790056e-01 4.060412108337593251e-01 5.185383234586188328e-01 3.841075685558694719e-01 6.556922693999973628e-01 1.812415517927422615e-01 3.139561916294240085e-01 1.971759839788347346e-01 7.961562447247149121e-01 9.630183882577038057e-01 8.013839151299821939e-01 4.906751414449439519e-01 4.517966697746875759e-01 1.683115272925945760e-01
2.024623071979726463e-01 3.770759796055435098e-01 9.406561411519890337e-01 3.023604669342301321e-01 4.438434887665587691e-02 7.055948796933542155e-01 1.483550613460414835e-01 8.796136169708662633e-01 7.942404104844170698e-01 2.813334963742095685e-01 3.481179260083573368e-01 3.448558696114422117e-01 2.861543944519684413e-02 6.033099211583635713e-01 1.437063051931990465e-01 1.637777305724386068e-02 5.806386939430970839e-01 3.590377119404052353e-01 2.068514698985045586e-01 3.463944766332538450e-01
7.144578560434021730e-01 9.349421998791513921e-01 4.589937808386972407e-01 3.217955407501338350e-02 6.401480223411876169e-01 8.446764516427577307e-01 2.796449412308729121e-01 5.250621551996184078e-01 6.130658920552634061e-01 6.753421366132634773e-01 7.671834052518667901e-01 9.711603222365270405e-01 7.352723914177948794e-01 7.850719869212987589e-01 6.729849594255591372e-01 5.877256535996877584e-01 8.635311748203238214e-01 4.798730434259605993e-01 3.570047218087794016e-01 4.771352401859803027e-01
3.477409996587284002e-01 9.301976649240351058e-01 3.989129614264478318e-01 6.451447374458728623e-01 6.887326789725801701e-01 5.047072471771844038e-01 5.027368734429944475e-01 6.164984998699551966e-01 2.152994960092338150e-01 7.738718258301147124e-02 3.548985414173227992e-01 7.991755649304715936e-01 3.144879976962130508e-01 5.594116474960220131e-01 8.277983080972889374e-01 6.549899517676268657e-01 8.397602650212622200e-01 3.828646637436713407e-01 1.308953696459081995e-01 9.551642806576330358e-01
1.293675931329951734e-02 1.095425769498233892e-01 5.284703761167860447e-01 5.763408208861706683e-01 5.375043713235684306e-01 1.174142211129644009e-01 8.425199941639190948e-01 3.690811029865791459e-01 6.788038318435947183e-01 9.944073634111322280e-01 4.153847825974428254e-01 3.179986946816284465e-01 9.229535504800348011e-01 1.995600699987765125e-02 1.604914771249330574e-01 3.665788459666762256e-01 3.550071643178579484e-01 1.784055820068183307e-01 5.251620837466182135e-01 3.125540993083451013e-01
8.221672310110286208e-01 6.909789531330137180e-01 9.320835844545947158e-01 5.594990864332138880e-02 1.481566634402133875e-01 6.547258657841972251e-01 6.065407672081509771e-01 4.406358265489136450e-01 1.330386901361226837e-01 3.997542809030900646e-01 6.193517175484405390e-01 8.857782293506628601e-01 7.376763643675702253e-01 8.995786498416148413e-01 4.812139045751756550e-01 3.846966565938255700e-01 6.458729894448190789e-01 5.374372986427605747e-01 2.149468081535281794e-01 8.347755013300873772e-01
1.621353887992155185e-01 7.036917295012110607e-01 4.090995923718012683e-01 3.504266715904452711e-01 1.102726376658864638e-01 9.777237715573596777e-01 6.297799045633214465e-01 5.960448141721641502e-02 2.633650850837321311e-01 4.483576544463575564e-01 9.172243118692965380e-01 7.074297008693442024e-01 7.477171637308149821e-01 7.029877217261093492e-02 9.198333152891170483e-01 6.254505048412456469e-01 1.240799128335655643e-01 4.022310041695633664e-01 2.893206228590491369e-01 2.974488401643974322e-01
7.642227414175254419e-01 8.064386463005874806e-01 5.567850497484656547e-01 7.337984572959682650e-01 1.895439220551694559e-01 4.538865911670263431e-01 9.130514033015751929e-01 3.358359354248304784e-01 2.940911370848257045e-01 5.760334238479430935e-01 2.110680384679386457e-01 8.021502855964982581e-01 5.809116458304510733e-01 7.857857093832152362e-01 5.631614634478772086e-01 5.487634810065050717e-01 4.145054878132190535e-01 8.133574912965378934e-01 5.974499649410353053e-01 9.356282340964072741e-02
7.745870341771537992e-01 5.796126011613896845e-01 2.179239438685882657e-01 1.946509749210104667e-01 6.964698043496421187e-01 6.231123581815003476e-01 9.581759000417024996e-01 5.076304365673190988e-01 1.336019082088775178e-01 7.133300775662138049e-01 4.223140356537414819e-01 2.340884804273268838e-02 7.165732067766231728e-01 3.441876903460442394e-01 8.535628096972802670e-01 8.711078624811247062e-01 4.588845941992503175e-02 1.538315283677142986e-01 2.167370906946533005e-01 4.575453942267336815e-01
7.918913378877489029e-01 3.686229646106787827e-01 5.140138771222757530e-02 4.149289094397851096e-01 2.575947667897282578e-02 2.550183759977443509e-01 6.170480795120732997e-01 3.936828094942026457e-01 7.382238755755787807e-01 7.813780048281473434e-01 5.315093603003477885e-01 4.226292055894492750e-01 1.571194967627469463e-01 4.872724659423910420e-02 9.983955151125849525e-01 3.685528801663060516e-01 1.945905644546446212e-01 3.329047310680104399e-01 4.248636599655589707e-01 1.356436615635304710e-01
5.024004502747760892e-01 9.255631520533980083e-02 7.314665474436442549e-01 3.163740035953086505e-01 7.896478626035503545e-01 4.949903505948914928e-01 9.598331478377963855e-02 3.257028761574467524e-01 6.425874442601235970e-01 8.144052139531207102e-01 9.881134519056666843e-02 9.106629379859991769e-01 5.912723272180785417e-01 5.025723377453283902e-01 1.948456796430618754e-01 4.116915000196950114e-01 6.818290102387433160e-01 3.872068261248723386e-01 7.057511011745408736e-01 1.830216941918016982e-01
8.149843168824170148e-01 1.617708916256017648e-01 7.917899444598552883e-02 2.630126935942885824e-01 5.495270680678021602e-02 9.463974437123801042e-02 2.350232582828010175e-01 7.505613272529771951e-01 2.964955272228489980e-01 7.916364143802724351e-01 2.389067521440589870e-01 8.957292553227602649e-02 9.729857729562423341e-01 8.826401846799655226e-01 9.980139820837227171e-01 5.633876549837335546e-02 2.834678287934738750e-01 6.445389539209727126e-01 3.635878893031808667e-01 3.447914363865707266e-01
8.214789945109988167e-01 6.222304192766847653e-01 3.083486059309107352e-01 3.693636797363841762e-01 3.115272503557693362e-01 5.848866365427078939e-01 3.908098736248055705e-01 2.183836869298411143e-01 7.494481793494546240e-01 7.779371165078026173e-01 3.594418388705850065e-01 1.261647978805756631e-01 8.062655434573394730e-01 9.340410350367731596e-01 9.948120189943726599e-01 8.456196186888867983e-01 2.906557194230875441e-01 2.009270451681020031e-01 7.120695451323987291e-01 5.881964470921907662e-01
5.679650698893622396e-01 4.930685446589988530e-02 7.140427653912172490e-01 8.844263206565711188e-01 7.817903807378729919e-01 2.761959397295536967e-01 6.747133127207396441e-01 5.261022266273570613e-01 5.441334384988774087e-01 5.897758043480690882e-01 4.379559022344965413e-01 5.085423091764986747e-01 8.658025730463279057e-01 2.781211686517491843e-01 8.177611310791871313e-01 3.324788300590398871e-01 4.966946030276120361e-01 3.996135706820622691e-01 4.263326302346603924e-02 8.287431648028006359e-01
2.438662314893936811e-01 4.928591582220184231e-01 2.469792846715416212e-01 6.818784367161894178e-01 2.553734959165189222e-01 5.077623462845473057e-01 3.747796125892818297e-01 4.291570371269335382e-01 3.423522406053091105e-01 6.280848804687089171e-01 9.634186768242226639e-01 9.701307877934306489e-02 2.326321360319782983e-01 8.493217586639845162e-01 9.664973803707428424e-01 1.927270515467105483e-01 7.832514989914218795e-01 3.982959054595125448e-01 3.164409424755061373e-01 5.905181816326576794e-01
2.207675207271958540e-01 6.516430822387798694e-01 2.040042966594546314e-04 6.643720061509960084e-01 9.429228151076318731e-01 4.730620048807963052e-01 3.577222951044911614e-01 9.726890032561448241e-01 3.486634313357040993e-01 4.790533700399020045e-01 4.076683268739110799e-01 2.155614656415153485e-01 4.123479611097585762e-01 7.335796958481438645e-01 1.202775615564055656e-02 5.501332985628062389e-01 7.051181931381484969e-01 3.239249621163534654e-01 5.920250615230658875e-01 1.101727133540293391e-01
7.868177817391486251e-02 2.050103800207497828e-01 9.536002546926446444e-01 5.751242850402437101e-01 9.765109252110973914e-01 2.723197920701675434e-01 8.575011513239894079e-02 5.372794658899306963e-01 5.740324762353261612e-01 1.052162598956819517e-01 1.007648500294133775e-02 4.482027916066203543e-01 9.310268555742748919e-01 1.609293163047802455e-01 1.783744578008217285e-02 7.164855733945888483e-01 7.206550373972031576e-02 7.061679475226132485e-01 1.560952939275888074e-01 6.576956935988220732e-02
4.252730245427124300e-01 3.588625488081940151e-01 9.877922608890499223e-01 5.763004100059975210e-01 5.778214891299516820e-01 1.956219669223514535e-01 7.321172149877621660e-01 8.136581346609733645e-01 5.767097560268752421e-01 1.770605507700202530e-01 3.430636206019010981e-02 5.073319852317236256e-01 9.338493067635141864e-01 2.400488646381995217e-01 7.883313626952342945e-01 6.268750008290597808e-01 9.970364786631005227e-01 5.299994123016944503e-01 8.377647587176416666e-01 5.699541276619116692e-01
8.657975522181149408e-02 9.522727660688430351e-01 2.061134792459423659e-01 1.216495579806292637e-01 4.438317365095877376e-01 1.133005160287092750e-01 7.873861713989370736e-01 8.182212229722987118e-01 3.919723831608469267e-01 7.088314384485100428e-01 2.590732519562642944e-01 3.295513490153645364e-02 2.513121170194858589e-01 1.824651454422620001e-01 7.216021817506285130e-01 1.805893650504244441e-01 1.907275342704225496e-01 3.591984756198399742e-01 3.660707054119781700e-01 9.642492133038186308e-01
7.677753367445649957e-02 9.869232198202992912e-02 7.835488108987437306e-01 5.707833687733362416e-01 3.705615323754472001e-01 3.837226541886675779e-01 4.939115642476434864e-01 5.910594742374211119e-01 4.468013928246283850e-01 4.278954357393919272e-01 8.299485245722602045e-01 1.792458187170404837e-01 5.153730563544237642e-01 8.868986175910886782e-02 1.752061738747368036e-01 4.382043461932656481e-01 4.702488616063922322e-01 7.333913948150140305e-01 9.593447288027966424e-01 9.185698156641070034e-01
4.463286648289771508e-01 8.728565362797604532e-01 1.732493850950145298e-01 7.359461696239562034e-01 6.852976128993470972e-01 3.624942226226806063e-01 7.149738482267742334e-01 7.190163166732176370e-01 9.620837770590807692e-01 7.235154150453541044e-01 9.468311870118854001e-01 3.063764632817039812e-01 5.219953623962160227e-01 6.878303605224632689e-01 9.112810548562790824e-01 3.590735496393071546e-02 3.744253489992802608e-01 3.834633771744010433e-01 9.667351311314424933e-01 6.940000554588032777e-01
6.687615959503737662e-01 6.128264072319660194e-01 9.871398658460783793e-02 2.744533517578785498e-01 6.081296808195365555e-01 6.683393041150306191e-01 9.573287121302904712e-01 9.628422751470748775e-01 9.815653144282365794e-02 8.688846688464577639e-01 1.463887721899758132e-01 6.742695472785216193e-01 1.511492065908841553e-01 7.102548402202767397e-01 6.353455321942557132e-01 4.331596087527839201e-01 5.613552776923624865e-01 4.298753582598593415e-01 2.174264022173029165e-01 5.096762945224264652e-01
8.836331280221781936e-01 4.946757467316417189e-01 7.218656372871120608e-01 8.729537076190541089e-02 1.684238022986229710e-01 3.583059634049685638e-01 9.104521642746450372e-01 9.813299996717199658e-01 2.165159874802764506e-01 8.521836889506664292e-01 3.713170300520997058e-01 9.794097865834495709e-01 8.436898377079876665e-01 8.603314428294039917e-01 2.183400100134155197e-01 4.007520930164941708e-01 2.405733296365635265e-01 3.189047017573543030e-01 6.849523053019451746e-01 4.293641301314858882e-01
7.249527043726216036e-01 9.323771020396539599e-01 5.324610758532977162e-01 4.648746147864378786e-01 1.053316433256878959e-01 7.178305800379654045e-01 9.096275029415704649e-01 4.202723453691205036e-01 2.025964874378752834e-01 5.312670966477872625e-01 3.404537113379728641e-01 1.837783545946020114e-01 5.763527399293548736e-01 9.187301093561532905e-01 1.874343207326573113e-01 2.938116527274149403e-01 9.206285468436663511e-01 8.058902528573387292e-01 6.998465071855197728e-01 1.590596696634229978e-01
5.492458903990184993e-01 9.169796491219088796e-01 2.149836421472461900e-02 6.106200821855589655e-02 5.348714456951546570e-01 2.760729549786899995e-02 3.322977786909930842e-02 3.901290699407468088e-01 5.758771743034400981e-01 4.837292964412187590e-01 5.673235876664332045e-01 9.967233743185868189e-01 9.651383338293731962e-01 2.108141316732012882e-01 3.332533730555086171e-01 3.852525931472691179e-01 7.798875419792441477e-01 4.020969742623284882e-01 9.420384992304816629e-01 8.762041052860067847e-01
5.943261882040625776e-01 6.994091743428842989e-02 5.000522699135748761e-01 9.554647641108715561e-01 2.893294081859849598e-01 1.713730617481133978e-01 8.541378139306354811e-02 7.012104010044911684e-01 2.146270437739152825e-01 6.922816092374158847e-01 8.596473810511314761e-01 9.610353785518517267e-01 3.428045407745677897e-01 5.743959937271673200e-01 7.502728673294229988e-01 8.312822772940930971e-02 3.607919047256359368e-01 5.829084138319652331e-01 7.656509178045185493e-01 5.139041953117988726e-01
8.990249717408166363e-01 2.842658999895091299e-01 4.845246327343843973e-01 9.814421044629201285e-01 2.416409100105962882e-01 4.089328116267667568e-01 6.853348408873576325e-01 5.384304710336037525e-01 4.639608685982865577e-01 8.827848956611812348e-01 8.314540879662224437e-02 5.317192915723366609e-01 8.859601372366477934e-01 5.605010916810804211e-02 5.617337766811331123e-01 4.544717810630591881e-01 9.635076781156337589e-01 7.824324276306614534e-01 8.994178053048469401e-01 1.691868607286317605e-02
7.041239076553694742e-01 7.927771922562922846e-01 1.113196784584635779e-02 1.740915408843682899e-01 8.237528810139091995e-01 4.957374421441306245e-01 6.514488148518023936e-01 1.715251967270041700e-01 4.105615600876864058e-01 9.274623759205706808e-01 9.255612973102889107e-02 4.294039673123405398e-01 9.295152869068830093e-01 2.065427740632458375e-01 6.317855391020001932e-01 9.183889366593090964e-01 4.389407514763175033e-01 2.799379394182528458e-01 1.432759311220488385e-02 6.845352278259406731e-01
5.384416511363044888e-01 3.787130765774041619e-01 1.831416248198372010e-01 1.579203256712797820e-01 3.736040231631678754e-01 5.131402587392783765e-01 7.105228439704923682e-01 7.874186091584544078e-01 9.909494456358418635e-01 3.843597550945175856e-01 9.688869622832525508e-01 9.046930361017743172e-01 1.264432264375224824e-01 5.505063308551442214e-01 8.528428102754597173e-01 7.951033061278924841e-01 3.241450952690461129e-02 1.610002779510399940e-01 4.293979487103536385e-01 6.620856558754988352e-01
3.183845265935218993e-01 8.687745609526315027e-01 4.751409273018297741e-01 6.286908646013583679e-01 7.107254194820445958e-01 9.504692547363998711e-01 2.177931089474305359e-02 7.989006556347567622e-01 2.024022730255027325e-01 7.048517782137648791e-01 9.231544254568484487e-01 1.309089491986176190e-01 7.323992851670154680e-01 7.213022544467297958e-01 6.141503973126204441e-01 7.550585530183192562e-01 2.773504089581717569e-01 3.155107637133844900e-01 5.272758680997323699e-01 5.458370473675711043e-02
8.556042439246142051e-01 9.593416152048206413e-01 8.504093896848362588e-01 4.621239959696346045e-01 2.062427241962661029e-01 8.036042240068593800e-01 3.354220696762413301e-01 5.892449953148313213e-01 6.334417587660177151e-01 3.859914284108113547e-01 6.644903713800986989e-02 5.529417009930301941e-01 3.109740220873324912e-01 5.869227805612136084e-01 6.879493808441257130e-01 8.870832454422888924e-01 2.384435453594857535e-02 4.948509890916402698e-01 2.801928582237742660e-01 8.227651998618024098e-02
5.878073857404220171e-01 5.989624259969776876e-01 4.587335379345623965e-01 6.551608123715155774e-01 7.449001573538682752e-02 2.861782660999101502e-02 1.762802931698614906e-02 7.629974447167925389e-01 1.290775885661044065e-02 1.569532748725266380e-02 7.136228513917711735e-01 3.538815624407842808e-02 6.825394479239075274e-01 3.137617942836583573e-01 3.570843324334987967e-01 1.213867683818115051e-01 2.020134834586668759e-01 5.496402587232821491e-01 2.357825945465985562e-02 4.226394381764551067e-01
8.083806530319959105e-01 1.384265057543437871e-01 2.722733874936582588e-01 7.979216151463386364e-01 2.276943616751347932e-01 4.453346901505581545e-01 7.092371091831906060e-02 2.622856239415366497e-01 4.700803139186590096e-01 9.705696324481378756e-01 4.055190864420118446e-01 3.493465798473760486e-01 9.334309291083563442e-01 2.670056431293554855e-02 2.616880659803155762e-02 4.805798160936245456e-01 9.746603440762398041e-01 3.247613004575309326e-01 7.038179459832146767e-01 9.776953110465695929e-01
8.018368226322772907e-01 7.649576499062239465e-01 7.534127332439234381e-01 5.812288757768635516e-02 8.273388115931464837e-01 3.890642305452830518e-01 4.865602122112279160e-01 2.844432327100570035e-01 4.661125343761629569e-02 2.965377452747918197e-01 9.220353676149914968e-01 2.730817203810023130e-01 8.437573445823809415e-02 5.087918172742813550e-01 9.032290210063923519e-01 5.291710726648971574e-01 4.084185509411771831e-01 7.396872159017620074e-01 8.361106133468658719e-01 6.405718416001601190e-01
7.394155377848173893e-01 1.452495558516916363e-01 9.071458752647360013e-01 2.642301346857728328e-01 2.771371054744693474e-01 6.302645272031037749e-01 2.509497636403645870e-02 9.849418851770952443e-01 4.934956451912775321e-01 8.145014523871141332e-02 9.400381719356292187e-01 9.685785786071787751e-02 7.392311177670148892e-01 3.413130339338965591e-02 7.662995354920579816e-01 2.610180464852316362e-01 2.679673158509686681e-01 4.961879131293844836e-02 5.932843860997913943e-01 4.842660135088631135e-01
1.647726849603285970e-01 5.607580549030175554e-01 7.312469653612851950e-02 4.506700883537182456e-01 7.350947064348104520e-01 5.452511976677161254e-01 5.571142963337273324e-01 1.078664915322575801e-01 7.754039227065646633e-01 2.502049398828393167e-01 6.036527478571782623e-01 7.371483933176271597e-01 9.905698571964540733e-01 2.298513832774452537e-01 7.079236627600893339e-02 9.204523553009020809e-01 4.754257460474585750e-01 6.584920731171146624e-01 9.578638880251610921e-02 7.251925258396467733e-01
8.622608320825885242e-01 1.075567341644642072e-01 6.254489414916705181e-01 5.650451912509617536e-01 7.848358879077227401e-01 2.227521279516343489e-01 8.484202044145702226e-01 1.726084051838536748e-01 9.727213740247002693e-01 9.517009257391279009e-01 7.430867580088240665e-01 7.878096192071329940e-01 8.464304473295752862e-01 9.614015265023841961e-01 7.817702201771328241e-01 6.900291083883404175e-01 4.921848208519591372e-01 1.463560108728819698e-01 2.707751104124282993e-01 1.335893794086459030e-01
1.238465548051843612e-01 5.801280688909451477e-01 8.685677263446024421e-01 1.596778463362658051e-01 5.334835996056740415e-01 6.502461861927656406e-01 4.571866351826634478e-01 3.918243767945767120e-01 2.569805586545303999e-01 6.520687624191047194e-01 2.619269611952010912e-01 4.552817361835995724e-01 1.039462396571194658e-01 8.783312789715257418e-01 7.533955460267592885e-01 6.593415851852307830e-01 2.374586280910301328e-01 8.245794010618450187e-01 6.743349279270282048e-01 9.979581437176069381e-01
8.565147892823182785e-01 3.101596377196106369e-01 6.759697657983492203e-01 8.715354632332038554e-01 4.455905080698991938e-01 7.642240066715151325e-01 8.947414702602773939e-02 5.538042621348425731e-01 8.948176991800819158e-01 9.140148001736927430e-01 9.036062784757437072e-02 2.764768165967697033e-01 2.198184605499251543e-01 5.987813394233917341e-01 3.546555080117239633e-01 6.082845199326177843e-01 2.839293435895912099e-01 4.371339843902897204e-01 6.724302724471298287e-02 6.364774379407154292e-01
9.535328663333397792e-03 6.985730188887876446e-01 6.436914148953419845e-01 7.876375043060205305e-01 7.785448091372951795e-01 4.190490719962286503e-01 1.496766136053693241e-01 8.339141595045621580e-01 3.608906922946536477e-01 9.328915539566036141e-01 1.531445284811095986e-01 3.044921251701648846e-01 8.891643896112593204e-01 9.356840579425331761e-01 3.351201566732731063e-02 9.123964428546769145e-01 2.831697362116671890e-01 6.711196111793642505e-01 1.699827365077651864e-01 1.701063722501050535e-01
4.105983647309834339e-01 5.872299557915457990e-01 7.927937814644706593e-01 3.517039707466738108e-01 2.206699876583348985e-01 7.896405506963999343e-02 4.162199401703957635e-01 8.912667273288390479e-01 9.126532302940443264e-01 4.074358657775899450e-01 4.260720662302930339e-01 4.979687583376831705e-01 7.631133935962818304e-01 5.762308037009056250e-03 5.786710055888296678e-01 5.539587123775734367e-01 5.554077404642980831e-01 9.832554741672261400e-02 8.199403103443401175e-01 9.780719256649041959e-01
1.971955833309335659e-01 3.129612623381476944e-01 8.777728391512962247e-02 9.548567123148432589e-02 3.766996588023366899e-01 2.889589502669547283e-01 7.333509164041310813e-01 2.843950049471037911e-01 8.112923682701727035e-01 1.290936239161299959e-01 1.305320635954352326e-01 4.495160201276521272e-01 6.500073861013578869e-01 8.717565265111152373e-01 2.506249874648081022e-01 3.645656965325621002e-01 6.650554167820065254e-01 2.529159982748854230e-01 3.569275633084204591e-01 1.322551986411171221e-01
3.452507138616698334e-01 3.159730678223154898e-01 8.577049543702822687e-01 6.926525009729538329e-01 3.996306425427860187e-01 2.896865677742066492e-01 2.326497010704307034e-01 3.726497542540273544e-01 3.278072117811274833e-01 8.271212637192175698e-01 2.477282840015173626e-01 4.612710578739420697e-01 4.656834968819413278e-01 4.318232744149366198e-01 2.383988713197345843e-01 7.070312174651866011e-01 7.378097809951673636e-01 7.049877460774407467e-01 3.482306643824440995e-01 5.970719471314667182e-01
6.775396913807354426e-01 7.887082777905528586e-01 2.535083654028521538e-01 4.544701584587355070e-01 2.484666580985279705e-01 4.140972685749255700e-02 6.120691992168769691e-01 5.426997082169982001e-03 9.330838665977790880e-01 4.405842396407442241e-01 6.309316988526059156e-02 6.314387663729567057e-01 8.588015237508124233e-01 1.077402246576146805e-01 9.858594239792206615e-01 5.664719430530742450e-01 9.907739073598217372e-01 1.949020555277619637e-01 9.737068957684700266e-01 2.570668624292729021e-01
5.075503398520122555e-01 4.630837424712165307e-01 5.116500517237329015e-01 1.100878509065283950e-01 5.511235376298884159e-02 2.040005736914470846e-01 5.133404250500546162e-01 7.563087995770033656e-01 9.948190253022887175e-01 9.831944125931648681e-01 3.789029247933548561e-01 9.154546520868086512e-01 3.191463636824941608e-01 7.676072970398334361e-01 4.041896266023459194e-02 5.534697296546609024e-02 9.762026878143168496e-01 9.026100130286718315e-02 9.459310874841466710e-01 6.038833124793492324e-01
2.509314653143223106e-01 3.929175834747963281e-01 1.369799472955850472e-01 8.273264702151620353e-01 7.833587006466600222e-01 4.150722226595718878e-01 3.218996369214431885e-01 7.325828542762872209e-01 1.533883812367581312e-01 1.195676326184128557e-01 8.246837132105213630e-01 6.925870533009448327e-02 6.745699214040183911e-01 4.467721144694729585e-01 9.976099907921501808e-01 3.720788761757830576e-01 7.214099080372445849e-01 1.729032523350885198e-01 1.411337681492791374e-01 1.475006193419814426e-02
3.310201798550759245e-01 5.580710451512517212e-01 7.924943810701473579e-01 1.435638395959614177e-01 5.410750643732047394e-01 4.799701394534443555e-01 5.343962526517314071e-01 3.602574423816159443e-01 2.109833807235989012e-01 4.589373404932935996e-01 9.423925175803211651e-01 4.951495520021080843e-01 5.852395605180314986e-01 3.222164271092681220e-01 3.697501550999626740e-01 5.814651048899316388e-01 5.014591871115779975e-01 8.082650303909069134e-01 2.909661373381501326e-01 2.522077719628688097e-01
7.500273254940283962e-01 6.660601301730779689e-01 1.942321784849683208e-01 4.750941760096333288e-01 3.574663406257898579e-01 9.013952349844163159e-01 4.515816632634057637e-01 7.295039759020579551e-01 1.079241869977568546e-01 6.264464363725436025e-01 7.431201677219215762e-01 1.374894601225382651e-01 9.240712525985270709e-01 4.091604206070581506e-01 3.312281309624354186e-03 6.585759941085593816e-01 8.412100705593170691e-01 5.046023816436349119e-01 4.174225653537881886e-01 5.282214993223302013e-01
4.291393225434505521e-01 8.258092824384249964e-01 3.103796790720715348e-01 7.114690002721557605e-02 8.983059254427199214e-01 6.309560344535992682e-01 1.252888519198693817e-01 5.481040966045191976e-01 1.937971584835788130e-01 2.214258637979453770e-01 1.041040467652503132e-01 4.401835412258968683e-01 5.904222867088821936e-01 3.696053501033471633e-01 4.291902903896848143e-01 2.023973822970968062e-01 6.188254710545953996e-01 9.236951197784935008e-01 7.079191030379661242e-02 3.129426073310602741e-01
1.478220966888514898e-01 7.142737014511952864e-01 1.536217628330055485e-01 3.186612407773546929e-01 3.994375869704956949e-01 6.494192320019600562e-01 4.483377113184344731e-01 3.268585730597183270e-01 8.266180943286254301e-01 9.296889375261367938e-01 6.684233147853412271e-01 1.472072694374993995e-01 8.772208588571142052e-01 9.261183868008713294e-01 2.582360546325362938e-01 5.473658664308773680e-01 4.865147741084077104e-01 7.737694425757905003e-01 8.792890724028277205e-01 4.591137416099906332e-01
9.382434228348324190e-02 3.071406561348327680e-01 6.170167936806492115e-02 5.431916734867782148e-01 4.431707897741402613e-01 7.246819376394065815e-01 7.694903473703731400e-01 1.075504069989120515e-01 4.673156003419957072e-01 7.905617338587377363e-01 3.397414906731400785e-01 9.776397938135027443e-01 5.201536334002504480e-01 6.041432457904205577e-01 1.833627035532362504e-01 8.447362348711214830e-01 3.454355969812838989e-02 1.049483785500195943e-01 4.918281554980427073e-01 5.282250811252034994e-01
7.022835931714133118e-01 9.810287038674325721e-01 2.093799236206594916e-02 6.282318262058192992e-01 8.426679989506871138e-01 1.717602870994705544e-02 4.420955891231966861e-01 9.442960093444952019e-02 1.918046946624797355e-01 2.440706309039597510e-02 6.731588707445904651e-01 1.428428639332799399e-01 2.490555362497914871e-02 3.223725587744519228e-01 2.130594328230572820e-01 5.193587256235158156e-01 8.724958416483399315e-01 1.086035316574865961e-01 5.661432260417424978e-01 7.572803921991858589e-01
