2.356312833818329233e-01 5.571245973523709649e-01 9.101827901504825347e-01 9.681040125734455826e-01 3.712959537191915516e-01 7.828292161509021740e-01 5.734734587335775791e-01 5.571538208086743715e-01 7.053613366222807324e-01 2.786120796637747699e-02 7.838642089578788941e-01 4.361175647140166367e-01 7.213286645862658775e-01 6.187648623184597296e-01 1.495339927274836889e-01 3.059546036188878215e-01 2.345155424061616811e-01 9.437537432898750467e-01 3.477467593314821359e-01 9.032498795288321780e-01
3.481677167364094494e-02 5.635204778788595048e-01 4.934399900761132773e-01 8.343898589621018269e-01 7.793168082740332681e-01 6.031559455921441382e-01 4.836508662115653889e-01 8.649202261552632054e-01 7.333084237401782390e-01 6.684862852189332738e-02 8.944087350302757367e-01 9.925459587101626013e-02 5.824545796676264819e-01 6.631708524607505817e-01 1.874543673532474974e-01 9.834752192037474749e-01 5.135922326715233188e-01 2.872314193567482299e-01 8.838325723123853228e-01 7.097139154719277476e-01
1.429247991708140209e-01 5.511774010346688346e-01 1.294779291334099414e-01 8.367172786093716175e-01 2.412149146531429311e-01 4.401633484763276538e-01 3.639225365423108816e-01 8.598040260414685498e-01 9.118898136813579081e-01 3.977390979003204707e-01 1.917726104366014317e-01 1.540416059666143145e-01 1.923245560011477284e-02 6.266020417589236446e-01 2.117170976224269641e-01 9.797284972605058151e-01 1.105972834282881179e-01 6.479847542106443870e-01 7.154019865808717293e-01 6.929228047787638900e-01
4.154843681650252085e-01 5.509293938184008921e-01 5.115767023870675390e-01 8.543867786010532761e-01 2.119220449804295470e-01 1.609995081763004876e-02 9.697608684825589354e-01 6.461084529964993273e-01 8.322261368505867729e-01 1.607936830649692173e-01 1.868839308027442359e-01 1.042776161006906399e-01 3.250210344266698526e-01 4.097541896820090512e-01 7.386406969584768945e-01 3.007139558242373223e-01 1.233080048751934443e-01 8.384368357683859019e-01 4.261839798010361724e-01 1.716681788742064896e-01
5.532603883657774002e-01 7.009354703874183246e-01 9.827247539337224946e-01 4.642936131678071510e-01 8.258228062684415116e-01 7.843456569087911001e-01 3.877848881501829714e-01 5.982952477213034914e-01 4.066013806992230251e-03 8.879704092778294422e-01 7.447269649813094139e-01 9.944857897318153395e-01 2.899086594119748561e-01 9.564317167151673571e-01 2.720771720606632860e-01 1.677247246724387075e-01 7.921062857565581705e-01 9.416672269009951357e-01 7.471666025283695278e-01 2.459321095758540965e-01
2.804993929182441059e-01 3.921078023873891816e-02 6.435068226971363270e-02 8.083451783198251084e-01 1.332253454070652099e-01 4.399250493769368830e-01 8.648034867141393134e-01 4.001944833985637828e-03 9.433076197337227908e-01 3.831252948140171366e-01 9.885483794443478134e-01 8.665232155630004929e-01 6.372778605961250120e-01 9.590435056699092575e-01 7.413623052704346739e-01 1.377529259512453308e-01 2.741318408400956752e-01 7.496029929612603171e-01 1.727721672843409717e-01 8.291989562906660893e-01
8.484853309817282918e-01 2.156627761002509747e-01 9.299898258267509377e-01 1.769458471064256910e-01 7.648338874728810577e-02 2.696512056245220501e-01 2.388030872353109624e-01 9.284414239603985264e-01 2.210269464253783456e-01 3.385091581768230329e-01 2.407671515880529522e-01 8.982436009113443642e-01 9.330758682482344080e-01 1.770785384054762712e-01 4.166957639549206949e-01 8.481856973451393777e-01 1.675051258118586128e-01 8.983532968629784898e-01 3.769155895518248034e-01 6.485512853067693095e-01
4.270113012989714685e-01 2.515818634232914741e-01 4.416069754548398452e-01 1.320990927738366905e-01 3.755774009964396587e-01 4.872358745002087765e-01 7.150656209809982400e-01 8.209956946071707007e-01 8.546286476215328998e-01 3.973523442534765415e-03 4.110973289020691812e-02 3.339376505786013638e-01 3.940348281953299781e-01 3.471879078760704562e-01 5.835127506829219657e-01 7.010747036797455589e-01 5.052766610876375797e-01 5.200611006754098931e-01 9.062520383614780517e-01 4.254143902160532065e-01
8.108263415437222399e-02 9.262826891276504382e-01 9.290717250373665692e-01 5.018356637904241024e-01 8.459081871883589177e-02 6.523785792664693606e-01 6.281561722911521706e-02 1.369383670758672622e-01 1.851062647064319888e-01 7.434779205747428232e-01 6.240433131535728650e-01 1.998163417068169467e-01 6.568874469461294385e-02 3.176754531820177307e-01 6.232421899036948432e-01 6.233104725438476379e-02 9.994179809127674563e-01 2.695511867726620991e-01 7.453209380656400374e-02 7.252876845159228480e-02
6.487034687919599474e-01 3.277782957037678191e-02 2.211578802248159725e-02 8.021530637557992005e-01 7.571369479254652646e-02 2.579761363851309497e-01 9.433944693098561540e-01 2.846170565736638736e-02 1.346160751507965436e-01 7.150859506657758491e-02 9.288095061101236949e-01 8.623164838961498990e-01 4.366615654726082596e-01 7.101623301298631841e-01 1.388063789459733632e-01 1.153670201019969532e-01 5.924179116734912265e-01 5.033234750293357207e-01 5.468673289263539239e-01 2.595738467130310756e-01
1.531481465664635833e-01 8.120861202639959586e-01 6.002283776376300395e-01 2.484086444759114887e-01 7.513767555059596148e-01 4.380156606677312325e-01 6.278689760108170370e-01 4.677783842059967112e-01 7.316910377157915812e-01 5.109952303797001827e-01 2.911661115225242513e-01 9.813102686238539540e-01 8.021442154390505674e-01 2.807516201420919844e-01 3.594849895617058255e-01 9.343504514061349298e-01 5.353607183140175474e-01 5.597240005569656951e-01 6.673356339922410507e-01 3.834203372023657908e-01
9.443581910561607007e-01 9.998876725791018272e-01 3.380776347122326220e-01 1.685741370301652164e-02 1.803818238794047124e-01 6.024075732958955598e-01 5.580050314682011292e-01 2.779101966244945654e-01 7.217532239484247825e-01 4.946782754113088210e-01 8.663360575684808662e-01 9.089373481107521080e-02 3.172877096021469168e-01 3.403189745433827795e-01 3.959055119279265567e-01 8.325377373910062273e-01 5.421678895616521832e-01 6.147185009628106656e-01 4.218464863698885292e-01 2.625718576610207577e-01
1.107224787543661382e-01 3.450015461037833076e-01 4.483707174638051907e-02 7.838044768593677158e-02 5.453172374334812611e-01 9.616033220350119759e-01 7.798986654334379987e-01 7.306803497264268143e-01 5.460188476206095931e-02 6.362861578028756737e-01 5.565524603197946618e-01 6.345213944859551258e-02 6.783629728048079510e-01 7.719640248412383832e-01 4.696311193641268256e-01 6.904101814867148468e-01 1.963975357708451774e-01 3.033573174493626734e-01 3.168094879537513009e-01 6.447009542825378192e-01
6.968360154046148169e-01 1.040550503025274853e-01 7.766773168456647669e-01 2.999478364752035109e-01 3.723881911631334862e-01 4.905072192892337979e-01 5.955063653989478567e-02 9.437413692278681099e-01 9.460626731927523902e-02 2.957239553818791222e-01 7.935960521429408221e-01 3.978344453812274750e-01 3.196570175247134271e-01 4.048246212617636619e-01 3.991179457232917338e-01 4.431221710243206102e-01 1.529649464300029127e-01 4.944317083510409994e-01 8.808526870645116968e-02 7.202599596799650339e-01
8.606074997697891193e-01 5.137698029644096609e-01 1.442307779159508474e-01 9.133706837488962949e-01 4.130826281178624493e-01 7.559787128307955406e-01 3.351559669121705332e-01 5.874291793496608793e-01 6.413624429057295240e-01 5.516204689907778791e-01 1.495337367683741148e-01 2.605147959295854854e-01 6.991312340344935095e-01 2.376069371986171408e-01 3.839961853102241696e-01 4.838843914826385095e-01 9.187210000633050377e-02 5.387282726372940589e-01 1.435756513577197691e-01 3.548414330252938065e-01
1.440899112698671436e-01 5.237383478700788908e-01 4.454733061761617652e-01 6.661653990627345312e-01 2.570030295605875148e-01 6.574903762806599827e-01 4.460109755833897571e-01 5.809052542956868459e-01 4.468538720788883811e-02 1.825838874812220070e-01 3.665047539186099268e-01 6.279848652456987423e-01 2.400270758544711391e-01 3.364338125265956547e-01 9.635497264779854243e-01 8.829521096289830728e-01 1.796261742804325934e-01 4.925708960980329509e-01 1.894928943538344290e-01 3.839437971602673860e-01
7.841048454561455605e-01 5.539462315378986812e-01 5.278271231539710673e-02 4.888995952513214283e-01 9.437148822581908902e-02 2.333809013421205281e-01 9.552744034541053031e-01 7.519821250813939484e-01 4.726202072303564705e-02 8.609052432988542058e-01 2.974218048542742743e-01 4.082573718772269933e-01 9.822128828747381801e-01 3.856189361255391024e-02 3.930329917853353505e-01 1.133472929546374131e-01 7.229941426266653925e-01 3.783926405324590236e-01 1.691966153983941457e-01 3.124043082502815372e-01
4.904939739258984410e-03 9.261390364246802065e-01 3.676542632709884906e-01 3.459393610097950544e-01 1.419454885517305032e-01 8.381321290265647539e-01 2.695493748916196752e-01 4.934298530660227167e-01 1.227942636593913894e-01 5.686393493094010765e-02 7.230662034805784844e-01 5.660814481472096205e-01 9.903650267890001802e-01 9.315633327145743658e-01 3.544819654985642554e-02 9.997824536009266572e-01 2.325037353084258296e-01 4.381424119358300340e-01 2.901010274471822470e-01 5.174719592444728677e-01
9.595272903338005754e-01 5.118311552878800352e-01 9.279755810823806517e-01 3.743995428761920374e-01 2.257513870578820026e-01 6.358335329945986603e-01 1.488834191399304174e-01 9.025744920574205743e-01 6.839997524615599733e-01 7.186470074568248600e-01 9.122457442544174011e-01 5.877733412904464494e-01 7.320693552151323891e-01 4.096378484513685247e-01 9.265214754623699589e-01 2.001709918865659521e-01 1.659664010473160811e-02 6.621995103125285498e-01 9.615881045432811414e-01 9.273667774361836758e-01
7.817075200915800659e-01 9.143646298054608490e-01 8.848446715708877530e-01 9.371431397286824616e-01 3.181383267273475424e-01 6.952907182294769672e-01 5.426483793277051548e-01 7.815655521874389500e-01 1.278379052605905786e-01 8.753273763885363046e-01 1.587249727922580567e-01 2.643473711104828983e-01 1.529439270806423057e-01 2.947681393064327526e-01 9.862216095200589949e-01 9.444585667098919224e-01 3.508979462339798516e-01 6.088411322673747961e-02 1.445147467535269348e-01 3.711635100415611177e-01
8.808193843050982075e-01 4.063875673986542258e-01 7.816086900950250937e-01 2.460279169223896778e-01 3.858925198462248574e-01 7.451029586675108618e-01 4.699352265200213985e-01 4.547753974799282339e-01 2.471566297493033026e-01 4.224509825808089314e-01 2.302938631177180451e-01 9.702488285360695297e-01 4.592247887178065868e-01 2.390487567027904658e-01 7.531731665613377036e-01 5.453158487845161106e-01 8.925243300860804530e-01 2.719088450682675129e-01 7.427926538737101847e-01 7.711670598236955998e-01
1.807619941000139230e-01 5.504515831749644539e-01 6.288658917643733526e-01 3.897167954817194468e-01 3.617267616614103787e-01 9.430556756266161855e-02 8.975573464480632868e-01 7.368408647217784546e-01 7.816711911825979797e-03 2.164465519258174098e-02 6.810834013774589302e-01 6.633696445541283904e-01 6.939528794883431662e-01 3.641497108097295765e-01 5.675460688393083597e-01 9.213669873330370130e-01 9.475462787209099069e-01 1.354819372500515318e-02 9.346686281467810886e-01 6.007976943262408609e-01
5.061434789173956394e-01 3.191116251580952135e-01 9.446928794489408698e-01 3.993582346378865555e-02 6.823468162479811028e-01 2.415366617744629796e-01 9.203939196601886863e-01 6.557637120009037757e-01 8.053718482325891159e-01 4.869959919325126396e-01 8.001468439241381514e-01 8.264707978428846857e-01 3.116656682367314746e-01 8.402426394747649629e-01 3.045113648880205526e-01 3.240337678620388573e-01 7.577370783816538280e-01 1.017074863447378075e-01 1.492101396884946141e-01 3.319243651617169721e-01
2.815246526283313733e-01 8.129647384699453250e-01 7.077112291396714383e-01 5.963467579387736750e-01 3.500415186408460944e-01 1.044228518562979602e-01 3.158215374687317611e-01 4.221528527090522287e-01 4.229661358132427162e-01 8.522155643111400947e-01 9.071724896535984239e-01 1.382012608056049086e-01 6.327484110733954115e-01 6.627697414395594677e-02 7.053526110880912192e-01 7.930373712484545257e-01 5.455132786344175644e-01 1.366053177403083740e-01 9.560539042375995056e-01 7.773462505422555902e-01
3.945500019924244040e-01 6.383029555872903327e-01 6.161963323372020573e-01 7.651360955806389974e-01 7.030556377785200928e-01 8.888773281658169934e-01 6.550603568814129529e-01 1.044584460284383454e-01 4.459151764229342119e-01 8.485413526040620491e-01 2.498835091929147989e-01 6.056540816207467426e-02 8.816871743667930028e-01 5.031098141146848057e-01 7.813309358192702669e-01 9.667767743704044348e-01 2.665694932647595383e-01 4.468341703474910664e-01 1.505229792446075576e-01 8.114240929960339077e-01
9.839026443760402474e-01 7.668442945122295740e-01 1.051985442596944376e-01 8.614360997944949805e-01 1.604798399473884585e-01 8.996869666534443866e-01 7.299740757843466987e-01 6.297132886435584664e-01 2.274119605422048052e-01 9.231864815540651303e-01 6.650656292355934252e-01 7.445240614030024240e-02 9.561408203070022038e-01 2.815391088889147575e-01 3.488655512726147601e-01 8.820640780458446351e-01 9.018155389105497743e-02 1.558760157581082773e-01 5.727715054604588518e-01 7.510985902185318697e-01
1.612741803501295257e-01 5.067270595163075875e-02 4.126986637793434998e-01 7.967420362239675535e-01 8.452595041105522844e-01 8.233737227648488810e-01 4.973127232212295468e-01 6.604711028358396518e-01 5.832384969225123950e-02 7.699872776896553583e-01 8.194023691297918077e-01 9.797072735771681362e-01 4.374567977093097859e-01 7.381170685352497207e-01 4.280901635541258798e-01 2.307047797037091730e-01 7.354194638701007092e-01 2.027070265724066900e-01 6.387182374830822074e-01 1.689920760469157957e-01
4.584602380812931033e-01 1.828557404195119140e-02 8.063463458814013052e-02 6.983195220088209698e-01 5.289358651896917118e-01 8.379623248864498386e-02 3.629380061845710603e-02 4.484040674244846869e-01 5.391475727131290752e-01 2.861787803598428992e-01 9.888986702438923304e-01 1.057530816857645828e-01 8.801093402563189283e-01 9.993827561403456627e-02 6.644934976614023103e-01 6.461870677696608389e-01 7.836338651343699446e-03 5.862431196518755883e-01 2.468689374590563590e-01 2.891599854353010812e-01
8.404243439610075139e-01 8.577142733074956116e-01 9.349242193459527117e-01 3.594193996129476654e-01 5.309635004543993286e-01 6.956867265715078741e-01 5.598692253132300234e-01 1.598627907675622684e-01 2.041106645586603374e-01 4.470910308219132601e-01 7.257296934449475323e-02 9.165829041602788774e-01 9.384920515228289961e-01 8.203157751492973215e-02 1.625542757847197040e-01 3.449938147683877521e-01 5.848926397927922682e-02 7.859123932907019494e-01 2.382785437463473821e-01 4.275868155222021239e-01
5.618389713981197797e-01 1.034796169743843475e-01 7.496940941363922084e-01 1.217116823593346053e-01 7.440620144450271756e-01 5.113899830927561840e-01 7.043288061424506363e-01 1.624278551448169461e-01 3.899644832962244623e-01 2.914973764219083163e-01 4.505337674677112325e-02 9.639148677401474519e-01 9.325606045905742159e-01 4.681957888927249511e-01 9.446196494462564264e-01 6.903190931577830591e-01 6.133840100060480305e-01 9.090377851793393083e-01 6.934020438483371462e-01 8.577168021914310936e-01
9.096154562479683570e-01 4.313475793589329754e-01 4.457852469440670706e-02 7.895880568646763686e-01 2.119759402320749997e-01 5.316819552889041622e-01 7.078177015283734219e-01 6.096657076058727975e-01 5.715130954096823146e-01 7.048669439447274865e-01 6.081349582388747566e-01 6.425755398978283406e-01 1.214202896438185686e-01 9.308398619773744498e-01 2.668177092171819531e-01 3.252501977744306494e-01 7.575263064174391214e-01 1.062895909283283480e-01 3.469187630799377420e-01 6.999889237766776517e-01
5.873925814572896753e-01 2.203714220776239463e-01 9.061560829907965298e-01 1.264058812229414963e-01 5.462779376236482909e-01 2.565005868757660457e-01 1.880863503583369845e-01 6.852667514928570958e-01 5.058172339031579146e-01 3.616280551052656334e-01 3.858350822901676080e-01 2.683292108677445276e-01 5.661000304337142630e-01 5.407643349227940766e-01 8.482191629685542633e-02 1.544927689430968254e-01 7.393570199951990940e-01 7.113192323844573783e-01 1.396044961687343822e-01 7.694746791169193578e-02
9.702274013241463102e-01 8.869147832205840354e-01 7.876442369288453316e-01 5.661851002647737552e-01 8.084010295647292565e-02 6.535523385917720862e-01 6.648105546674484279e-01 3.028546284380602138e-01 8.639248960335421668e-02 3.843396910845742198e-02 5.979047540820614515e-01 3.148488923221941516e-01 2.157100759105955445e-01 2.093063932113022885e-01 1.021274000634934120e-01 4.989998170203128192e-01 8.494413617758256319e-02 4.016657452205451007e-01 9.699340031715100174e-01 6.310394960963705557e-01
4.075628620464081253e-01 8.526815625035008006e-01 4.594745683828349581e-02 9.076965703111439243e-01 2.758002284722408382e-01 2.008476470587824414e-01 6.288324338162406546e-01 4.537092089335548195e-02 7.087336339857309708e-01 3.904666441418319645e-01 8.017209026962824892e-01 9.435796641470548529e-01 1.448083078942508095e-02 4.250421507883561656e-01 4.347039679379286481e-01 1.593273356538580376e-01 7.947170135676011604e-01 7.108899261589033403e-01 9.364206877350916836e-01 5.170580790580575625e-01
5.747672243139642090e-01 8.344596631394871622e-01 7.947591640528126611e-01 9.348542923425000595e-01 5.089151229593436021e-02 5.887054911743312413e-01 2.467787242590518959e-01 3.903900695205237970e-01 6.355931305557385169e-01 1.895019165959377361e-02 8.490010538083720970e-01 9.320273197506202534e-01 9.956466578808805812e-01 9.119135471108987812e-01 2.682244764574350793e-01 7.606630538617470405e-01 6.475395336780419564e-01 9.613201923118646075e-01 6.363898356828453506e-01 2.389669006922943151e-01
3.919485975881515927e-01 5.467563523229993505e-01 2.116525826457326120e-01 2.363773260217150174e-01 3.804197622085032648e-01 4.567100923939679813e-01 6.975366346569186193e-01 9.035303047474507743e-02 9.433624469436556748e-01 2.394725921934921509e-01 3.469157817525502230e-01 4.480300037001900826e-01 5.742141088304142382e-01 5.561070238638702312e-01 8.774379206866023129e-02 1.663236939864817243e-01 8.656293176031448766e-03 4.333592768375393867e-01 8.355568728857898364e-01 6.532022714242460282e-01
8.571483133539368193e-01 7.775244158345250289e-01 5.163406964303296487e-01 8.372264005384627561e-01 8.146575291922721895e-01 6.165935460359666109e-01 5.624253550398775614e-01 9.705668426604729948e-01 2.223381798741638216e-01 5.499387733679769186e-01 2.005305088623843268e-01 9.626832479276258292e-01 9.222584419348379692e-01 7.267132936256139875e-01 8.221341744876247137e-01 7.955545697766925883e-01 7.561278236365704952e-01 9.960417267032087851e-01 3.895721268304811469e-01 1.509687200511525829e-01
3.503083388934775666e-01 4.523762020104998838e-01 3.103945021056682130e-01 5.023851857832799528e-01 6.725496792803351553e-01 9.001542639258922618e-01 4.809842021387746858e-01 2.141344751422366022e-01 8.130477504261940380e-01 5.191864378683158643e-01 3.091261472713955349e-01 7.052039230048623430e-02 3.118709571948199422e-01 2.165187692245715834e-01 2.883191145239061282e-01 9.508997530756835292e-02 3.874439687201005622e-01 9.317616049088434105e-01 4.154635191254640869e-02 8.478376515019416804e-01
3.977517961643030064e-01 6.942228573938640235e-01 8.698936509715264886e-01 7.526101396029786228e-01 9.532400477690285978e-01 2.807501653853122781e-01 9.645117099291649065e-01 2.816978005199964885e-01 8.536184752652317131e-01 3.053136063556460833e-01 2.539105040983267170e-01 4.955229329647337089e-01 5.996824930218376259e-01 1.312638190850149433e-01 6.600240514325698138e-01 8.005411457524784780e-01 9.403566012139897845e-01 9.366708903798826036e-01 4.051143909781591557e-01 1.352621011091884595e-01
6.600435803528734713e-01 2.920239998882845356e-01 3.245292810306630304e-01 7.820605803878389883e-01 6.047660741832133757e-01 5.411853414559750775e-01 4.215760181806673668e-01 9.716666551180923594e-01 6.768493469587244515e-02 4.250813338702569277e-01 1.872578053639786244e-01 9.977329869390793027e-01 2.234387179006658286e-01 1.116738644643366918e-01 6.703855722187651578e-01 3.760909865009242070e-01 8.359133287915581079e-01 5.676487793850992780e-03 4.165484914353958512e-01 5.361426896281763499e-01
8.154738858977028659e-02 7.632018313317704417e-01 1.706854204407857178e-01 9.045448341570120343e-01 2.061722718079481709e-01 3.253916482735097482e-01 5.060287331283435108e-01 9.565812804848257134e-01 9.420563940745152465e-02 1.566067073688159894e-02 9.597779953962148891e-01 7.786755190947205474e-01 9.643883745083646764e-01 1.193470651632815294e-01 9.931578317291118729e-01 2.879621831473700988e-01 7.218803572137088009e-01 1.087859563027793186e-02 5.626860316839604748e-01 7.395162357913379614e-01
3.284204907526446782e-01 6.071780126805170763e-02 2.766782995165105730e-01 8.874410964129436641e-01 8.179491497943783829e-01 7.638317710948538952e-01 4.815531111056506886e-01 5.913816282806435565e-01 4.241591932266961518e-01 3.761171087841531646e-01 1.238989707981008603e-01 7.175975233982219148e-01 7.560523921289925564e-01 6.095770004829456079e-01 1.763746873778300195e-01 6.615436227768889399e-01 9.365797011666714411e-01 7.014646102198829336e-01 1.203999168397191788e-01 9.890871027848634478e-01
2.199462838520240826e-01 9.505292810862483455e-01 1.846116589503925542e-01 8.181753624478755871e-01 1.370716967308877043e-01 1.546619722027650079e-01 5.082788607845531992e-01 3.857663687752321824e-01 4.243434680736837272e-01 6.932687853217907037e-01 2.360518850504281785e-01 4.588588689423079847e-01 5.348999366466264949e-01 1.290052217763419939e-01 5.891915189793326402e-01 7.409178769714861446e-01 4.997861185337032497e-01 8.561811377740752294e-01 8.087815985311815892e-01 4.212186190532449803e-01
7.382820832188737858e-01 7.450838573016012045e-01 2.672263563771339889e-01 5.141426382188118982e-02 6.464396765357762753e-01 5.916666245494477394e-01 2.126602096684790943e-01 6.429743421452970287e-01 3.566333090991739008e-01 3.288671710080437460e-01 3.635878912569420196e-01 7.529159277152424057e-01 9.579324303439052946e-01 3.422912486777673902e-01 7.925454994461174074e-01 9.460965446269953283e-02 4.444971664911890885e-01 5.287844627692934729e-01 4.609658568644546817e-01 6.166975717444455052e-01
4.051816524254205909e-01 1.153808795390526276e-01 1.582374406083288942e-01 3.390176675765823600e-01 2.783012486707301392e-01 8.727383690801862048e-01 6.491475371914242620e-01 7.164918098493462395e-01 3.169368586521587039e-01 9.932998782851870656e-01 2.897482607420441836e-01 6.070009801248771319e-01 7.380950870403880648e-01 4.786847628854157266e-01 7.736828010164186198e-01 1.565436136860263172e-01 3.479956340420595762e-01 3.673457591904676356e-01 8.841315592650338395e-01 8.825648413695801331e-01
7.570442314011056606e-01 9.157230309290774750e-01 6.999382785840498888e-01 2.946899111991233555e-01 3.958744620461628339e-01 7.636393264494106825e-01 1.029965993303474381e-01 7.055016890715561928e-01 2.718311865798714866e-01 9.911305654362974060e-01 4.079842687515800037e-02 6.954698871444833230e-01 7.901056969086661663e-01 2.075667656621968948e-01 2.682631602641771806e-02 1.023537286785809464e-01 9.876670120165996769e-01 8.845496847700253795e-01 9.816304101360068257e-01 9.046263386929100925e-01
7.570073271099175827e-01 7.741962484781138576e-01 8.895973233275288328e-01 7.597039523398232408e-01 2.180641234368430048e-01 4.923231462893601362e-01 3.214769911443942085e-01 1.967243790293017325e-01 6.832611422050226535e-01 6.733933531869116251e-01 1.774781831608499560e-01 1.697745256917744250e-01 9.383872932188405125e-01 9.836352587931231906e-01 1.832405077232226454e-01 5.208614508741431504e-01 9.641233009276768406e-01 2.070408670162523501e-01 4.861651488607637850e-01 2.835573627557684828e-01
9.189615299660615078e-01 6.997036904640863142e-02 9.126702457804963808e-01 3.642939560869693505e-01 1.000511756866010460e-01 3.776343218643369859e-01 2.584696538298349999e-01 3.735357072410152579e-01 9.943570345612773309e-01 9.860436116454079913e-01 3.320294358232692700e-01 5.656276437505244337e-01 7.614289882994537129e-01 6.058116159411774948e-01 1.002518931992978368e-01 6.513677565038253903e-01 5.003794751497603333e-01 4.493525262075228621e-01 1.268245147962255848e-01 7.163068762101444387e-01
1.567052989578668898e-01 4.963426335711708104e-01 7.256750670128977454e-01 9.544227160538254484e-02 9.962748239213505830e-01 3.581302609620296007e-02 3.146345748718052393e-01 9.934238637137542405e-01 7.652722648685249540e-01 9.376359949071454425e-01 4.030590273099586840e-01 7.635828001794549014e-01 9.599179178247441158e-01 6.256638918384209713e-01 4.685622875534632970e-01 3.599799385534658835e-01 6.787147894869021147e-01 5.857137490960476756e-01 6.484226016894525380e-01 4.230843488084899962e-01
9.292944280016028902e-01 5.107230266907865079e-01 9.556530970890237953e-01 3.633530455527343994e-01 1.883107439870790323e-02 5.336775665570047122e-01 1.246208326416642365e-02 8.542793732890308078e-01 8.156491206491472967e-01 4.880318574940599730e-01 5.591445621988240244e-01 3.421303348131438105e-01 2.180056543030792771e-01 3.138385688558501529e-01 3.523293843385646440e-01 3.503444507944724062e-01 7.740662461045938469e-01 4.441322143554011781e-01 1.040230948096453334e-01 9.568318463382196049e-01
3.130933658462450309e-01 1.962624386965498013e-01 8.032819784138264252e-01 4.515367110314734145e-01 3.864586398679142887e-01 4.743732126960094053e-01 4.966566385209343348e-01 8.428075480793487673e-01 6.266747417251057328e-01 6.686398039882591737e-01 7.003694259297214009e-01 5.957771182904769702e-02 3.141591401419746576e-01 9.994736378147082156e-01 6.004287502993621573e-01 3.136036078212001144e-01 2.686698481948480710e-01 4.762562358655414441e-01 2.061479565553525628e-01 1.141160074377323141e-02
1.751704756890202219e-01 3.239315758120420163e-02 7.568699723419188841e-01 7.164290899551076786e-01 2.371576973518062514e-01 9.312464356364480444e-02 4.512427733845800759e-01 3.382743907791810889e-01 4.283945393196922913e-01 1.220740649713880632e-01 5.341164723413374116e-01 7.422293378565185673e-01 8.609556665845319312e-01 9.442632468902359966e-01 4.717777603187744973e-01 2.476109941023418859e-01 5.658450937777025347e-01 3.712247415642840886e-01 9.461435056236957575e-01 6.090387841501667676e-01
6.735344579846974655e-01 1.841597377051147344e-01 1.276431402097936152e-01 3.030294488625521199e-01 7.643855347798695909e-01 1.931959623040715446e-01 2.635592150629771924e-01 1.463292722002429436e-01 8.759465929361498482e-01 8.867383119425085169e-01 2.626893625333411864e-01 3.341668241016997332e-01 8.598223891741657576e-01 1.775325802848568557e-01 4.318048178059360476e-01 7.944702802308123424e-01 7.933758390750489387e-01 1.925423913748356419e-01 7.633380783529446489e-01 3.348083610661124476e-01
8.458304766919186868e-01 5.506903304710757396e-01 7.031410270530922269e-01 2.871236858137296011e-01 6.541128609072269784e-01 6.497751486782064045e-01 9.105661099193642638e-01 1.368658202523250766e-01 1.024597080173852426e-01 9.038759582271713722e-01 3.457669235598848090e-02 3.227169463691730300e-01 3.676305596546459720e-01 6.277619516275181333e-01 3.389394808541477122e-01 7.336217562516983426e-01 2.693503264212112613e-01 9.525721001427711609e-01 4.333190686027865723e-01 9.201087516185160187e-01
8.520084589831726785e-01 1.357998880264789099e-01 5.018107723268868670e-01 7.381347609676163213e-01 1.013365802679322414e-02 5.974979592891077607e-01 5.134023790373615226e-01 6.380857754733878506e-01 6.693584306482975865e-01 8.771778014895229569e-01 9.740420187277191166e-01 4.527284456079347930e-01 7.997772861492669083e-02 2.780215577113869241e-01 9.252770841397347512e-01 3.051257231136367265e-01 6.676390176717962310e-01 9.234321907710246746e-01 6.014075426585085982e-02 6.207613041046206037e-01
7.064626196538577041e-01 4.104285906124872652e-01 3.656078327482303880e-02 4.535460674986536711e-01 9.245734859439206366e-01 4.955525499979624993e-01 1.576952831923870146e-01 5.939987996638559364e-01 2.904554600890465466e-01 8.701101037123033510e-01 2.230793933931147777e-01 2.759338950216054798e-01 9.072855961518194734e-01 1.763259497565673461e-01 3.286617109721421404e-01 6.089774647852441714e-01 6.563051251229254923e-01 8.570688233665894051e-01 7.586878263176599635e-02 2.878838417032268948e-01
5.280051460886803216e-01 3.542827858484928205e-01 7.730454845047215473e-01 4.026779993016769144e-01 2.359351169734189568e-01 7.408898342365884959e-01 8.326697090048783556e-01 9.926825500582472372e-01 3.991518980404701322e-01 5.876543173515317298e-01 9.233711154756363282e-01 1.581787773585111578e-01 5.249924325016157578e-01 8.439355081498040034e-01 7.645243248656802271e-01 8.332097365672525013e-01 5.995652466352991983e-01 3.645671837387881586e-01 5.185110253585523132e-01 1.085426966810776328e-01
7.674441377057360514e-01 6.888841431067953547e-01 6.145595943819857077e-01 3.506595841350375053e-01 7.858581483923444688e-01 1.762263907167399557e-01 7.712111698375634372e-02 2.449789299371847306e-01 4.821075579109972420e-01 8.075184306984979354e-01 3.961778259122006318e-01 7.881504719487405497e-01 1.090738130547477258e-01 7.173033389016963968e-01 2.036789835213073108e-01 6.150116487508746621e-01 7.770581828008908953e-01 7.488186684027724471e-01 8.146462809885968159e-02 7.125379294460618684e-01
9.405511220397720917e-01 1.042950692396538148e-02 5.095163138337461817e-01 3.785453015943419652e-01 8.961181912185390841e-01 9.581788348969120239e-01 1.415006748015091853e-01 8.284086702646219491e-01 9.301113207264251059e-01 4.814547393129494646e-01 9.724434160321350218e-01 4.231502635603840989e-01 9.571806805486853253e-01 8.779249910242806765e-01 3.832848370264082538e-01 9.243053371025068410e-01 6.340543358527630513e-01 2.749359864636833350e-01 9.544268598315794883e-01 1.146636650838491756e-01
2.066881036102093949e-01 4.115970633943557555e-01 9.774374184824481393e-01 5.160071384163251729e-01 7.598450270004475371e-01 5.669348462481047513e-01 2.862048479396576139e-01 8.888200564365709155e-01 6.767702501697749895e-01 4.352645880215016971e-01 9.626306471127910047e-01 7.146227940922245114e-02 3.145289182886195078e-01 3.122735549254272991e-01 6.725134184560567219e-01 1.667035571512547332e-01 6.929111507510056223e-01 2.665704683978182832e-01 8.412180030939465647e-01 4.806181932802070511e-01
5.289679842464242165e-01 5.688774574331045830e-01 2.200573655180302346e-01 7.447806978283865176e-01 4.845370513573877824e-01 2.376611112004517468e-01 5.126531543617403042e-01 5.674784201819121909e-01 3.274705938885424938e-01 5.091985964092765604e-01 1.183783665052118295e-03 6.480299002018530263e-01 7.045994481538998544e-01 1.783601252777055057e-01 2.669399427896291810e-01 4.519668470368167768e-01 8.158150667067565198e-02 6.460758018220200682e-01 6.892301043924520254e-02 6.317293253989020307e-02
2.361084131643964579e-01 4.552725043045102726e-02 8.054547132398425235e-01 6.091244222954137477e-01 3.408966213893022124e-01 8.735537913583334424e-01 6.050069949223555454e-01 8.032511083470926794e-01 6.153205998810499233e-01 4.035488909876319141e-01 5.527659837385971997e-01 7.469503862675805905e-01 9.747917553349997322e-01 5.916964756519550450e-01 2.654520031951462800e-01 2.755460689973548982e-01 6.088342428618632729e-01 7.701327903645011075e-01 7.228850221880325222e-01 3.868748571721742913e-01
3.262763292609923704e-01 2.865102870769734578e-01 7.414314012309891622e-01 3.045976525072797703e-01 7.988169493857040226e-01 8.677423061231722690e-01 9.656485506099735661e-01 3.765576378418451498e-01 8.544029273442688144e-02 2.679235153371484213e-02 4.712823412728034400e-01 1.859669232274574480e-02 5.795115209232269970e-01 1.574554155928230559e-01 9.565204529036223091e-01 8.815928789093102624e-01 4.292340766776751027e-01 5.241620253168537413e-01 7.396716801583735901e-01 9.949788174769124138e-01
3.607798164930223761e-01 6.403010427928096382e-01 4.413082010918752962e-01 1.767272214890303061e-02 6.974995618561395938e-01 1.065953983865248755e-01 5.342955960827699968e-01 3.900537846690041999e-01 2.065093452876198832e-03 6.193776953578702393e-01 6.776063852594881309e-01 3.494728377508016237e-01 5.193614840320204262e-02 6.759210711048323494e-01 5.839277950090796532e-01 1.693768568032154587e-01 6.453646678058918562e-01 2.417642674220271681e-01 7.388815863794329086e-01 3.351382062757117808e-01
6.675698823649067748e-02 9.609719324521358574e-01 6.476946332469636358e-01 6.196998556089018395e-01 9.328957403986664065e-01 6.809277086612488539e-01 3.976737169152128049e-01 4.274183513121594391e-01 5.455426646773782196e-01 6.409228500970919340e-01 3.250270530549379533e-01 5.331664985705244497e-01 3.223912295937816364e-01 9.395782288005560812e-01 2.167193538428554556e-01 8.723784951240241003e-01 2.257405783598446236e-01 1.626119542805768425e-01 2.717268515892993230e-01 4.654685254913855097e-01
7.061444249257321504e-01 7.621745874831482581e-01 6.030777153299333726e-01 2.562452718646424099e-01 3.935033645698181592e-01 9.996504878488542412e-01 4.251363242970893630e-01 6.698569829157871025e-01 3.839434918783719564e-01 3.529241551640796004e-01 4.379101715392104133e-01 8.971019608784234212e-01 6.628495961409370807e-01 2.485220595853810943e-01 3.281539235705244195e-01 4.156430351719023752e-01 8.486925317873558194e-01 4.179412337462016236e-01 9.291284310200939034e-01 6.504604542163068270e-01
4.131728260987637125e-01 1.782842441932479538e-01 3.117116145882306011e-01 6.519738078848628104e-01 7.123764124988896107e-02 1.238222314920698341e-01 4.930012530833929318e-01 7.992547868887662776e-01 5.823139102729408823e-01 7.364967251907020840e-01 2.858633132399225341e-01 4.909284557233211110e-01 4.693844521460746044e-01 5.371011520252177984e-02 1.880434556542631697e-03 8.228192320482891065e-01 6.618738431990618398e-01 5.245869917879217859e-01 8.521677714060336140e-01 4.406952232927571211e-01
4.989069813964779332e-01 4.291446903877075281e-01 5.554882254837583133e-01 7.466627955233149372e-01 4.471297168900405516e-01 7.405465999593674464e-01 7.081448648001419377e-01 9.080252892706014434e-01 4.044283322994434160e-01 7.809194784074464657e-01 3.109230514987844085e-01 2.017620232515213718e-01 7.471359931225002304e-01 9.069357710026815234e-01 5.975441058150469109e-01 8.914714006687384229e-01 9.715182329385142479e-01 2.015636553966592137e-01 1.835169315383665678e-01 4.075806854925793088e-01
1.319373783223160013e-01 7.149312340564539792e-02 7.271559351765333190e-02 1.340308500822091631e-01 6.883485026013269614e-02 2.782022922753887295e-01 8.915646485787280806e-01 8.190640822842396584e-01 6.131747744079053541e-01 4.716891271124521445e-01 4.038350826364268675e-01 7.905557856351786983e-01 3.185139702372211667e-01 4.991237598709286072e-02 7.274012384026069533e-01 4.976779127680368564e-01 6.143062433906675279e-01 5.815518675007184113e-01 3.918518558231957050e-01 8.340088152756248707e-01
2.004724839220256571e-01 1.067001952064028369e-01 8.155832242896601247e-01 7.126468540235656457e-01 8.634054398316847179e-01 5.430596912857921232e-01 2.198164419845560769e-02 7.846802072153002960e-01 8.321721649199518289e-01 2.104044435818083203e-01 9.610873257215368781e-02 8.656063808217892008e-01 8.755108402814881785e-01 2.496146462112693865e-01 5.753884559361591711e-01 2.279856924316692179e-01 8.524682258467438656e-01 9.457604897876855654e-01 2.165421202333435158e-01 8.830961858010740739e-01
3.234693913557895595e-01 7.190725590685653756e-01 3.899890533909315948e-01 4.837375933330518851e-01 4.914608410014854600e-01 7.852899510753219570e-01 8.607921742615245453e-01 9.827396306483038302e-01 8.665124812753197681e-01 5.334032125008236758e-02 3.898655602222624861e-01 7.056405332901295457e-01 9.437972253166135861e-01 7.883768354992056748e-01 9.166101036158085247e-01 8.655834156095403298e-01 5.720761261005371523e-01 1.482318981234775901e-01 5.232796998946162015e-01 8.015293536020717813e-02
1.127433095811454233e-01 5.186150714415179719e-01 8.265283358630971522e-01 9.846662181589094232e-02 4.662812034403257533e-01 5.308611411336838781e-01 4.455529648153954136e-01 8.584485233376238922e-01 7.850731093100176139e-01 2.952784084882764670e-02 5.865452457606894487e-01 6.763399987005953573e-01 4.502688336158084947e-01 8.184354978330409258e-01 2.623928932160960459e-01 7.932699743076976340e-01 9.651908138099464241e-01 8.561189865348104444e-01 5.766748093494683536e-01 6.799085428794142683e-01
6.021668964951276681e-01 4.594229985049010923e-01 4.490973850753687824e-02 6.673236633236361293e-01 6.571485577572625525e-01 5.034601862384885385e-01 7.014844989306830980e-01 2.411928741832034540e-01 4.060206476435679335e-02 3.901210472955638497e-01 2.068568232574345966e-01 5.232626110254633423e-01 7.174745741671405552e-01 8.793655916073547241e-01 3.455234260822412917e-01 5.377506071066630033e-01 1.023706947134612744e-01 6.524616376010943242e-01 7.102296631861014786e-01 5.603571288490550861e-01
5.809184773312758843e-02 5.948206794255507246e-01 5.276929480501891812e-01 3.998297285920118238e-01 4.929002613430503166e-01 3.301085561845410465e-01 1.569415346950930878e-02 2.508896077668600899e-01 5.578529900766026062e-01 4.874416506298776541e-01 7.220313898363972527e-02 5.296001488290394965e-01 2.749920709338613545e-01 6.058393434779836273e-01 5.479139437430158299e-01 4.487025951423342374e-01 1.880646438416597732e-01 9.327862163493686465e-01 5.638819959748286870e-01 5.051174492362154878e-01
3.777827963883401141e-01 6.341599664542140191e-01 7.283312673318532715e-01 4.144670224453628204e-02 6.410004879074581163e-01 8.723440394938476450e-01 2.159776410565937832e-01 5.698122989861582610e-01 4.039568564530477968e-01 7.440568001511241869e-01 5.422042140600307203e-01 2.569500307768036729e-01 3.061697053653604783e-01 1.174078186393643364e-01 5.401181033750864779e-01 6.430585693931001323e-01 1.395322176187386853e-01 2.687714827591848321e-01 7.876253415022249627e-02 6.643740359103980087e-01
4.433061392439101578e-01 9.562687443759021466e-02 8.434870714133155811e-01 7.623503498124822864e-01 7.142620050417098909e-01 9.946031893909815791e-01 5.098202883286144793e-01 9.397581710095416208e-01 6.238313666312663708e-01 7.099828368063887396e-03 7.715143607141524695e-01 7.092088055059340146e-01 1.112114603367719834e-02 3.926663311867292228e-01 5.302641200228692675e-01 4.096524351221725313e-01 9.822856895354649120e-01 4.098281559515677408e-01 2.437317669723532143e-01 3.699790675081634506e-01
6.051295807543899397e-02 5.354813737759575032e-01 7.806059323469177746e-01 7.647473237223934017e-02 5.108694897056487161e-02 5.938312769128090141e-01 8.264040090190578614e-01 9.899898152883482849e-01 4.057517990145697029e-01 4.404191890691855349e-02 8.524640998021083549e-01 2.050063300357872764e-01 1.911472969931969912e-01 4.901664340887378346e-01 9.913788704977677391e-02 6.965330642129383687e-01 3.511728020803519534e-01 5.018095365574473110e-01 7.919737773070827380e-01 8.957587816635629308e-01
6.444225459498120756e-01 7.304689616062161051e-01 7.361494198935565336e-01 2.675522829932067692e-01 4.503709287979246190e-01 8.935384031527953130e-01 5.463828393213842061e-01 1.894862075391559042e-01 9.901287616533441804e-01 2.886167276353626132e-01 4.230890918626318831e-01 3.967281954359579421e-01 8.953684942871446006e-01 4.393808434829270526e-01 6.157297024850352241e-01 5.395129410355922195e-01 9.240757779232195990e-01 8.330241672645373185e-01 6.719721908516324005e-01 3.794323307425480074e-01
5.451464069560884029e-01 5.985346130896394001e-01 6.127515671523858787e-01 9.255030199280057657e-01 5.361274021517448141e-01 9.709818546595274658e-01 4.986300108453143309e-01 4.773975079125833965e-01 1.517161921496541499e-01 2.363607119757760167e-02 4.061392185932766186e-02 7.821310793460543032e-01 5.387791177255134567e-01 8.536487789040814178e-03 6.711722177292226421e-01 1.801377333065730113e-01 3.311945885928883060e-01 7.696535527518839626e-01 6.006713453610627029e-01 6.267613375526887021e-01
7.387051271875189062e-02 7.093332426636587140e-01 2.440247488906153173e-01 1.573320168923874052e-01 3.282121029468999529e-01 9.021143278114893693e-01 8.113350712830758038e-01 8.187517365807683856e-02 9.891417262900933371e-01 7.781705006657709811e-01 5.261252037167499784e-01 8.686785810631110216e-01 3.205329133716409151e-01 7.932792836602942099e-02 9.930721191353035771e-01 5.101016116361697383e-01 8.583342096544689381e-01 1.056690193707451320e-01 7.824508659656707055e-01 3.683849296799541762e-01
8.497568719515358193e-01 2.207851273921795920e-01 3.756576372268333186e-01 7.526235052848033735e-01 9.502664253372521408e-01 7.870393242586302129e-01 6.713670841236055731e-01 7.851834592844201266e-01 4.261766343868489404e-01 7.530390438055408753e-01 5.100343367145433460e-01 3.520789546037360607e-01 8.505625095017932402e-02 8.065020180435474861e-01 4.431246133010811050e-01 3.721394209691167854e-01 4.447936293691606702e-01 8.776192163038589733e-01 7.051953136673276834e-01 3.724417940901024737e-01
3.544773270331985637e-01 1.881610393160896288e-01 7.083331373755187288e-01 9.315940443564995066e-01 3.532743570966967450e-01 6.072276066962645213e-01 2.740297264273394706e-01 8.171795893432365343e-01 2.703967195998275841e-01 8.040393077482163031e-01 6.834233902511911429e-01 9.578189900422061642e-01 4.945717506024258636e-01 7.481727548130538974e-01 8.045426770171891784e-01 4.454468300549366822e-01 1.940663827584503398e-01 5.583800821489172117e-01 7.653327059363279616e-01 2.434528465185259449e-02
8.458237267920882818e-01 7.254248480444115410e-01 4.174587062926430336e-01 3.089007767294780216e-01 7.844400040230625759e-02 2.811974633688856251e-01 1.264421893352966064e-01 6.986550273488352225e-01 7.760605150620742965e-01 8.405443972092699889e-01 3.075463274049046181e-01 8.286640226897787898e-01 6.363038743136634201e-01 9.759454950078518820e-01 8.979526489362378294e-01 5.245774818471843348e-01 6.635942874479275888e-01 5.014088688989041254e-01 1.174059834093055255e-02 4.711350226662296414e-01
9.678282253442356264e-01 9.263162056733199590e-01 8.850028615342118155e-01 2.322497852038094557e-01 4.305074127096533143e-01 9.913015284717736630e-01 2.993356459336743436e-01 9.078545931155941329e-01 6.770032578994523709e-01 5.625182938162652801e-01 7.048956499175879076e-01 3.462238101315731065e-01 8.298657383884662231e-01 2.344803768103612684e-01 3.342008995884470091e-01 2.157198503411472679e-01 8.611250489594763913e-01 4.987824111509499003e-01 4.708435909226384997e-01 4.044911304774001515e-01
8.286978891679936954e-01 2.042680326401737911e-01 3.551859567420785346e-01 9.363421811588207300e-01 6.557832615432435119e-01 1.018206224787956415e-01 9.906152283626235011e-01 7.839244848758097906e-01 3.208143503031697374e-01 4.311353718281875080e-01 6.529158238404828563e-01 4.403278512142652090e-01 1.526333696462914835e-01 4.401181724067113610e-01 8.879780321157556555e-01 4.646653313995390278e-01 2.536073264562520579e-01 9.971112246444894245e-01 3.578944553077860746e-01 5.457121136465071798e-01
7.807567703712016138e-01 3.754898389015535187e-01 9.974837447783896360e-01 7.952530229441128196e-01 7.220899575877902654e-01 2.177635513042063264e-01 4.962326957631842950e-01 4.084291090372167421e-01 1.870741082870314154e-01 3.006114212710970790e-01 7.193529281740803638e-01 1.324724407106157020e-01 4.088127206760345800e-01 6.527868276310071494e-01 4.162683356720924266e-01 8.921636273879155477e-01 9.306607315835666583e-01 4.104406106060440873e-01 3.873146877795929921e-01 3.118423765866159547e-01
2.144199169699217977e-01 3.461928978399765322e-01 1.250128874474398799e-02 1.619853931633160604e-01 7.742563404335980337e-01 1.004378745708618403e-01 4.328526010866258211e-01 5.102773096536150632e-02 5.667705395309765581e-01 3.821460220547447939e-01 9.058794066985603743e-01 7.572519601639701170e-01 9.848466989239592628e-01 9.543829394421284862e-01 6.639696620567148155e-02 1.556307644594813189e-01 2.370743735249142281e-01 2.863937201833424151e-01 9.106408985213411134e-01 5.453923671224359948e-01
7.070712689074135637e-01 7.065377435635793457e-01 8.653811345386186460e-02 8.510176214637082959e-01 4.456211097958321377e-01 2.823048144775035517e-01 4.599208287762081016e-01 5.100667917612872193e-01 7.304796488470219895e-01 1.918679442690484072e-01 3.453525861000028563e-02 8.772927249415266582e-01 9.598644243446393665e-01 8.638341309063585216e-01 1.877777811798342356e-02 7.151913531758646858e-01 9.032653517435065282e-01 2.770619140518338908e-01 7.678294049657800047e-01 8.714140278329196576e-01
2.075930588976040436e-01 8.294777840077033337e-01 5.206022176673390511e-01 5.484862029972455977e-01 4.528283779707799050e-01 5.748823660863203733e-01 3.624035602419702906e-01 1.046164646441899437e-01 4.758442485448982628e-01 2.526234962482614144e-01 4.473442245524028582e-02 6.086261269814743358e-01 7.607324774138309875e-01 9.018938197486281449e-02 7.527894918526745194e-02 8.819216143765018501e-03 4.008837101557599647e-01 9.320020605243324319e-01 4.464132736786092792e-01 7.369203139934901170e-01
9.677735438760102227e-01 4.982792551679176007e-01 5.520373224345542784e-02 1.578364689561319034e-01 9.500519294309262008e-02 4.235508461323146401e-01 5.072566960827593618e-01 9.557449115459487610e-01 9.077582316272131413e-01 9.217696609007441921e-02 6.670173917734116831e-01 6.696094044072531393e-01 5.495485067332913642e-01 6.935809591883830283e-01 7.702439970774244138e-03 3.099270120783181870e-01 6.632776369621865564e-01 1.860891802931396999e-02 2.084254103958171900e-01 9.309447278623116384e-01
1.156602301180350567e-01 5.465309649664972236e-01 9.069953072067512556e-01 3.370463487599917318e-02 5.306832611397596100e-01 7.705772044236424145e-01 3.991822412015744170e-01 8.793987168591539394e-01 3.793226011844950119e-01 8.596866262405737924e-01 1.513956430236149675e-01 6.021457975330578583e-01 7.362978758600621232e-01 8.038407956411914856e-01 5.465276018013176529e-01 8.135612111324270757e-01 2.698988638686390384e-01 7.681470961928617003e-01 4.375355999272761975e-01 2.385120069187328662e-01
9.034700912302400244e-01 3.666625569564924136e-01 2.908753199305392778e-01 9.425813213725080519e-01 9.884241923612654412e-01 7.274138185133169898e-01 7.677261546653171287e-01 1.915663707494186241e-01 3.705485589991336370e-01 2.755980345908907170e-01 9.227216897847138055e-01 8.495097922927228318e-01 4.665295783622096515e-01 2.692145234351167593e-01 5.613374355869581445e-01 2.817341651940175051e-02 8.295766956585152174e-01 1.008180350464548125e-01 1.580469875635669430e-01 7.317182463850481211e-01
1.679930645833292990e-01 1.798611798633662495e-01 5.266406912891322678e-01 7.154997327910993521e-01 1.117972785174419226e-01 4.926009132262750834e-01 6.500589888776080461e-01 9.812724439369726603e-01 8.622763855081422291e-01 2.237526937431051355e-01 6.524252294344368153e-01 9.817111742255297813e-01 5.661651588019894765e-01 7.701780481387962007e-01 2.411701941728254805e-01 7.249546726460953661e-01 2.407095527549197866e-01 2.436305368415672135e-01 1.676152850424458274e-01 7.583750282289417610e-01
3.520358393741540581e-04 8.398315020823894361e-01 7.872717444992270996e-01 1.629596044537402477e-01 8.306020774600336720e-01 9.506195726783166489e-01 5.434670758134541035e-02 2.399155568106162706e-01 9.610171494765564759e-01 6.350449724719520184e-01 4.133186890364469734e-01 7.518062293118435990e-01 8.745465789871997853e-01 5.275275149782220341e-01 6.347065441173315170e-01 7.933369957591895894e-02 5.154999613343308473e-01 5.484699209630971017e-01 2.723915048554227392e-01 3.864897017451626171e-01
8.640297522037695410e-01 2.882516802133009426e-01 3.102214012330013482e-01 1.728697527062602601e-01 9.979576739028409582e-01 7.561209881613705219e-01 7.825768290177282926e-01 9.307182681482133457e-01 7.678741849647358064e-01 2.677580816325024760e-01 5.480072520347100129e-01 1.974736246035162512e-01 5.386671967957457063e-01 2.574489346421723335e-01 6.254752594992598613e-01 7.681723694562513360e-01 6.618333090717909428e-01 8.643550441314086230e-01 8.107931774933452296e-01 8.923260511294365260e-01
9.150087480197814926e-01 4.122074908755624101e-01 8.753381867247446158e-01 6.698869318176026155e-02 7.636646180332931078e-01 3.297139908508794903e-01 1.359347854681072221e-01 2.404279457225317884e-01 5.949517627097195005e-01 2.794391529859687751e-01 6.577927796242458713e-01 6.529330312118226676e-01 3.332004908693453338e-03 2.749463451630207445e-01 7.302155789045250422e-02 5.703584473801315280e-02 8.138276911899149368e-01 3.654766730419900522e-01 5.829917637354740112e-01 9.301422718570837578e-01
9.692475498852617388e-01 5.102078207858645742e-01 6.191338085601957308e-01 9.520284776562224494e-01 8.865550088807749862e-02 3.413379729885280822e-01 3.224585939311820360e-01 1.682972477406874390e-02 2.287106196491530685e-01 4.045651683918146668e-01 1.164315984191479636e-01 8.206317696624539915e-01 7.078703362811196165e-01 2.972747916275019220e-01 7.453978933721669975e-01 4.154195177526563976e-01 3.215411750271132130e-01 8.881224377165637396e-01 8.623998941787283101e-01 2.566314058094955053e-01
1.874638609032729386e-01 6.066238018791918485e-01 9.117620194341502504e-02 3.712745221009120522e-01 4.239911844556076836e-01 8.765740128415356880e-01 1.148724448456930336e-01 9.405301317924430471e-02 7.466736710593312454e-01 7.932769627719448158e-01 2.114813891160163273e-01 5.038267616122829029e-01 6.298467857282240567e-01 4.323530846830960783e-01 4.800741361898879234e-01 8.710812091162081217e-01 7.050262926418082721e-01 9.503083872322730663e-01 6.642467874848480003e-01 6.735197659230589551e-01
9.535822469484002140e-01 7.146026080668609337e-01 9.635629468115584073e-01 4.267994191935107207e-01 7.114449033051029048e-02 8.041590812789457532e-01 8.299545874490166231e-02 5.485781079320408704e-01 2.894391627542680645e-02 6.099718778744417369e-01 7.176707300611216978e-01 1.000413881195283405e-01 3.086384345506870686e-01 4.524024005039744001e-01 9.233733574258073951e-02 7.386501393334928833e-01 4.192006791380070707e-01 4.528754810527760855e-01 9.380623923237136896e-01 1.614236675938443000e-01
7.385839473223776430e-02 5.289431484678319695e-02 9.502618945104018833e-01 1.456711094217277846e-01 2.264493987488480631e-02 9.322072396830547447e-01 3.105728992237533070e-01 3.253595482195594801e-01 1.536111059880959084e-01 9.106760145227269510e-01 6.536839145525341621e-01 5.079214342576654495e-01 8.746034016315917814e-01 7.559999216831350122e-01 3.240432931555762286e-01 3.981360331743030168e-01 8.440874089698733318e-01 1.248715287344492886e-02 2.366319555175817602e-01 3.191372759238159107e-01
