6.269359324680667811e-02 8.489739827729203547e-01 9.984452097231019119e-01 3.141875357305873306e-01 6.240560591826829206e-01 7.230153857189599576e-01 5.988288250188189554e-01 6.494914851869686423e-01 5.969997652976066771e-02 1.342724000052741840e-02 7.981615279610358993e-01 2.338283375961347499e-02 1.020925482751022795e-02 8.642121413066070623e-01 4.171885660430604270e-01 1.940303617827598970e-03 6.974444561682624499e-02 7.678876143082243866e-01 9.999820514231807511e-01 8.848403492254441893e-02
8.593060997632471221e-01 2.240869394977625939e-01 6.636637161992244849e-01 6.368235660630222617e-01 4.073974376484235105e-01 4.603866531641104265e-01 1.493165607904193282e-01 6.565938573400217360e-01 5.579915370012740183e-01 9.766859886015529790e-01 8.545197585219566072e-02 9.942374389352897079e-01 7.035420119848545539e-01 4.211854830752426171e-01 3.743289982184309084e-01 6.955106751974204915e-01 8.966437230186857787e-01 2.479485928183081667e-01 4.447454321107856545e-01 4.749899650483708768e-01
5.143650614076566985e-02 4.905453859303912090e-01 1.555861012159718282e-01 3.855497335058779562e-01 1.620833720741347017e-01 7.986688708618790988e-01 6.826439085676871965e-01 4.650944009940054524e-01 2.177367195286187274e-01 7.072606780069363719e-01 4.179539558001191812e-01 7.009117551555087422e-01 1.777606982568233907e-01 2.646249941361193958e-01 6.847414653527905681e-01 1.540917891602535672e-01 2.616836719888699925e-01 1.901014982961389821e-01 2.855449809045577103e-01 2.213295877857559546e-01
8.190682629847210183e-01 1.720042553615062086e-01 4.915571268991305587e-01 1.599681629403233440e-01 7.536319255294270381e-01 6.831795396689073208e-01 3.469923457447443571e-02 8.434394523459236570e-01 7.691167423315543594e-01 7.437317977839604799e-01 3.160550965341875074e-01 4.801635500677035040e-01 8.672360159052497908e-01 6.151643384061820097e-01 9.313686940696940253e-01 3.278885771015637163e-01 4.289660751941539729e-01 1.918992362518889827e-01 7.355869100218201950e-01 4.368224141588868958e-01
5.822803983325657295e-01 5.466327485372154404e-01 8.218767245225974127e-01 7.194474423229579862e-02 1.632440687748717423e-01 1.397258053024151847e-01 8.069111807451501139e-01 4.443466675405965960e-01 8.438168439908630969e-01 9.259705653924817925e-01 1.855145080692921500e-01 4.085945901643982525e-01 2.776349915539219060e-01 3.305787851841235359e-02 4.449648756753393775e-01 2.609565317699658049e-01 4.645468828257423022e-01 5.720492472550307017e-01 7.204791169533064643e-01 9.481830846494836429e-01
6.339182178927492695e-01 5.212682268039059430e-02 7.592502661503225392e-01 3.080333222651795433e-01 1.015556414726093148e-02 4.052012168300753725e-01 4.337853693154958279e-02 5.710146130238419326e-01 6.837267282554496672e-01 1.688325452929652082e-01 3.337329420649751688e-01 3.984841732040739215e-01 3.512097278371572040e-01 8.265787728753470898e-02 7.579066197144478378e-01 4.030961809697438669e-01 8.008204678329930992e-01 1.115145484024612221e-01 8.888474025451178484e-01 2.432491771665351576e-01
5.305855301813124925e-01 5.718618163395781107e-01 4.662601132555643790e-01 1.497793745979034696e-01 9.322070501731120062e-01 1.368952507624964232e-01 7.376778826171779269e-01 3.938321072887108754e-01 2.284040571194995151e-01 6.483506642546165155e-01 8.600749503124209827e-01 3.402072979737649217e-01 8.896485888117839913e-01 1.733089333753360384e-01 4.189148251944141421e-01 3.905783171728535175e-01 4.772894544451264931e-01 8.078368272115739046e-01 1.033073676791669282e-01 2.016606708958028626e-01
1.797342029345716519e-02 5.172296540243184193e-01 9.528647243312637904e-02 8.386735769971144228e-01 4.263325862371392105e-02 1.868389353463469904e-01 8.675763407338551447e-01 8.450110735526811245e-01 1.320812234319769241e-01 7.552026622125754818e-01 7.087794611714769433e-01 2.952959610489356290e-01 7.604388258782465160e-01 7.505271013854688533e-01 4.747298857248424264e-01 2.778847996681675925e-01 6.589689148133148766e-02 1.701414845637502227e-01 9.886669157525063145e-01 3.471377737559740995e-01
4.025665345158236930e-01 4.913085208563705564e-02 2.715718269714354483e-01 6.340941537591695543e-01 8.413201746088572186e-01 8.436601978471400809e-01 6.544890837436042608e-01 3.774146969700478138e-01 1.200074671588036157e-01 3.484444847392008660e-01 1.928895924842313203e-01 4.996035222001583564e-01 7.076150053229279813e-02 3.033468635069561659e-01 7.483545512423833701e-01 1.140224658159842974e-01 8.889854833857164795e-01 2.291449624088959247e-02 2.311840234809918737e-01 6.324677385893513470e-01
8.051660702545554438e-01 8.019818043135893415e-01 9.501079378284830179e-01 3.917635782105632902e-02 3.521107396818722313e-01 4.249069673697923877e-01 4.982908282285495316e-01 9.577978663905212242e-01 1.595197743698175685e-01 9.630426828976604847e-01 3.533741803349009780e-01 1.317209128310737887e-01 5.810876184236952735e-01 8.715775193675402432e-01 4.108265029524094114e-02 9.814502380820174787e-01 6.238071261189862549e-01 1.408949509358895513e-01 1.075518495638874139e-01 1.768892760518594454e-01
4.088939729159180025e-02 9.187532381001642934e-01 9.433169414615110160e-01 3.895431655239587343e-01 5.109837672976891287e-02 1.643343568588728765e-01 1.527646412176653090e-02 5.234344264013264247e-01 1.965142704737370405e-01 2.091898762424027058e-02 3.970234849569693747e-01 5.204054726626314853e-01 6.736343921232906817e-01 7.030197254010065455e-01 2.888866282718207668e-01 2.382825152138542402e-01 1.858050517697937831e-01 2.651185284430818134e-01 7.870932622453146177e-01 7.708622385320590409e-01
3.672600558281342575e-01 2.576608286126332859e-01 4.467136349856372091e-01 9.995123629481513783e-01 7.827145358868405900e-01 9.963005361971105645e-01 1.247583467204553820e-01 8.272787737830542554e-01 5.671470466787791320e-01 6.769387479218601511e-01 9.805482880102580623e-01 6.566147750328230615e-01 3.928931468242804481e-01 6.804806129465879039e-01 2.418916612420337620e-01 8.759357199442663333e-02 2.736853940908449134e-01 6.945666947269771851e-01 8.256622114380657296e-01 4.024637461654870796e-01
8.165829847813850240e-01 4.282711384054028736e-01 1.233382426569414880e-01 3.922250212916376100e-01 1.375299969660978006e-01 4.866614919777529913e-01 1.667659697643282257e-01 6.030001267458166003e-01 5.783928556881960947e-01 9.288105686905052671e-01 4.152447238980829791e-01 7.245364883953020474e-02 7.956713217541100391e-01 7.169591657385896433e-01 8.116241597590417856e-01 9.628830766603441171e-01 2.823630584210212735e-02 6.496184013061957474e-01 8.503918630868240180e-01 1.888435085460798968e-01
2.778745614285580423e-01 8.779703174701849466e-01 8.081580515234493278e-01 4.887837583515134421e-01 3.818040306806658180e-01 4.075810860626860599e-01 2.884901811268304472e-01 3.185643059228221441e-01 7.309815536537869196e-01 3.384018512435560400e-02 5.109120881085408294e-01 1.877509638616096099e-01 8.309344876122400914e-01 6.513291692590598148e-01 2.936739791418029322e-01 8.253798580760653980e-01 9.270854213707969693e-01 2.443010727072773003e-01 5.185119681558134630e-01 8.704995564636822669e-01
3.966984193871359032e-02 4.220295199940773401e-01 6.484518441710257486e-01 1.947237505095933408e-02 4.224793772995544261e-01 2.149445208736001645e-01 7.556816531991726871e-01 2.115218205990109235e-01 6.836589330168152401e-01 8.216595981472185617e-02 8.714467235727871852e-01 5.181095278120170233e-01 3.433747252442606035e-01 9.880150531259789259e-01 5.490906698198919633e-01 6.774340101344699105e-01 6.969713081288767542e-01 7.225705391377037490e-01 8.049641056724151644e-01 6.108829166336160466e-02
9.763939918982342814e-01 6.783343937498454990e-01 1.700249343104787147e-01 3.140396461727790189e-02 9.764908350271441773e-01 2.002584626823911140e-01 1.661545339146359712e-01 7.198648008436137058e-01 1.758539580724967077e-01 7.553340626233526756e-01 1.226449564817049254e-01 7.642284508422449996e-01 6.150906028653819746e-01 6.169077093999320027e-02 4.709950045255421047e-01 3.901914935087251735e-01 1.128416905956456384e-01 7.884595070902937763e-01 5.178330953996508335e-01 5.575403768731094223e-01
5.991571087556238906e-01 7.741127532551334012e-01 9.639861228604903465e-01 3.656007131546815669e-01 5.385102756134599877e-01 9.449251825788979042e-01 4.223119333369945716e-01 5.679705237074135216e-01 2.023324588459874951e-01 6.802229415651617206e-01 3.160890778296460146e-01 2.235011293077755479e-01 2.208558679175012252e-01 6.713768525356250683e-01 4.524116033796115044e-01 1.594520640169870829e-01 2.469229293779260370e-01 3.003844400669472003e-01 3.889815155283643522e-01 1.618851971054270367e-01
3.379561896532654597e-01 9.590316647813764694e-01 2.611884663478217794e-01 9.187762078663856968e-01 3.770197780859492198e-01 3.039918274748510951e-01 2.271136927827716034e-01 8.875231305255999459e-01 6.355172753814863906e-02 8.481411488965018286e-02 7.923830748381722744e-01 5.245198493063569778e-01 7.029188214624048081e-01 9.134749118721549044e-01 3.660131558454969847e-01 7.734656244359147115e-01 8.542335124550913816e-01 8.977318404287496501e-01 5.991205201763579735e-01 2.938330027630214891e-01
1.928905097760584830e-01 4.210781816988498072e-01 6.493223967425673093e-01 5.871684284795394282e-01 3.674954540273674963e-01 6.953046109761447102e-01 6.366205891364417058e-01 6.356042031734486786e-01 7.514744589891952931e-02 2.641456353768116827e-01 4.144044782691514994e-01 1.758375450650869753e-01 5.425552592694792287e-01 3.618619333550388006e-01 5.634794246296329634e-01 7.178632839912764130e-01 4.336628127887198758e-02 2.411696882824301280e-01 1.805505774472715430e-02 9.505652788047641577e-01
4.240797047771276418e-01 6.754352447611629007e-01 9.927099839098302292e-01 4.986376581920592965e-02 8.993621435755245752e-01 3.913521171955256506e-01 3.671983196200654387e-01 3.825279742849453379e-01 2.753568735036879822e-01 8.079544577696265995e-01 4.581029926350187464e-01 7.891361304190995796e-01 2.017599258012657826e-01 1.412446518813744722e-01 9.385500283902245000e-01 4.661548089184879284e-01 2.155088589055776938e-01 8.771095395347012769e-01 4.981012204741702698e-01 9.451839825385107696e-01
6.935568450709332922e-01 5.068948126137045040e-01 2.195737857428750051e-01 7.417288982965045685e-01 4.629673999880113966e-01 6.804866550215372678e-01 5.223264516215052611e-01 2.694916221355925234e-01 7.301966344082163607e-01 1.779141172636767854e-01 3.688910316870483985e-01 7.953805557155163575e-01 3.394316445742541211e-01 2.197703731972693308e-01 8.053964911290834028e-02 2.120393271794746015e-01 5.163499760082055356e-01 5.336157125998731710e-01 9.112563063929967067e-01 6.839175196019749992e-01
7.143240929394483185e-01 5.526739065296899511e-01 3.877299206045370372e-02 1.145627844452307142e-01 3.481315430897098384e-01 2.908586566271489371e-01 6.255279620092442094e-01 8.361907491878650678e-01 7.805107489601481596e-02 3.117043796670848632e-02 8.895463418773873476e-01 3.997916727697626849e-01 3.903603565635486161e-01 9.363663098911975124e-01 1.233019564525419387e-01 4.253283021676542708e-01 5.206943894931848060e-02 4.044848413730242065e-01 9.672394621470851162e-01 5.995301735216763683e-01
5.695523990613551302e-01 3.049234079368093875e-01 3.450538348827115742e-01 3.557541514757198708e-01 8.642447261939049108e-01 1.578035029881852402e-03 9.745655233886165725e-01 9.692131195431525903e-01 4.675221357815994017e-01 7.956429023744656659e-01 6.113262579305084321e-01 2.963868557637464596e-01 2.086532197405676081e-01 5.349695380321389804e-01 4.719951343841854996e-02 3.638511927370308152e-01 6.021245793455449746e-01 3.414758805461131086e-01 8.429899245325805923e-01 9.476330368571213025e-01
6.878721841914112733e-01 4.885278718380837715e-01 7.672182922829933194e-01 5.267743317224026223e-01 1.953062394871065699e-01 3.870343707879997375e-01 3.034092168226363295e-01 9.375822225029656343e-01 3.963920555667033163e-01 1.795279654583296081e-01 8.796342280667586166e-01 4.344834563011584772e-01 8.996399769738705476e-02 3.198249961012312736e-01 5.765290951096589955e-01 9.269469886497809785e-01 5.076604332720838775e-01 6.673217595292912918e-01 4.182359702927236356e-01 9.524328490412058423e-01
6.063485591534890640e-01 5.157397867092966548e-01 2.638397632044180430e-01 5.034273921505957317e-01 5.821573181527310847e-01 1.797331811122093725e-02 1.645647004394628077e-01 1.427939021249414742e-01 7.716885388958929504e-01 8.116343029549136778e-01 9.631037237688190311e-01 5.619339334580299994e-01 4.295252351656410061e-01 4.792395582008691646e-01 6.238837177841991544e-01 6.860761913287301006e-01 6.789231561674909932e-01 1.902880862696508801e-01 2.115551757998723748e-02 2.873805277996779317e-01
8.679132544692209628e-01 2.810473795085184356e-01 1.766024290783529960e-01 6.713537389555699342e-01 5.091736180120968180e-01 5.503310334049281716e-01 4.103086635836472595e-01 5.886018295979354997e-01 9.054490494271283385e-02 6.669728870925908382e-01 5.664406680441312902e-01 6.425955351004928318e-01 4.567766712059043721e-01 9.273931203769399945e-01 9.139731123316411354e-01 7.863444867315422249e-01 1.450264170168418243e-01 1.516119791338630396e-01 8.565836398614746772e-01 8.370880595985669137e-01
5.064758572028342787e-01 8.834169817442619754e-01 3.571873305500554707e-01 1.288567515790375317e-01 3.508752982585503499e-01 1.139506222906800925e-01 3.139228799718629670e-02 3.527738734354068928e-01 4.599049924530196343e-01 9.768991593700098175e-01 6.517817593836673362e-01 6.153958182579182257e-01 4.669666663662210837e-01 5.367632005559914710e-01 1.985540448982210382e-01 6.712385978264744368e-01 6.280144099240237976e-01 1.066800951124367014e-01 7.236074958410763092e-01 9.128430505628793989e-01
4.468968609932560954e-01 8.691040444544477772e-01 3.944430505926554975e-02 6.869181627994229711e-01 8.901817898319097644e-01 3.179847642110941175e-01 1.920300519719304599e-01 8.080432872238990649e-01 3.644217416111031893e-01 4.656328414330894727e-01 7.196276422869560818e-01 8.714859335725020362e-01 8.175087056770872218e-01 4.997569943137762927e-01 2.096886665664099425e-02 3.982439047730366166e-01 7.987903025068814333e-01 9.709785731723191704e-01 9.452255931638742226e-02 8.367773421697533021e-02
1.279752903194516511e-01 8.114920395857043722e-01 6.921104645503320940e-01 6.350131996218724151e-01 1.980306547227339564e-01 1.879262782019464062e-02 2.033311461362015127e-01 3.640099966812765375e-01 7.369455917342533358e-01 2.656533036506778522e-01 3.980023698636483420e-01 4.001620927876274880e-01 7.006086380182340312e-01 2.033524354127729250e-01 2.705340562118798697e-01 6.018829770890332664e-01 2.881985170683504238e-01 4.192666286981683310e-01 4.798990645959111401e-01 9.815990576665111211e-01
2.672417395131413409e-01 5.503808097909791419e-01 3.008470490961605570e-01 9.737357456076841666e-01 8.143441788767014078e-01 4.981964816489047321e-01 4.160579980930491084e-01 2.032687960521883941e-01 7.059769984767734208e-01 8.379491552155470258e-01 1.867605115860460074e-01 6.934783483625084344e-03 3.637671850668805495e-01 8.707592765598113349e-01 5.063243100792088613e-01 3.332641399207358912e-01 9.096756015432794218e-01 5.938738212039008646e-01 5.770483209124628310e-01 7.717776087707666210e-01
5.897305203906408888e-01 1.015544912088595098e-01 9.475870366128334998e-01 1.181107708505291232e-02 7.822896462885841062e-01 1.542000404034050698e-01 2.255950954170146128e-01 2.887946909703061893e-01 8.904413738576544279e-02 3.515009705816595220e-01 2.750566939142785605e-01 8.529286844871097895e-01 7.826361992100385745e-01 3.086299068348268282e-01 8.366642788160094657e-01 6.324160705963900453e-01 2.105652455749766894e-01 2.942292143624170020e-02 5.565349898132035955e-01 5.790872072401810344e-01
1.571617215551400770e-01 5.847842212870935086e-03 9.359469899760641809e-01 9.773190473824880931e-01 3.681508062708862550e-01 2.783781727509709869e-01 9.670360785679465998e-02 3.514917210585214447e-01 6.729961927473203653e-01 6.886470787767210444e-01 6.970086463940440291e-01 6.707981130427769223e-01 2.200400514702841592e-01 9.092814935442588009e-01 1.551688416407049909e-01 7.114162782573619781e-01 5.396417786790697058e-01 6.727477298568292907e-01 2.890456894218027539e-01 3.751198689385450979e-01
4.296888703581808189e-01 3.095111367363018173e-01 8.423454990760791405e-01 1.447355182359860715e-01 6.921494236385302701e-01 1.604551984163234968e-01 7.872318936357438623e-01 4.091498901730525883e-01 1.823429740607004357e-01 7.090150173783881238e-01 2.111935924931538366e-01 8.823390729868085813e-01 6.277179468446995037e-01 6.765909328788405341e-01 9.970097447752442887e-01 8.608175524590477856e-02 2.745394633457614031e-01 9.077002833138769766e-02 5.320409735909414906e-04 2.059842576914946433e-01
1.982190899353233338e-01 8.266293776224880041e-01 7.288753528240096147e-01 7.479081108847075443e-01 7.363351218756712946e-01 7.292648708075984976e-01 8.086589160750479177e-01 6.729875985465212374e-01 4.122849530327650225e-01 7.746766300684324591e-01 3.009251761593778607e-01 1.603155883343181376e-01 3.260533403509326966e-01 3.256354828560596992e-01 7.262952602242593869e-01 3.202457877847013634e-01 9.455605391570852669e-01 8.043021163987780220e-01 4.029071559687769088e-02 9.620718366120664111e-01
5.078342812676139850e-02 1.088187811799244953e-01 2.618601529012207774e-01 5.798541133617702847e-01 3.788451835843481552e-01 5.314308093403306010e-01 4.262321701892374248e-01 1.288236170212025966e-01 4.421782716945349412e-01 4.625109343961533170e-01 2.325079905786447965e-01 8.717629263461784683e-01 9.094203928703237239e-02 7.232726826911157758e-01 6.783691770684541211e-01 5.935489505489458528e-01 2.741560340776337812e-01 4.662637464745763571e-01 4.614483512777102225e-01 1.598507563927797914e-02
4.535683502545247991e-01 3.757227632132310591e-01 1.127583191941047280e-01 5.730634885689368518e-01 3.872833087003427766e-01 1.238205359818819185e-01 5.596887809408759296e-01 7.262375879652271937e-01 2.802732083035602839e-01 2.519792984025676086e-01 1.666423693739443879e-01 5.541131761110860143e-01 6.706901287887303553e-01 5.605160665064184977e-01 1.074797517531537183e-01 5.676252787880048389e-01 7.161004938539174969e-01 4.186264039942190207e-01 5.852524794443181300e-02 1.918781534456528437e-01
4.569214874175554497e-01 7.243473997523544039e-01 4.468202421931289914e-01 2.993052409953942394e-01 9.982540932271963818e-01 4.425960030716936666e-01 2.023079456253740194e-02 1.851134624985577570e-01 9.179501639875459196e-01 2.715528779856611896e-01 7.524528826493681599e-03 5.847884850370221876e-02 1.156219007661004605e-01 3.042270583236704740e-01 4.709046688961211480e-01 4.701508637042857153e-01 1.894956825332850814e-01 9.840992495230160841e-02 6.074317996233250527e-01 7.284322260130029481e-01
4.084412230399675492e-01 9.171793554676613835e-01 6.087030877225262371e-01 7.362455111956833775e-01 4.844419536559302353e-01 8.418874595726285603e-01 7.063791610866131387e-01 5.972326322379936103e-01 4.718332782684281357e-01 9.147531972661999689e-01 1.771127900131134192e-01 7.664664691106231054e-01 5.956034499417606209e-02 4.538860518528384791e-01 4.554479535687205871e-02 6.869959969395968979e-01 4.190912884551742934e-01 9.993434352372807528e-01 4.355250742425782473e-01 4.547907628628022891e-02
8.621184848599305894e-02 9.652989178235490408e-01 7.814767719550251845e-01 3.321626653014997377e-01 8.683820014177074942e-01 8.926846135344777000e-01 1.839467138978664318e-01 4.377152031346864813e-02 4.627573014974286636e-01 2.711076755688606177e-01 3.447513315921324484e-02 7.503490911224355298e-01 7.686372594720629614e-01 1.724474816399645949e-01 1.992787057632504633e-01 9.432048770517380554e-01 3.462084139379041359e-01 3.682519795658459882e-01 4.759681543072277199e-01 8.538207150940601009e-01
3.410658133808464054e-01 5.884209350166170749e-01 3.842141403169585523e-01 9.981443923055215439e-01 3.956532271972883485e-01 7.145914581303431934e-01 2.397778253581318575e-01 4.324385728178881116e-02 6.780300557443026399e-01 5.338099596719922957e-01 9.330629721848050506e-01 9.829785660244521051e-01 6.963894469933062936e-03 2.920093043155309598e-01 3.456735965676135391e-01 9.830230762192135874e-01 9.363134590105104405e-01 7.645815160677904565e-01 2.276866440099050148e-01 9.328647878077305222e-01
7.444062304563663357e-01 3.422779622703359115e-01 6.967201637360090904e-01 9.141138797588403975e-01 5.477796356491136942e-01 9.521193616203201815e-01 2.916748720433274267e-01 9.070389785240412506e-01 4.071176123260880075e-01 7.619408625604784380e-01 9.386430370258749267e-01 1.329306244947332516e-01 5.444031046719880473e-01 2.197673951929816072e-01 7.889077217892448424e-02 5.125190887085214753e-01 8.352710768506843575e-02 5.828589397665846494e-01 7.162101857896626678e-01 4.130160134304643460e-01
4.778521193359306363e-01 8.879753187181148588e-01 8.140681400211938756e-01 7.237048416481264290e-01 1.910129947908750792e-01 3.676617905515002782e-01 7.507229318409255336e-01 6.236685065080166401e-01 4.874122643798972643e-01 5.588154230537381029e-01 2.754427411247550861e-01 3.131665629070469192e-01 5.484185578001984362e-01 4.635818824089500412e-01 1.865799304873407838e-01 7.543750054117615012e-01 3.858689040710183704e-03 1.130778002636056989e-03 9.216241012266114252e-01 3.425914782417425197e-01
9.308748136348362623e-01 7.807893160689588496e-01 4.571531042759727770e-01 2.303150807564395830e-01 3.475957807912907205e-01 3.168915184217612202e-01 3.903083608907133017e-01 8.758068919570893840e-02 3.903284909089586030e-01 5.119350122145638338e-02 8.475722350187672172e-01 1.572447891170414280e-02 6.347329341376463097e-01 4.353187424001622174e-01 4.047726373503601760e-01 3.409301224370152594e-01 7.035042404758936607e-01 3.003797997329670233e-01 6.943720792514082030e-01 3.818566490692475446e-01
2.129723407285212256e-01 8.196174494989774129e-01 2.885572851599086386e-01 7.300236112638035513e-01 1.007212142412580169e-01 4.842968035822681205e-01 4.681507987721510444e-01 2.996801585070189011e-01 4.378655791033018163e-01 1.676636768081253281e-01 4.391470663543727282e-01 2.049514358795501145e-01 8.420466121219190025e-01 7.472855315984083813e-02 1.147388795100650061e-01 7.732348957107071374e-01 9.087323184778097751e-01 2.984924020888890528e-01 4.555038289443715804e-01 4.219229868394995808e-01
6.675924582520755823e-01 3.994178666956704760e-01 4.447125768666572165e-01 4.720358988222401742e-01 6.445379976753793372e-01 7.849533530107991597e-01 3.883983506356256665e-01 9.802535849823302838e-01 6.249767026099899425e-01 8.384716053149855464e-01 2.543956354717744617e-01 9.822131451809745784e-01 1.145416480986974905e-01 3.736338629670435951e-01 7.231087056887148812e-01 3.352133987460275133e-01 3.341008996850867163e-01 4.362020079980963860e-01 1.379650562358112342e-01 8.263903462903856578e-01
4.896685292087551433e-01 4.371843003080445600e-01 3.053434754142434482e-01 8.298590085420001206e-01 5.142093296496011989e-01 8.502717515820835681e-01 8.622864540253600829e-01 6.716755755298299269e-01 6.637507765406964744e-01 3.892571005588423283e-01 9.401032386032281973e-01 3.982141292017726819e-02 4.225019353577699199e-01 5.118063527517995315e-01 3.972798423363352871e-01 9.008739296240647620e-01 9.641689134206795631e-01 3.260264490674779081e-01 2.514950152799529937e-01 1.906930827439401455e-01
4.684187308464284882e-01 2.005872160161938922e-01 7.648297007169901907e-02 1.880839255210164929e-02 1.713605114130378748e-01 9.810559954135920080e-01 1.760154731946551587e-01 5.738333565195122832e-01 7.392903791954751336e-01 9.032799913772181499e-01 3.932225772651267715e-01 5.963665279394003704e-02 8.888196987505995184e-01 8.797403003517497710e-01 5.384941854454705634e-02 1.991355638811387330e-01 7.239299934902990730e-01 6.669691035995551909e-01 2.967501501135449971e-02 3.326287364921419742e-01
8.606844248380352003e-02 3.196320127661236299e-01 4.694889574391213349e-01 1.512284773295307083e-01 4.446118583133235047e-01 3.033444021212124975e-01 3.782957205077721596e-01 3.249885050511922557e-01 5.419067756142517123e-01 7.365077223295202202e-01 1.864697822235962255e-01 9.131953826703953503e-02 9.476975588582055021e-01 3.606003521612111129e-03 9.428857864159563285e-01 7.217960064921794539e-01 7.355859899442164229e-01 7.452204528400862005e-01 3.402954236743235272e-01 9.855201101970458843e-01
8.285920309994160293e-01 7.484014289723284197e-02 9.346612679890032860e-01 8.127287442850712473e-01 7.035808020013157860e-01 4.662301516862119577e-01 2.186487730948293295e-01 1.764737676810057554e-02 8.570069233715225110e-01 3.362817493153144044e-01 2.911803528975808186e-01 8.092748871833302937e-01 6.117613497233097553e-01 7.461583861825111796e-01 4.436333368533987853e-01 9.343625918361416760e-01 9.522757172402916970e-01 2.332696358481828325e-01 8.561491556961068339e-01 4.941118656864916803e-01
9.945297030403003058e-01 5.319600455328585831e-01 7.312441675061797097e-01 2.018364485259580565e-01 2.538918036996973271e-02 3.205855019733375721e-01 6.837349829513247323e-01 4.102234784656776378e-01 6.132140388925250152e-01 3.398561370407233717e-01 2.193221090700289144e-01 8.435089419282802981e-01 6.948760994967009275e-01 9.408915865372856624e-01 8.908892083952285601e-01 9.688349095463106853e-01 5.069855074968978581e-01 9.950433924500867722e-01 6.963668202529974538e-01 2.215779229829470953e-01
4.750876435240833917e-01 4.075648267247109491e-01 6.456393804208326870e-01 7.826687358792061566e-01 8.505007237288131350e-02 8.871446060554777358e-01 5.698892176279177768e-01 8.256955609004947849e-01 5.061110926087740713e-01 7.717797116567490789e-01 8.744733774036772544e-01 9.606172909222454592e-01 2.643242568272403670e-01 8.146118120992353884e-01 6.859986471825021415e-01 8.062833866789381743e-01 6.256209197315611981e-01 3.855852408794444575e-01 2.382230180686415455e-01 4.500059496537586190e-01
7.205148329691855036e-01 7.412758119682273383e-01 7.927483615675280371e-01 4.109104358257464895e-02 7.137511601486338231e-01 8.311333437208723307e-01 8.938263095159354465e-01 2.920462258142251244e-01 7.501590195614999956e-01 9.506534935889426885e-01 6.017843430616525158e-01 1.738589863006845260e-02 5.791994467784840062e-01 1.657461419227400645e-01 9.183152873204465383e-01 3.370346896156032335e-01 5.228492853415662722e-01 3.489724126464847087e-01 9.757166788963097526e-01 7.682255693577169087e-01
1.956435398945596260e-01 8.542871325563041740e-01 8.085402784556652289e-01 9.475230829878656946e-01 4.351899689824825224e-01 6.237685308477214363e-01 4.280175470431143436e-01 8.126706574579157794e-01 5.639440325278286537e-01 2.059789078250551242e-01 6.932414944960584302e-01 4.838812006297420476e-01 7.745637798573372645e-01 4.482083571388023602e-01 7.100108151685012858e-01 5.075014034288667375e-01 5.483274879403537971e-01 6.524643862003890460e-01 5.420390166391299003e-01 6.666710631855115032e-01
1.409510108252675087e-01 2.115702069469443947e-01 5.712852883647828728e-01 3.556743105921732484e-01 4.521946880214376963e-01 8.552017295796876528e-01 8.725906356131217789e-01 8.188067493908350869e-01 5.004970668611186113e-01 6.188826197387238270e-01 3.938631930028126948e-01 2.336682235071774194e-03 2.876411894543012826e-01 5.994820425284871357e-01 5.636341903655690544e-01 8.029211016944797219e-01 5.856148713447478782e-01 9.611231410385299156e-01 7.808189235692660768e-01 5.987503296853708967e-01
4.631224942638237918e-01 6.789480036078022751e-01 7.910204288213151802e-01 4.988804207079886588e-01 7.800147453209551607e-01 2.027535289573799693e-01 7.327507214851600725e-01 7.218189179788053744e-01 1.374380315352833337e-01 9.763271232766088659e-01 5.522350874772962159e-01 1.073325090931002146e-01 4.785743748212284432e-01 2.948770230167616635e-01 6.267988319600616975e-01 4.656959120721052559e-01 2.176362666762264864e-01 7.570777187001233033e-01 7.096567248762853941e-01 1.273604626446108723e-01
7.099438787490178759e-01 8.372157241170538056e-01 7.765200766153002032e-01 6.526417983879404527e-01 8.381038958620712354e-02 5.805375065801364753e-01 3.759504317317535760e-01 3.053925927929089790e-01 7.977441628545622887e-02 3.957270687675527032e-01 3.298684774541335019e-01 3.528107830128449640e-01 8.760367873829156826e-01 7.834209694743388130e-01 9.691634469901717619e-01 7.611898849769649367e-02 4.511441131376194846e-01 6.245050067210871081e-01 3.629796176016186759e-02 7.931484781890021374e-01
2.047208088609177024e-01 1.795137051214087398e-01 1.918945141135054433e-01 4.328718844220114104e-02 1.225785859990203841e-01 1.274460883439637593e-01 7.999266874080467327e-01 4.914585439661379729e-01 6.778061043195481306e-01 5.835409446150457979e-01 9.627391351347169834e-01 1.265048982915436548e-01 4.694861761622612928e-01 1.599876620788688308e-01 8.459418877062038211e-01 8.140988217957527695e-01 3.614145645522383044e-01 2.109369105851583992e-01 2.908479848570898474e-01 7.013123031732926282e-01
2.491114241285895536e-01 1.415476760646987575e-01 2.131742783662272656e-01 3.053393755651021557e-01 6.820977793278042434e-01 5.365332990057195550e-01 1.799426064629886524e-01 5.078895360568370654e-01 7.840828352078932362e-02 1.225810489740453146e-01 7.207111878269979455e-01 3.958713471600210365e-01 6.949835471533084563e-01 4.071734487482725484e-01 4.262384076042862180e-01 5.055065798528395327e-01 7.020892271448641031e-01 6.424006619934635731e-01 3.528222292165851259e-01 7.128152289338067771e-01
6.847936339112231652e-01 9.202266412675348395e-01 4.375970099857734441e-01 9.980973231266653256e-01 7.570687343385723578e-01 4.623732285115710328e-01 5.896897413587970371e-01 3.349286000112137174e-01 6.365097704113984456e-01 9.008543629664917951e-01 5.804503464213593977e-01 5.784117331675024953e-01 2.836588459594990841e-01 9.890930539176384650e-01 1.765023678283833553e-01 4.124153487284901720e-01 1.713781056285130777e-01 3.686050477407942783e-01 6.090512511412898844e-01 9.777371813765569630e-01
2.605339702607746277e-01 9.445170419677296758e-01 4.982506868495448771e-01 9.453301229908867009e-01 9.056417500152142974e-01 9.630804071962769664e-01 4.497789505701037527e-01 5.744401372049730004e-01 6.790884512129244932e-01 8.354801255376842484e-02 4.881962149983796184e-01 7.085703121202593380e-01 4.403174163961380838e-01 7.574643399701005420e-01 8.397250932739386275e-01 7.071930391758451950e-01 9.451539410140308295e-02 3.287123433227756575e-02 9.357243880516159518e-01 8.917686684602905700e-01
6.689879637869988738e-02 8.409117040449882730e-01 8.707835457452736128e-01 4.333544133246587382e-01 1.509459435268677430e-01 2.891037979792288048e-03 8.187568424207541939e-01 9.172719067998627018e-01 2.012640943268432236e-01 6.619518037548899336e-03 1.806990094985055917e-01 3.079534860885592140e-01 6.360341330521526171e-01 4.948783037667263685e-01 4.569013774731505162e-01 2.515888029458579478e-01 1.243707689983613029e-01 1.803543587594271802e-01 7.010547097497100699e-01 7.757696610026959538e-01
7.226614599571673514e-01 6.182571725686362152e-01 5.769092531127925083e-01 1.635453962217767732e-01 3.539981354521691825e-01 3.315035124513713294e-01 2.406384912126724451e-02 4.916120467501813307e-01 6.589340481427130580e-01 7.723606890348294618e-01 9.538188640556787279e-01 7.729334904676532503e-02 7.649612524394000523e-01 1.635201784042509265e-01 6.038698673266459371e-01 8.798526155544588168e-01 4.727540746085017176e-01 7.870565875660125998e-01 7.094269613544602615e-01 6.454288894580645364e-01
9.429993175026863961e-01 7.356814260300641450e-01 1.637228164831868726e-01 3.866996626141110394e-01 9.957172723041216589e-01 9.931688836953121990e-01 8.684285859736387003e-01 9.290609411999021239e-01 1.303074130082783055e-01 3.104861027837054754e-01 3.163943757023151004e-01 5.030006983457969705e-01 6.501606985810933770e-01 2.715682170068354218e-01 4.277323128864821689e-01 6.061025928850030109e-01 4.930891770698201393e-01 9.675228740773587077e-01 3.729917021615771766e-01 2.756301346301196498e-01
5.953603422313158422e-02 2.076102543899730479e-01 4.201256930073059559e-01 7.045998658382371937e-01 3.810471597102141894e-01 1.808906407177471865e-01 7.251496534512458236e-02 2.163711229278134640e-01 5.009562488193255447e-01 6.613947160223743182e-02 6.233154803537668265e-01 7.769847414727851787e-01 2.826534506520814727e-01 5.090654873232999256e-01 3.343656778398681473e-01 5.709566086001689467e-01 3.229223209792456695e-01 9.522718940925087860e-01 2.444269373537699686e-02 8.947541647829978517e-01
8.253950706068491350e-03 7.574190872786196183e-01 3.168623543583721780e-01 8.954983756274401685e-01 9.978651591576975788e-01 8.960868952630233197e-01 6.082961054205425766e-01 7.327187122200468083e-01 4.879644442266375393e-01 3.028594853402073461e-01 9.951175985965754478e-02 4.331426661071436923e-01 3.235047079434175687e-01 5.591662304980958842e-01 9.440662282715416298e-01 8.873345033090870304e-01 6.341593762384933886e-02 9.123773371893987294e-01 1.612979830501733991e-01 3.165449719659730876e-01
3.404534732873994995e-01 7.909365642283457953e-01 8.121973376584601390e-02 4.191476033496599474e-02 5.749022712585314387e-01 4.837954441337053435e-01 7.485373046205336944e-01 6.773047333066872788e-02 5.552276129620807854e-01 3.050419953166438880e-02 2.331086700533762102e-01 6.977419856003899135e-01 6.517870233494278409e-01 4.326518521902594783e-01 4.303938729812508690e-01 1.543850103444412980e-01 3.240572160431930415e-01 3.188884628474220051e-02 6.289585242765276529e-01 2.257044582179029701e-01
4.864506022188866963e-01 3.260102352044935703e-02 8.803573402525106673e-01 7.210157169992474913e-01 5.175401324894449706e-01 2.425466044607976768e-01 9.738546990914214163e-01 4.678114538073382400e-01 9.093918933880490441e-01 7.745887348557990437e-01 4.086460942311226363e-01 9.840089127937221569e-01 9.428053687128405969e-01 4.730357479274563959e-01 2.375293148235360086e-01 6.831702421856946650e-01 1.874110942809085190e-01 5.487670452857151826e-02 5.039119599703824059e-01 1.777506448270859130e-01
3.490746140047118473e-01 8.583968059787009386e-01 9.852228746656607195e-01 2.957651456399723600e-01 2.300390736032182915e-01 2.415572783472272889e-01 9.274681380297395972e-01 3.742125733684199540e-01 2.669408566715131270e-01 6.961840017282772131e-02 4.122372146210862009e-01 7.219932337587107174e-01 5.185622397068450073e-01 2.383352221677188520e-01 7.381294008520870031e-01 1.867120995246159820e-01 3.084940731357491694e-01 9.478352761181600972e-01 8.783079154379991316e-02 4.466247942293566364e-01
9.783260357334303547e-01 1.264528311358819046e-01 7.267718605543528332e-01 9.557217152298340679e-01 6.447387862432993888e-01 5.192456953857463864e-01 6.704750488699458000e-01 9.984739575208012585e-01 4.366892659177640246e-01 6.784812455820061761e-01 5.236831003123598727e-01 2.434024200491563539e-01 1.337252513097648698e-01 7.247283765126704136e-01 6.000265649310432270e-01 3.590750798724193782e-01 9.799453100940789252e-01 6.052204862862100576e-01 9.852233800838914313e-01 2.084846176332461054e-01
9.265128914198506038e-02 3.313255437096422895e-01 1.915966124543795335e-01 1.903992121788027347e-01 1.579752333571833312e-01 5.840953561519409698e-01 3.071790659130640977e-01 9.260134203313514778e-01 7.073522250403240230e-01 1.360861125429033702e-01 6.488646050259579967e-01 8.556143828818937314e-01 6.245520866609332034e-01 2.394578325636129712e-01 3.544929893266755005e-01 1.837711541047046815e-01 1.205510832047788083e-01 5.308202996020046083e-01 1.939786404176164769e-01 1.255655369954492562e-01
1.086538617470641510e-01 8.795427030425257975e-01 7.191930530211919637e-01 5.053982274480472991e-01 3.642313780727046701e-02 6.635425605582724318e-01 4.267206192614653171e-01 4.406380618364348356e-01 5.508626609572080390e-01 7.120039077265867267e-01 9.760424815265810183e-01 4.905066883822475354e-01 1.359124659407803248e-01 5.014575626108779272e-01 5.432017995763616103e-02 2.780005280032589177e-01 7.774020298571915344e-01 3.234850691964679115e-01 7.146002020578176017e-01 4.448545805048811363e-01
5.645717800167331379e-01 9.252184877403897278e-01 8.435180845953309525e-01 7.349135391033437825e-01 2.978518518257274872e-01 1.737223911569554247e-01 3.521151854794846159e-02 4.145178576047161556e-01 9.555191668229341406e-01 1.831061490771882516e-01 6.121353793272132915e-02 6.834504627838311475e-02 2.161842783042593474e-01 6.494362335394503472e-01 8.996807695582338393e-01 8.214298431434383652e-01 3.510129240672142936e-01 3.551456509467191269e-01 7.904845639612753105e-01 6.448047305451501954e-01
3.219376431896781021e-02 2.888803180646426494e-01 6.060621269389012689e-01 1.738852484676105536e-01 1.963232835925112774e-01 3.121687089182921815e-01 5.561288584625618814e-01 3.554052502896021259e-02 7.203448104820060482e-01 4.599601709773118996e-01 9.897308613032426150e-01 9.965996715102263259e-01 8.128502611792755017e-01 1.025247140114323718e-01 9.497113644134522747e-01 1.457602954491594716e-01 1.073930192245584614e-01 4.525784987006883364e-01 7.962531610071543753e-01 4.681296417017500877e-01
5.595445330381673132e-01 2.142317444571472107e-01 8.353824341393858433e-01 5.005034852771166332e-01 8.990847649218071114e-01 7.159413639981730970e-01 3.291332938920690232e-01 5.103338978791027714e-02 9.571445138889228543e-01 2.991413912126350549e-02 3.884364880842530177e-01 9.221797398414620650e-01 7.953250347857065972e-02 5.763787225380493373e-01 4.788814201145658034e-01 2.837991272897966155e-02 4.321600149939976987e-01 4.822234651846732945e-01 2.294358391524605745e-01 6.042758255170781467e-01
9.031263600676964209e-03 3.987286839313506359e-01 8.332422464650581784e-01 1.720238758518396471e-01 3.934750940676789988e-02 1.199653894040119129e-01 7.063474978648738301e-01 6.524783201627493145e-01 1.957375472457691945e-01 5.565776792774591586e-01 2.594477799686553121e-01 6.066214644563930891e-01 7.976262438707083513e-01 7.234005933728071547e-01 4.760955818508308957e-01 8.831850660500029093e-01 3.160862121429186544e-02 6.047474941328392362e-01 7.331820483168383085e-01 4.485594344679236789e-01
1.478285555191733991e-01 1.225287705427564600e-01 3.430536853935340913e-01 4.795579937118267244e-01 6.113786921807567998e-01 3.648581616642216918e-01 8.579145312218032782e-01 3.122665806743446515e-01 1.190752644345192124e-01 6.494496861650722597e-01 7.744342022518118096e-01 9.169366652362365144e-01 1.766864180924416772e-01 7.770861938482096498e-01 2.566166259215085788e-02 6.637410012716076224e-01 4.477523671820403672e-01 3.004526993618231723e-01 1.381236157800642683e-01 5.218030137057291240e-01
9.880941282866341213e-01 4.122515272556205312e-01 5.211610306507287182e-01 8.390444176938283150e-01 6.555563259954110267e-01 6.556058576305079377e-01 9.084657969797327315e-02 3.872870995488149060e-01 2.312839112168295630e-01 8.309448304533162410e-02 6.508707925048289322e-01 5.598058148528178846e-01 3.703083773195556816e-01 9.294746575725750803e-01 9.472356395455187039e-01 3.754901527689333829e-01 7.347336003390710912e-01 9.044674619778069191e-01 6.515707236425126725e-01 2.977298392688003670e-01
1.149078454631252688e-01 4.022966950815962672e-01 2.432802630847930025e-01 5.831146514130910452e-01 9.897590922802490532e-02 2.933015418222139070e-01 5.140533746680218119e-01 4.789178041042918554e-01 4.771861271396535820e-01 9.694285649420708584e-02 6.102650089741664674e-01 7.641441661651204864e-02 7.688439600106685701e-01 8.582690866168967148e-01 3.114268684000690568e-01 1.121511374377247572e-01 2.796893210322454193e-01 9.080646812769079812e-01 1.712572208983133004e-01 9.133322006792720105e-01
3.753447510344577465e-01 7.772549831492957528e-01 4.583632745385306517e-01 5.674887789990639142e-01 7.960437127346768893e-01 1.273718877355431989e-01 2.182915751761791423e-01 8.197403554698746708e-01 3.350829663496850408e-01 8.958240508110808520e-01 4.386147901187119613e-01 5.381796470389580422e-01 8.367372890479589653e-01 4.439686358543536437e-01 2.781422424763995149e-01 8.312040170254360039e-01 4.972573169150767969e-01 1.319732818904206795e-01 6.488685264063037694e-01 1.215524451763572156e-02
5.468600478580016855e-01 4.926508663946976840e-01 4.576953484736620004e-01 5.759085531478784770e-01 8.784476673964222160e-01 5.654413732334417908e-01 4.365415218343611237e-01 1.080605551061406544e-01 4.000938297769544016e-01 2.846042448013098580e-01 1.132000845971405933e-01 6.171438897137202506e-01 3.608373545935463778e-01 1.976412536887197646e-01 9.895150596532169551e-01 3.066906172699357391e-01 7.428767393366636496e-01 2.849700024458468040e-02 1.863492358708748187e-01 2.319311636630613238e-01
3.398153380225010789e-02 3.461457355224514254e-01 1.485270337136060936e-01 1.782929568713893520e-01 1.734488292139568788e-02 4.021309409194758766e-01 6.585600085587413055e-01 7.304446712299716982e-02 4.976151501567872559e-01 1.768328476913777481e-01 6.630014187282251559e-01 4.565917689385750045e-01 6.839015333972580102e-01 2.270182340756204953e-01 9.703468422791758918e-01 1.769572240748307212e-02 4.349222471621938535e-01 1.082613600791327846e-01 2.751317437913414210e-02 3.632848259192181795e-01
4.586500295881695832e-01 2.516109165442428353e-01 1.252195469400089189e-01 8.029458862373061168e-01 9.728632148270823787e-01 4.821356411701810396e-01 9.222608147914245214e-01 1.574793025929273060e-01 8.285310267489425229e-01 4.518960259531205059e-01 3.806841803448479666e-02 8.349774681592747605e-02 4.086005642054081344e-01 3.287060412188248515e-01 3.669201708055820355e-01 6.311327641902214625e-01 9.516624016072068315e-01 7.775935184509787934e-01 5.293668261508784889e-01 5.678050974244700511e-01
8.698902138282941232e-01 8.455129242877000850e-01 4.355497150063041278e-01 7.297090192693035382e-01 3.121640666019954713e-01 3.876582154619649945e-01 5.555188838647711069e-01 6.379433651303848540e-01 8.213158976313174042e-01 1.242683952293840433e-01 8.629818746255594197e-01 3.812334241890984465e-01 2.429667125683265816e-02 3.182482694147571456e-01 1.501437947074683033e-01 3.485164858014377920e-02 6.960210247749493151e-01 7.430007469804988940e-02 1.527315336446447569e-01 7.009830710521292030e-01
1.348743398465611643e-01 1.185337956413899940e-01 9.701377651377385281e-01 4.244818160124318451e-01 3.934121088324061821e-01 9.265196479376884842e-01 7.599419975150270012e-01 4.520148886887467299e-01 4.677963874564929903e-01 2.317041003725480719e-01 2.166395636049645024e-01 9.842016363080317021e-01 2.013589063555664138e-01 4.662022246434673889e-01 2.423746040815585312e-01 2.961322815198679237e-01 4.876066979392833511e-01 9.302183776912108515e-01 2.571971294467532143e-01 8.772392049808237502e-01
6.115309618739225295e-01 8.877728628856004223e-01 8.881919870262986461e-01 3.623102973307718022e-01 4.630227138793774344e-01 9.726110426829239763e-01 6.298135557780009108e-01 1.802426590011751983e-02 7.271880266004139282e-01 2.901985625922306467e-01 8.685866473080474659e-01 5.950935044430253340e-01 9.155192975628182461e-01 8.717764055187762207e-01 6.701965105515167442e-01 7.770854001272300415e-01 9.000306693219568555e-01 8.091772622192072717e-03 7.004344793267878178e-01 4.917121532639903148e-01
2.567315303269207538e-01 1.045407455427405097e-02 2.697268735082081204e-01 8.780435802274462187e-01 2.480729648645862984e-02 1.094134998384066471e-02 9.665817366774269725e-01 7.372618875343461831e-01 6.962901547394793056e-01 8.806720904733783550e-01 7.765531377601765373e-01 3.279826029646214502e-01 2.125499568688504759e-02 2.414027601473526241e-01 5.984414177574981508e-02 7.788467880626029904e-01 9.033827925757567101e-01 2.665686709460792780e-01 7.666233068324020961e-01 6.164507874317473046e-01
7.516621544071825367e-01 8.126237222974270757e-01 5.559546778636655917e-01 5.648591058490189942e-01 1.509971128496550019e-01 6.299369510040905284e-01 4.571363441825597729e-01 2.514226826272749626e-01 9.242496627799261510e-01 3.169370434832294858e-01 3.557017878091102148e-01 2.000223136886936093e-01 6.682225475159627726e-01 9.884542317026415725e-01 1.150415466882149795e-01 2.496885855314561198e-01 5.478173580693433964e-01 2.480886439363974016e-01 6.759800405489757580e-02 2.020965314432289217e-01
6.353482544102069252e-01 4.427591316097100327e-01 3.393167530939994458e-01 5.124152014491704099e-01 2.775056515633491649e-01 8.824885488781024634e-01 6.489853557367097903e-02 2.525224162116047610e-01 1.529049647335657403e-01 2.593472272550956248e-01 1.162978758486579167e-01 5.905375100510391606e-01 1.936811471426722608e-01 1.110639980686548567e-01 5.333538739600057754e-01 2.103297153838451505e-01 2.172630809627916770e-01 7.454973457927316360e-02 6.252951455434591077e-01 1.381451597244419682e-01
8.909857797007885161e-01 7.256969505169974521e-02 5.907657062956092053e-01 1.138391221631775974e-01 2.733727129156591218e-01 2.639367723296954793e-01 8.935710954918013593e-01 3.140523649299588049e-01 8.769341087236992571e-01 6.121648267198340765e-01 1.384079202269599129e-01 9.223085424141070909e-01 6.663663768780621055e-01 7.196273080955716273e-01 6.537715258856406919e-01 7.668025492008873067e-01 6.385341262919846939e-01 9.061886076169937132e-01 1.445706168983185158e-01 6.460222940829045690e-01
2.513313206356850849e-01 3.829744732235011995e-01 2.004917016749317993e-01 8.544144909097411977e-01 8.620400781121351219e-02 1.681372139670646026e-01 4.957863724286959428e-01 9.185752327055686228e-01 4.197818674437493458e-01 7.591904380703731192e-01 9.892440023653649162e-01 5.905079021220237534e-01 5.334908716002821905e-01 1.383699667407055633e-01 1.240512576564317682e-01 9.696982394551325601e-01 4.284406231257409381e-02 7.034298326994677941e-01 1.688655501952124327e-01 2.511675070604779680e-01
1.728305463943557996e-01 3.726333045180758585e-01 5.271290329520718076e-01 7.580596236857867209e-01 3.092794330061096053e-01 1.092193453280367876e-01 4.234872036548975593e-02 4.948112032823278605e-01 4.441643347472499226e-01 3.643606767388041234e-01 8.070046324463548970e-01 1.991870956127914649e-01 1.000504002950921567e-01 6.099987455010813520e-02 8.065463950251933190e-01 2.619894577095379651e-01 4.498494275077585813e-01 3.979530108745541472e-01 5.407448372644050316e-01 1.987773852633601956e-01
4.991692016267439413e-01 6.225913776113756182e-01 6.500218393883054890e-01 2.605722364992409945e-01 2.215155325920208362e-01 4.595742203426698147e-01 1.675543962876235859e-01 3.721504583614969608e-01 3.384113084452465836e-01 3.950540289563985175e-01 3.591633213014688852e-02 6.476900979507848044e-01 5.838909025382001960e-01 3.536356072839941245e-02 2.762810306638688873e-01 8.979616725378979369e-01 1.486156401644302960e-01 8.178137865371736259e-01 2.953248615291709234e-01 5.786171605482752778e-01
1.493718364820882938e-01 5.530612423424466906e-01 1.190649193592492328e-01 1.923538215079373392e-01 3.548132380391844087e-02 2.831124494910518541e-01 5.331884035146863265e-01 9.745072859820139710e-01 3.971066786959835948e-01 1.538151128999316608e-01 7.619769668786435801e-02 8.810186448450250118e-01 4.457547769897710621e-01 9.437145150366299529e-01 1.791241281733183532e-01 4.703107785653337647e-01 6.579100676077775933e-01 3.751186260852675813e-01 9.986452251927774304e-01 6.390647387086936249e-01
8.490640442335833926e-01 7.774857109626287510e-01 6.590669036444573026e-01 4.480863195143678368e-01 4.725085167841466260e-01 6.651495426117448595e-01 6.571010308890185003e-01 8.614559966841563998e-01 1.692505974072000541e-02 5.931026787355925256e-01 6.289647070039078303e-01 6.294207326002856373e-01 6.003211360628046833e-01 3.409127352738605676e-01 7.462753807260571470e-01 6.561505168366302820e-01 8.878128334052105552e-01 6.387307311733511073e-01 3.788795277735647060e-01 1.251307970038350037e-01
8.118083749972090368e-01 8.647139152019341912e-01 6.245541719635026023e-01 4.236258889027451069e-01 2.296505499863376043e-01 9.305284464854269855e-01 4.134579295906030127e-01 7.585708681229382799e-01 1.478424833731436516e-01 7.981490096527645850e-01 3.971568018067522798e-01 3.598789962064212755e-01 1.807241530997405476e-02 1.476948979285416241e-01 2.060228372056197577e-01 6.372274294572757292e-01 4.990195957347584033e-01 4.805040185611788583e-01 5.325959043429373541e-01 1.548806874453515503e-01
4.320417505819784676e-01 9.835325491783611929e-01 4.325892535046379495e-01 8.616721652577192803e-01 7.482341462505108787e-01 2.363323593667998601e-01 9.465327239870457987e-01 1.043118240153626530e-01 9.746503615976165324e-01 6.923955955117412353e-01 6.633753155375349264e-01 7.969601499878372630e-01 9.778252921072709825e-01 5.939462939462368807e-01 3.714934081968156443e-01 9.974321808466357631e-02 3.012697219809277183e-01 6.001923847507247833e-01 6.193009140761958076e-01 7.724791444792432626e-01
2.274238330577487144e-01 9.680492468073491619e-01 5.094109434684886972e-01 7.042591099409700739e-01 6.197559039226524513e-01 1.244301953816339124e-01 9.582859086630068912e-02 3.949524470218838124e-01 7.374249728423848405e-01 5.983110310876691429e-01 3.379998381459511370e-01 4.776004150476274024e-01 7.479245881345644165e-01 2.026901755894997548e-01 8.537770521612142449e-02 6.937823412770476317e-01 4.865816421900165389e-01 8.264800390537806463e-01 8.350171931491782162e-01 8.530544037340027641e-01
5.671822708229266041e-01 7.837579364594929876e-01 4.937559579328263393e-01 4.559728188788481074e-01 1.144785721794218114e-01 9.041895679537658159e-01 6.469747158138875465e-01 6.403636547102006249e-01 7.419124158273533443e-01 2.481936058212419471e-01 1.860294538410122156e-01 4.140789645511576689e-01 4.109261259746200823e-01 3.953342610312979843e-01 7.957164825194269486e-01 9.961436127701859267e-01 1.888538978256900647e-01 2.446234497147355968e-01 8.156593943349854658e-01 3.594591246687779407e-01
7.203261547436291545e-01 2.574089132784690426e-01 7.618633383377424462e-01 4.968347556733762049e-01 6.801981878422329597e-01 2.694280207747872247e-01 2.198997648027968266e-01 2.236936302271383958e-01 8.375951371293768322e-01 3.118635331474712835e-01 9.788047130928417827e-01 8.242262360702059532e-01 2.588052311712638609e-01 3.557055620763471815e-02 5.671323384745741158e-03 7.769532926898834457e-01 5.799310018535980271e-01 8.603069102798334145e-01 5.332167768718973910e-01 2.764253224689294797e-02
9.669612878006451639e-01 6.474186956699792272e-01 4.749666672109287280e-01 6.992935790362519999e-02 6.910412657349253029e-01 6.785988285046519186e-01 8.493933623255743859e-01 6.829426791421711052e-01 1.656210192332251419e-01 8.026351451023617800e-01 2.859368928708372337e-01 4.340801857312467371e-01 5.005658992387722606e-01 3.805375145039073814e-01 7.837929942740466949e-01 7.627966728082276049e-01 8.546431828059835034e-01 8.878841311114000767e-01 4.378896476981097852e-02 6.725780695557025401e-01
