9.198603871311848978e-01 9.196287152990700875e-03 8.011886652015060006e-01 7.585694830466823690e-01 6.700797513486445034e-02 2.133383109987639914e-01 1.143598426376587485e-01 6.501909703060916312e-01 1.520237509555966149e-02 7.793063548226255577e-01 1.757799837910855034e-01 6.938028039850283601e-01 9.776481267884979953e-01 4.106174501837204227e-01 7.368229565608724885e-01 2.831806577621676091e-02 7.729747347174181771e-01 3.497609076955081608e-01 6.719431749594256820e-01 7.057919641745713513e-01
2.824107254623181573e-01 1.408029375368363700e-01 6.662799558013060564e-01 3.667262933567747574e-01 5.388041165141405076e-01 3.779743838046647486e-01 2.248735369973711151e-01 1.128522488156316061e-01 8.263465000360468160e-01 4.941930926182065420e-01 5.522173578567820540e-01 9.616784727035779801e-01 9.698204421595300051e-01 6.630888535412197138e-01 5.686233291344072738e-01 7.770078602904114673e-01 7.593172419300325826e-01 6.967965954526884609e-01 9.025187843974371571e-01 9.587220782108072381e-01
5.209939303944888245e-02 1.331279046757730677e-01 4.919336561898804971e-01 3.480536314016302590e-01 6.655989971712142905e-01 7.385224702137980213e-01 4.790078086920721567e-01 6.214276664087409197e-01 9.444634989265678904e-01 2.554088513330279309e-01 2.454533733029770071e-01 6.787503879373616433e-01 3.377482891552791022e-01 3.298601697763933194e-01 7.407372518930124272e-01 8.630055138313735830e-01 8.833641972555461575e-01 1.773297617788192060e-01 3.891824819462313956e-01 7.909572022759129295e-01
4.947623709025895655e-01 7.236355087226035154e-01 7.319956801048094208e-01 4.680076250058448073e-01 7.144269979651880487e-01 2.255509362501768589e-01 8.068290314868125090e-01 3.197843599338350273e-01 1.330211062783283049e-01 5.819376911554737797e-01 4.657810113187152989e-01 4.934651172928399276e-01 9.229339284079028927e-01 2.008364981069680200e-01 1.989170562460481628e-01 9.316222529698526822e-01 1.916927313075286188e-01 7.617268940089382268e-01 7.502451482637133573e-01 7.363080038591777177e-01
6.041884328523583481e-02 4.113654955736832930e-01 5.439758937949545903e-02 1.091248178679923297e-01 1.556428993627959612e-01 9.066612894669201506e-01 8.262732729234977258e-01 9.359510986221647455e-01 3.377038598492614341e-01 8.644518457575181003e-01 6.246253466547810884e-01 3.892693432854233970e-01 4.814293544743407649e-01 4.206741449273746491e-01 7.164648290109095763e-01 2.558051629573647734e-01 1.782498216548100700e-02 3.439705476978727194e-02 4.889399105477920671e-01 2.742848415558418740e-02
3.779503700588123793e-01 1.353068565183477290e-01 6.996603735666144797e-01 2.819233905833536946e-01 1.240402424370711243e-01 7.970941812418331773e-01 3.828205823815261644e-01 1.817188734342609635e-01 6.148171483026066975e-01 5.576995959134108949e-01 3.412667753832387962e-02 2.443153772270200141e-01 2.778173586549688157e-01 1.054924388143210212e-01 9.983837453160344655e-01 5.102254095485639906e-01 3.293535971779569804e-01 2.706269378662400360e-01 5.335113490037187711e-01 2.538156521272041388e-01
6.215794944754263751e-01 2.189996332320637284e-01 1.748240694213282209e-01 5.040442765774744149e-01 7.612543413405106207e-01 7.056638547613629520e-01 9.362005792599370491e-01 3.372487758920019729e-01 9.995053148520738340e-02 9.169909972161193190e-01 6.254213491696051230e-01 4.858551556965553520e-01 3.608840728753848204e-02 8.702276439832986599e-01 1.285342058459261194e-01 9.467627670775285997e-01 7.681589928353608210e-01 2.034026760892840846e-01 8.317402789898231674e-02 7.346399808951381560e-01
6.222514659920191926e-01 8.323030408414321402e-01 3.808658665414921263e-02 1.651022029330972973e-02 1.567313901434939094e-01 8.143665499459973312e-02 6.274626365282394147e-01 6.044811697838827769e-01 1.314416774546123268e-02 1.791171480057046628e-01 5.738487498369971851e-01 5.399000668599511776e-01 6.779707718713336995e-01 7.026174410788199598e-02 7.211064030898368671e-01 3.703041798737974899e-01 5.855086566681177995e-02 5.857147843865129211e-01 7.179038234700648724e-01 9.314222857480390916e-01
3.461477822700839146e-01 6.008443390547844043e-01 9.513457519402362950e-01 6.480766366260285460e-01 8.389418568351236782e-02 4.788891255764430310e-01 9.937763045974922216e-01 6.814773667886320219e-01 2.733811352685113771e-01 5.905564391084827669e-01 4.282454100913468675e-02 9.912757235918817633e-01 1.332299111510284462e-01 8.566994535557974633e-01 1.628065037241622770e-01 6.084014946158756709e-01 9.164138742891871914e-01 5.031133292294475146e-01 2.563009500461055357e-02 8.686414109455599109e-01
3.027007625409563474e-01 2.187240381132342648e-01 1.325857162305742465e-01 7.562029358720468997e-01 1.850543019584692805e-01 1.720929890292520748e-01 6.770149060214802894e-02 5.399772014542495446e-01 3.799117797160223020e-01 6.016796073130799005e-01 3.813507045687112296e-01 5.367109050865306319e-01 4.135780367567051252e-01 1.880199327311304902e-01 1.519176524917890125e-01 6.823763379803815532e-02 6.160475545576852285e-01 1.116804100440931258e-01 5.153824796334670610e-01 7.461891118942798329e-02
5.378639290851470189e-01 7.886565937416629701e-01 5.687147554394450522e-01 2.715097598391742473e-01 1.139583677501199155e-02 3.138979509635362319e-01 5.782370933210534414e-02 6.137578169350970114e-01 9.973186409091256976e-01 1.164423546445438884e-01 1.684715893825228239e-02 8.660640542723478941e-01 7.677639506112037271e-01 7.671343295284688280e-01 6.603742171804516392e-02 7.547566433123009677e-02 8.217977982960693595e-01 6.015414741332026916e-01 7.752807888544829273e-01 4.274444478228089928e-01
6.898664746749535448e-01 6.233432095651119109e-01 2.979285559571417386e-01 7.724948792363910410e-01 1.540437327570193249e-01 6.156679424473836537e-01 3.814697087776627304e-01 5.000883835012915890e-01 6.686005499902006877e-01 3.019356383179881975e-01 2.032785054952456205e-01 8.924636127389713458e-01 9.490249112900771555e-01 8.636770767586058328e-01 8.990407421129296139e-01 1.279499276103599481e-01 4.068287692125360788e-02 4.894178882697429733e-01 6.245702149967935490e-02 5.021346006737632539e-01
8.096982585906187246e-03 6.657316417433112310e-02 8.031830957701069362e-01 1.456894947924478600e-01 2.001094738206011803e-01 4.845619232722017111e-01 8.421068827719202510e-03 2.891986593139118655e-01 1.742425181091089570e-02 4.790369858668481751e-01 2.312662917259105111e-01 6.743812866671086148e-01 3.656616646165663509e-01 3.671866045965785919e-01 7.113933769136259189e-01 7.149878751494649354e-01 6.033114315213099488e-01 4.696457692015769680e-01 4.446106610883183707e-01 5.704573728760058415e-01
1.463706070762490485e-01 3.170362785566466224e-01 8.067891269795434139e-01 2.145498348296061009e-01 7.687758673390232556e-01 8.561258919275982482e-02 6.247933372886134151e-01 4.918309737190280639e-01 9.313430910154831821e-01 4.181121865126357084e-01 4.347257380354109246e-01 4.166317029343239442e-01 2.045824523272341544e-01 2.877918838027420101e-01 1.660325406186865527e-01 8.757698778570864873e-01 2.881683763386418962e-01 9.953490644037399360e-01 7.064587986396286823e-01 9.438102797267203803e-01
2.325206636300384266e-01 2.665784883551726159e-01 5.713912013320557870e-01 8.917102772815748146e-01 4.212000127853303688e-01 6.054545252897062246e-01 1.992443706549997806e-01 5.768759096303412992e-01 9.327669569353630452e-01 9.704044604919466188e-01 8.459485816584929596e-01 5.663330493475760008e-02 1.020829605973664345e-01 2.335990901958744370e-01 5.415179809838311931e-01 9.176621604517725128e-01 1.301973859225565855e-01 2.792391812575590881e-01 8.319623691807422894e-01 4.263572729105452597e-01
9.293652223887486352e-01 5.957113899183108519e-01 2.560774022288724305e-01 1.886747415067556721e-01 1.049271251974367436e-01 4.329714525004637604e-01 8.976130838651543709e-01 9.156479978182766599e-01 3.076343365177807154e-01 7.630698888115642342e-01 8.142261182994047219e-01 9.345407704697783480e-02 3.810368618692958620e-01 5.869430782217976983e-01 6.434572305412804560e-01 9.464279309919934047e-01 7.046098139047130005e-01 2.966180741944427490e-01 9.609857853478971368e-01 5.683617599032703138e-01
4.538179976893432777e-01 4.892847975829933693e-01 6.278621849893237794e-01 8.211957661112662121e-01 4.379062047178279293e-01 3.881529469548410383e-01 3.985761895521040543e-01 9.365760576462658360e-01 5.907001562574918374e-01 7.561819408803662768e-01 1.258347854780473840e-01 7.642052004717122538e-01 8.854689263762268725e-01 7.512936107479757375e-01 5.187701869663102761e-01 7.711993268207948393e-01 2.365195305139893289e-01 1.292505199191382737e-01 4.627910206598018217e-01 6.412679928323408163e-01
3.936811359275258493e-01 1.083945305411518900e-01 6.944188541128583081e-01 1.311402771224634556e-02 8.730615152281584468e-02 6.018022978012217417e-01 4.227856742974993587e-01 5.101195282793795638e-01 2.110002172167025902e-01 9.385046643859555893e-01 5.491660817448299481e-01 9.602019511941768393e-01 9.708510900215975292e-01 4.227207038252522864e-01 7.131063831909646433e-01 5.291858325413032471e-01 8.434590536256508786e-01 9.861811875607694455e-01 1.411662407584690637e-01 9.891761673584539283e-01
3.765644786221514773e-01 5.310477952057521822e-01 6.810191281264869056e-01 3.050284179782200011e-01 7.109017812511260193e-01 8.052064098391344960e-01 3.227430445495638178e-02 9.511515771188856494e-01 6.214319284873734972e-01 5.946719722237251426e-01 2.521466586339183857e-01 4.152678164116957449e-01 3.109657668961791632e-01 4.365207922250006201e-01 6.482975896983691477e-01 6.680833532140352249e-01 7.194414452947400784e-01 4.563020907891945921e-01 2.196096150233044497e-01 4.322303527317135075e-01
9.697464785320012437e-01 4.636739800601306083e-01 9.995886096538892929e-01 6.029708503350905691e-02 5.286058417031234136e-01 5.954702513756071625e-02 7.311949132257351547e-01 3.251135975482725149e-01 7.388230189899511746e-01 4.285413288792668807e-01 6.393945951218741319e-01 8.769571009842989096e-01 9.065033911115935039e-01 1.696569472450466520e-01 5.733006268052953658e-03 5.011552781554732272e-01 9.015700913129650607e-01 6.926495303157648165e-01 1.205875254726354040e-01 4.653728363140221536e-01
3.583577102754474941e-01 4.331933382707686686e-02 6.002318309017988796e-01 2.210005944800004229e-01 7.627906700652178351e-01 2.808028511614040212e-01 4.209977772768308535e-01 3.044904463846760390e-01 2.431515087643140172e-01 8.383829895332958193e-01 8.368606321827216643e-01 4.654197172622114298e-01 2.608259879929937242e-01 2.765119401501413554e-01 4.946595744837669617e-01 9.945955659757357292e-01 1.987258103777959084e-01 7.374575123798899901e-01 3.079468125409023926e-02 5.926044980612663604e-01
2.099640653265359980e-01 9.812330706432311755e-01 6.817134025867769287e-01 4.078857306353078638e-01 5.659192478699548445e-01 6.479268081556724956e-01 4.718287308075386211e-01 3.380170555220204376e-01 8.662935371320914513e-01 7.408801378095523082e-01 2.190071956810124565e-01 6.796717144783318565e-01 5.519414233546660054e-02 5.542883936892722962e-01 9.302016679997304749e-02 3.439150330949943823e-01 7.709771983651008131e-01 2.430751419452455986e-01 3.222210145553328076e-01 7.275817357701104271e-01
6.106704735438150955e-02 1.017815706969233958e-01 4.520101969551574284e-01 9.028562013383401030e-01 8.432011685191236339e-01 1.906074484384301382e-02 5.562416919718873309e-01 8.053549632055800878e-01 9.796869427469524494e-01 7.212978677612834622e-01 8.592557836933305548e-01 6.475846443585975276e-01 4.223600199804660171e-01 3.102506557421125244e-01 9.962768316630148391e-01 6.362399147733807103e-01 9.939405251928230545e-01 2.491807775821829329e-01 9.468550223077254469e-02 6.340787024612170031e-01
9.219535834503677085e-01 2.402832865436566046e-02 8.409156680278273566e-02 2.543590135685236397e-01 3.622284894392345800e-01 6.786221325807914040e-01 4.902011989528920477e-01 2.580622233991702874e-01 4.092244018406699935e-01 8.272725781710585924e-01 8.707697878397976377e-01 9.235465451177067298e-01 2.777011493064523995e-01 7.417029127685172973e-01 3.638868871968753416e-01 5.529248192271762896e-01 2.759959767917442575e-01 8.048460124440766084e-01 7.647008651434619164e-01 2.382270324708608555e-01
9.663251708199727119e-02 9.943238158091017853e-01 3.424142727795874697e-01 6.122480608054090556e-01 3.311399963807799551e-01 2.766593016942590078e-01 5.709596349807242177e-01 2.232143411892544282e-01 8.045881880540814990e-01 3.908865486605156425e-01 6.239129512299623759e-01 7.581794003838462359e-01 5.319216308399529192e-01 7.406453313014467188e-01 1.432934110402644956e-01 9.466971080957895524e-01 6.641214313165832994e-02 7.893298662999725934e-02 9.147394687012576631e-01 8.920212651158692108e-01
6.678203557037745153e-01 6.584039652714370749e-01 4.928540420598875871e-01 7.607684999540405002e-01 1.982988445898837826e-01 2.448665502168136943e-01 6.267086158300090304e-01 2.300214964419978747e-01 3.350764243155427424e-01 5.957914833296805712e-01 4.411370017068272364e-02 3.610576634890128034e-02 1.638670682618801333e-01 6.384389831425700823e-01 4.687166869125309887e-01 3.584876787818430666e-01 2.826914765010802855e-01 4.249405376338627471e-01 2.766960546939818411e-01 9.967155808670546957e-02
7.098774492618343812e-01 6.821334937374857743e-01 5.133972932562262947e-01 7.717468486448177956e-01 7.265423165273907635e-01 8.125644087011349992e-01 8.102334059866704852e-01 8.906505859187276997e-01 2.400755044884386180e-01 2.053239233281624054e-01 2.168169084244832012e-01 6.969621279086605226e-01 2.541704570097965687e-01 7.627363956276823620e-01 4.462985691082940187e-01 7.071953662955524633e-01 7.810310395772910308e-01 5.975459440498257502e-01 6.449564089735592143e-01 8.398645324449540706e-01
9.063231838247813865e-01 8.652484792997086060e-01 7.613865376900043058e-01 7.969362165657671859e-01 6.070422299434612423e-01 2.588482866150828565e-01 4.466559333734272386e-01 3.738365866760952061e-01 3.237665982177034829e-01 5.948914047731815868e-01 4.271096697670894171e-01 5.888315407579813865e-02 7.685600011453270763e-01 3.123652664488389963e-01 7.166345050363995828e-01 5.630409035873882306e-01 5.000605941049807157e-02 8.607658648815919022e-02 9.218083037293489657e-02 2.781812822260552043e-01
8.241713547613113144e-01 8.041904029918411911e-01 6.400754135606090411e-02 2.855712961776806225e-01 9.638167654037190779e-01 7.024884551899119867e-01 2.131307905295064531e-01 1.962213764462927834e-02 5.840052517127984899e-01 4.113386554198888989e-01 1.630985151211653550e-01 4.711337994435571552e-01 8.509148869126709203e-01 3.659408482964621179e-02 2.104055013868777468e-02 7.324721295765923568e-01 8.104289182801339697e-01 1.052468900386775985e-01 3.421525030175636140e-01 8.355777479962275267e-01
2.244856713001701642e-01 5.847966227732791511e-01 5.164449024007479183e-01 7.332519706122936354e-01 9.650034393755667628e-01 7.459462190562946571e-01 6.242030349877686346e-01 3.381282400012666223e-01 1.409316615835720654e-01 1.996528337369276596e-01 6.317452074296826536e-01 4.732407606173993919e-02 2.935206127516433172e-01 5.942770253498999011e-01 2.073431291961790324e-01 6.129125800357680953e-01 9.738397612372318157e-01 6.684194663580576012e-01 8.039604935914487216e-01 4.618399630851238724e-01
9.894309386901389836e-01 9.932134089163296986e-01 3.396439020139112586e-01 1.442115270465659238e-01 9.403485314794881589e-01 8.513342715083059842e-01 8.010758601860594741e-01 6.723088425748986463e-01 3.888423408208234733e-01 5.316721205784469273e-01 9.977741605916479184e-01 4.663739433862104100e-01 9.265424921543127246e-01 8.509317493687625911e-01 5.316165342490389856e-01 9.688867113165549050e-01 4.117771857689792592e-01 8.390199264660828105e-01 3.796624682603997325e-01 3.955653743179714521e-01
6.628022710068739443e-01 7.453018237783500810e-01 2.420305505353970155e-01 3.201297562068842195e-01 6.168756639146234511e-01 7.317101077465284487e-01 6.530227171607985159e-01 2.941943787754626172e-01 7.209202587232677040e-03 3.300671075624825868e-01 4.284142411444477050e-01 5.613464401894067146e-01 2.545370820793751987e-01 1.596245503060242932e-01 1.806911719555304163e-01 9.027835979335777639e-01 4.132341042881875204e-01 2.429901703765874332e-01 4.749041608506623380e-01 9.439526909656880127e-01
8.194106467759298962e-01 9.050125912719452215e-01 2.212233499441526030e-01 1.888986382086617066e-01 7.445128521183325132e-01 7.319540982344175939e-01 1.299165036048277599e-02 4.988924291366435559e-01 2.000785036800737382e-01 9.369944808363803723e-01 4.820150963882722239e-01 9.832086793670590241e-01 2.890052611270114147e-01 1.110272936838536673e-01 5.390742285056497884e-01 1.670214451115781262e-02 5.946705009861722457e-01 6.864355845244188847e-01 5.211156334351954023e-01 7.536640996397272474e-01
5.768056286145458733e-01 6.466637213752264302e-01 4.906027387311358012e-01 5.823643997830193486e-01 6.027258319135608833e-02 4.595229507135313307e-01 5.261971484514730291e-01 5.549716282470991136e-01 3.771194823989483247e-01 3.971655223180328154e-01 9.430421663529274801e-01 8.213126438036113530e-01 4.815216643763697846e-02 6.525769483166008467e-01 7.293053885385439861e-01 4.224897987956254264e-01 7.975350158019307578e-01 5.037956647448948999e-02 5.534730194405367287e-01 7.290868351792991753e-01
7.524519737728416757e-01 9.655379644482494639e-01 4.047692181614848117e-02 7.560950081455597438e-02 6.978298642332226853e-01 7.895370215445363105e-02 8.123078859621402081e-01 5.948957742120031256e-02 6.561850153885915304e-01 5.251141600461950443e-01 2.143029745899027727e-02 9.607505809321736923e-01 4.454368438364808558e-01 4.225672567044965744e-01 1.726361431751940456e-01 3.257135310425711694e-01 5.858214048138760122e-01 9.876759434019161121e-01 2.868938288283187088e-01 4.739733409713641210e-01
1.395703005751169901e-01 4.873198303016673671e-01 4.266681892315399294e-01 1.176356224348215074e-01 8.720265551934696102e-01 7.524238812215733319e-02 6.998055317889636529e-01 8.822034371650729900e-01 4.669353111069488582e-01 6.269894326688127961e-01 1.826727181953218260e-01 3.094404881585707257e-01 5.091995335042143189e-02 8.195102567318256481e-01 2.553955348774524792e-01 7.828600426103824450e-01 5.879684340908166718e-01 9.623836139285461000e-01 1.345711375888236638e-02 6.579480580529780687e-01
8.341401944441150240e-01 8.324526072787061803e-01 8.663421004254546753e-01 2.908673496493752175e-02 7.307936272004903477e-01 2.815477441906075740e-01 1.641602471788576878e-01 2.952721744615856014e-01 1.428799303989627401e-01 7.647421446228179764e-01 6.778288242493699656e-01 1.122720706659027234e-01 4.436922451389213595e-01 7.114649324916918482e-01 5.220986422409837902e-01 7.249471080309465298e-01 2.862250055676452964e-01 4.911428563449028450e-01 9.572569063887472751e-01 9.242124733569768713e-01
1.994736611887711897e-01 6.579469430483414483e-01 1.833087247572459111e-01 4.143150716146726253e-01 7.312284012788047294e-01 8.124724141141236311e-01 8.768690288499580987e-01 3.178036628060687541e-02 7.066697927271794466e-01 2.949770741882267178e-01 7.960293496575185923e-01 5.549625563955296048e-02 8.742576031005984127e-01 1.248889547780802634e-01 4.455617309681203508e-02 4.683811792182818179e-01 7.501276987390204098e-02 1.637649379765163671e-01 4.732761425308414927e-01 6.425610729037701807e-01
3.285371496349238640e-01 8.862288059824563469e-02 3.128469876008781458e-01 1.680367657496041334e-01 4.522858392180795217e-01 6.729480748623413167e-01 3.469657167009769783e-01 9.601168603843419636e-01 3.037379042922802030e-01 5.233105897898056025e-01 3.806297256257694661e-01 4.384520099909128277e-01 9.753188561354633190e-01 5.372482836283568597e-01 7.356343138078466071e-01 7.256728222609283296e-01 5.706289275269259553e-01 9.312177118184050695e-02 2.992541742332811561e-01 7.183931042584699167e-01
4.542034286686809086e-01 8.209297519742854155e-01 8.584909091530632530e-01 4.284170528129401800e-01 6.800347096872533248e-01 1.378237725890627541e-01 7.701807208665774063e-01 6.060103651244315159e-01 3.231547827338917545e-01 9.913398361780327850e-01 5.997636649627634542e-01 3.231026274117081432e-01 4.663013355990833775e-01 2.668428368352764313e-01 3.688466381743757960e-01 1.610763210255428124e-02 4.539850541522012506e-01 9.773033640835349090e-01 6.240177091262282261e-01 8.515863809004694529e-01
1.494248241924259757e-01 4.959268232919673558e-01 5.917589668892724308e-01 3.738105084275178402e-02 4.441412946075773416e-01 1.835716165901661867e-01 7.559475941583997383e-01 4.694794741307017905e-02 3.724291127403622781e-01 4.506628521407065602e-01 3.845061704954048087e-01 3.071401599007731464e-01 9.271564811045248655e-01 6.520401410964060673e-01 3.790505840638014323e-01 5.309203578724326356e-01 9.183823235833236120e-01 2.798459731729565636e-01 7.506910026914280776e-01 4.736430098882317141e-01
7.748956403008896432e-01 6.631744962151236988e-01 1.816971480893080360e-01 7.751749656593714954e-01 2.668288462735107780e-01 8.966807867087499551e-01 1.681025269204017292e-01 9.023397888134716549e-01 3.420889716349059251e-01 7.162491784149382923e-02 7.327880438115993433e-01 9.890314652249611038e-01 6.087009444144313441e-01 7.844393886702678564e-01 1.038412829067018039e-01 5.634820856509381581e-01 4.140013278093468418e-02 3.578552214920871499e-02 3.205337948224272759e-01 5.521619123750136637e-01
6.214754250826017845e-01 8.077352435007323361e-02 5.492977449248644950e-01 3.553845638730864787e-01 3.995055865095774594e-01 5.527365982894626439e-01 6.953773458445744460e-01 2.612857369388190687e-01 8.696637812479598439e-01 7.417062971386894077e-01 3.295040233801271867e-02 2.392310677775832950e-01 2.952693148942874268e-01 9.216260678158934017e-01 1.463028697291061109e-01 5.326313001162279459e-01 1.579539765765262116e-01 4.375913580569535943e-01 1.099983907248597292e-01 9.099616173399835972e-01
6.622283010685585669e-01 6.391596335997616896e-01 5.577580406775507482e-01 7.692943261777437369e-01 2.047453689811560285e-01 4.079629261815375108e-01 6.393020675989458113e-02 4.156139490303811801e-02 3.017784292119858325e-01 7.670831873810509682e-01 6.753269747846957216e-03 9.300478257500699453e-01 1.905702328080086660e-01 1.891858191980104742e-01 9.752666642496146121e-01 9.597203406694202465e-01 1.900523084228239457e-01 2.784827650030095025e-01 8.082206139472303263e-01 4.892213673829705067e-01
2.255349265220493171e-01 5.985582206158122087e-01 9.774882217995757294e-01 6.978781357213903469e-02 3.538793847834047490e-01 7.677446760148745053e-01 7.080274667748525097e-01 1.499094464101867752e-01 7.085715779382202317e-01 5.664487939719354825e-01 5.380508722955036349e-01 8.117760736707907432e-01 4.908348580979745579e-01 4.314648183005276305e-01 4.283444110978453789e-01 4.839822252957945992e-01 4.636544262116015780e-03 1.221051686144148940e-01 3.220284605458840765e-01 1.750742501684523500e-01
8.880017220112103038e-01 2.467419093449129130e-01 6.411591058215972971e-01 8.124750870058583541e-01 9.899029333785623885e-01 1.270163855252884888e-01 6.384234648049293970e-01 3.590116094677249237e-01 5.889421330428800117e-01 5.247378540932375879e-01 3.004835463943207330e-01 4.602995080123833960e-01 5.894262677738888456e-01 7.033143906365674214e-01 5.015370611784425448e-01 4.370310500748002536e-01 8.458236357336653688e-01 3.201236516343790584e-01 9.163538003343862925e-01 9.849529758662372014e-01
8.309205691968966079e-01 5.705393598817533052e-01 1.593364795555909375e-01 7.259416553197166611e-01 5.738127249068526448e-01 4.329346793913758651e-01 3.672095964627810627e-01 4.480070888540124141e-01 7.194881407292623710e-01 7.321611732454298416e-01 2.929945798054937045e-01 3.113489529790548493e-01 6.658836619884048735e-01 5.999782193883007597e-01 5.047974724770813992e-01 3.763146400924421986e-02 1.581559302316855042e-01 6.545048441378463755e-01 7.927222217601712639e-01 5.471414427865090024e-01
5.399660297489234928e-01 9.977745449253740961e-01 3.453099128957275443e-01 7.833369611820648615e-01 1.964085304850961000e-01 6.394027869758521776e-01 9.387625682233657898e-01 4.268978702512179479e-01 6.127338695428874438e-01 4.284872001151485144e-02 5.755089899655241314e-02 7.569131080030332415e-01 7.618782949829272511e-02 3.583338057574950719e-01 8.108390437323859112e-01 4.372078112118571447e-02 4.059088579066635338e-01 5.621052851563607122e-01 3.007628428214343952e-01 1.243659225336740670e-01
5.832026451792826638e-02 9.021263742523057960e-01 8.879719628002635812e-01 8.404264025068816091e-01 8.457165256496679273e-02 6.927688143803290011e-02 8.898385449640642264e-01 3.304825249648128960e-01 5.140152287035542056e-01 7.526446935548485317e-01 1.614076620431544873e-01 4.312344198340516410e-01 6.212238675207757410e-01 5.943904700998926538e-01 8.169752308075168834e-01 8.061859189622841981e-01 8.358162455615270048e-02 5.306869362487964814e-02 7.377673289754113073e-01 2.137802234921509781e-01
4.279467027276658841e-01 2.473794291498613296e-01 1.950824423064203561e-01 5.812239715284817088e-01 9.641796107945543870e-02 9.154630945586390567e-01 8.086990537707622329e-01 3.200640622417728620e-01 2.270119792602315334e-01 6.607073431655298146e-01 6.896390419326714483e-02 4.140364246300547446e-01 1.573810909169952588e-01 1.450355708366388718e-01 8.885657566142419750e-01 8.377642104309017679e-01 2.939146744918852416e-02 1.205298592887052989e-01 4.334726527038906818e-01 9.773747028232742107e-01
8.359569693120362244e-01 3.373931737578901302e-01 9.044811312576981344e-01 6.295002823615665211e-01 9.251232728014857631e-01 4.269430327247240031e-01 1.248255063774779128e-01 8.699099136962151757e-02 3.524711393461041897e-01 4.788441406432492053e-01 3.207109491546522584e-01 4.121096345424246632e-02 6.617863296179249399e-02 2.457158807473379669e-01 7.691875131428507206e-01 6.702624264795109532e-01 2.821791120223209326e-01 7.699653561066169827e-01 5.639282972420736062e-01 6.889085069183797927e-02
1.951418163710567644e-01 1.390576633209263946e-01 4.726534074944328534e-01 8.176917004060491045e-01 8.583393676537592887e-01 7.991358978602568497e-01 3.100192513458769339e-01 8.149775684601164860e-01 2.319287737041368924e-01 7.525279665655810746e-01 6.595709388602846168e-01 5.575831929551939847e-01 8.719241930180938738e-01 4.260773536026477570e-01 4.872013812117159670e-02 6.004942088062474870e-01 4.347631058472098964e-01 9.066516939006508125e-03 5.249661660936971730e-01 6.198550010564630730e-01
9.382235904689917305e-02 5.787317635199465959e-01 6.456392434915048106e-01 9.431246426329031873e-01 1.157825100547945629e-01 4.869319249955302853e-01 8.960120543273154547e-01 4.378010140921195781e-01 7.725930781302992045e-01 4.198892833847238659e-01 3.303370512097010270e-01 2.387118735443398698e-01 9.370399139892690021e-01 2.947442469133698673e-02 1.369473277712823789e-01 4.268172969973336173e-01 8.232399848361783290e-01 7.023196417416892601e-01 3.247557054937232346e-01 8.370924109627086995e-01
2.359496908199106846e-01 1.924533057660251512e-01 8.244886317955691935e-01 8.059964982251656140e-01 3.483807321263598933e-02 9.130944445054379743e-01 3.591186636061137749e-01 8.379369976738125780e-01 8.508364732302758915e-01 1.460346497921257702e-01 3.818673435541225514e-01 7.998339193165905359e-01 9.044048256692333032e-01 5.811751111430057959e-01 6.976612538804102259e-01 9.489391598071057476e-01 9.398890512774382699e-01 2.366578223955284610e-01 4.302640338774874618e-01 5.009358515825399483e-01
8.883925728044025361e-01 2.078025719776541713e-01 9.726848855334995214e-01 7.643141424156684183e-01 7.401180581823399995e-01 9.752843230135301855e-01 5.629999053714194179e-01 9.956640576664146369e-01 4.235244738890286964e-02 1.876359715866534605e-01 9.919268283175408651e-01 6.385833315087900974e-01 8.761275179202859809e-01 6.213133824361972701e-01 7.500244341329039832e-01 7.748511587555283464e-01 8.790788746711738488e-01 3.963042931231914867e-01 8.869169702704016167e-03 4.025766185594316093e-01
3.312488733711410616e-01 7.309585522283826853e-01 9.409316447727574806e-01 7.414835897369843609e-01 2.733292891577256967e-01 3.387772175702563615e-02 8.572941528632055386e-01 9.935144165642495473e-01 7.784541529047884767e-01 6.107323600352834170e-01 2.672839406795743944e-01 6.475858074189917435e-01 4.068066768997613547e-02 5.719331296181564550e-01 4.954831447273345679e-01 9.272022495230981542e-01 9.929036962111150721e-01 5.262926994969286953e-01 8.507034619570433831e-01 3.077927070377912688e-01
6.127993810954435183e-02 9.704073827144843456e-02 5.127642827425549221e-01 9.694654826779156576e-01 7.627250311502871138e-01 4.240844974284585511e-01 1.571661219373856611e-01 3.985991704729748841e-01 3.878329328812346599e-01 9.126151068161150182e-01 2.482352736490724965e-01 4.229409625425643027e-01 4.030621835193651803e-01 7.903088511930699278e-01 2.495532331905009338e-01 5.001525462895128893e-02 1.654378880596659718e-01 7.569656674577684985e-02 8.373518431929806161e-01 6.760389246152951337e-01
6.555296334360352084e-01 6.581879762244634557e-01 4.067881033426212767e-01 5.869983447836355506e-01 6.266659670947114513e-01 3.810432898296316484e-01 1.779265812953467751e-01 6.038557976703051722e-01 5.805864348134426312e-01 1.537602282233005990e-01 4.311949226549994796e-01 1.843175780985706336e-02 2.516593287856683236e-02 8.734224086248867369e-01 2.430348782234436067e-01 1.343756158901591169e-01 4.196037356585254896e-01 9.140060147664241796e-02 3.415974786072504266e-01 8.425281681869610795e-01
2.270152226286848984e-01 5.980241835343313994e-01 7.175954317835667728e-01 6.273939059992686973e-01 4.275779523255082148e-01 9.214405949142527863e-01 1.611380457569033808e-04 4.914847440831926484e-03 7.630813520546626538e-01 8.374483774289425142e-01 6.842177284570926110e-01 6.571343611959399311e-01 3.548119303388922452e-01 7.672951424148767297e-01 1.933420331816151361e-01 5.403548098147837875e-01 2.204622512566367654e-01 1.563788505680889784e-01 9.069911438637556778e-01 4.058883513497932860e-01
5.930093285675956949e-01 7.617871479501744370e-01 7.478264680588199154e-01 1.185022390633705403e-02 1.986785696203244855e-01 8.326471023041499553e-01 2.511821400862342957e-01 6.782188578327243977e-01 6.518539418742108627e-02 5.122461152283618313e-01 7.331930545927012322e-01 2.903538127234698285e-01 5.253474319396456149e-02 5.482000731686376138e-02 7.716969940284911234e-01 7.814318634549677345e-01 4.992940921373377750e-01 5.993928309678707711e-01 7.619771142732434388e-02 1.857636323227245256e-01
1.642167802536974586e-01 4.567525315737787084e-01 5.323101887270330623e-01 5.509914422986960103e-01 3.976003557150202816e-01 2.229172348977190854e-01 2.095232366564955262e-01 2.794478671044461349e-01 8.914054942556494110e-01 7.065998172256626741e-02 8.060741974193752490e-01 4.448477860607039647e-01 7.563417772440665932e-01 3.365117896118530183e-02 7.319083630248469641e-01 9.095658959572434643e-01 2.270818070612246053e-03 3.358020591278995104e-01 7.715651836975514488e-01 6.253865506142908259e-02
1.739614265558192541e-01 9.505089641514874454e-01 1.548548554553397238e-01 5.035686614111878345e-02 2.858562274079905485e-01 7.785465040100485457e-01 4.913343942869190517e-01 2.833879796610930812e-01 3.421503523754481080e-01 4.553106235071622265e-01 5.800692973477192815e-01 1.951194064599831579e-01 3.890427634478311747e-01 8.899803158684488347e-01 8.910168260726499811e-01 1.298013337393723043e-01 2.468593058917878391e-01 7.801735098432742710e-01 2.643658987723347398e-01 1.696863758067299610e-01
8.511179134287701897e-01 6.042067614329543757e-01 1.109439779484133748e-02 2.852680469136781305e-03 4.265253511353126470e-01 6.776311269190887776e-01 6.436068429409083080e-01 6.681151494177526295e-01 4.915856272364438340e-01 9.726712989808465881e-01 9.661437693998858878e-01 1.471383037219554657e-01 2.835055429024918583e-01 1.247417948694621304e-01 1.352903938038588771e-01 6.605728945960793741e-01 7.128709768645959954e-01 4.185866341277324487e-01 2.998479166150985753e-01 9.341587339580246230e-01
2.543193914772912123e-01 7.247706545842471648e-01 1.418594570592768278e-01 1.347216594358704445e-01 6.422600490580442356e-01 3.555155072386825266e-01 1.403313487261432790e-01 5.442637559361590549e-01 2.330235431666695112e-01 1.476738244870912098e-01 7.690594331435434139e-01 1.029302513160520460e-01 3.840086051280846569e-01 1.801820000423287604e-01 3.965467782031455446e-01 6.749484005662742536e-02 7.598677777511192444e-01 8.667286219899608124e-01 5.073648072478387228e-01 2.280528488526257780e-01
7.246226830298689858e-01 5.408113762567179350e-02 5.284004678577380876e-02 5.878697052508542464e-01 4.897636670435296935e-01 3.288943701237727613e-01 2.063567613761818631e-02 1.908325506246060232e-01 3.359265822750997499e-01 2.616864048141238630e-01 3.300904702058186091e-01 1.417432960519224849e-01 5.984191391020046158e-01 8.193706945560338406e-01 9.159347522552838683e-01 1.215701306833595341e-01 4.172020505183838823e-01 6.060070352585559261e-01 5.825651299820889806e-01 5.461594496201379600e-01
7.243968079822495909e-01 7.983578637579562542e-01 4.333089938505264582e-01 1.912551064445379145e-01 5.607863781192483632e-01 8.535242346004189296e-01 3.295095294787772078e-01 9.855513044979856696e-01 2.822998057105706726e-01 6.227031026369133082e-01 2.303622801461709946e-01 2.728912869308030009e-01 4.952163117134062986e-01 2.632400635920053578e-01 1.047284893910527259e-02 1.232769974809879709e-01 3.764301658715282217e-01 9.228256125405875920e-01 2.738828974755894707e-01 9.538496975552244184e-01
8.611356791798562282e-01 5.811766684897937685e-01 8.498725876444287453e-01 1.612213312970411927e-01 6.543827445094065887e-01 3.083477716862584872e-01 9.959361093460609160e-01 4.979192522467397186e-01 5.247388160425550119e-01 8.491284396585380145e-01 9.868819011019605014e-01 2.765349680063394766e-01 7.661794146687537221e-01 6.488319013308886385e-01 6.598685338310228410e-02 7.454196583623081684e-01 1.496253294194304084e-01 8.385345202064468095e-01 4.187308522151461654e-01 3.415730687617465344e-01
2.934785322616030312e-01 3.576817171804259621e-01 9.868991343585120646e-01 6.877548117598745181e-01 8.677280430599850769e-01 2.523829006998230540e-01 8.837043711653065348e-01 1.124344085495014856e-01 3.249026124786604797e-01 5.139248316207164491e-01 5.696961674530891528e-01 2.866664214005317790e-01 6.746593165442312801e-01 5.844028525883127045e-01 8.960357975383393958e-01 1.902195159029363980e-01 7.540323484163887757e-01 9.041970926180689094e-01 8.021343980704942478e-02 1.862843119573351913e-01
1.079506530284322086e-01 8.539069848984088829e-01 4.388206569779873334e-02 1.937414375316737214e-01 1.573607553672538018e-01 7.745883725767261918e-01 4.002935453496442308e-01 7.283052607161738523e-01 5.748826976211014461e-01 4.395562344988226400e-01 7.435174200903756914e-01 2.791711487391114188e-01 3.784580472884796487e-01 6.196765224503225644e-01 8.108577518861102007e-01 4.533561279554190193e-01 3.963759759803564542e-01 8.735572647031083493e-01 8.262464575811789835e-01 8.454424427064206604e-01
4.361553527975468025e-01 6.826982289267905513e-01 7.364158542569075871e-01 9.787299474444688396e-01 8.528949024059561124e-01 3.559996054388159248e-01 2.329524402026889041e-01 4.007627283602906987e-01 7.668801510710266944e-01 2.601471394778089863e-01 9.088521530878701515e-02 6.518879181190567751e-01 8.438860040318184597e-01 5.770884925557480116e-01 1.231614326652313851e-01 3.490139520441423171e-01 8.646668240579080678e-02 7.836625572399223971e-01 6.768039338050793052e-01 7.135261186305751346e-01
2.815807903653676503e-01 9.651430392786479739e-01 5.539021795169603024e-01 7.236807008074671588e-01 9.647829468773178041e-01 2.551188931002493776e-01 9.021192062269878242e-01 8.856932357362231611e-01 8.701553247229490973e-01 2.924515054233129963e-01 7.288194961043275022e-01 6.457659584640802475e-01 3.047781041824885184e-01 6.413056185910989138e-01 2.681292852694889817e-01 5.799167639715331335e-01 4.745565131467313069e-01 4.449663555906457901e-01 9.569729813141270025e-02 3.019469467980048227e-01
6.619566287463326537e-01 9.975143663927044102e-01 4.205918466964023716e-01 1.298610235295207804e-01 4.559699127126386475e-01 8.099704026406370216e-01 8.259616699226997039e-01 7.444060210194606286e-01 4.786352547059682383e-01 2.242995880852599599e-01 5.907999424575650638e-01 4.620713766581368009e-01 2.819236668783307032e-01 6.588605008296771759e-01 2.505316118713497575e-01 7.575321595073158942e-02 6.200553100783725569e-01 2.079626821565667694e-01 2.026446050113027697e-01 8.665892247912718727e-01
2.657002572042481692e-01 6.248068311834841237e-01 4.825609852493232266e-01 5.696996067068627045e-01 1.864071520954191374e-01 2.153055217068411409e-01 3.725352635568165427e-01 5.023484384779713929e-01 5.419755492569025002e-01 6.291894820846199998e-02 7.575525761358736787e-01 1.420611107193782141e-01 3.164885464222932931e-02 1.746552171845526802e-01 4.251148177113032167e-01 2.601704991035380665e-01 3.267201670447675843e-01 1.799166485770347101e-01 1.912272058755914994e-01 8.240922060935655935e-01
9.297392472604572022e-01 2.509723332429749654e-01 2.467946302224824917e-01 2.829887693664276949e-01 1.472607694879652929e-01 4.778378107664367214e-01 4.927907913855467115e-02 4.054277204081754293e-01 3.284387024361223872e-02 8.907493301096870431e-01 9.941480828168006711e-01 9.866206924129391487e-01 6.350931374558193010e-01 1.857995181268685680e-01 5.127999931198281569e-01 2.062136401167237176e-01 5.187879799858166052e-01 4.464737513247721834e-01 6.005342718471877728e-01 7.417380268539955912e-01
1.244571242130987354e-01 5.778380948132426642e-01 7.495426038209713759e-01 6.751447711559787068e-01 4.846772703831457862e-01 1.065906702698957709e-01 4.985922802989043445e-01 7.711319078817661099e-01 4.464513340984312961e-01 9.637334893366796829e-01 7.985280381135537731e-01 3.267412284811076484e-01 8.909315949822925740e-01 6.939468694186707864e-01 1.806759000018576256e-01 7.675861420916418876e-02 8.163271578770812109e-01 7.271628479400646938e-01 2.915669644878081668e-01 5.470637473877929535e-01
9.061922449387430634e-01 5.029767132592649626e-01 1.047268489145716241e-01 4.336916142174922495e-01 9.554850849655690537e-01 7.998580220387041528e-02 3.579766303405106376e-01 7.873069243962489416e-01 9.079907949125319844e-01 2.720702802514495255e-01 1.285861359503711610e-01 4.896175294031930303e-01 4.042904243703544509e-01 8.867751000913521864e-01 2.645393577086264658e-01 9.354542463448747291e-01 6.654778124758877755e-01 4.486640169358401264e-01 6.678182732361381824e-02 2.150873998784381680e-01
9.449202841061736802e-01 9.483714817337691727e-01 8.194847093658697013e-03 7.248685486754693486e-01 5.515826319055868732e-01 2.553306636449143019e-01 2.489962347359970796e-01 2.946425185746762709e-01 1.919687493158306335e-02 5.526736892956977121e-01 5.121975702711715206e-01 4.407493112979179450e-01 2.856852453979573658e-01 5.062503186475606487e-01 2.903702146123505745e-01 2.315710308027667530e-01 7.009029624593405838e-01 3.771573111542392276e-01 1.480739487685390765e-01 6.671970911734104170e-02
2.658206502742008759e-01 1.297227914183823883e-01 5.768060526846808811e-01 8.437645730824883117e-02 9.537881088492443649e-01 6.388218673060647168e-01 8.630250069061166096e-01 7.889740510504423820e-01 6.677499941771558589e-02 3.776362201876845015e-01 4.010338704665051823e-01 2.009940650424819619e-01 6.923859197467838733e-01 4.789761594901328356e-01 9.817730059256827291e-01 9.203007745112780080e-01 8.240731934089937649e-01 8.938533944855352464e-01 2.540236297313153147e-01 5.847507926454792448e-01
2.795297330346278031e-01 5.065126459556057448e-01 8.122986654029440423e-02 7.652877605198167288e-01 7.323185146676980395e-02 7.602887066283332551e-01 4.152474528130764009e-01 5.464187713737889140e-02 7.842793034054305057e-01 6.305892095743180770e-01 6.899667850531262525e-01 9.070011760032259396e-02 9.150432036092798205e-01 5.087471608482585506e-01 3.468989590391969857e-01 7.717529061374184263e-02 4.907768037399750094e-01 9.446414226580236440e-01 4.622947164830512046e-01 9.069154661772389492e-01
7.960682556423799294e-01 7.749696591788840516e-01 8.207556420293875554e-01 3.686023148866465204e-01 9.887022771494434759e-01 7.577587654490095526e-01 5.859816774346547907e-01 5.926222804310884440e-01 5.143884055797249832e-01 8.415679708400799486e-01 8.977250986586876591e-01 6.689468305792497516e-01 8.156378302629778698e-01 2.179140116885129874e-01 3.826336327773879331e-01 1.968129990766702697e-01 7.125606221717717403e-01 2.002805750442988586e-01 2.073977482685341878e-01 2.574205350948250981e-01
6.007987099973647327e-01 8.405955504839764947e-01 2.448613999646752637e-01 6.693940534195008674e-01 8.843569225881273699e-01 8.054167836505587985e-01 5.558647493399516692e-01 7.728155632522875074e-01 7.347294481989147252e-01 6.851319318086165344e-01 4.962592674107380031e-01 4.553443822868993296e-01 7.840305375494038831e-01 3.914739736090979694e-01 5.409858677059121712e-01 9.217239811636274149e-01 3.180933228875578722e-01 4.573873016185665552e-01 6.407090708338100127e-01 2.602513980259364423e-01
2.633983229489378353e-02 2.405260167586245057e-01 1.264495781607711811e-01 4.498850481518348321e-01 6.749565682402092204e-02 2.830614539280098541e-01 6.870203039804161360e-01 3.576056225845413161e-01 1.189444639488269617e-01 1.371317216504374104e-01 4.800966850270511621e-01 2.659510152993724841e-01 1.764338447754228989e-01 5.581935425470190282e-01 3.623513041538765078e-01 5.833656528974909827e-01 7.306389269478169579e-01 6.737663239213438349e-01 6.998823342452056284e-01 5.529090311729435436e-01
5.501450798552701693e-01 1.609747772313626646e-01 7.649857082702565814e-01 8.731016243681991584e-01 5.992001803729742893e-01 5.372155352396756900e-02 8.207093741368517437e-01 8.026919971587449520e-01 4.512122964391153124e-01 2.873025853789622497e-01 9.631716241452628058e-01 6.098019028718719703e-01 6.034861707074248294e-01 4.241101570126281084e-01 3.804344767202832989e-01 6.069637275638354312e-01 2.008190456553407000e-01 1.312281553722194349e-01 5.275744317287831553e-01 7.430982173803831747e-01
2.435617810569401520e-02 6.097050420414397154e-01 6.530274157392610412e-01 6.596597929954484130e-02 9.122814786776993756e-01 7.409112829936709277e-01 9.770770808635853566e-02 9.236664882237384244e-01 4.253939282996432869e-02 4.916934589451158466e-01 7.425869696288852628e-01 1.915291805738270625e-01 3.089398040851448757e-01 2.618610108469699993e-01 1.712037816039242433e-01 6.883867258736144912e-01 6.080500307064073962e-01 7.192969203320592753e-01 4.448911152671467528e-01 1.333515557435076548e-01
9.307639815296900876e-01 2.362145278126814851e-01 3.240541859630815535e-01 1.985123338522669645e-01 7.859205323902597184e-01 4.746550366262879406e-01 3.024158522970321616e-01 7.552129488782322042e-02 7.710148631744967451e-01 4.637867382765900048e-01 5.850913046194173850e-01 4.016634024714604845e-01 8.411563266939507955e-01 8.968683446739624809e-01 9.181557478975843622e-02 5.734610061654513702e-01 3.480741416354902196e-01 8.723189030440288150e-01 6.888543946182891231e-01 6.274874516531346869e-01
3.633136899507417583e-01 9.018119429396654896e-01 3.941035042489182683e-01 4.475533039099842680e-01 1.680431982742637276e-01 6.748877513493378721e-01 2.553122150075831653e-01 3.657832773089410017e-01 6.084668794826729732e-01 6.443323275286818586e-01 9.361974142124578346e-01 6.495749423716580262e-01 2.982352817460511840e-01 9.193020276189564077e-01 2.108426333974983136e-01 8.935073366761665525e-01 4.966165900925841870e-01 5.410214759721354572e-01 5.660021799863758085e-01 3.474752760800812190e-01
6.723989917893358204e-03 8.225740464917888906e-01 8.515710008521328866e-01 5.009682715787553420e-01 7.278252052794301763e-01 4.192584162104238121e-01 4.892100405988557554e-01 3.561239928370556473e-01 4.326968309006673508e-02 9.584679979814467732e-01 4.030628261393365275e-02 8.529185439930619950e-02 1.655735925129860897e-01 3.864883554846274549e-01 1.230321252134662924e-01 8.049397138212004421e-01 3.848571327446009827e-01 9.603167690182694560e-01 2.413067156443962080e-01 8.214305661580092455e-01
5.378860326374185208e-01 3.522444000684489263e-01 7.500040399933133317e-01 5.585528359426557010e-01 7.069880440095832608e-01 4.168158764974572161e-02 6.220993526673347374e-01 6.383687373721387281e-01 1.807461583703945385e-01 3.030063575625359107e-01 8.726465861513665878e-02 3.508295268381663723e-01 6.506255237858322715e-01 9.141709034335518957e-01 7.700267604158372858e-01 7.890768540788742902e-01 4.484183431318643498e-01 6.008801465241527806e-01 1.331376886708320884e-01 3.160627413793039020e-01
3.279309553847236103e-01 3.079850730458045804e-01 9.887720890833451293e-03 9.126289025064378002e-01 1.052465528771040493e-02 2.650982545245597066e-01 9.535004053951803282e-01 1.293574174801720433e-01 8.184072371460726636e-01 6.045897421662517202e-01 8.442917917877641454e-01 2.081275011201940695e-01 3.857310624218457384e-03 7.387588406731478985e-01 1.344940644463784585e-01 9.046938869861756993e-01 7.845591506413457372e-01 7.022563157428063363e-02 8.238256381506584569e-01 6.157820393585061725e-01
3.041833842154038070e-01 3.543507589889934861e-01 7.173070380629705811e-01 3.015621362315279441e-01 7.162760770924916365e-01 5.041934206647289418e-01 1.863159058343448748e-01 9.553572422019784849e-01 9.377762393025979026e-02 6.854191574032981737e-01 6.431916973344231625e-01 9.617687000777718209e-01 7.585187866586569072e-01 8.922917464173268920e-01 2.290067042469284830e-01 8.511500790994105392e-01 3.210326796260608573e-01 5.745099965902639161e-01 2.138238074171764369e-01 5.308233999981379903e-01
5.409288630415332033e-01 9.350365558227585749e-01 4.737526842686600181e-01 2.343018583478795325e-02 8.147433561346224540e-01 2.308340457328494910e-02 5.178079261877965855e-02 8.059207989164205443e-01 8.878132364738087201e-01 9.815307083704158941e-01 9.913886931164002103e-01 3.011453166262808567e-01 8.697944181183933088e-01 4.073676585655412463e-01 6.279095544539496920e-01 8.513349428662393414e-01 1.606469213448754596e-01 8.198198851958136135e-01 4.727761474334943870e-01 5.685745996145341596e-02
1.344839356623007687e-01 7.751815397260193308e-01 4.892856346615375163e-01 8.052874632255113685e-01 1.911804517107822399e-01 7.093148220131982873e-01 9.743966972386809422e-01 9.754140908778524688e-01 3.257365732808399361e-01 5.220380269269802032e-01 8.803146493055402644e-02 7.476913864799225040e-01 9.272637976453702580e-01 7.112062516237638299e-02 8.523068992704302405e-01 9.793511300919632845e-01 3.309885254458748705e-01 4.826815379804930695e-01 3.414031160196939751e-01 1.864194408868319330e-01
7.379455933153289404e-01 4.856624870712427100e-01 9.089879985706069698e-01 2.059012368828595507e-01 5.035178572588145940e-01 4.922616647809983093e-01 2.848510937220382067e-01 2.353982969127647040e-01 5.202450877903516124e-01 3.499822051615394392e-01 1.086540152539273718e-01 1.901544917345404651e-01 5.247399052793663143e-01 7.838785414305277088e-01 4.660302153938634673e-01 1.494409749604952431e-02 8.815728321046134575e-01 8.469516228862116192e-01 5.793082977776640163e-01 7.274130062642027994e-01
6.177219900232923111e-01 2.834211130837610559e-01 2.464281829724063178e-01 2.936160726883445538e-01 6.335174463640720344e-01 7.942115777386072883e-01 5.434579607364501408e-01 4.122201017477150620e-01 8.727618840570188219e-01 6.630267964761795696e-01 8.423260024896892517e-01 1.517077356555585066e-02 5.961638409153197093e-01 4.601464463641826708e-01 5.009045064415568183e-01 1.280907176927286173e-01 9.545488077909987101e-01 7.244141696586959833e-01 3.082277080428337257e-01 2.083605406237898361e-01
6.240442666426260221e-01 2.273956421590312971e-01 2.953956890892700526e-01 5.835310099197111855e-01 3.209306459069536377e-01 4.657373264980370076e-01 7.954745312554634129e-01 6.358936996155628574e-02 4.750913574813041551e-01 2.457099072099858672e-01 8.039965572588264608e-01 8.945660655144587192e-01 8.185254922694612523e-01 6.211505054681678573e-01 4.685050215625283787e-01 3.508607067480381536e-01 9.393492122869629979e-01 9.539520183255157937e-01 9.842665587477162914e-01 3.302171961392394994e-01
7.200981925148092211e-01 6.853104199194036683e-01 8.366306547586809250e-01 3.724772547064714168e-01 9.688003286920092716e-01 1.663831890549742898e-01 2.899474880084454975e-01 6.294789354354818345e-01 9.650516152819021976e-02 3.807100412767027153e-01 2.115132043505274506e-01 8.815501612006688692e-01 8.827925404628406136e-01 6.374837588859239013e-01 8.724883780296165403e-01 2.564914604474720639e-01 4.379260251342053101e-01 5.314248712728680824e-01 4.966350725280423983e-01 7.502129794558628495e-01
6.114865086545679951e-01 7.580525863365222827e-01 7.116556381595341430e-01 1.060853036523083937e-01 3.123573882314831796e-01 7.597975045022020701e-01 8.225763584061772660e-01 3.625112764556354117e-01 2.222363234501093521e-01 9.494243403712222529e-01 3.684972416427958475e-01 1.735236991577242538e-01 4.796381508464514498e-01 6.086672432943062150e-01 9.849518092461599927e-01 8.266864769882442676e-02 5.693292661131282850e-01 2.860020099728444176e-02 8.950938050986233518e-01 5.562170465958368171e-01
9.204672750607716392e-01 7.005764407638446212e-01 8.993561119143311799e-02 8.629638278322052658e-01 1.306635928036251615e-01 9.645778384519793081e-01 3.727236297120680719e-01 9.059675114632449455e-01 7.552117214505664755e-01 6.106403701442915111e-01 1.863310355123637407e-01 7.832010209809385781e-01 9.963568909789485284e-01 3.092010827939523088e-01 5.745030787794361826e-01 4.459060608477101173e-01 7.493632042508159286e-01 2.574690990950868619e-01 3.781407495758075665e-01 3.446269193215734106e-01
7.354173498798832753e-02 5.101060153485246218e-01 1.372371512173709007e-01 8.118479428444750345e-01 3.246413285397605764e-01 6.318647093179330376e-01 6.512018212277956852e-01 4.202701165276845341e-01 7.192477933160716930e-01 4.055463676589970978e-01 6.806058335795259762e-01 2.847860824353882769e-01 9.619222540964011969e-02 3.042982419030040298e-01 2.860585548587964988e-01 5.761987253447352630e-01 2.420355793237570774e-01 6.108207654653792229e-01 1.416694940825936611e-01 8.150206801187787065e-01
3.858473302054444831e-01 2.938534303585023100e-01 3.139962632471687831e-01 1.614565701480698001e-01 6.334145329737578267e-01 3.372075680806303488e-01 4.471233934963017020e-01 4.448724611487596681e-01 1.891419581843101216e-01 8.377846238723187788e-01 5.418276551450951217e-02 9.166286374266705561e-01 5.132201418329961351e-01 3.409866234231562210e-01 6.414723628508487430e-01 3.546162638720115057e-01 8.463855555043985346e-01 2.786927503267742079e-01 5.169317552682388683e-01 6.117151625939906134e-01
