8.613615038308158889e-01 4.210233257003084262e-01 6.215252954211180070e-01 7.683146835379887074e-01 2.430508713574105473e-01 3.644409800829861990e-01 5.982166774656014763e-01 6.632197437899460812e-01 7.133211367920542223e-01 6.007651751151324993e-01 8.252360754548461186e-01 4.978214803529472654e-01 1.350394870389730606e-01 2.216697089674346532e-01 5.750501379820905923e-01 3.253647340426502055e-01 2.441875793537995332e-02 9.056746815136564877e-01 4.284525894718511640e-01 1.851866935050134888e-01
4.075528293664590906e-01 5.082036738956092758e-01 4.742300720200565145e-01 1.633411538996225598e-01 8.206725214443929550e-01 6.850083972749950734e-01 4.709956776956603086e-01 2.374392360210896280e-01 3.989253506641805558e-01 2.138845221973483257e-01 8.296389756168897067e-01 8.146411431436172412e-01 8.982601868305286619e-01 9.470036758151179068e-01 5.101994118321844240e-01 1.843685754606327887e-02 5.548560115557722439e-01 2.716193104417961024e-01 7.097084025127198270e-02 4.345553506287492818e-01
7.596496489323669721e-01 5.618548153287412639e-01 7.826028806309162089e-01 2.246012597541147127e-01 1.394226334859749450e-01 8.375751281997376729e-01 6.099725116453366125e-01 9.614270569616752971e-01 4.001779527657426394e-01 4.349108131986082482e-01 9.630802845674395485e-01 5.776507027013580986e-01 8.379784353663609631e-01 4.087436321453693511e-01 5.193862793686866430e-01 7.766253871741713999e-01 1.294564917165332840e-01 4.982857107035187916e-01 3.208115467039982516e-01 8.857676756657899553e-01
5.533463206407419621e-01 1.302494824016365849e-01 9.263179226598770022e-01 6.113106001630097541e-01 4.408273253461737484e-01 3.147034907978495388e-01 5.342941647666128446e-01 5.995571739612143292e-01 9.881293408304681058e-02 2.222389668545999841e-01 5.124169099497759561e-01 6.951964412418127903e-01 7.044974970791255675e-01 2.526274201960135857e-01 9.739779712490341801e-01 9.058501958563525136e-02 7.894327341419968835e-01 8.772248440434473604e-01 3.239105726069410052e-01 9.359551418637834796e-02
5.484376198371946343e-01 8.746042131921698548e-01 3.240753207199991159e-01 9.824961264849245701e-01 2.245052556524762544e-01 6.187025709691311715e-01 9.126350627020968220e-01 6.609895636451641465e-01 6.788025486090375482e-01 8.651952667589098978e-01 4.878694651287903694e-01 9.358595064034590516e-01 6.233514131048043527e-01 7.241610593085097136e-01 3.362850937508931048e-01 1.394361322013603077e-01 9.351534722231824581e-01 6.089230748779500546e-01 1.885346238916283390e-01 9.755679816633755497e-02
1.630908013536136458e-02 3.434165237804102100e-01 2.881667825292298923e-01 5.012801882868646031e-01 4.104238488600409074e-02 5.489405200374215532e-01 4.387634808803740905e-01 6.272032567404419723e-01 5.265849546764330702e-01 1.631078925730010676e-01 6.658813597404875662e-01 6.077563995573220801e-01 2.057983619836361022e-01 8.699745952775285174e-01 3.935018586354727121e-01 3.825333360467779720e-01 7.172556401302842000e-01 2.588842964226052423e-01 6.857286623958294136e-01 9.526654952815183375e-01
3.054973740715890562e-01 7.005619087138559298e-02 8.048614118936858741e-02 9.088916004071645460e-01 2.327772392641076493e-01 6.952549873886405551e-01 5.881655036378451440e-01 8.149183802710303626e-01 6.813980883537370525e-01 6.046416723650780423e-01 7.265164933529129065e-01 9.050792814245712803e-01 7.543309755780189807e-01 9.263761705777235900e-01 9.745583762184849563e-01 6.192432389982353014e-01 9.589984738600779712e-01 1.908776566722125700e-02 7.215242346459590506e-01 2.426592759816010858e-01
2.501752569174261476e-01 5.688317200513333116e-01 3.212747213711987238e-01 2.039792436866051384e-01 2.851539537107140587e-01 4.581713113264785919e-01 7.539546130488896658e-01 1.291017768066647919e-01 6.570878544668327104e-01 2.110250901442705107e-01 2.171399798864097619e-01 4.593325279792707105e-01 4.412890828807940480e-01 6.784293130627042645e-01 9.377015886923378840e-01 2.901196920959537850e-01 2.476937537423726798e-01 3.992274959163071291e-01 4.887881543714250876e-01 3.773984505735521466e-01
7.589766213581246035e-01 9.036763819382980234e-01 1.629061878471379510e-01 3.001200309742813044e-01 3.726559946570295878e-02 1.168253146823107214e-01 1.574877417336129071e-01 9.972405972004009245e-01 8.174382053016373550e-01 4.152385579413840899e-01 2.073985336880683761e-01 8.650170719460503754e-03 7.371787781073483314e-01 6.689787585774503720e-01 1.702725509676025206e-01 4.398328296512041824e-01 6.327306344945223815e-01 5.128906112789277660e-01 3.053885092659046618e-01 7.439171275678104767e-01
5.246561513456315939e-02 9.137153409258432779e-01 1.570069887074054815e-02 1.830654811294643025e-01 2.691833218475926381e-01 4.267436362265324412e-01 5.879518668328885811e-01 9.709759410308562710e-01 7.924541221167524796e-01 6.941987439335031151e-01 5.576817724054462522e-01 9.844673653661784041e-02 1.767034080516672878e-01 3.831639847654804143e-01 8.458719305363676666e-01 2.112494119299265227e-01 8.055233833419361833e-01 8.417240184390153424e-01 4.464132395536123399e-01 3.310577976087487606e-01
5.920269171615302195e-01 7.142144414128814844e-02 6.535686706511905086e-01 2.593252633335578761e-01 7.893184876118556348e-01 4.263691532767008852e-01 9.691257033656275333e-02 4.905898849268648387e-01 7.847974947138858237e-02 5.048954283149073019e-01 9.188910106902815622e-01 6.900498292321559646e-01 1.021482782177133286e-01 5.481017344394469859e-01 2.575710580665311333e-01 6.888333984192043236e-01 6.071325061297505599e-01 1.454434426484276788e-01 7.929028243209323978e-02 3.495738573549482808e-01
8.344054267249727541e-01 2.543159356788694536e-01 5.121227898702023218e-01 8.578895898338553261e-01 4.862503472246436642e-01 7.497637990343641867e-02 4.014881745921740075e-01 9.364172710125351351e-03 2.542932250170630848e-01 5.571390181532558383e-01 4.759614976863714153e-01 2.036377744896811226e-02 8.830744869688195164e-01 3.105246927462184114e-01 7.769722500584818059e-01 2.552004351467186405e-01 3.879445199674155242e-01 2.632069558943593846e-01 2.434829192827617783e-01 6.110934413564758083e-01
9.891203616186572400e-01 4.947611351267673374e-01 9.088987036764766270e-01 1.829330101492742111e-01 2.900972358045704746e-01 2.851503806184548795e-01 6.849446710247630854e-01 2.187971634158099032e-01 7.102026883987547778e-01 8.403315444793912903e-02 4.830329263170889398e-01 3.363616933982243040e-01 5.046393968091926752e-01 3.912819109296929998e-01 5.223442860522953257e-02 2.100036853329337871e-01 9.898300944536272405e-01 2.695683645533463180e-01 1.285012595444878780e-02 6.573437316007747500e-01
5.944178769506813786e-03 8.825112948691737902e-02 5.561213448836659357e-01 6.637559724261432592e-01 2.575089874370080079e-01 7.108527699328510696e-01 6.424938326630913465e-02 7.007120589655823073e-01 8.030320590635928735e-01 2.706429281205078308e-01 1.063903253639755242e-01 7.955235342396781428e-01 3.895475424074322790e-01 5.672496593226418193e-01 8.035547961021141106e-01 3.690927666839218801e-01 9.971341975228541488e-01 9.249476615283100944e-01 8.549402698874918327e-01 2.728863305168993669e-01
7.227672413187017364e-01 1.673436249146696975e-01 4.347980243083912066e-01 9.830716021136379767e-01 4.938357821485759303e-01 3.872481129988823989e-01 7.045534343440167380e-01 1.526205740629040797e-01 5.604328485718329533e-01 7.064358664531346088e-01 3.405429790036440529e-02 5.346469999004579421e-01 7.294067684525967765e-01 3.583021107256753046e-01 9.718013838250726399e-01 9.846610059789692171e-01 5.604866555709766551e-01 9.748776908996007462e-01 9.526036018816355089e-01 6.690736503469910668e-01
6.977527576184815450e-01 5.669813076909282490e-01 6.909630440035857690e-01 8.129703036755013823e-01 5.923995375751389680e-02 1.706237387296043462e-01 2.392880694860720636e-01 6.586208402289196462e-01 5.660452834359334107e-01 3.627676618621414883e-01 7.670362319253480887e-01 7.827590687168940464e-01 3.052227686372862570e-01 9.041722732702583976e-01 1.247651362807072895e-01 4.363417992337393914e-01 9.130880079690140150e-02 2.771889196515747722e-01 1.234491922172209488e-01 7.886808527362345611e-01
7.884802561840036361e-01 7.099165002279583803e-03 3.523315027382691866e-01 7.876763314654076087e-01 1.827752230826266144e-01 7.665673041720636460e-01 6.509892634961667035e-01 3.785654313496977785e-03 1.967242208698491979e-01 8.261089842205407985e-01 3.849610544624635367e-01 2.680977520233547295e-01 9.236415655357765875e-01 3.946323911922079430e-01 6.351910028578173772e-01 5.532606110659413767e-01 8.371502019981403864e-01 7.718620688315921408e-01 8.883386492879485896e-02 6.587134049836448346e-01
8.725151737728265022e-02 9.628659454665163819e-01 2.494193821759645990e-01 5.569084156432699828e-01 6.043878903530367497e-01 8.550958273776898544e-02 6.773915634683586040e-01 9.157023999308591122e-01 1.577102271561786617e-01 9.932355781241152259e-01 1.976020478726632223e-01 3.024569691203923272e-01 9.867523238903336269e-01 3.427691387441008652e-01 3.076975409255168215e-01 2.525604526055923449e-01 5.356910200107063424e-01 3.098786178567022320e-01 6.327722454182456158e-01 5.323982705878624877e-01
4.765261755962585388e-01 5.395241721085861641e-01 6.300674801612544673e-01 6.472978006986621624e-01 8.196084982071704106e-01 3.760027856316401351e-01 6.427847049489767706e-01 4.176615264152638840e-02 2.096345862949254846e-01 4.235745381109938812e-01 1.818875594926872008e-01 4.049965400090876910e-01 1.678220617701423611e-01 5.735829817708896217e-01 9.585522770498691170e-01 4.067952521817275180e-02 1.063290860003966998e-01 9.605202491538663567e-01 5.783783594583690180e-01 6.077142930381727037e-01
8.313212649006846977e-01 7.077073374553195517e-01 1.931484245943976275e-01 4.191514779460261408e-01 3.738735651950598760e-01 4.824684275088156893e-01 6.632498571314440206e-01 9.484645356280428929e-01 1.032144735851516781e-01 6.986186619325770453e-01 6.481939772117081278e-01 5.993687849249648147e-01 2.325951100759663381e-01 5.122664970722955458e-01 3.280558056477635986e-01 3.245989715916198781e-01 4.727385455785915180e-02 5.293259834240306994e-01 7.518662356079426345e-01 1.339260047876766890e-03
4.090600357403277876e-01 8.760883794025509097e-03 8.582074664063815694e-01 9.690667485890830379e-01 3.813961105030332366e-01 8.007102179852639834e-01 7.237293452514429459e-01 1.242338419207911215e-02 1.469760245067595061e-01 7.810267961756285349e-01 6.275582914821886682e-01 3.141131968835664257e-01 9.540730735994162881e-02 2.187730906854988833e-01 8.074529063972882836e-01 6.244533893725633389e-01 7.372960235293823938e-01 4.060954955570442726e-01 2.855685576728035358e-01 6.062366474270617367e-01
7.213252582485095710e-01 4.739354600666882966e-01 1.620778856834755866e-01 8.891485109696977140e-01 4.500288414880855292e-01 9.057390757794172576e-01 7.868394043599491461e-02 4.846322847193823558e-01 5.446882320999839600e-01 6.454869447210394018e-01 5.631291048764371920e-01 7.040719158222802365e-01 4.914319583290127635e-02 6.557662096288067177e-01 4.518588955438888055e-01 6.783375028028494347e-01 4.410666530545297448e-01 2.880394651003358453e-01 6.994281452086364981e-01 3.578091618730949719e-02
7.177380876567700518e-01 9.267440150300502166e-01 1.373743737394791387e-01 6.026433809262670138e-01 6.930902008989076046e-01 9.566061122894005120e-01 7.932283667026716056e-01 6.674476393763845161e-01 5.748399919116288226e-01 9.651641243837988382e-01 7.886215908744667047e-01 4.120681127530551047e-01 9.385235770589787085e-01 3.219863960974618244e-01 4.882726291463692636e-01 6.238014090542254309e-02 8.354873293155944403e-01 4.374359894829003004e-01 7.148295181703481216e-01 7.209686092287480585e-01
9.181997719653719470e-01 8.972855368170722379e-01 1.842340838318490270e-01 6.904517673738295169e-01 1.350483030062077372e-01 8.495022933427136547e-01 8.230684942696930850e-01 6.595919904754189433e-01 7.773876028898930590e-01 7.196247307712273500e-01 3.574382415159116366e-02 6.985727303629817309e-01 3.485236313854243040e-01 3.591011121001830286e-01 8.796133138601295309e-01 1.280025485485416503e-01 6.041896755530922203e-01 3.182241345643844754e-01 5.210164389418866504e-01 2.068289891208220377e-01
5.303116877147959762e-01 2.406452001477281666e-01 2.139782785393103959e-01 7.945108702266621137e-01 4.079650369797630516e-01 1.031733943573808210e-01 5.854637289075883544e-01 2.203960953143871970e-01 7.157197561460576507e-01 9.663794993924716970e-01 9.866481786955997313e-01 4.972634086237633921e-01 1.325952279095221620e-01 2.231461138257401222e-01 9.201167075136573725e-01 4.201023911735787264e-01 1.070899531193194587e-01 1.353363153340351177e-01 1.470175917003446742e-02 4.198432129962630377e-01
7.662330446547630514e-01 6.992393282355955364e-01 6.218426460949706414e-01 8.524072849241948191e-01 7.890830330724939445e-01 8.435224562785975655e-01 2.070475495057735316e-01 8.126088835665533638e-01 8.055450290455288265e-01 7.660597885356399406e-01 3.037400408127585161e-01 6.855994793248845198e-01 8.565055589881972464e-01 7.534821225644232623e-01 6.725716086291677609e-02 8.198621750646917228e-02 3.456387834074121646e-01 8.949136812371922822e-01 1.790294199935580366e-01 3.019129532017572615e-02
5.504146725008827179e-01 7.289034632408459835e-01 8.424061372607521969e-01 2.599228599659331174e-02 3.431024174068862953e-01 3.025154171150474802e-01 3.367852777614505078e-01 5.039782251967769300e-01 6.934049822806795937e-01 4.005379422018227054e-01 5.957525587849387128e-01 5.545661749616463965e-01 8.135459010031313998e-01 4.359201759622417516e-01 1.175701009412611908e-01 7.889156516384377982e-01 7.248215478586241822e-01 2.274448221069005349e-01 8.598599618949634982e-01 8.456389410611389046e-01
7.497283184121059652e-01 5.418319669277203987e-01 2.434611776716431031e-01 2.587953796106590154e-01 5.633945389392501779e-01 3.240211970177631073e-01 1.914545083274354909e-02 7.012689800889576608e-01 3.501667677609467955e-01 7.338310265679560684e-01 8.458235761945439579e-01 9.960860706718129842e-01 3.376379518146883640e-01 9.333024300567563936e-01 1.770349462816666053e-01 7.335482618721856918e-01 2.337878671162808564e-01 1.297709518619610813e-01 5.925004220331456795e-01 2.486184284143688750e-02
2.458195909627602926e-02 8.835098801279145375e-01 6.172404911627310531e-01 5.543988609544237001e-02 9.167540773676415844e-01 3.588322696059826900e-01 9.225523173134003718e-01 6.310165050860477853e-01 6.123459807958473444e-01 1.288110371385854380e-01 3.333895360784009387e-01 6.732532466198126730e-02 8.125714400107293400e-01 3.196237098391933040e-01 4.086288337829194761e-01 1.731585277518317145e-01 9.269684903894026551e-01 4.536625963507279202e-01 1.596845452272086519e-01 7.970455011352739483e-03
6.657715589575444737e-01 2.262079874609077557e-01 8.029935737796339845e-01 4.937637909685466120e-02 7.977357008595351573e-01 5.678541546323691014e-01 5.687158099474661777e-01 5.825581832565895901e-01 9.143724576655181124e-01 3.268530156449349633e-01 4.028484872792961191e-01 4.129518151399513837e-02 6.088526800273327266e-01 9.351955301151134714e-01 3.666047193615536992e-01 6.539535980615177602e-01 8.697385766032342813e-01 3.011577440527748450e-01 4.603802079784535817e-02 1.101226391663162607e-01
8.534494349633373611e-01 1.073264112426851602e-01 8.305512005314358293e-01 6.696085689415089970e-01 3.269391694753741584e-01 2.056395121076470822e-03 8.524390453973412773e-01 5.626962909951609415e-01 9.983288488324854049e-01 1.406653320401758389e-01 3.799033422159086015e-01 5.607640467702084131e-01 3.775920425830922023e-01 3.436907838670861803e-01 8.205166660837652781e-01 5.742691737289195020e-01 8.814381173406415915e-02 1.752523312796313570e-01 5.644442172979615702e-01 3.995652501209090435e-01
9.372366291037483865e-01 7.119135453951078718e-01 4.088930178228812329e-01 3.951829453423173488e-01 3.871121618589691282e-01 3.643791429093720113e-01 1.336528425512636398e-01 9.800131554712905313e-01 5.266540774136253544e-01 9.237111678658955771e-01 8.227260025044896841e-01 8.582117034407799050e-02 1.984330133087676140e-01 3.726859457938646036e-01 9.929975621055620039e-02 9.388959880566107863e-01 1.737656240592830859e-01 4.192136590176225308e-01 3.966515136308367273e-01 2.462588744807634455e-01
9.924347760050535872e-01 4.254353017309446816e-01 6.941857143725006507e-01 6.680308461493011940e-02 9.384346900154536542e-01 8.550784693544034587e-01 7.596461546896629002e-01 7.822403292789826823e-01 8.018853723226904151e-01 2.295251641679054710e-01 2.702542330641668489e-01 8.380820582151684572e-01 1.402395826479228003e-01 8.990674580910013036e-01 6.165184782447469258e-01 1.955621289449674949e-01 3.669812845033649795e-01 4.262480762588420902e-01 6.487174960291904879e-01 6.146205522243702868e-01
2.692613365321946395e-01 8.126779436071766005e-01 2.697048686941783124e-01 7.627198734366349431e-01 1.256300835825038265e-01 5.244489518277746232e-01 8.168959843627243700e-01 5.114614856781821706e-01 9.836585117733759320e-01 2.240014764836428807e-01 2.038074158843701245e-01 1.512868564461546939e-01 1.884209791254568556e-01 8.511355725636420289e-01 4.033204380663022448e-01 4.320018956415876410e-01 6.358586129884802318e-01 2.659947541974662100e-01 2.163610737867819322e-01 3.919511900735117571e-01
8.439138378162241994e-01 1.338175174546248902e-01 6.872168290863628348e-01 7.544958258137135498e-01 5.794897212577635459e-01 8.974877557966234320e-01 2.012586028424021567e-01 4.705138235139854075e-01 2.246931333117455631e-01 4.117783392672695886e-01 2.870136769330297044e-01 6.244570696267159882e-03 4.533799827595583753e-01 7.447547706089019393e-01 7.025228954711068008e-01 9.627023776514733733e-01 6.367025008582549717e-02 7.280165347513987140e-01 1.366745811532821264e-02 8.107942063696604862e-01
6.786621197634297165e-01 5.259341179725107729e-02 2.973201092964069536e-01 6.061050035235041600e-01 9.932637137157872553e-01 6.800330893620202266e-01 7.469162110478516636e-01 2.857851067376609988e-01 9.509151818633698738e-02 8.706418421361458160e-01 6.082330266606290614e-01 8.861670000693697702e-01 9.365267835469612834e-01 8.865860862760499561e-02 3.452059311638515648e-01 9.772461781006450687e-01 2.861709581342714026e-01 7.506912762588515697e-01 5.703138087573745851e-01 7.844690681753226924e-01
9.657894342381713182e-01 1.230053991002032499e-01 4.752251546151764483e-01 1.738597557081931200e-01 9.857451489499754471e-01 6.590132783580561204e-01 9.221546137188209036e-01 9.009381166083888504e-01 7.840919876640198849e-01 6.458996863834401969e-01 6.779680829262012542e-01 7.509172449152257123e-02 8.704264845941110940e-01 6.592399071397703203e-01 1.009693159938614970e-01 2.431770893173026415e-01 6.892817377449119709e-01 2.449961075444258007e-01 4.774583708525529380e-01 9.375719105468423020e-01
2.110952716662627404e-01 9.808055843594386536e-01 4.925334953082810552e-01 6.476550082367300565e-01 7.708442219051787614e-01 9.448442671018845163e-01 5.206363522423854695e-01 9.847515306189218443e-01 2.635440711310180761e-01 3.766374658583512280e-01 9.029056671627019304e-01 1.558015468170543816e-01 9.639426356729942080e-01 4.484856045724886497e-01 9.928011147730034791e-01 8.303038770832515958e-01 4.089058791252996317e-01 6.354691930895743912e-01 8.332049452226238939e-01 8.303793219692491290e-01
4.229437582386808003e-02 6.114851399890397499e-02 7.207735680014898394e-01 6.720830946761463531e-01 6.914409519711447460e-01 1.760924841754317738e-01 4.298454047570356984e-01 9.676023122722328118e-01 8.148505931578879924e-01 2.505595762453313169e-01 3.919106749120743194e-01 9.948788690974824656e-01 8.507759011187432385e-02 7.261477173658055229e-01 6.729346047790144558e-01 2.715916471193147164e-01 2.955247272636182254e-01 1.302113597944076773e-04 1.179978858454737711e-01 7.447458233447744602e-01
1.411661005221540588e-01 1.493603740675798486e-01 5.191775367643899353e-01 9.853542802284176449e-02 2.179980212467566014e-01 6.650445107229286945e-01 2.237499522805967977e-01 7.273968246378452740e-01 3.131572265329249927e-01 1.489417037730486060e-01 7.117644720555015292e-01 9.272431815172789138e-01 8.254778247151246529e-01 6.914252344788801574e-01 7.367971331710327920e-01 5.260597381389838789e-01 1.224065796708840859e-01 6.426128380632132320e-01 4.389812941128818924e-01 1.277869576747084901e-01
4.112573407293297345e-01 7.678090726142330347e-01 2.108476683039092192e-01 5.202690750990924817e-01 5.683258174371891291e-01 5.180953190475012793e-02 7.708342105990060311e-01 5.205205758551282313e-01 8.094051331537434057e-01 3.199816483087418728e-01 9.924497724111949193e-01 4.665103391888603124e-02 5.399011060633412962e-01 3.343335659020656436e-01 7.485145158794637155e-01 4.023161406726464273e-01 4.249026432057176894e-01 3.911647375820148653e-01 7.001790338531536095e-01 3.534975270777834799e-01
8.299625165614591404e-01 9.370646788538161687e-01 1.057622726268322433e-01 1.545985301187121630e-01 5.603481893405034553e-01 7.244654093168177988e-01 1.835124074285221507e-01 6.300051708228406877e-01 9.316773856915163687e-01 4.976802139949640935e-01 7.175215892422084352e-01 4.918913788758141337e-01 8.945481680871846253e-01 2.723815850915511927e-02 4.697448719750261237e-01 4.673893856392413726e-01 9.478348608986931767e-01 3.720093607944295888e-01 1.290452170503745277e-01 6.992719009906960270e-01
5.245565298641791108e-01 5.689841634053506292e-01 8.578935617415566206e-01 5.454644936623395113e-01 8.724900718209025463e-01 4.486826247250234045e-01 3.210068106052326176e-01 1.717825134788427688e-01 9.819985666751821496e-01 8.661674862763188987e-01 7.406606485664857242e-01 4.558313858014573228e-01 1.264192445760710104e-01 3.764943569372475318e-01 9.064231925198793505e-01 3.965026235619640849e-01 9.837415067726595908e-01 2.806803105870014914e-01 7.133657599586209486e-01 3.638236053285026639e-01
7.780968246866097893e-01 9.067141684832152881e-01 4.364729079659446231e-02 6.735566785311971616e-01 8.383102690441587290e-01 6.012108708043677474e-01 5.664520715164671483e-01 5.026439271875187131e-01 9.643518315561062648e-01 2.942909999963129186e-01 6.930447926670457726e-01 7.197256037760336733e-01 7.339573200987752344e-01 7.215605043812020059e-01 2.302203175782494560e-01 1.888960737110466637e-01 3.849278420420146896e-01 4.885518373733207520e-01 3.421059889527214848e-01 6.040984126876330906e-01
5.645350215438779129e-01 7.018690162699444679e-01 2.646098117180450959e-02 6.916081951645836057e-01 5.727776690666581683e-01 2.733612116912521595e-01 6.798383137822094913e-01 8.056027093085947888e-01 9.481990800798737462e-01 6.127691433674632426e-01 8.649394174978417560e-01 6.289295623186467177e-01 4.251756470373531105e-01 9.463595828327237003e-01 2.849239975192591201e-01 4.505687995613885111e-01 2.530537460935815552e-01 2.096879768553585599e-01 9.888637342052772894e-01 1.224628640572922311e-02
1.344486507820839005e-01 8.743352414099740955e-01 4.610420323536870146e-01 2.160768829401350510e-01 6.166314869311997349e-01 5.871801693548476253e-01 7.661780201482903951e-01 2.048272928466196019e-01 8.393261371164923990e-01 6.495024051595219561e-01 6.724967843244054055e-01 8.885851992008967359e-01 6.389960079992982322e-01 9.079993855312051831e-01 8.113076554410427743e-01 6.259853036549780647e-01 2.137408387974495394e-01 2.218780906617807691e-01 7.244369963644153865e-01 2.673653124734143294e-02
7.307867514563031186e-01 5.876268540767416448e-01 7.145636631527848559e-01 5.003767475488666294e-01 2.854539613625726169e-01 1.354265999193604575e-01 1.755933210100659725e-01 3.326712956394172194e-01 6.220757856152546728e-01 1.738891691584134591e-01 3.469485211952377801e-01 8.722048679358593848e-01 2.236180141014951772e-01 4.895786839249283151e-01 2.314738703256459251e-01 5.344749284564640490e-01 8.481193082538810435e-01 5.525897695402588461e-01 5.030760910130352981e-01 5.591465518381332211e-01
4.421714731437512702e-01 9.080135680226057993e-01 1.662219341909196846e-01 2.829096774622303911e-01 6.224261263720528570e-01 8.273088050057624265e-01 3.026202013132047730e-01 3.353227053671448132e-02 2.808788143524961756e-01 4.128432630396610126e-01 8.958497241166929470e-01 2.108357380879339882e-01 6.150159732867187534e-01 4.304020043096055126e-01 9.178198923038655144e-01 5.139751812832982214e-01 5.412640296469134471e-01 2.801618952502371585e-02 1.401006762238785619e-01 4.890200259282867501e-01
3.496879351641192235e-01 1.688630513753957008e-01 6.867736911745441208e-01 6.017009515811835296e-01 7.165595102338486733e-01 1.865518156047270004e-01 2.555304093432231305e-01 7.061024395347960114e-01 1.873031482216213073e-01 8.347963109047729091e-01 9.264355381229090192e-01 2.362688930396845688e-01 2.117694383083641441e-01 7.112843147641916275e-01 3.743427783910442397e-01 8.451701173728032312e-01 9.511760287045866180e-01 7.060710473699920442e-01 8.476273464119701284e-01 7.726792607175203553e-02
6.038491123504393654e-01 2.663195793991696148e-01 2.834811988144196881e-01 4.148022843778287339e-01 5.471780798063290430e-01 4.602402959973308505e-01 6.919546941926489891e-01 7.754869891590565611e-01 5.260204579887584053e-02 6.549606062991909505e-01 9.466812192246158997e-01 8.330313360069840911e-04 3.401259478067374387e-01 5.128427846801919543e-01 4.066436051026988130e-01 9.989554274116174692e-01 7.051888060435653749e-01 6.401574314197463478e-01 5.152334838554831764e-01 8.869527558583738536e-01
7.667757239182758644e-01 6.555979826276918665e-01 7.682747278197565866e-01 4.393810849645412020e-01 1.911754271734181776e-01 3.290638140861353866e-01 1.559509847575609731e-01 5.044370326145261041e-01 9.415860965729258014e-01 9.733756446586696587e-01 3.783174649987782745e-01 9.085395038673741430e-01 1.043130901438257263e-01 6.324546979977138106e-01 5.624845780081962898e-01 6.527805600285675469e-01 5.103733124867727566e-01 3.806308356986424224e-01 1.605385152586291664e-01 4.811474131299492418e-01
5.535966040329003413e-01 7.588575808501190068e-01 4.129153168386754391e-01 8.964643406568572059e-01 4.924793755630177960e-01 6.349635369890206382e-01 7.013884249965780526e-01 2.140982517280856090e-01 7.348211121625791709e-01 6.805915655558943955e-01 6.817940102340506181e-01 4.311477492118915844e-01 1.705652683111836820e-01 2.367840335676247854e-01 2.534570269448401802e-01 6.200686057108744098e-01 9.952889895285793598e-01 6.496452779347183792e-03 2.991168620803619227e-03 8.317983204861181257e-01
7.386169271812341730e-01 5.026645743327363691e-01 2.556483674847458420e-01 6.047542164623884720e-01 3.452474177128221910e-01 4.420242432798482390e-03 6.775434504618349507e-02 4.295095633986395489e-01 3.723976895089289307e-01 5.433685463822071071e-01 4.507504701843098038e-01 5.161940872362983379e-01 1.897180323746169295e-01 2.206138255370612145e-01 7.164723413266615992e-02 2.334855032212317383e-01 9.034160282754639670e-01 5.367987109143430580e-01 5.661131316275129777e-01 9.031332983475965914e-01
9.638066421391752181e-01 7.652010376113828061e-01 6.210367779085769202e-01 7.612389949032594139e-02 2.458239073429323573e-01 9.113358464231643419e-01 2.289268753601758632e-01 7.404453542816245015e-01 6.434709171316710385e-02 6.266816101648599036e-01 4.619187241723775594e-01 8.104931262142639481e-01 8.364764981854602155e-01 6.653476360158678826e-01 2.614820265968862412e-01 6.328675904694249787e-01 4.636223002935405679e-01 3.894088024180368812e-01 8.768831999805296595e-01 4.942466634978914808e-02
3.231101882596963959e-01 7.836843021519447339e-01 7.370003201110491009e-01 5.546984035232940258e-01 7.386760993085789151e-01 5.182125483045103564e-01 3.428928028065192368e-01 1.750565292096482040e-01 4.561486154065553800e-01 3.566479533556443648e-02 3.429960969002884275e-01 3.771594499049857330e-02 7.147262806049503592e-02 8.583366667922618376e-01 5.513100771641672448e-01 3.412681915091730911e-01 3.804232269453521331e-01 2.334303657274482413e-01 4.849846789114197199e-01 5.352505694230942357e-01
5.924942662453518416e-01 7.818046206846338553e-01 4.316271853876325615e-01 6.844822642608877628e-01 2.029437031112383272e-01 1.116613784792794828e-01 7.000959391502158402e-01 2.766796463895530023e-01 1.086870719005618158e-01 3.307582724990493217e-01 7.906281505790193620e-01 4.506746586008377742e-01 2.519607298856424427e-01 3.765672707383949103e-01 3.019206932413867062e-01 4.758362392548911579e-01 5.009154611308468397e-01 9.038888532112439034e-01 2.508775222375320135e-01 8.971703620956843483e-01
5.572816412556438337e-01 3.180444575109522276e-01 8.704931636451345156e-01 1.464936662627280839e-01 3.527043665418575502e-01 8.561896368860318907e-01 1.933942633060918848e-01 2.195700984987154492e-01 4.609794723909135250e-01 7.433771587836360828e-01 4.352342510473312664e-01 9.471789512308126380e-02 6.002636876832376789e-01 9.216968873458977196e-01 9.992434524214064417e-01 2.772381065004512202e-01 4.179580334415311516e-02 6.345795163860461496e-01 6.986056975455158247e-01 4.694466698295431950e-01
3.992585051962220799e-01 6.961149798234211872e-02 8.489174456857854212e-01 6.892116071657826692e-01 4.784515275633354214e-01 8.414235741804413360e-01 5.702457427371149246e-01 5.728563223469597121e-01 8.070921441629689275e-01 8.631669285908553091e-01 3.230126455524877649e-01 6.927762386056961486e-01 4.765960576279401062e-01 4.600549923192158719e-01 5.664989456637649079e-01 1.556283812248395737e-01 5.429494538983684615e-01 8.261859766305208463e-01 3.181686214675061297e-02 6.938211137634923142e-01
4.333002824741472025e-03 8.318800632552628693e-01 2.913553039905428799e-01 8.151899216587622510e-01 7.138677958567024584e-01 3.318582779301509911e-01 2.536944616949976528e-02 7.561789603343153088e-01 9.125749861232562710e-01 4.021373941418263653e-01 6.619932533732733049e-01 5.985134589675374928e-01 7.876027500221725042e-01 6.609476584356789308e-01 3.984223371880784015e-01 8.019910203324698283e-02 9.751681816853438045e-01 1.575710612319242143e-01 8.887538855542035376e-01 5.244742600196949933e-02
9.784252171184515401e-01 7.520435451253310033e-01 2.212334244077851508e-01 4.635182706315524870e-01 9.727416253874422436e-01 5.337390435002098421e-01 3.239311128913239246e-01 7.861030112191703667e-01 4.092165429774197172e-02 7.941855661510425213e-01 8.470587715618367319e-01 3.682080840099443142e-01 5.207179314943694015e-01 3.301046655551027609e-01 4.436006556673935952e-01 7.622150164971881470e-01 3.112637562930561375e-01 2.951733567205466757e-01 1.586993237311722371e-01 6.983999805990488419e-01
3.296335802862275788e-01 2.176511973036122649e-01 4.306548966375429721e-01 5.633813015316986306e-01 5.931236716677559251e-01 6.557853412507119728e-02 1.189762332492061425e-01 9.988797500880994829e-01 1.152065496287268953e-01 6.150744276293648172e-01 5.649776957564456303e-01 4.889965588998129720e-01 1.826497649479030816e-01 4.442787223483486425e-01 6.437273418479992904e-01 9.807716768429813881e-01 9.132732412796477073e-01 6.734431307332069405e-01 9.784558099997920921e-01 4.057523822966624394e-02
5.176892695071882988e-01 7.206747052494588690e-01 5.856432954832178073e-01 1.794678997393995834e-01 9.483930363544144093e-01 6.013950987240219703e-01 4.336159808666762983e-01 1.958999271604999759e-02 6.941549918443314926e-01 2.931538876030148622e-03 3.283948980697523057e-01 5.753008929968159713e-01 7.814024480182180099e-02 5.779192292456577507e-01 3.227559386980548561e-01 2.409483580224036636e-01 3.832222048059295005e-01 8.410763223891106755e-01 2.633927205977816266e-01 8.480848821921583847e-01
7.727471158922476491e-01 2.815454101378328522e-01 5.483362429712718145e-01 3.668154438434537701e-01 3.039807319760169380e-01 6.005935110603718430e-01 7.464559019651282323e-01 6.215748665699993847e-02 3.809235435868865149e-01 4.693315171591837531e-01 4.364787345061270640e-01 9.505990342050185671e-02 5.032919149182161211e-01 6.034004106449587512e-01 6.010106881485225427e-01 2.848774925942262337e-01 9.794344197185015366e-01 8.953233740012371822e-01 4.318074281195243280e-01 3.685119879927511999e-01
5.618828543282383681e-02 7.182238373271944143e-01 2.831723557684895365e-02 3.258998311796315051e-01 6.884371790085591636e-01 1.379975350543123369e-01 1.947451984589413376e-01 6.758642506341924205e-01 1.548427162574126381e-01 3.196066222179939631e-01 4.734913710963944977e-01 8.029561908452323982e-01 3.048848901206023809e-01 4.292693977021632135e-01 2.346943310245013237e-01 6.860426005062673083e-01 8.625249006106774363e-01 8.513797574004137170e-01 5.085811138872151638e-01 5.863566560435407027e-01
7.310738751559981985e-01 3.857717158210870467e-01 6.884038241140499892e-01 9.949848656332627161e-02 7.656137633631235895e-01 6.524557704533445746e-01 9.052474840917529297e-01 2.928919743279366772e-01 7.638392318961858551e-01 8.292856893042478417e-01 2.462817423602806644e-01 6.362859272089155249e-01 5.956398206575254095e-01 2.724137722254027505e-02 4.129900009984244225e-02 5.856318016063196685e-01 6.081613117242664623e-01 6.420661765139084043e-01 2.431709268850390515e-01 5.451568272463315212e-01
6.554358938440913995e-01 2.343251955571000744e-01 4.461114364923475240e-01 2.765588972747016205e-01 5.614169189545052951e-01 2.425547284971598661e-01 5.311061031670601951e-01 5.745039512164610285e-01 9.162125620592205255e-01 7.830716219816099555e-01 1.704047265541591694e-01 4.132273836647895049e-01 6.957142094755325301e-01 7.424597884551323856e-01 6.978140372189191032e-01 6.966895620464121919e-01 5.109415906618508529e-02 8.701146473405918513e-03 8.166354790219076953e-01 7.154503774002579641e-01
2.675554111396349910e-01 1.487153367838570661e-01 8.221280531829616711e-01 4.559492541816453359e-01 7.360236020666617307e-01 9.936803338679901509e-01 1.259073255245702905e-01 9.162031152528666844e-01 4.460084167735467453e-01 9.740299260745999277e-02 4.754618839884858783e-01 2.402984230990832248e-01 3.951298300244832085e-02 3.634648582952318963e-01 5.526915195837784900e-01 3.974294536223392793e-01 5.777467764182538934e-01 3.235723649985908779e-01 1.663869713910455239e-01 2.735423489272026387e-02
9.296232138904675368e-01 3.669226638412429464e-01 4.537591673296773598e-01 6.895535896954092525e-01 9.252184735749258149e-01 3.918318565950823507e-01 9.757686859556395920e-01 6.805599750432480555e-01 5.362892052234022877e-01 2.866832085083803605e-02 2.892667292841258897e-01 9.516216155750135686e-01 9.386794931015922661e-01 9.220187829131828439e-01 7.820855918578474286e-01 8.384355747719924867e-01 8.637406810462359141e-01 5.377868588816687723e-01 3.812800566019949322e-01 9.701469777448048504e-01
4.018316103332655320e-01 4.794422739596340133e-01 3.108201459059917182e-01 3.665892102199586056e-02 7.608241353969269483e-01 7.095324337727122455e-01 6.935461046371586002e-01 6.774279166253397433e-01 9.325850294634113746e-01 9.065838814562592329e-01 5.078437077590322035e-01 6.233383254292920173e-01 2.580945689732604409e-01 8.150780255223427639e-01 5.682072377442720645e-01 3.522569607833390126e-01 2.752429811605968668e-01 1.127036858844698841e-01 6.453733556370302438e-01 7.913641113159537444e-01
3.468655014028778627e-01 2.211236817136645882e-01 7.912034862116319456e-01 3.268491670671221927e-01 8.942853287183145650e-01 1.271941753519546525e-01 9.404981942402098616e-01 5.866169500812784543e-01 4.685113871212620573e-02 7.241663611888415897e-01 1.058940294605255072e-01 8.161219077593773186e-01 2.906393922098141624e-01 2.492016205380087612e-03 5.316151302943308288e-01 6.057224505886560362e-01 4.394209790659231452e-02 2.956518622666051144e-01 8.205895774289828637e-02 8.911302384403152477e-02
9.596239173364713437e-01 7.232047472232692176e-01 7.664828011565819610e-01 8.912471940554792527e-01 9.190520604545473482e-01 6.149966265763830986e-01 7.635523036860113466e-01 1.263292102673576611e-01 3.782742026455129247e-01 4.769001288929044513e-01 1.413667060197127956e-01 9.617469514869475544e-01 5.704011474877858090e-01 7.462929849260332427e-01 9.254207968384436933e-01 4.391248678286491236e-01 4.425636128861785146e-01 4.758243434383091497e-02 8.762839071509472832e-01 7.831772049177943007e-01
7.217159085341376956e-01 3.884828047372143045e-01 8.728534949206334659e-03 8.754249374750866508e-02 2.841174288797830849e-01 3.510180354119777357e-01 9.621328176041588076e-01 9.890443122186598490e-01 6.892793299467891988e-01 9.774169949865053608e-01 2.781336598674167826e-01 4.268320139662467039e-01 1.968510411726894782e-01 6.453400574946509538e-01 9.168552877192310824e-01 5.619797761420393112e-01 1.073662511140247577e-01 2.479086006354735972e-02 3.354906313466924361e-01 9.252179806780543858e-01
5.497507482564901737e-01 6.313432600747534984e-01 2.307411962356087365e-01 9.751473897480291697e-01 8.941160190479904291e-01 5.121900631123876835e-02 1.875170122333795764e-01 8.259124349876929561e-01 2.471677616308095571e-01 9.248826621845340767e-03 2.665029660685948043e-01 4.987779446857110166e-02 3.600556649798931641e-01 3.864156812529824236e-01 5.056922895383224592e-01 6.057921205274806598e-01 1.157084489374891056e-01 3.234136014259031411e-01 6.232390408143438920e-01 9.550516342368354783e-01
7.097182853530006330e-01 6.730850828677592546e-02 9.960857000831044861e-01 9.079232368384305696e-01 6.725536732775146964e-01 9.999229457185743186e-02 9.169303633745709003e-01 5.828204746017162652e-02 7.756700504267065588e-01 9.459483821269084602e-01 9.182436030904154167e-01 5.542725322604701299e-01 9.894543373916958595e-01 2.688350870749212085e-01 8.413427461164425525e-01 5.808237232570659936e-01 3.253538972840777088e-01 6.758443541281458078e-01 9.770544019540718939e-01 5.610232822182130707e-01
9.034127061203146569e-01 8.304226102830761791e-01 4.311453629482697725e-02 5.710408947204892449e-02 7.628375969564304970e-02 1.206836905850237063e-01 2.060438885646578289e-01 3.673623275543524969e-01 5.858340417925539390e-01 4.432576543441256733e-01 6.049539993505906876e-01 9.247672654867802322e-01 3.561360862614544320e-01 5.782004876626130052e-01 5.374951902410249893e-01 3.432073274502180915e-01 2.873595487074723787e-01 4.351658893031882247e-01 6.849568931881009348e-01 9.058408976774429133e-01
9.616295110360409959e-01 5.132570087406865822e-01 9.490428660184465626e-01 7.054550153211516239e-01 5.246921404782077802e-01 8.561454179158949351e-01 1.174702386804701293e-01 3.763424557634429402e-01 4.875711976619829802e-01 8.404436746843172434e-01 7.130117182013450128e-01 7.769621618859279266e-02 7.966882814530373835e-01 3.421025336974456987e-01 9.883193659532354403e-01 5.677447824703556467e-01 6.592902674789575812e-01 9.062885683293376848e-01 5.145285593307841188e-01 4.785037853228967242e-01
1.663569775397025774e-01 3.826835278658359263e-01 4.813115788712124532e-01 9.229156223395904579e-01 9.967598586117688564e-01 4.251366110434996459e-01 8.399053956840250024e-01 1.096565848733610515e-01 6.309407544484203489e-01 4.900842316740228188e-02 3.933400031242501038e-01 7.338728343383019714e-01 4.617367527251932113e-01 4.179131870287795536e-01 8.140712624105639339e-01 8.897128455036904526e-01 4.433319519745531068e-01 5.231549610095038716e-01 5.554407233245585163e-01 9.964428591645702049e-01
9.922046609677211970e-01 3.546131609937118734e-01 2.227450552095323610e-01 7.843450006251182494e-01 9.161854839481833324e-01 4.800925981860447722e-01 9.626447862605254091e-01 8.216947994226166951e-01 9.750001024729436638e-01 4.965127398448787588e-02 2.428614645715656550e-01 7.873156702233821136e-01 3.350356399786621475e-01 3.011768257696356699e-02 7.148080843879086599e-01 7.198356979010270829e-01 7.129190461233938514e-01 1.739645674404128872e-01 7.083868202907186440e-01 8.267852521308042268e-01
8.918609520960829595e-02 9.768074362705579938e-01 2.670777803764424752e-01 2.147221420376462797e-01 3.355106957640591192e-01 9.883744674642305217e-01 2.343536598340774102e-01 1.019667055728359362e-01 9.961923091938154062e-01 4.762933436032290579e-02 3.093910744642844879e-01 1.199776348084570232e-01 6.222709658341138983e-01 5.197334210150124090e-01 6.434919571849568865e-01 9.112509963341230979e-03 8.799060688775469652e-01 9.354520454783405992e-01 1.665679002170679102e-01 8.413211730080560891e-02
5.760189901311538740e-01 4.121526487256796933e-01 5.383210433084280044e-01 4.773849188347394357e-01 2.667877315379338921e-01 2.109911510266482271e-02 9.837891638196684108e-01 7.430382442613141514e-01 3.549963193167693376e-01 2.478478198021064616e-01 6.540453679594714353e-01 2.341116066162349796e-01 4.053171106058134354e-01 7.448663956819118193e-01 5.955006254773244079e-01 6.691872267943694830e-01 9.884232027675259324e-01 6.072608449402410180e-01 8.748260484785562729e-01 5.026721386761274779e-01
5.425359526777115970e-01 3.017903595167544806e-01 6.617944655596719183e-01 6.381730038690346385e-01 1.392417263834568875e-01 4.535878464635176854e-01 3.508246329970410304e-01 4.564416147496840326e-01 6.003112176550904344e-01 1.364609882806974150e-01 8.318853338647902440e-03 1.224649968529607502e-01 4.036767523944775338e-01 8.314286939827291167e-01 8.887391533886693784e-01 1.185820372303045822e-01 9.131928552866741544e-01 6.897329659947554203e-01 4.732210275987925874e-01 8.339918857835850741e-01
6.478943642590541119e-01 1.604477997654584209e-01 6.734805308322269202e-01 1.184097094754159585e-01 4.619345228337992104e-01 8.519298318645719403e-01 7.932192448873407464e-01 8.439040583916701532e-01 6.507803003025887101e-01 4.023943895565350592e-01 8.680419838777037045e-01 8.024983222233085245e-01 2.885902950302055014e-01 2.386862083751257746e-01 6.518201983818905365e-02 8.019664398960498763e-01 4.394670318437687850e-02 1.258120296186995279e-01 5.948430189271503021e-02 1.677301901872547685e-01
7.947822418695337232e-01 4.323819589349644499e-01 5.282952236374968136e-01 5.289856266563983667e-01 2.670228801364075144e-01 1.968717345625892179e-01 9.713852398850221226e-01 5.549475970892371324e-01 3.878125504984046845e-01 2.658218622867003500e-02 4.098160951867662050e-01 2.212668493997826946e-01 1.681217721183040359e-01 3.909283741043158011e-01 3.234183035544369034e-02 5.112343621294692664e-01 8.148177862686467599e-01 8.112144833365805274e-01 9.692399887703436745e-01 7.151641374419237529e-01
2.665641177674675788e-01 2.366484916247809656e-01 7.488790652642803858e-01 3.134718902776345573e-01 6.517125013442313097e-01 7.393181845096929994e-02 9.855185610771310945e-02 9.939560647842859975e-01 7.458203775767002774e-01 2.307510472333830220e-01 3.945453677401471460e-01 7.293406522935540481e-01 1.810218308920208408e-01 9.460486767630575944e-01 3.755877395330918800e-01 3.530726889440005678e-03 8.557667001581799049e-01 1.792542125268613562e-01 7.919853493100763586e-01 4.818024755251537616e-02
3.742716290463663498e-01 7.177461670822872231e-01 7.547985566999526608e-02 9.332233047120416236e-01 9.020051908760636783e-01 7.521974142886559411e-01 7.401396252195635572e-02 2.124471584475779995e-01 1.519953853985132053e-01 9.853598261487050980e-01 4.202985348538753607e-01 4.618386565858250137e-01 4.176490377872207338e-01 8.468435928580896332e-01 5.695907298483607883e-01 9.704030778460654982e-01 5.849379785370029117e-01 3.017302055561283947e-01 8.854936204718667492e-01 7.767001809370732701e-02
3.715238813017784913e-01 8.411366995332717478e-01 5.778810946787691361e-01 2.855821630026349478e-01 6.642243604041432326e-01 8.247673459995049638e-01 9.252108064733957082e-01 7.093352085037509802e-01 5.968388347246620373e-01 9.863364944055529326e-01 2.890695797831340785e-01 2.683349860085803007e-01 3.707189749280618285e-01 8.043067994257799835e-01 9.160650899313116380e-01 1.724060225733268226e-01 4.150765958975687342e-01 2.195173895626075788e-01 3.194310756773504067e-01 8.464745783798935941e-01
7.984036645701370061e-01 2.718481631588597347e-01 9.540003767499650733e-01 8.332136640135084926e-01 5.450157590565980481e-01 9.156969403514835237e-01 4.297006643545930871e-03 3.770033076693735108e-02 5.085065349755943931e-01 5.085256399451253406e-01 8.492240326434086217e-01 2.790632909284952445e-01 8.280787733617396285e-01 7.088062798989780422e-02 4.941311786615867341e-01 4.784184470431280811e-01 3.270317751142126639e-01 1.073493060204132599e-01 4.008292499298350409e-01 7.042184008785303817e-01
9.227975422876131262e-01 9.948019989554903741e-01 3.095276159127284821e-01 8.840851679290859799e-01 3.610491805623954331e-01 8.758633471314901664e-01 7.734107208855279803e-01 7.201053750763974914e-01 9.815583606275486428e-01 8.207986657044080703e-01 1.523611532392734613e-01 8.170064140575327150e-01 7.128526255631222330e-01 7.197331897639179799e-01 9.438985868962563863e-01 2.695661136690199466e-01 8.666838364379987336e-01 4.340282626392018006e-01 5.573782002623116627e-01 8.925057635020443580e-01
5.382538247698965828e-01 3.403204653530552681e-01 9.119633738671373280e-02 3.470688934799945891e-01 1.684118737902388085e-01 7.027042590290675239e-01 6.493907559988677525e-01 7.731544924436110078e-01 3.978654005345193534e-01 5.701790030448232738e-01 1.985701109912818563e-02 9.138033754242894657e-01 2.016296249511203564e-01 1.305649641306524389e-01 5.535275278472169269e-01 4.830618899643259745e-01 7.291086344392776475e-01 5.629745222736642907e-01 3.159506769591753361e-01 3.332306823061000900e-01
2.818699189341500322e-01 7.936659608779663699e-01 6.682645298932092803e-01 7.244410658707127748e-01 3.300009222472857218e-01 5.561577811513371827e-01 2.520343503068067648e-01 9.968269015808289835e-01 5.594932014312233859e-01 4.550252918430122140e-01 8.836798614927831030e-01 4.545895839744586997e-01 8.961688614166156697e-01 6.163286251805002447e-01 1.353903256602009275e-01 2.888084161146806661e-01 5.532675459516729344e-01 5.199727832234853908e-01 1.785922113830644697e-01 5.614551645861096674e-01
2.851745648586081483e-01 6.397579166813764928e-01 2.466262085784135527e-01 3.530023922446712259e-02 3.000807967924945530e-01 6.722432814432007797e-01 8.758637985033895790e-01 2.358128614589614092e-01 4.304024920176362512e-01 5.514676683311388050e-01 4.599670868160448123e-01 9.792502015339400456e-01 8.059550930972945171e-01 6.251012397338654436e-01 9.999981892730355204e-01 3.052756492898278662e-02 6.872974294687871355e-01 1.252914118722249226e-01 6.907904240010882546e-01 5.295267167066692870e-01
7.197269339140186517e-01 2.709536677857036224e-01 4.019573191745259289e-01 7.261917827044055418e-01 6.109551514748439160e-01 2.512843946806921913e-01 4.411515036643793852e-01 5.217526962150056402e-01 8.091187323694560840e-01 6.287694282096442100e-01 3.411259245940012619e-02 9.348485441106724192e-01 5.606740728244755667e-01 5.750811297878022366e-03 7.794047283703940954e-01 8.557281391252491431e-01 9.228667588088077522e-01 1.911842444306641742e-01 8.753713359459851517e-01 8.685170871276879367e-01
9.802656536842020429e-01 1.070636421869518573e-01 8.923040794668767317e-01 3.516309142682416677e-01 8.729110369905607181e-01 7.146886294522425409e-03 3.648893124361735074e-01 2.032121600757642588e-01 4.955411193942704795e-01 5.103784807257036871e-01 5.148096573817290134e-01 9.461612821778597748e-01 9.493921563211217274e-01 5.955590462454878331e-01 1.506400889233527884e-01 9.997325291734637798e-01 5.989116976054983388e-01 5.501357698635404025e-01 2.507477968482888508e-01 6.794858233657217195e-01
9.950923660501747037e-01 8.896678965017376095e-01 7.822913502603459079e-01 7.078594563355078417e-01 5.436821813300291018e-01 8.913547748378962687e-01 4.057955867257267979e-01 5.940469866723139258e-01 2.312630454026254334e-02 9.848228702098449361e-04 2.027360761568712810e-01 3.730091580318186661e-01 4.220829798970154867e-01 2.850269869616407492e-01 3.925863547307341106e-01 4.024012773000449350e-01 2.002003657315218899e-01 2.178630612184473403e-02 3.398147642736999430e-01 2.239578591095627846e-01
2.993847272124816605e-02 8.194133448812267462e-01 7.189974137741680371e-01 6.612354653781787883e-01 5.428804810820507809e-01 5.199611298385187208e-02 8.526564500961181237e-01 5.215933857381380712e-01 7.742072202113524648e-01 2.805683648667116614e-01 3.859091432173645808e-01 8.146109927119637995e-01 6.392056716468822453e-01 5.012510290926004419e-01 4.639127403598889421e-01 2.383510834674411605e-01 6.744082246414119242e-01 5.292341315668522839e-01 9.313434968716280959e-01 1.402995580342959459e-01
7.679773711094859401e-01 7.273400484928664866e-01 6.368735433158523307e-03 3.004875595140860112e-01 7.338798637251731094e-03 5.983714696655130227e-01 5.739073607998469440e-01 4.289633827820050760e-01 4.124036501086770778e-01 8.432849735899689003e-01 1.376219368422734179e-01 2.215898617498659462e-01 3.871301962654052353e-01 7.745471692279245479e-01 1.242349720139058755e-01 7.254393824815070779e-01 7.727219784082547394e-01 2.219782539143434485e-01 8.948528206840832278e-01 4.321952318764030743e-01
7.778538353549210305e-01 1.568011057736851122e-02 2.728461619251320025e-01 2.081484739979144738e-01 8.540529072724875048e-01 1.753739798597355737e-01 4.105739528691565443e-01 3.785535123152965475e-01 4.635816822688338945e-01 1.006249378248910142e-01 2.565576486759230113e-01 5.266061818635253688e-01 9.252914485850627369e-01 4.824374099309595154e-01 7.190649601641082578e-01 8.869317060802948127e-01 8.616902070834456806e-01 9.706135940258862060e-01 6.200704951531810227e-01 2.471329217993611937e-02
8.013924485587771152e-01 2.682558829352832408e-02 1.867696365260743674e-01 9.704508632462715001e-01 8.925193445601516951e-01 9.163167455276742812e-01 2.887227822421071233e-01 7.821260250890124111e-01 8.838251824619242081e-01 6.285605662378110914e-01 8.200787285185170417e-01 3.001117855886448194e-01 9.986466684260070226e-01 6.687438951856332636e-01 4.605482069626068986e-01 7.416702683915812333e-01 7.574112004275558307e-01 4.367447652174520911e-01 2.951966035485829032e-01 5.286131051101088385e-01
5.832207647288931707e-01 6.798631993235032533e-01 3.194664309616854769e-01 6.009003527068587092e-01 2.641829111102123040e-02 9.876243759916600862e-01 1.055295330119101482e-01 8.836508307558135211e-01 7.760819388874115043e-01 8.657974729192489116e-01 5.836285829074145948e-01 4.195314235241728307e-01 5.455344007547127116e-01 2.291683977391680838e-01 1.889179147789326052e-01 9.045359759440398939e-01 6.120681858728003188e-01 7.042911945972903931e-01 4.448474786885082688e-01 6.651509749451766096e-01
4.427034806081154850e-01 6.627225642209384482e-01 4.175015373993120615e-01 1.316952710398463511e-01 2.970708993203186044e-01 6.891465600572239669e-01 4.912638069344755776e-01 2.532679086990984318e-01 8.986812614061121529e-01 8.656634438245690566e-01 5.038113703725789483e-01 6.487648950325697328e-02 6.152361531776413539e-01 1.729777935746745765e-01 5.559141177889874719e-01 3.911102299111044456e-01 8.786806971273409816e-01 9.471196195477874502e-01 5.736259141218729152e-01 7.597164570481802492e-01
