3.491445086621668414e-01 8.485187511151418560e-01 2.347209342741199967e-01 3.015016096831211190e-01 6.089279288207132268e-01 8.042689868016581478e-01 9.133607138498012201e-01 9.624977278487202303e-01 3.123868066366580765e-01 1.177011009230448657e-01 9.890381720133094579e-01 4.737673261598397412e-01 9.702460249303814788e-01 5.732978357054998586e-01 6.363133776175254885e-01 5.884139189786996571e-02 9.408289067520375637e-01 4.168733115989100568e-01 2.073942647208550927e-01 8.429564618256792929e-01
1.277949185998805692e-02 5.236346600986120370e-01 2.157122887751641294e-01 5.648217711400308483e-01 5.744665905246446602e-01 4.724209893097064406e-02 8.775101586065843229e-01 6.599346243817344471e-01 5.773810866764287342e-01 2.714204021601727135e-01 3.978157340883570203e-01 6.649884664833293213e-01 7.022655339387847695e-01 9.659605666581358996e-01 2.384571790976022232e-01 3.806636411751680438e-01 2.246831147783054927e-01 8.060227369140129383e-01 6.342086808325549940e-01 6.583093827227024519e-01
4.022223542923970552e-01 8.722715439639820989e-01 2.662667467155332979e-02 4.866086240244682504e-02 4.608726329919176079e-01 5.340362856822776783e-01 8.072307810994302502e-01 9.051713673000921778e-01 3.450136534532177723e-01 9.953158347001764827e-01 3.657405245614239186e-01 8.416378232489816202e-01 9.599395292883935449e-01 1.500698384344146818e-01 8.235242122047781166e-02 9.823308365569257683e-01 7.279643838108849074e-01 2.363425950639227446e-01 1.287610482938137402e-01 5.005515521227773545e-01
6.138525154509699711e-01 4.338792139962065475e-01 4.064373978975058810e-01 5.566601103655414162e-01 5.488566055222626749e-01 4.147414209684970876e-01 1.078664015704955403e-01 4.269800867335432626e-01 6.818175503636575430e-01 6.900948706018014134e-01 2.294793734667842644e-01 2.815051132872953277e-01 8.240318849600994922e-01 2.405663436618397100e-01 8.959461332871369033e-01 5.421911840287485518e-01 9.465350357366766332e-01 7.649266920917296986e-01 3.750945349691870989e-01 6.176906618969812968e-02
8.512676626787734069e-01 7.368448937584503033e-01 6.899629517904524167e-01 7.018779815867172145e-01 6.227209608072327152e-01 6.361971536444182007e-01 8.510604587832133472e-01 1.081991373948496538e-01 2.298424813126935806e-01 5.281984776243182633e-01 6.061112729187121406e-01 5.843840658475285554e-02 2.679773577447549515e-01 9.392428369961214329e-02 5.540981559365556475e-01 8.345066284345015184e-02 1.554765753894793434e-03 6.821231999976233862e-01 5.269929920934389722e-01 7.537596194092539559e-01
1.262136504199207199e-01 3.520014659869546980e-01 1.716040581633644369e-01 2.208479216526024747e-01 5.539178490498541940e-02 9.359420708093151298e-01 3.111048140412353558e-02 4.002378558771877426e-01 1.454146537805370842e-01 3.095368222874465003e-01 6.201977512294483130e-01 8.792765778373656804e-01 1.700230089643477438e-01 3.653131261069711977e-01 9.048925093823660948e-01 7.959538918811115416e-02 7.333295958382475277e-01 9.781612372707249037e-03 5.088673261705091155e-01 6.233331505892157898e-01
1.445752898722477697e-01 1.803247965027379163e-01 4.727926546886318526e-02 7.488965721588320967e-01 2.288788694296429727e-01 1.464793523242546858e-01 8.211378910678852616e-01 2.774947319365217435e-01 7.874985715546576337e-01 7.613669503176919706e-01 7.227567939505792349e-01 5.559488248713991831e-01 6.440290022678439863e-01 5.498628537478007505e-01 7.209412674731563442e-01 7.154203365106936996e-02 9.660397639865285768e-01 9.212714161442691063e-01 9.036722103378957982e-02 7.359597335907794857e-01
5.728709890664744897e-01 4.170526105564115182e-01 2.184808215722932045e-01 7.224486176690844141e-01 6.440333497953208974e-01 8.736113972361154723e-01 2.373289579032937802e-01 5.739216850411699156e-01 1.603532415095573205e-01 2.743134085585613446e-01 4.412049350122548841e-01 7.649922589239692705e-01 2.632581092231758291e-01 2.623992193920098304e-01 2.305814591728659879e-01 6.577922390954207277e-01 1.535635427607205949e-01 3.707920406533581348e-01 8.485531204261015370e-01 5.956392503458642906e-01
1.346385040809587874e-01 5.045108591447672319e-01 6.523460350261527374e-01 6.752625597502613930e-01 6.954499435403715957e-01 1.677399255427821645e-01 3.073282189173279777e-01 9.314445720560539099e-01 4.162535272094314287e-03 2.597339562283255132e-01 1.712266853344202033e-02 4.357660722685723353e-01 4.051397280563651115e-01 7.676752105261772652e-01 6.358997552750980109e-01 9.124774794854517701e-01 9.701676778294699988e-01 3.209538634499953247e-02 5.430397227702761231e-01 7.980306715316509703e-02
8.253522124741321520e-01 9.072122884555666733e-02 7.577665708255579835e-01 5.145665164940157466e-01 8.515834531717955125e-01 4.658300850524428327e-01 9.015706834637187139e-01 8.470448562113925828e-01 8.083209983135826171e-01 3.038085228392919390e-01 3.368040294855195738e-01 5.086013867114625997e-01 9.621531332012138726e-01 4.100894315130965140e-01 4.713839925394005537e-01 7.552407095009735505e-01 4.454702726395365353e-03 3.921206190962169824e-01 5.632408768165727553e-01 1.712572589445915394e-01
6.823947296042074395e-01 6.338621326155570168e-01 1.359148754690875371e-01 4.389087118147616540e-01 4.132052125378730123e-01 4.746689671276013156e-01 3.112667937990998279e-01 1.347145091360213431e-01 3.971332544712777857e-01 1.849390639967124494e-01 1.961557353570919648e-01 1.528644597536281680e-01 1.398968054457238042e-01 2.760832758525335606e-01 2.536688724951919882e-01 7.375284777183759299e-01 7.252489317486819909e-01 1.454136888569297348e-01 2.529449959574934237e-01 9.327541332500094429e-01
8.493513564022138196e-01 1.457873500171060765e-01 4.229996409787291078e-01 6.017207410031966131e-01 9.295643959415983426e-01 8.825593609157212915e-01 8.229436931410549771e-02 3.450351220264292751e-01 2.213413318808161723e-01 1.134856706800934090e-01 6.799265484629452017e-01 8.014306856655969424e-01 1.344367533978204632e-01 5.285095507844711493e-01 8.010694743739628088e-01 5.487152397570111972e-01 5.891775687489193558e-01 8.872646290678797287e-01 2.794845602806083074e-01 7.613011859482649024e-01
9.432536568322195114e-01 1.071508934704631377e-01 9.847023106695537153e-01 1.302092113659110151e-01 1.575246913021608464e-01 4.025721159553794504e-01 9.045333855832377035e-01 6.840304237364718265e-01 4.097990739457381126e-01 8.142117005225899540e-01 9.577655341257753641e-01 6.526833735881895082e-01 8.313180367475476729e-01 3.241798830860587177e-02 9.971399403691565411e-01 4.175199867048423608e-01 8.678300447988084310e-01 3.449383149570052209e-01 1.017360225759609271e-01 6.907733550772905406e-01
4.537588651229551573e-01 4.074947286747094832e-01 4.309406047823468588e-01 5.789969033503129525e-01 5.436134237863206042e-01 1.963560332120255492e-01 4.486421410777557961e-01 4.959861463753201249e-02 1.177095544914500413e-01 7.499100636897789718e-01 2.293745430008553576e-01 4.699678394676631843e-02 5.838501386226875312e-01 5.559919711771783568e-01 2.758681019631512576e-01 9.041665653711126183e-01 8.152885962416409615e-01 9.859271539330327627e-02 4.109598574882770139e-01 2.631829599439533540e-01
1.951805319641036762e-01 2.856485405359934227e-01 8.460603214696710284e-01 9.507340001179553912e-02 1.557360049895217813e-01 1.281636593035795357e-01 9.146110086481058499e-01 9.326543219789930061e-01 5.713360356696672859e-02 8.148572617189979717e-01 8.550264960301721118e-01 3.797036002130208532e-01 7.221410547038038530e-01 5.977727730047466270e-02 1.170196535692502593e-02 2.261527684163220364e-01 8.383175453301400237e-01 6.226413375994982458e-01 8.146052850445740789e-01 5.529559839676613242e-01
1.528624867391159547e-02 9.202928512577934761e-02 4.849362763294370327e-01 3.803752436268469372e-01 2.444000505762702335e-01 2.253282485727929885e-01 1.986310365793504396e-01 7.476965227530780744e-01 8.145375985462799395e-01 8.562183228021069681e-01 8.858199593751310275e-01 1.702152042861782011e-01 4.926225949508588053e-01 4.791548951901750675e-01 6.906030694951421633e-01 5.030603462187928088e-01 3.536810841312334475e-01 9.919112830910228329e-01 7.646430875773473357e-01 2.786555464962301443e-01
6.186821707035641271e-01 9.087003383427185721e-01 4.279421585199247868e-01 3.862807746512562090e-01 8.980973782154642038e-01 5.292723567880376345e-01 5.023859858335728568e-01 7.225581040371584773e-01 2.312049371838720280e-01 8.430799606015112468e-01 5.429357987782805761e-01 8.958702125959032703e-01 8.999556859103609030e-01 9.503630635527650083e-01 6.876028815939555505e-01 6.454010326474948211e-01 9.467088495430004969e-01 9.427302888432664840e-02 3.952390515114210245e-01 2.500826619318341493e-01
7.409236972225188289e-01 6.280531672774979368e-01 9.693273602277173717e-01 9.480986272779229340e-01 2.387969026353877755e-01 4.286068034050928288e-01 6.224752673497435662e-02 7.102880746148887425e-02 7.565787802718074717e-01 3.540428296173959710e-01 8.768105565505319721e-01 3.196360337839676546e-01 2.186305373607730917e-01 3.015636319653716146e-01 3.908843050052523971e-02 2.612105829966138160e-01 1.986126031101741463e-01 6.914297241705973374e-01 4.127151873703367446e-01 7.262588408479908608e-02
5.929424570704727726e-01 4.457982003302843887e-01 9.737068463790398143e-01 9.473144203996284318e-01 5.985398791210259084e-01 5.218777655101892732e-01 2.666378887999497627e-01 8.043157537108782673e-01 5.402043486503343983e-01 4.577124548507792712e-01 7.672799224155325559e-01 5.826546934413046053e-02 9.249802502461113018e-01 9.858554185758877653e-01 7.781527441476886464e-01 9.193672524595529749e-01 8.780369878461412592e-01 9.178082936456296581e-01 6.692787827647711518e-01 7.870722996751122746e-02
2.546000179006145947e-01 2.917308186751887966e-02 8.011383662962241470e-01 1.018638970601535298e-01 4.038054727355010476e-01 1.775835966190820736e-01 4.104164908551446445e-01 9.458306607085097406e-01 5.272566621484116034e-01 5.019838463023379438e-01 2.384370813107307141e-01 1.156674888751944019e-01 9.412204611901698881e-01 2.604117249637322162e-01 9.319377560154469275e-01 8.464007657663239481e-01 7.565196263948412714e-01 1.891314555966208122e-01 9.550421118555292299e-01 2.025586531367096210e-01
8.682248843459283716e-02 8.934252633287897982e-02 4.037368176812446974e-01 3.809052346840345882e-01 3.174080939240218058e-01 4.692996210346931374e-01 3.290724625284325855e-01 3.733132378765868786e-01 2.858952084271221272e-01 6.246529477086296689e-01 7.179331386643965640e-01 4.123442258058305221e-01 8.163824825087351300e-02 6.389324262535007737e-01 7.268719654483628556e-01 2.312031020085625332e-02 3.053320363877488619e-01 2.904836977819886812e-01 3.067583007793446281e-01 9.904685967016568782e-01
5.930992256684695096e-01 4.082474571821240739e-01 9.006533091226555099e-01 8.809632605475181677e-01 8.990580717160442381e-01 4.844138300303013622e-02 5.163669290565313652e-01 4.045256732404924893e-01 4.854921016074232876e-01 8.097975497402980505e-01 5.019054353863418028e-01 4.845006929813909791e-01 2.685303002877681422e-01 4.373696936936842805e-01 9.264071693644844174e-01 5.035465679712287645e-01 3.996916460182919906e-02 8.217924056216472373e-01 8.446319504491494046e-01 9.329157111309370753e-01
7.013233904475911773e-01 9.233973825873141861e-01 8.307617251805881065e-01 4.094873374908089003e-01 4.339724756974017161e-01 4.463014611335167636e-01 6.854169778732132068e-01 3.044293855115635106e-01 7.327055575891980865e-01 4.844646312815205080e-01 9.298220182302389114e-01 7.063500213886821921e-01 2.429941865871206863e-01 8.502537915944703428e-01 5.483854556889762311e-01 7.674497340741347484e-01 1.433170673162789122e-01 7.571440224545619158e-01 2.143647757986176794e-01 1.735556715778752146e-01
8.659744862166754986e-01 6.298244667195194157e-01 8.672770636627800123e-01 6.154282519925857731e-02 7.746872201629477761e-01 5.591320956722727331e-01 8.751054663954660473e-01 3.425664401100850798e-01 3.961891457892008361e-01 9.646014167975756060e-01 3.958311283963953375e-01 8.845941656991320734e-01 1.473118874812356927e-01 9.372650436181957367e-01 9.462368012491507718e-01 2.297363578933020456e-01 8.524753877996645857e-01 4.674296382857535681e-01 8.207486518201885239e-01 7.043734986156512390e-01
4.405209247465007305e-01 7.955915566122850890e-02 9.095258701481370167e-01 7.074996636580895837e-01 7.324833687755558653e-01 6.731503722972912440e-01 8.822226042401214441e-01 2.302633959212373460e-01 4.998957576699838423e-01 8.030306839320165979e-01 2.747968015682201726e-01 4.550905759029086894e-01 5.627010253178966748e-01 1.429916470992290689e-01 5.572141842714301019e-01 5.317606844139731725e-01 1.350372916078367291e-01 2.611007847772439661e-02 1.123739151753204712e-01 5.870294022650791588e-01
8.286242498872095075e-01 2.979132276162675952e-01 6.474627776005377200e-01 4.448923396224124804e-01 6.253708366705627020e-01 7.696972402126379675e-01 4.084248246043815644e-01 9.546000488077427404e-01 9.162870473110227287e-01 8.796838710385962434e-01 9.795552653379447916e-01 7.009176480411455357e-01 7.641055081214708222e-01 7.879681601373382804e-01 4.143506948064256123e-01 5.698671956134894190e-01 4.483057488413899616e-01 3.078126999298181898e-01 8.874054314682763289e-01 2.885588689050696543e-01
7.827662547828031503e-01 2.798833302665110212e-01 4.293075148091120008e-01 7.999223292484508585e-01 1.509413365937996021e-01 5.311479282486863962e-01 8.821856501932398009e-01 7.722459620370187849e-01 9.780368707280978624e-01 2.111567138411515332e-01 7.195800132781624558e-01 9.614394003913873110e-01 3.153178225572208504e-01 2.603435715459618827e-01 2.725472727116596827e-01 4.053637285740852025e-01 3.445352259356215807e-01 3.274463971958462283e-01 3.176581460914527089e-01 3.338432248058490481e-01
2.473739018890563912e-01 3.981013562274202666e-01 9.135294391175465822e-01 7.695739727874473246e-02 2.497381763862117632e-01 7.203279142896682474e-01 4.267652382089480723e-01 4.671668096458428954e-01 8.593788595596156821e-01 7.484599959050042273e-01 4.455066899326540764e-01 5.766236779902940146e-01 5.180182729505081740e-01 8.879790107168055169e-01 9.557756111996325021e-01 7.667436064692255693e-01 9.305194535727043803e-01 9.653432819844094404e-01 1.366911721929607859e-01 9.959990883663136785e-01
1.747533009894720601e-01 7.429841030479615860e-01 5.733256989417391258e-01 4.722772344007587497e-01 8.844467934750980254e-01 2.651481936505698522e-01 7.055051814918607000e-01 9.551993768343807201e-01 1.767037234630604026e-01 9.579563386818924497e-01 7.208559529455014214e-01 7.799446627649135877e-01 7.396951118619532473e-01 4.356732385504280547e-02 4.824915263065076010e-01 9.457164053106211776e-01 5.686061440049960947e-01 7.142176195288544305e-01 1.163897484474214483e-01 2.234547454591448989e-01
2.585016166239972879e-02 6.805330212898452746e-01 9.711890195927533886e-01 6.957998170579876573e-01 9.512534271166701583e-01 4.539225905528198046e-01 5.449366653369903668e-01 4.820871643743238621e-01 8.883698210484879398e-01 8.635941156319740797e-01 4.141535745593747375e-01 7.816992587484560273e-01 8.446785545285462327e-02 5.170711229189228764e-01 2.907803403576741941e-01 6.295425382386501401e-01 9.431141908914538741e-01 2.926754708338608069e-01 3.911879002139660999e-01 3.453482024063092570e-01
6.990271790548016062e-01 1.385097978414498998e-01 1.680423788582183775e-01 6.815148050992435591e-01 8.314722229834762279e-01 2.389295416720288445e-01 9.945396626062604772e-01 4.861935234296479447e-01 4.714357104018895850e-02 2.144841553770342468e-01 3.127806363309432180e-01 2.306814403363305344e-01 3.612487133790582838e-01 4.520213001209594239e-02 1.610149071070038351e-01 5.687089374752287707e-01 1.805434025323028324e-01 2.761513450602280928e-01 7.727959362097119866e-01 5.442493022847982864e-01
9.746165219808767821e-01 1.764750476991789885e-01 8.114872407203619353e-01 8.440773245452312112e-01 6.703404903444385443e-01 6.073916706406936594e-01 9.267582104994153136e-01 7.481078598252404177e-01 4.196070043400180749e-01 1.324324741035363129e-01 6.618603529405252539e-01 2.405672607368776195e-01 2.508082237420740102e-01 8.995745250724915820e-01 1.647236747909697208e-01 2.035661849101746412e-01 9.060387472269226805e-01 4.698412008918732008e-01 8.997309306693093145e-01 3.134689073903808021e-01
6.033142219677395390e-01 6.938317919726723071e-01 2.831543695391420812e-01 6.193795550433059960e-01 7.568611920589434217e-01 2.096296459521630462e-01 6.154298307744995311e-01 1.502454621296048787e-01 6.946303388805252776e-01 4.375139233022792284e-01 3.269368910394198080e-01 8.488953822869754751e-01 4.938210745223013953e-01 5.541591016856283192e-01 8.453353872735311914e-01 2.220881482777461446e-01 9.479012516174749603e-01 9.250646245970051140e-02 1.683158871605570095e-01 6.349038622873282023e-03
3.616180965288888771e-01 8.249430897343551505e-01 7.370047672433212016e-01 3.546322325468437286e-01 6.916311547133436877e-01 4.634295385237163778e-02 6.800033316201736788e-02 8.436136371345293039e-01 3.259741748272396711e-01 4.158992271693355836e-01 3.879846880298087886e-01 7.958613428798564371e-01 1.483275381578738061e-01 5.221744900614111451e-01 7.246679291615375496e-01 4.892700080334475565e-01 5.694771778212242008e-01 2.412361653630517022e-01 2.279568108108553925e-01 2.049589760235759339e-02
6.593530633155286758e-02 5.089986048371627492e-01 9.476683296816124091e-02 3.004410835203801255e-01 5.026295142194884269e-01 4.504446610451940947e-01 3.334001717414780686e-01 4.512299826158387983e-01 5.472518062345416157e-01 1.267889534386594796e-01 6.615379725646423070e-01 2.909315975062206627e-01 8.979812463229209785e-01 8.958165163647238138e-01 5.367455143862936984e-01 6.471671890640247060e-01 1.988047908004930697e-01 6.919352377595788806e-01 2.586351980926837602e-02 3.444231418355803154e-02
9.135452276147488782e-01 2.942225983916425536e-01 4.081285944794120768e-01 7.090485284478704742e-01 4.452137363935849690e-01 7.439593791757292962e-01 5.753259480390815472e-01 8.711768213669268679e-02 6.135985733843307699e-02 4.581809957184206361e-01 6.167987022227270355e-01 8.720417081964241257e-01 1.664732760571587811e-01 8.436863942802241834e-01 9.252017191655180772e-01 8.361398609488267519e-01 2.830676848749743568e-01 8.068311969737417266e-01 4.081154273803310195e-01 7.469868676385350570e-01
8.123219528254826960e-01 2.268052643351741171e-01 1.076219728609221216e-01 5.610892761772978687e-02 6.353985654926905813e-01 7.614471226902813639e-01 9.838021387854545274e-02 2.982879635527844187e-01 1.630156396610167313e-01 2.409949937784039431e-01 8.609304858329828170e-01 2.459117228258563825e-01 1.401387218462536444e-01 4.107257321214491386e-01 3.742426453244586115e-01 1.303640741432451344e-01 4.737596766351387378e-01 9.778430706960357099e-01 1.476733621257106943e-01 2.787487450537606826e-02
9.382175995391450751e-01 3.729279589027156838e-01 3.798837500290328517e-01 2.165642312910551759e-01 7.841239346656342368e-01 2.184743952732890460e-01 8.673581933045201309e-01 2.170123424977802307e-01 6.142607934702417616e-01 4.205251561331571075e-01 2.675347695077506804e-01 4.168196597176070384e-01 5.764815135509426813e-02 6.983387364642519302e-01 9.837335105891187315e-02 2.730368501391611247e-01 4.153656701522833172e-01 3.613684401267039936e-01 3.956831870722313793e-01 8.770033698119712451e-01
2.167156921461474983e-01 7.371753307961131929e-01 4.327139936728187086e-01 2.062047210738136016e-01 8.185313589187235284e-01 6.228367200129023562e-01 5.910535857910357294e-01 7.892270247299441044e-01 6.219739402515760407e-01 5.459048892669737807e-01 1.976372387498234184e-01 2.159558218234876037e-01 2.379127835440192351e-01 7.554430592488813323e-01 4.942796641812361447e-01 1.522759965490718681e-01 9.141938557280493427e-02 7.189793923810676723e-01 5.820396307501514155e-01 3.562715254182328151e-01
8.524532833591469405e-02 5.279962019593439360e-01 2.603288123980629365e-02 3.982094379259755179e-01 3.760448387645578538e-01 3.418340022031951531e-01 9.051112433419143954e-01 5.606124880189740090e-01 6.952078332669767713e-01 5.556253564214590490e-01 3.990516384822161422e-01 1.982618204843610288e-01 6.633837262096350385e-01 1.016893439689018352e-01 3.777438169741531571e-01 4.936553436164370368e-02 7.138251476107296822e-01 7.764596962695711202e-01 3.402062488048528399e-01 5.735393867733795670e-02
1.070084108947038093e-01 8.727244943430545465e-02 5.784083255553871261e-01 2.527292672286860498e-01 1.016570911410584754e-01 8.251485690151709740e-01 9.348350536878557993e-01 6.091030884150056002e-01 9.196027932737769195e-01 6.697856985459882395e-03 6.360796041336346240e-01 3.839337121081580761e-01 1.247269396294067301e-01 2.176274391691473964e-01 3.969572177014402126e-02 3.832844706658511402e-02 4.742562409779549348e-03 1.044811646174157449e-01 4.963811864568403731e-01 4.002076006140504738e-01
8.675820627173578270e-01 6.249392665980088024e-01 1.617882057733910361e-01 2.827845304204860133e-01 2.032158437185471733e-01 1.787589673584715211e-01 8.119746316128755304e-01 5.419235663007548887e-01 1.255801748609722823e-01 5.557781420995344668e-01 7.072786400267651041e-01 6.368056690550841781e-01 5.351085111153519591e-02 4.289485521935053614e-01 6.782537709358376077e-01 7.432516837631272244e-01 9.763665841426072411e-02 3.053304238171177243e-01 1.034977961047834905e-01 2.097996834021839119e-01
5.382237494789595678e-01 4.265757093719568793e-01 2.899930868899847081e-02 3.695420856462324766e-01 8.026074907816348469e-01 6.630637070314072679e-01 3.255569520510448456e-02 6.905713916452194123e-02 1.329110869863171507e-01 8.440735032168918961e-01 5.918729708037515636e-01 7.039659444125411225e-01 6.319277661414068881e-02 3.666971081817553824e-01 9.403702043762978136e-01 1.383867735539282551e-01 8.903078944288422836e-01 1.313268539597512996e-01 2.904004954413632600e-01 1.598204814650597827e-01
2.807507550952168529e-01 7.335394846562741655e-01 4.996877792543462649e-01 9.385210689459755340e-01 1.361848681182732390e-01 1.249032256545181685e-01 3.044842120505379945e-01 5.715783958375753038e-01 5.689599951244411757e-01 8.540562066568644362e-01 1.413076601480189876e-01 8.344510599930711203e-01 5.723784124060155021e-01 4.024273197405132674e-01 9.247754847780589316e-01 1.952457749107421314e-01 4.270402836799949142e-01 4.095043420769410858e-01 9.073418034198060811e-01 1.952561188652519597e-01
4.173279584615796622e-01 1.159185857223178351e-01 4.746804556235850736e-01 6.936807951255417048e-01 3.458785365487232477e-01 1.222105526717840451e-01 3.390328565033750019e-01 7.952571286907648140e-01 9.041551622585608516e-01 1.780491850613254989e-01 3.231951700565952601e-01 8.654845778394637534e-01 8.740152065252848601e-02 6.015832905196464298e-01 9.836418227964153216e-01 6.902341058986012357e-01 4.213300233363840297e-01 4.171171145502665656e-01 4.869417932814578132e-01 5.008364772402756904e-01
5.640627230798327396e-01 8.113199737585228277e-01 1.675031104729686193e-01 7.485713616220883715e-01 4.771214660179350364e-01 9.221357602238050566e-01 9.416992541059724386e-01 7.644919402491257010e-02 6.153701380812939270e-01 6.194635590776146339e-01 7.584129411502678053e-01 9.745680477636994299e-01 1.803133723089974660e-01 2.111836591981089972e-01 4.012725103949964511e-01 1.537141878843590881e-01 1.350442264547672133e-01 9.552905691335136229e-01 1.267237546780293211e-01 4.846396803479097182e-01
8.411544830582005083e-01 1.941640034839261508e-01 3.144797781485790811e-01 7.478225558209863344e-01 3.374181885957301397e-01 9.300268119932835198e-01 2.477300058595687249e-01 4.457007097931305895e-01 1.357267194025202350e-01 8.304936307603985046e-01 1.832735017976251379e-01 4.413101644376380417e-01 2.561019174770935436e-01 3.196238417675878463e-02 7.185362907480531414e-01 4.907633917347192787e-01 9.457681445310474055e-01 6.256612102304996981e-01 3.026488554347763760e-01 9.658765479268071052e-01
2.874697482133061754e-01 5.928457578744221745e-01 5.186033178262202670e-01 9.561088046559964582e-01 9.234138770675337504e-02 2.752333714794683583e-01 8.100791110586171850e-01 4.263119813640535716e-01 5.165608541798292208e-01 6.740601504353989082e-01 8.782920535119455030e-01 4.892399404696012866e-02 8.887786198167070273e-01 9.128176333327382430e-01 4.826609601739518807e-01 8.386669088465371624e-01 2.897626198602665237e-01 1.083976341206076555e-01 1.753787391869751078e-01 8.816055248821077495e-01
8.453860469728200489e-01 5.036373587525336815e-01 3.991939496235304974e-01 3.779312545784940802e-01 5.322940035811108972e-01 5.436780131711449471e-01 7.689256080304504026e-01 3.186385322083922222e-01 5.639361568278800085e-01 1.000025207184624954e-01 5.421820320816184147e-02 8.199005286570134610e-01 1.485078967911661607e-01 9.701005452464903644e-01 5.212100178950859197e-01 5.656159723014601015e-01 2.940797096660898724e-01 5.455582842253278164e-01 8.640737521853323333e-01 2.623796950112243787e-01
9.238429882243893720e-01 6.083591568239811176e-01 8.156463999650922503e-01 4.454068616967181704e-01 3.223846573634681079e-01 9.032935027625261792e-01 2.882976539307869901e-01 7.900907459916017839e-01 5.776629221650505519e-01 5.725856444090324793e-01 6.858954283981916200e-01 6.958219101668619011e-01 4.587460367171135589e-01 5.705375878949409119e-01 7.142619461965670213e-01 7.014353320610080544e-01 1.530513090563544454e-01 4.190648650755716131e-01 9.682531080027543258e-01 2.263615936621624636e-01
4.452144481931629150e-01 2.928684126133573873e-01 2.974939393349489425e-01 9.331668892559619177e-02 6.871102958580964648e-01 1.205782864339771665e-01 5.560166599641530594e-01 6.969794085763086899e-01 5.891801269728744739e-01 1.254777146882399830e-01 7.962012722344169458e-01 6.560765254797662482e-02 5.331897354477382889e-01 7.769864442857783438e-01 4.507008794101263760e-02 8.124432495088831363e-01 6.049496946843153644e-01 9.980758843159098781e-02 3.698919029054649199e-01 4.862126807377443738e-01
2.570067416402835869e-01 5.433167164100889401e-01 2.362138073844411990e-01 2.448070375533513143e-01 4.683934377288886397e-01 4.768802394839952719e-01 4.221604453977803040e-01 8.781532667230862454e-02 9.875540822680755060e-01 9.407443774643557965e-01 1.917129263563593922e-01 5.936935811266099705e-01 4.927640218197335553e-01 2.009541458296676408e-01 4.203605787263031690e-01 5.429932894203137739e-01 9.720166081488631482e-01 7.317864407569201202e-01 3.107970063414599027e-01 7.136563353798827114e-01
1.741363144383556438e-02 7.340120692983425066e-01 9.577491650856531091e-01 7.708004969348007940e-01 1.553585439719218364e-02 1.005738903040587218e-02 7.131048367646519726e-01 6.445301775538605504e-01 9.251886129866617736e-01 7.141859047035480357e-01 1.436028542326868163e-01 6.431399423950046046e-02 2.193574127534647644e-02 3.204518234450193237e-02 1.772533275664651686e-01 2.520837089599847758e-01 2.929005985032694381e-01 8.065056747799366210e-01 5.079752972151293511e-01 6.881687658857460477e-01
2.679964187401826514e-01 7.709493372147172563e-01 1.988366798845099259e-01 7.222813827687248889e-01 5.122835329508801383e-02 4.274923213330765748e-01 8.036515953857429340e-01 7.676606764203541822e-01 1.430574945352605098e-01 4.289168982446669443e-01 3.853043534334580356e-01 6.147625657366889707e-01 4.347539985160493448e-01 9.506157067045644116e-01 8.801696327202228609e-01 3.707508143093386499e-01 9.034804029021893390e-01 5.714549460750236731e-01 9.670584486202449259e-01 4.205356792609133976e-01
1.077359297432496366e-01 9.463873665229030063e-01 3.633960846685265755e-01 4.909835914426619041e-02 1.766809271601466058e-02 5.959951319612766252e-01 7.291379282825455332e-01 2.427864582168703933e-02 2.576474159724384538e-02 9.303579494383873438e-03 6.195023316374675959e-01 3.559291104723463217e-01 6.207288275017270873e-01 8.102572264832746951e-01 3.423261516935610649e-01 5.857371483554462133e-01 7.856300165820651049e-01 5.881496900915257342e-01 8.203635431555748037e-01 8.879015088639607978e-01
6.738793980050062915e-01 4.860377244696600929e-02 4.090364746611966362e-01 5.548641768359879878e-01 7.087549389230474173e-02 2.318630835905655108e-02 5.385485684178076271e-01 7.426864842652888266e-01 4.261269328641028586e-01 6.400289705451422950e-02 4.562813119265817230e-01 9.179164036440454755e-01 3.958462579327899356e-01 8.748691884565041876e-01 5.562325868925710459e-01 5.415261927533356889e-01 5.153283829097299318e-03 5.174126635402145347e-01 3.476313490684911356e-01 9.527805006553398126e-01
8.874823116660601752e-02 7.916493905193712211e-01 5.046854956672064407e-01 7.731565532648758676e-01 5.538068822507803413e-01 9.211856149456768561e-01 5.885888624047010964e-01 2.227220185396742158e-01 3.389735490365284321e-01 5.754201618432138732e-01 8.680288575159309516e-01 4.079869489170369068e-01 1.512689065046285419e-01 1.437271918081307609e-01 7.858934877985102041e-01 8.473689899289180705e-01 7.318900219298735133e-01 4.995728506029772920e-02 8.794127576529694457e-01 5.274868342163654411e-01
9.563238369675529649e-01 6.422000256842502752e-01 4.966390807684025743e-01 7.009267347716285901e-02 8.493953276440568967e-01 4.779569920275117401e-01 6.037498300498778114e-02 2.225541111783972958e-01 8.178267098621978537e-01 7.867910360149155125e-01 3.408860713023302846e-01 8.959664338102556469e-01 2.780651819538282332e-02 7.386034709229726269e-01 8.509235426626150511e-01 8.711263236759995143e-01 8.231474184116154280e-01 4.889367253495640053e-01 7.923845546789757277e-01 7.129110335121374709e-01
1.961215112810587025e-01 5.087200782855952896e-01 6.192646561146257778e-01 3.179528382945954190e-01 1.317227819894780660e-01 1.590193089219704703e-02 8.675106681792496000e-01 9.689871023243027404e-01 6.302623782642073902e-01 5.597369772580135239e-01 7.188266702377087425e-01 5.995223419185259361e-01 3.423878506791073750e-01 2.129905844078029409e-01 1.032352919640391331e-01 1.749887354745552903e-01 1.966062295402781768e-02 4.601130527091504829e-01 5.412594058307530487e-01 5.577551777617455464e-01
5.422596539702194685e-01 1.921032685691252961e-01 1.000231275689793531e-01 4.318925485594309333e-01 2.364869699698463057e-01 2.132393415891253863e-01 3.244403631071436367e-01 3.203167435454536971e-01 6.373722296916586316e-01 9.561806273216006957e-01 5.387318060891046478e-01 3.632165591574968433e-01 4.158159399311732729e-01 2.540308389240106823e-01 8.402432091953918603e-01 1.144865924014570879e-02 8.012040497903016867e-01 1.775679926195442571e-01 1.169434303890470872e-02 1.824422062957126167e-01
9.647630023871136551e-01 8.505235481136854681e-01 6.947122633098752331e-01 9.738769313761328483e-01 6.262344484632276220e-02 8.599175228545624661e-01 9.072809221348411279e-01 1.963999059236942735e-01 1.786832825899642430e-02 8.980769787805373827e-01 9.661080058895259448e-01 6.878339581284382831e-01 9.917680178638643707e-01 7.580304632442902424e-02 6.218102476364728570e-02 8.287781387659135524e-01 2.668832842961521568e-01 7.623131602183471633e-01 7.689488916728708379e-01 4.148500987435975729e-01
1.107191851912363578e-01 8.664052163730528999e-02 3.196735495228431034e-02 6.037245195371001572e-01 5.502499307950025065e-01 9.343802667491694081e-01 1.226526438924662177e-01 4.922649722800102046e-01 3.836815935378349307e-01 1.844804257195015174e-01 5.649244237736408270e-01 4.077595508014327796e-01 4.908658732637575239e-01 6.353454677533227901e-01 1.074522477163868395e-01 7.608872617965645180e-02 6.198460689669136325e-01 2.466387448194052867e-01 7.520963828424177544e-01 3.791767954791409601e-01
7.710570474691769149e-01 3.515872398302560820e-01 3.734751637884798914e-01 5.386728548840423736e-01 4.819011792189957788e-01 2.541205366765196816e-01 9.153379469279616654e-01 7.423944904482241425e-01 2.318831549550689486e-01 9.111888624591717445e-01 2.745519358501365970e-01 7.193719097142430297e-01 4.540649015225345364e-01 3.727356846814187108e-01 3.621937885496973042e-01 6.131886081324832150e-01 7.130231715123733771e-01 4.824007212807918110e-01 9.779188376188155951e-01 7.803681982179717647e-01
2.555466212442529805e-01 7.104388579902529699e-01 1.247048952767964014e-01 7.192330152377273134e-01 5.508442381615146211e-01 9.725371520866108455e-01 8.677191863872248945e-01 5.014646429647331427e-01 4.373593816240876064e-01 2.115726297668535372e-01 5.869941145164438989e-01 2.292928881701112864e-01 1.610258841788581030e-01 9.391187293508769240e-01 6.956543822383635112e-01 5.852493255000269512e-01 5.503027816251879756e-01 5.806906487794706306e-01 5.264913879749002490e-01 6.452893576612817039e-02
5.960351420106013709e-01 2.439631391832906004e-01 7.716698814600247980e-01 1.746460962256632943e-01 5.904002409789741446e-01 3.280114216191490906e-01 1.663968842321044139e-01 9.279897215148167344e-01 6.778509976595238351e-01 2.534467069875414591e-01 5.557351168683271059e-01 6.098618068715977447e-02 2.695066812106302612e-01 4.191794150915498784e-01 8.945438586606634379e-01 7.357894454864055689e-01 4.133283709862786148e-01 2.122179185468624496e-01 9.890741807132586993e-01 5.582835495675861903e-01
3.119182249070390212e-01 6.204686139915918108e-01 4.521383707610916458e-01 2.873732205702659304e-01 3.743405782409439109e-01 1.704968393893940837e-01 6.956474304213975390e-01 4.620676261575106247e-01 6.523000566148551282e-01 4.221693253826275249e-02 8.096882766349289273e-02 3.995445986660404181e-01 2.257433179216618013e-01 3.720590338566017730e-01 9.131478910283753470e-01 2.603168238329702788e-01 6.878137484448243466e-01 4.784599230239023893e-01 2.664392942577715750e-01 2.484823690084007053e-01
3.790513900228268396e-01 8.297182181347665386e-01 4.641745597273093660e-01 1.931516698002979648e-01 3.998991107065038575e-01 8.816621156156024819e-01 5.634625127458074978e-01 8.098636166014787641e-01 3.691423509384075263e-01 5.225953970289903827e-01 8.711675484320435814e-01 8.498808760346162616e-01 9.984764769950116303e-02 3.093866106892340095e-02 9.680426223744221792e-01 5.366894757457510989e-01 8.698758182847518006e-01 4.558577355430799560e-01 9.262634466529424682e-01 8.978431444785097693e-01
1.949519937100039346e-01 3.361050516965994328e-01 8.130953944632032249e-01 6.405414939464938451e-01 3.588011495242371396e-01 3.252959346400762231e-01 9.793052672643254297e-01 2.894963237856875704e-01 9.061752555860425051e-01 4.692762676274435663e-01 1.199010897203001136e-01 7.856767302713785206e-03 5.253203003162580931e-01 6.185264106340060408e-01 2.914200168210553388e-01 7.410406567339888895e-02 4.264956658355452124e-01 8.135710740263040197e-01 7.504622802541232041e-01 8.296795576726465615e-01
2.009874101480656483e-01 2.509085038814555801e-01 2.345297497958448441e-01 1.578636916538543877e-01 6.409335835565761474e-01 9.111551190590755356e-01 6.091081323822711280e-01 1.168175613604807150e-01 2.965899629140744675e-02 3.282535218344140304e-02 2.201538439705291728e-01 4.043703814893928605e-01 6.346914878657096137e-01 7.169429568281738829e-01 2.417320501339411676e-01 1.001197120173337174e-01 4.527248154457165219e-01 6.756833306647656023e-01 4.126742832482913625e-01 8.494791763150711938e-01
9.775310291004805086e-01 2.228891173897034061e-01 3.955423963939634913e-01 4.779209831750655946e-01 7.236125904683585741e-01 4.209496501714949934e-01 2.181511070311525913e-01 1.094212160750540619e-01 5.712530118946814728e-01 4.490206184160080438e-01 6.174896262745679376e-01 7.398001723097814564e-01 4.671317705032504985e-01 2.277535055639510198e-01 6.019247274011202409e-01 4.654104082714930479e-01 5.515037234276294331e-01 2.387187077051782236e-01 9.108143585481863758e-01 2.047295418291508184e-01
9.423059455694610120e-01 8.405895315310186744e-01 6.055998127328976466e-01 3.056412887345543172e-01 2.352878238303750535e-01 1.787505865539530392e-01 8.563055892194307850e-01 9.361002739341945933e-01 1.280964173815283269e-01 2.651257571524520129e-01 7.830302162094120444e-01 9.049432048495886782e-02 4.689833421771159028e-01 4.508755669351394157e-02 6.459563419877429880e-01 6.561389109103075157e-01 1.928174293179119037e-02 4.163148006445820393e-01 8.680910006305619930e-01 3.811521468682382840e-01
7.106593139596938391e-01 9.170776717652255883e-01 4.506942310572875643e-01 3.332390499785744531e-01 1.624341297438174347e-01 4.544265806638791982e-01 7.692719482567281775e-01 6.946517991215543919e-01 9.394914324533498728e-01 1.975678941328573579e-02 9.341846225985256380e-01 4.903760493689441891e-01 4.211391183331142374e-01 8.941961738219560418e-01 7.656157906209424269e-01 1.710248804530608568e-01 5.819138728782944359e-01 1.278560109591797556e-01 9.259430379078106288e-01 6.562256511331105990e-01
7.332529818658419796e-01 5.226039795844933389e-01 9.190881768892659176e-01 9.953563576077725239e-01 9.484815770988316297e-01 7.036954533362604902e-01 3.295962275366091099e-01 8.047835266758101014e-01 8.437306881923858359e-01 8.329447367314056772e-01 2.320773324516847147e-01 6.389643425124454934e-01 6.042679523485513515e-01 5.541158161211501287e-01 8.292324189424851166e-01 3.605092274890205895e-01 6.273171469808097589e-01 2.270395103376465773e-01 9.715228135098388229e-01 3.732383088949617900e-01
7.988097710619596059e-01 9.752424476148676691e-01 5.630176741578780675e-01 2.319765012108774282e-01 8.819898013571679796e-01 8.616823484821600765e-02 6.752948572889415635e-01 5.488177675001133515e-01 7.390823995972533034e-01 3.676485377069266258e-01 1.055289121253549789e-01 6.409739895634500861e-01 1.457149646732601722e-01 6.059072775521254783e-01 7.775849501460085911e-02 7.130137080097052049e-01 5.484471226849684244e-01 7.813870236655791057e-01 1.013624828346769702e-01 4.960682465096059035e-01
8.466002095034161901e-01 3.756501088871460059e-01 9.127442594364530981e-01 3.718962518088361202e-01 9.966610359406616881e-01 5.730297267935062777e-01 7.924857685599565604e-01 5.519751190589133882e-01 1.283228638037603453e-01 4.907694108051523507e-01 7.051584969869681974e-01 6.811939269922843154e-01 3.873573562160078643e-01 4.000106570108050708e-01 8.546615099179004638e-01 4.463427335351882741e-01 9.259504799421580667e-02 1.672110747733732694e-01 9.352756396022209318e-01 9.292703965602220340e-01
1.104450249791263383e-01 1.412271496788908287e-01 3.087344324087082370e-02 7.917580225420772777e-02 3.242931733315500553e-01 8.295403912711541983e-01 2.388609181988450292e-01 4.285036736974353611e-01 2.545364727238588198e-01 4.561566880388973066e-01 8.862962225116091108e-01 2.989910533311149754e-01 5.322169450831363280e-01 7.313256524289601934e-01 1.289864457099375583e-01 5.465589896428160177e-01 7.740824777609717211e-01 2.454068021179300896e-01 8.486556044443305247e-01 1.457508235719335854e-01
9.734329381627130351e-01 1.054199232158281596e-02 9.231772231028602116e-01 7.708260412954652807e-01 7.467339767422678243e-01 1.032109475521921782e-01 8.828923020300096791e-01 8.423225755780816559e-02 6.264584333874556599e-01 7.072714325415417891e-01 1.057213432840244938e-01 7.934429415583887923e-01 8.983846384878078073e-01 8.634575320901138884e-02 9.594251561187848720e-01 4.157831930973456824e-01 8.921176072021935743e-01 3.098280505928049378e-01 2.016177998532254767e-01 5.694105800160513819e-01
7.171182420502847377e-01 2.765045609839198448e-01 7.414319516207596994e-01 6.001585050723216019e-01 4.811383910747860648e-01 1.059712911928236689e-01 8.091157319127475489e-01 8.602282018786544526e-01 1.507455638499409778e-01 9.571581375467652641e-01 1.620318551418988839e-01 3.529848620360204192e-01 5.290834175735757983e-01 1.921374370610132720e-01 1.171937486602291356e-01 2.265720570421049240e-01 4.377417177635296586e-01 4.674205032833415041e-01 6.560322940955519710e-01 2.493203149038464295e-01
1.326958047678264974e-01 5.701284181838229825e-01 1.324871810832031205e-01 6.399415410848574570e-02 8.161660694365717728e-01 2.442866537128263182e-02 1.344735943918474730e-01 5.079891906681242020e-01 2.200023230655839823e-01 4.071220514105221566e-01 7.594284511107437519e-01 4.020062973754253699e-01 5.572921139417952308e-02 7.626246808180027204e-01 9.000776288871781272e-02 8.927001945130210725e-01 8.738800572380515108e-01 7.193648397616436707e-01 7.922917420218988926e-01 3.396702742018286036e-01
3.752351340591859596e-01 3.299885564113956837e-01 5.526533947714125095e-01 2.833297427471912489e-01 8.695096206586698795e-01 5.127392654763832658e-01 1.889586805653286072e-01 2.011026718182555850e-01 2.290856322680868695e-01 9.283844763148209056e-01 3.535701546529866901e-01 8.649658242369284711e-01 5.638366481252621298e-02 2.639645122744264105e-01 5.479468018351119074e-02 1.983844155058483993e-01 7.859937700642655178e-01 8.126441066325840179e-01 4.566592048092723566e-01 9.239250040538908859e-01
9.655105742602851926e-01 4.298830797412011018e-01 5.715879621250080644e-01 4.531131442731006764e-01 2.793304841637069824e-01 6.556774662425023381e-01 6.337763777097494833e-01 4.246506356743959820e-01 8.790776462564362514e-01 3.956211112244689687e-01 3.640823886343449445e-01 8.591936463155758208e-01 8.058406949083104509e-01 6.313675553309163746e-01 7.250732478935492109e-01 2.559061089839699266e-01 3.322790013297824974e-01 2.024168235735118726e-01 7.038119101078470496e-01 1.697837363276692990e-01
2.826483010349969405e-01 7.782546465270673286e-01 6.129451703730596224e-01 4.492319134403275349e-01 6.669177239254571177e-01 3.977120852809922225e-01 2.458809185038037803e-01 8.471107356034914826e-01 9.176212944139643390e-01 4.128180864813494333e-01 6.365837859518831410e-01 4.585530907123659405e-01 8.302570271200618857e-01 1.484990601696274393e-01 2.470794988285733851e-01 3.838066986013122239e-01 5.495342988519900107e-01 2.962721116772967234e-01 7.710269685921966598e-01 2.551370273894796314e-01
1.341471953831439023e-01 1.542296526329498541e-01 9.629846574438079010e-01 6.810390004192025115e-01 3.332081321279541930e-01 2.448038771792815371e-01 2.691704745945453503e-01 8.540571079130864218e-01 4.896446895394653831e-01 5.296082313910904782e-01 4.128962955031356685e-02 4.889277448325426434e-01 6.233195026370091929e-01 5.056664406016836422e-01 3.491595476219901961e-01 1.517983603860447728e-01 7.960334848691279497e-01 4.789453105939230904e-01 2.272136637850278307e-01 9.603287187332421038e-02
6.555529044776838843e-01 4.793207519333564370e-02 7.825995315943030661e-01 5.827802316238185343e-01 6.450540690254047416e-02 5.713709321090054694e-01 7.116843189662198643e-01 9.281755208098674270e-01 7.032773055332064427e-02 2.844343580997447107e-01 6.746222963545501772e-01 5.711702167324330670e-01 3.678351259066333645e-01 9.210449315844702056e-01 8.028626652221338977e-01 5.243618441175401657e-02 9.013405920361821089e-01 1.329322950904165968e-02 2.291017308991761814e-01 6.392997595668401534e-01
6.683318420902832901e-01 4.014444770242333593e-01 8.776019358615068100e-01 4.417593633623215776e-01 9.015324743192706380e-01 4.515138922385921738e-01 1.432780392697187155e-01 8.214539585135807176e-01 7.170133100536317805e-01 4.818888609914174781e-01 7.238225578180065289e-01 6.798824374700951356e-01 4.165205717613408298e-01 3.353857437410667774e-02 1.989547264854456543e-01 3.304702245129751415e-01 7.573526491874149613e-03 5.251028929089658348e-01 5.291053487319928861e-01 9.583772013802712708e-01
7.290010578436224575e-01 7.567722314279238249e-01 6.744960775586887891e-01 3.133030676351433730e-02 1.204043347487154803e-01 7.808106899384804622e-01 3.360277066344532493e-01 8.864085256893048381e-01 7.702470283377353955e-01 5.236203664384148082e-01 3.538066801079279289e-01 5.932517972780538829e-01 8.836551004222218397e-01 4.230310783473071323e-01 5.362536570016165349e-01 2.320488789782549910e-01 8.275363947516857221e-01 2.063175906734537879e-02 4.875207615594049360e-01 6.784807791842509817e-01
1.038179782112191862e-02 2.801194007285915388e-01 4.598563221286805502e-01 2.249161762455442748e-01 8.293568727042663902e-01 7.580494960415180561e-01 1.518505763962488819e-01 9.195701388734317527e-01 7.658076078742391823e-01 5.269878416698726697e-01 4.403026104040115296e-01 8.024620849111698817e-01 3.894767543907882157e-01 6.146926301273510918e-01 5.284504102505627188e-02 3.444525756779595049e-01 2.932759751425808581e-01 6.839490940836168154e-01 5.431949268552958010e-01 8.070331542307468409e-01
3.818935333125135223e-01 7.023388927397828940e-01 3.834709204405369887e-01 2.184505831009574406e-01 8.025467075507215498e-01 7.649949492647781790e-01 3.234799802754994014e-01 7.933990206735388462e-01 8.573603013712888243e-01 1.679464342753648198e-01 6.220681800497793734e-01 5.179298530918448051e-01 7.891419805799959608e-02 7.884898621617627557e-01 8.981881630947873285e-01 2.765129989899299812e-01 5.586765644746379822e-01 8.616020639640366019e-01 4.139502917402899662e-01 2.465577905636262557e-01
7.222204656994131167e-01 5.506186757392173003e-02 3.979570610060725322e-01 6.246629769527648479e-01 9.273571588505019614e-01 3.331463068827301699e-01 6.136063939212037521e-01 7.803471004628736996e-02 2.581494776245485401e-02 2.800899760257109516e-01 3.453179891601343421e-02 7.944740952056850158e-02 2.058889670542531913e-01 2.271671099203904642e-01 1.060228138831349476e-01 4.800691588169618829e-01 3.081459927650050945e-01 4.954669721053353015e-01 5.618750397548299969e-01 6.332470556183478205e-01
1.268616866323639680e-01 4.751071647947676668e-01 2.531728520371067104e-01 2.537162924694490451e-01 5.437809633917984886e-01 7.670247210197501664e-01 1.974395712919758683e-01 5.722815018895277550e-01 2.596518050605480799e-01 8.135464686095074116e-01 1.346213218764136244e-01 6.524691201910842731e-01 3.921831097133251509e-01 1.598785420223139964e-01 1.967908832212594827e-01 9.701811444720026545e-01 5.337546734524840630e-01 8.622789959885144295e-01 8.648923296954525997e-01 7.260549793126158669e-02
3.989805601386320344e-01 6.324179702723712326e-01 8.228437082828585769e-01 4.148334062047785986e-01 1.194514753589825951e-01 1.393870753834844933e-01 5.158384309977621651e-01 5.256697867907571542e-01 3.636833645161322570e-01 1.480636462719590041e-01 1.752923088305624599e-02 3.387596231405172187e-01 1.409571007977771240e-01 3.619175555784426290e-02 6.957342503883863216e-01 2.952342381649196712e-01 7.610979137838831399e-01 8.018026998311058584e-01 4.766395067569758615e-01 3.356944976438922534e-01
8.780339840434542298e-01 8.202654381674880923e-01 2.601002408031652946e-01 5.873770439182554037e-01 7.095010364176279616e-01 5.804297254356680646e-01 7.830951584989251923e-01 8.873850974488788346e-01 4.032202290222309804e-01 9.425162785525031950e-01 3.611101737560430402e-01 3.424816600914301068e-01 2.740647025056195396e-01 8.315937915525897228e-01 3.868243460711795478e-03 9.848841473264232649e-01 2.056626452118989201e-01 6.285927785454313854e-01 2.992407720656864445e-01 9.528856660215785368e-01
9.960630139796926574e-01 4.381657658507512876e-01 6.094859058179517008e-01 8.289261966249916735e-02 2.733798362753503408e-02 8.854532578944620536e-01 8.277166854884482339e-01 8.456401700149469569e-01 3.056052230615220466e-01 6.779243232957651299e-01 3.781910876158556256e-02 7.668862335858340762e-01 5.374303765967597402e-01 5.493093649313608440e-01 3.776875398643314563e-01 9.014654498997598520e-01 7.230537076673430041e-01 3.310468234855497016e-01 3.189088800393212741e-01 5.825382715412037449e-01
9.555593457755836573e-01 5.619052722339323847e-02 1.075229356835544214e-01 5.273113671895152121e-01 8.350864528603694215e-01 6.614778290671804450e-01 6.573110800977814971e-01 5.626664135574145353e-01 8.463163154134102362e-01 3.754221610884790339e-01 3.691801973734315512e-01 8.348607498208284738e-01 7.416868752394274455e-01 9.394676220300586245e-01 2.385443206728863341e-01 9.408539388916297153e-01 1.288211608306366607e-01 3.823976928760983718e-01 9.021358099345138104e-01 7.500626236236340727e-02
3.445906303925860836e-01 6.581547795551273561e-01 4.165659398877621378e-01 1.838014416019712050e-01 2.763127342696144462e-01 4.976045713416109573e-01 9.933692050905595927e-02 5.302704706961435255e-01 3.295943022947495082e-01 9.675219906047296536e-01 1.114935853210413663e-01 5.420479775610250739e-01 3.177607851161640129e-01 9.618796002743859042e-01 7.974222265732689996e-01 1.917855772792899094e-01 2.432925592981137752e-01 5.499117553778336553e-01 9.310406511090507653e-02 5.750269707028399235e-01
4.417519821543963721e-01 4.565133041109281642e-02 5.576576934102801530e-01 8.613850926498449745e-01 7.290733260107448155e-01 8.287727520722842911e-02 9.322558280172633660e-01 8.217889992887271733e-01 9.330916792797637749e-01 1.037151496830636122e-01 4.029092526012976183e-01 3.201348312267529028e-01 8.107372311886932303e-01 7.765850941858930545e-01 4.149404019157244550e-01 1.669884043119225225e-01 9.689350745825041633e-01 9.020762654182945539e-03 5.597412770542897764e-02 6.615005858666141991e-01
7.663750476889873431e-01 7.709756457416497843e-01 6.445295074646328892e-01 5.819512576580266883e-01 8.591954696047269247e-01 5.393517216822238947e-01 2.380187406821028251e-01 9.669869927071079729e-01 1.162047610955220245e-01 9.324779527035517157e-01 5.161304491016726059e-01 4.870458167270691474e-01 8.942993191630776995e-02 7.835923879730675168e-01 2.471309768526118722e-01 6.961894844503523361e-01 3.485959696780218664e-01 8.417618041755808855e-01 9.885113543598966768e-01 6.194702877791845586e-01
2.702233454243097022e-01 3.231553881576471055e-01 7.052918109767669641e-01 3.332442547984427739e-01 9.542420009717326179e-01 9.369355772743318544e-01 6.242369271281690279e-01 4.963320870031906473e-01 1.276295625415537760e-01 5.766001556951624307e-01 1.718265752974172944e-01 4.758152164668609796e-01 7.225834333024775402e-01 5.986349304215345946e-01 1.676964218731200607e-01 1.877105163502146290e-02 5.197352295254220600e-01 1.030093979237977075e-01 9.471839636169664400e-01 2.081203411013499149e-02
2.423375545307727696e-01 9.276287027002734220e-01 9.163766864311295723e-01 8.623278225872614833e-01 4.034349352424879687e-01 9.578750606979191673e-01 7.084740796321443712e-01 6.432023468708157887e-01 5.477080468047694772e-01 8.176611481510099866e-01 2.919256659893524342e-01 4.588700598640411688e-01 4.260729688649049773e-01 8.221040098429621690e-02 1.441421126971633715e-01 6.999346476523280458e-01 6.315575737826372160e-01 8.058678076376735167e-02 7.033774088888621323e-01 9.630150970242148389e-01
2.153636923530556357e-01 5.797446287566379031e-01 4.411030207675559200e-01 7.435082814445500565e-01 6.186388219256407917e-01 7.862291888473319501e-01 2.407839282228748656e-01 1.722278269025916408e-01 8.991998145213710991e-01 7.962341432162024502e-01 6.902553928318502230e-01 9.898106289272139424e-01 1.224875362853949934e-01 4.554210225965427128e-02 7.759901611907100705e-01 4.236769284345507369e-01 2.284633671879071626e-01 6.149778864927331057e-01 9.534798948395151186e-02 5.718369997497327883e-01
