4.402796552158575460e-01 1.466403058624141664e-01 6.654981888417348390e-01 8.186544741970810390e-01 2.584369848057632701e-02 5.436731994019661229e-02 5.136550777031768655e-01 9.293939515814442220e-02 1.391439482554789331e-01 5.717702687393659833e-01 4.758885646293187222e-02 3.168389411373050413e-01 8.720113287961455129e-01 4.826968053845398510e-01 9.034152817168535909e-01 2.546294758619971343e-01 6.808100059099931878e-01 3.066643374479891548e-01 1.960909886525180612e-01 3.525454971745985988e-01
6.655377039349237300e-01 2.562623808753122789e-01 7.533471903932498215e-02 3.553920382721280635e-01 9.244542334653127469e-02 6.616107394264489905e-01 4.644260914638849158e-01 3.857040696032785210e-01 4.072758308415801443e-01 3.536247948314519274e-01 8.336218184140671283e-01 9.113537406372401728e-01 5.450832107484924194e-01 1.643675132672761663e-01 9.971661353478947776e-01 1.505377066463520208e-02 3.997616332443838516e-01 5.989579719424587001e-02 6.541416777472924826e-01 9.941786148015422375e-01
8.413374795817302187e-01 4.001485236402501089e-01 3.373619972591306304e-01 4.823240763780711760e-02 3.412694151127131370e-01 2.288015957361183572e-01 4.419120132374376730e-02 3.881912085818711722e-01 1.283496481651701382e-01 1.987565140318369172e-01 2.483620725288281372e-01 6.771303022209929079e-02 4.040849669327266636e-01 9.161917589070945889e-01 3.243214829545890687e-01 1.319067760666364775e-01 5.043588419031398429e-01 7.245186339981245505e-01 6.248129964747470844e-01 8.341924784980861984e-01
2.400342459466565659e-01 1.432119904681381506e-01 6.879834625814579274e-01 6.509591038360240667e-03 5.611372427133803908e-01 1.629448793680798868e-01 7.190254472257576746e-01 9.236465272023851591e-01 3.056165157744129557e-01 3.315161972759678166e-01 2.590544940811962960e-01 5.280460281094712105e-02 4.306495299117729658e-01 8.164923983628769033e-01 6.012535690347454720e-01 4.054026020102464711e-01 3.503955728511913836e-01 9.473084537157089313e-01 9.896242465614157879e-03 6.956312604434529145e-01
3.031005830322525130e-01 2.553913739161206564e-02 7.788502370078854709e-01 1.962651289998472715e-01 9.886835778650951978e-01 9.726652082099496166e-02 1.983677135013720561e-01 4.637729559201871909e-01 8.698667684415719581e-01 5.270695298839268572e-01 8.972690901242963424e-02 4.935844597919132326e-01 8.751500214764496022e-02 4.451496630966422785e-01 9.232495735804993053e-01 8.216889280706007881e-01 6.798546672699742333e-01 2.864677205271823901e-01 2.724735687226149672e-01 6.701366834212999501e-01
1.018848275887463961e-01 5.353618418360988063e-01 5.686528198266640466e-01 9.625683486816752898e-01 7.691614330081208983e-02 5.792425497213683494e-01 5.693907080122291298e-01 6.225102790837284683e-01 9.500682792832634282e-01 5.477130767242170961e-01 5.487170831478693778e-01 5.537927320823823329e-01 1.457091241032778539e-01 5.107248961348007654e-01 1.885529291025016541e-01 9.532227767104360927e-01 2.773102860633607225e-01 9.246735801916119435e-01 9.728267711457658784e-01 6.890073803530158969e-01
3.974114929574953381e-01 2.379591584671038040e-01 2.174236696673955693e-01 2.696439018226668427e-01 5.799428667373720536e-01 5.024780763403637884e-01 5.653899599466470915e-01 7.023408418880789927e-01 1.454984034216350031e-01 6.383442295765933139e-01 9.985288264616833942e-01 4.487885608609374355e-01 7.908807700069191426e-01 4.773208460420416133e-01 7.820573880898854524e-01 8.753851183651597534e-01 6.655851035501192392e-01 8.369939303797779839e-02 7.371118744478875051e-01 5.422888060574593272e-02
5.488808578069095390e-01 5.405780174596722665e-01 8.585794086774641842e-01 5.466655003845058980e-01 8.795075584289093751e-01 8.939837665991238191e-01 2.259216500591951782e-01 8.608471121033292039e-01 7.185898543601466626e-01 7.878511664016772942e-01 4.206548882802263467e-01 8.527200843634038518e-01 4.360721122077521050e-01 9.925501205515562253e-01 8.352318412587806939e-01 2.330164253043203182e-01 2.491270925202188069e-01 9.727208263331648119e-01 7.649619796393327675e-01 5.567350924241610821e-01
6.912245478695550061e-01 8.621969908925679604e-01 7.133012399508273926e-01 2.315889671521375037e-01 4.868502394705931380e-03 9.073691058915346330e-01 5.585304176449341629e-01 2.270718388024104417e-01 7.602428192291099673e-02 3.918953248273158163e-01 5.458017408919610958e-01 4.939876698975482761e-01 6.305192481256575165e-01 7.483047212491833466e-02 3.892617014116300789e-01 9.469891109263905982e-02 9.072556449838709014e-02 6.385118389685517926e-01 3.394795235128921229e-01 1.683548601817403956e-01
7.614927699910345460e-01 7.380540689444103908e-01 4.490150093107136975e-02 5.003330326953583373e-01 3.458746911665900869e-01 1.959115998616183241e-01 9.223560527945633414e-01 1.694376099758400089e-01 6.948490172089271111e-01 2.888745773818964802e-01 4.980773391289121665e-01 9.565589676807368935e-01 7.032857128549219183e-02 2.981390532078327382e-01 1.496017467024071124e-01 5.155333973267284264e-01 3.210192610398813207e-01 8.842311381714395013e-01 1.103306790581787267e-01 4.808025292979968279e-01
9.310005053328084257e-01 7.461421261624995305e-01 1.060939965361115123e-01 8.440176953036681029e-01 6.661039449395740331e-01 8.951786729337239956e-01 9.122497934418867249e-01 7.509999325879823662e-01 7.325153993214009729e-01 6.934692521903140783e-02 7.427136677893655392e-01 9.546547680530149682e-01 4.963970651685122304e-01 4.424808604380388033e-01 8.457490725982658164e-01 7.708028866492792064e-01 8.648332497330187829e-01 2.000705239590638840e-02 9.886651151174785657e-01 7.323486573161948066e-01
8.857761803005362866e-01 4.349217150436293089e-01 1.584343112055832670e-01 2.055205600006121403e-01 7.007048828037752974e-01 8.519887637082093068e-01 8.447567894680293454e-01 9.616245326091976686e-02 7.569898189830056578e-01 5.007354945729444173e-01 4.625880984455875700e-01 3.117033130006853225e-01 9.245598849703133837e-01 8.536406097634731127e-01 6.698815677774474509e-01 2.768120266604278124e-01 9.746107535301388181e-01 2.162205450174216059e-01 6.630229571566870206e-02 5.529792172062474309e-01
3.629625080173178864e-01 4.567314009200811320e-01 4.266234661992762689e-01 4.067894653896053647e-01 3.441370047023898371e-01 1.025761052990128430e-01 9.835912969949743845e-01 5.803061576081928186e-01 3.962373638599075987e-01 9.900919991351763150e-01 1.810585441503909099e-01 9.718991787618913580e-02 1.914675734045007127e-01 7.666001484880226036e-01 6.893243941773530281e-01 3.303995058798337991e-01 9.800236158219439719e-01 8.023221400121162139e-01 5.561377081529671473e-01 7.101619502706184583e-01
6.608849820265327857e-03 4.607094691321669266e-01 8.599523173367483730e-01 2.075981290293539283e-01 9.983516337638954630e-01 7.781576629882047680e-01 8.593591861797935660e-01 1.330268637689584477e-01 7.569527096362922425e-01 3.139052477022308274e-02 8.705267883627190173e-01 9.359397827696281924e-01 7.621813932723062734e-01 8.684965975263105875e-01 4.999136710303088149e-01 9.863036318496610777e-01 6.860387021389016127e-01 4.364826503752897713e-01 5.221340091121067228e-01 2.410478260623059032e-01
2.195809881841179756e-01 2.619274209967360489e-01 4.901028072956677972e-01 1.211183904981829595e-01 3.711097624259597216e-01 3.159464352948905264e-01 8.486571809923848519e-02 9.874975637411143037e-01 3.674763960750174752e-01 2.301721540568382185e-01 3.141603649208063453e-01 5.159558783367870216e-01 8.094436243653804208e-01 8.680873556990342799e-02 2.215818567600591482e-01 7.670989800947327630e-01 2.956869304839571111e-02 8.916606250566500025e-01 7.084278996410987572e-01 5.813114178329965576e-01
9.371883949630462896e-01 6.955540362856226233e-01 1.809903776338384063e-02 2.671565126296046033e-01 7.741634572101772083e-01 8.175217193031097951e-01 8.091923145846435794e-01 3.068274787891619448e-01 9.582591146617840394e-01 7.165790261331830280e-01 6.862674218793818337e-01 5.434151771989615964e-01 2.853336089054147040e-01 7.731470776197246764e-02 4.044469415748140895e-01 2.923597745735705411e-01 2.209955031780408419e-01 6.825259163012445951e-01 3.692590626457837866e-01 6.882959210925495563e-01
6.069424232244715611e-01 5.442351951967229207e-01 2.764886688244380109e-01 4.986070981056877072e-01 6.995089743268976257e-01 8.448541888082025109e-01 3.963302501479966100e-01 3.800479560597556095e-01 5.169983518836270830e-01 9.366091039306605470e-01 5.607916866175977066e-01 2.843192821124087555e-01 3.398782656503980260e-01 7.806593492709589244e-01 1.655745207411545294e-01 4.832086673188524806e-01 6.734290787230157171e-02 8.434757159975847518e-01 6.983814850713286893e-01 9.837101106609513756e-03
8.190918275897512979e-01 5.823269711399711168e-01 1.341827741336997226e-01 5.525868141931260524e-01 5.659925134781923495e-01 7.298387332874433087e-01 9.643033435260501829e-01 9.233858848325758872e-01 1.735854589854683994e-01 1.834992683618881237e-01 7.908985761977771478e-02 4.758053714148776647e-01 9.434810685634816840e-01 9.855748291516586157e-03 3.766003501504888717e-02 2.484959057410310868e-01 9.933781796283180920e-01 8.647187147891938208e-01 5.044306740958539592e-01 4.090066460024901485e-01
1.787170281295880070e-02 9.162266045504068313e-01 5.016107924725783374e-01 6.667440505335886503e-02 1.767171354338241684e-01 6.949831302973754621e-01 3.408207517113934770e-01 7.246960766280822197e-01 1.284183703997165971e-01 8.889057640540724003e-01 8.977258812740320781e-01 3.868247234166551918e-01 1.000886009461154913e-02 3.645641485153103822e-01 2.941875763422688861e-01 5.157524197650464881e-02 9.164917723923914350e-01 1.596280407272090418e-01 1.894042902456771760e-02 8.216174590196724248e-01
8.916435199073846629e-01 9.199007237985732388e-01 6.675131906580195063e-01 3.631150228653956535e-01 1.892797715330754027e-01 4.775621114367336606e-01 6.862970759180159197e-01 3.843281463936949471e-01 6.594952765451519427e-01 4.598631089967250007e-01 9.161956026618632842e-01 1.605386653945237718e-01 2.145757596167116033e-01 8.489310862546868286e-01 4.546266559813869623e-01 6.825269679689603963e-01 6.866728313099422776e-01 3.062063608289831151e-01 1.297431022670815226e-01 9.477694196908345026e-01
2.057906838237244518e-01 2.531989137605988871e-01 1.215414984131213405e-01 1.735480919666947397e-01 3.056955947750148450e-01 4.827327240474850178e-01 1.442283897007501370e-02 7.151972947971296790e-02 6.361403092752808686e-01 4.807308928054226937e-01 8.178637408736465497e-01 1.289984868279137054e-01 3.656823512751368188e-01 2.980620577422631312e-01 4.374540977783656359e-01 4.508640607239710052e-01 9.410199416538445050e-01 3.742622082452601306e-01 9.420657490888481034e-01 9.130006077168117962e-02
6.466192030602320173e-01 9.428100016600564626e-01 8.904297511916888785e-01 6.866255412249463452e-01 3.806063946119264685e-03 5.639335912606645573e-01 8.072123782644063938e-01 2.020006746259622732e-01 7.743114797947314720e-02 7.361687242503829331e-01 3.545278717575510719e-01 6.665789026650295046e-01 2.830505593007025533e-01 3.730151859324618568e-01 1.779831172505905723e-01 4.834009217229406907e-01 3.644917628896389150e-01 9.816754609013370603e-01 8.124025741183019678e-01 7.451942526713620785e-01
9.449636047416768436e-01 9.578054824214561336e-01 3.666941379580520577e-01 9.296847443595328553e-01 6.005781195975677944e-01 6.711924175067744969e-01 6.263410493225571862e-01 5.544462686335008827e-01 3.585558628665599379e-01 4.504474482593961993e-01 6.599747201795577167e-01 8.610396874488258634e-01 5.559879105603356964e-01 6.970080355181303977e-01 5.807890478299482240e-02 5.420586392170492207e-01 3.861316658412548009e-01 9.139364070880209301e-01 2.023995670775373679e-01 9.024233048076272246e-01
5.075859831569020653e-01 5.911638325102620550e-01 3.265293707523332367e-01 3.648474661332092861e-01 3.722636676285935309e-01 8.721169652205992273e-01 4.332542042384057712e-02 5.286937228668591171e-01 8.790324450121692612e-01 5.062028611256073063e-01 9.368057402992550076e-01 3.692366298042758510e-01 7.328294950599317792e-01 9.169935460865771271e-01 6.964841104651631198e-01 4.948530769358083781e-03 9.954034125444867209e-01 5.430313743586456798e-02 3.223510529226475407e-01 9.234585991288613016e-02
3.248050471409497097e-01 8.593702022130560447e-01 1.303129799944908740e-01 7.895524438910146436e-01 3.095244063984208260e-01 1.512944505713209598e-01 2.170585756114362663e-01 1.043705706573213599e-01 9.175103270770674779e-01 7.988721989348770425e-01 5.677864398897186637e-01 1.480898880251972916e-01 9.562955916221166364e-01 7.551219119480766517e-01 6.000492086786390900e-02 1.240756532126565670e-01 1.436229898911135505e-01 8.402779417416553764e-01 3.375212261324745944e-01 6.652662283576026292e-01
1.712929721678713157e-01 9.034369655646119490e-01 3.050236085796635965e-01 6.609063764873379654e-01 4.532589013565491154e-02 1.952844674384652812e-01 1.859384132325092587e-01 2.152597479874778230e-01 2.342629159957694274e-01 8.320504130630629325e-01 7.541386599074346719e-01 7.890802180338997163e-01 3.415804161610042078e-01 4.882550892968550160e-01 6.640869228410546388e-01 7.862366678071978088e-01 3.831503699337236446e-01 4.460812625172591028e-01 3.799713255023786651e-01 5.940267172486164426e-01
7.184371520939256683e-01 4.948898939000030417e-01 9.471163428965896358e-01 1.264276064239516773e-01 9.329396990143723478e-01 5.479248604817655854e-01 3.329808935903033618e-02 8.814061413644882492e-01 3.859595526107784114e-01 1.898769166037544975e-01 9.187275061325113068e-01 4.013658821334115112e-01 4.696673136486633204e-01 8.233381664816448176e-01 4.410020154693679029e-01 2.513997437143411506e-02 1.122830403014373202e-01 7.609003593138516930e-01 3.506871396536985763e-01 5.779735841125822615e-01
9.018281364341427242e-01 6.064767989689558991e-01 4.660107781644973191e-01 6.793120331927737787e-02 2.681173584826480605e-01 6.253479826784590356e-01 7.374575254112399891e-01 3.483180797630610614e-01 9.550151517534571921e-01 6.087247529016386327e-01 7.858644675642310062e-01 8.246159675920412546e-01 7.076462168331337788e-01 7.946989397138352063e-01 5.240679738879080451e-01 7.934707347667195876e-01 3.193833685770089970e-01 5.890171872662917085e-01 5.952456507310273093e-01 4.148996415578923846e-01
8.361674985493727785e-01 8.124072628676426433e-01 3.813300118166306207e-01 7.048802160870634159e-01 8.900565561736482056e-01 5.497603321484434424e-02 5.250957030462408692e-01 3.244014915793055343e-01 2.064087318626555145e-01 5.226500685639106081e-01 1.754912286932809318e-01 6.813349889443738316e-01 6.661496975841387780e-01 4.116999519741200153e-01 4.504289277228934463e-02 7.175932403849170083e-01 7.004646508650167469e-01 2.162741290035098407e-01 3.153859661216610322e-01 4.262478841207887337e-01
2.756717389111822403e-01 5.568813611689885645e-01 6.740750766177273645e-01 1.818531922474645457e-01 3.856435758418054194e-01 1.105675130300687314e-02 5.976867160476349028e-01 4.055334500792521224e-01 9.624057517330919520e-02 7.226639539700612236e-01 2.106470725823931245e-01 5.478285580313432268e-01 9.827850869145410284e-01 7.205120761971661736e-02 9.819008576127459254e-01 1.532719947507481528e-01 3.980375701007192735e-01 9.630246295803952528e-01 1.908745388238500817e-01 3.884605163911031278e-01
2.764614243421661399e-01 4.947918350876896465e-01 5.145906231698702538e-01 7.491491992332488525e-02 9.309045487515166251e-01 8.698463680266388387e-01 3.808758151670929015e-01 4.365033197466459125e-01 6.964336345736334977e-01 7.988922786068402004e-01 7.829213741196161536e-04 1.404743994228879744e-01 2.248673248329978724e-01 6.551335291453688203e-01 4.360572009323073761e-01 5.177257685179307289e-01 3.996428314593081232e-01 9.925052044848858834e-01 1.679529308277668553e-01 7.689612507303734690e-01
3.167501457122111619e-01 4.726806902298770208e-01 4.254577574934405026e-01 6.591189026463122325e-01 9.015878988366193836e-01 1.306051055176751241e-01 2.402103094476628620e-01 7.697667566334902567e-01 4.377503168876389905e-01 8.755365615910615240e-02 7.805735953056404108e-01 4.296058297892026978e-01 9.941035557538224765e-02 2.868126395191045175e-01 9.164274161190772983e-01 7.093903693461506288e-01 9.229967564069939678e-01 2.155678009246034810e-01 8.273162703989802580e-01 3.576578837950349365e-01
7.482309801442783570e-01 1.297219785407247583e-01 5.246452628971958188e-01 8.401492160273209553e-01 5.926859442701940539e-01 3.616919721586144831e-01 4.336822967746198909e-01 8.083973528847310241e-01 6.664806305965580435e-01 7.194992126164314605e-01 3.839446345610377787e-01 3.931762921054787752e-01 7.626214123413932455e-01 6.621121294875015328e-01 5.860046879092445371e-01 8.173348740957516734e-01 8.610673802977955038e-01 6.633904856878142242e-01 3.246253868110102747e-01 2.635071318230084447e-01
5.289771957019644422e-01 1.347108047297430611e-01 3.606324825786743071e-01 3.581189670427347149e-01 9.541473957016506358e-01 1.495571615189885684e-01 3.192600615306996348e-01 1.219028208708754502e-01 9.526446018562269025e-01 5.744373335493455635e-01 2.871494408852192093e-01 2.862126666131858954e-02 4.019166979884403190e-02 4.390219122146865605e-02 9.124387291012548973e-01 2.604639118993996583e-01 4.182415593182856606e-01 1.533205653983490402e-01 5.152041126597020071e-01 8.228569354176468176e-01
9.447031664933897011e-01 8.365678878540502295e-01 3.791895474611781669e-01 5.990228281545905142e-01 1.685315607495578849e-01 9.044678717767868914e-01 7.952844192264383327e-01 4.804119576093901500e-02 3.131418160059333822e-01 9.396630703519198713e-01 2.971716850008856436e-01 9.882956563528313421e-01 1.593966782304884200e-01 5.330920551758151493e-01 4.311548113677666771e-01 5.012641984696009079e-01 8.197929226960252169e-01 5.870047080901090730e-01 5.703388327852741968e-01 3.107976748199841044e-01
4.630368698083817680e-01 4.678142676445407044e-02 2.960580633859187794e-01 7.220916119581640702e-01 8.004885069518320462e-01 2.949026569857335911e-01 6.841445289630272431e-01 3.653446356036882392e-01 5.618617484662571382e-01 2.302353983410929672e-01 7.739408062747616945e-01 7.145637546090953807e-01 9.529361444221109423e-01 9.652985083119176579e-01 5.468836326784137780e-01 5.042568734826368138e-01 6.649120699434973858e-02 9.465287151749502970e-01 6.284264461357230713e-01 8.540224307516063318e-01
2.066776348819487907e-02 2.490084217419726853e-01 1.703640314161990466e-01 7.091346301854170031e-01 3.757756048295325391e-01 5.748127596719776466e-02 9.600346505572798783e-02 5.904741763522415310e-01 3.286874055939617012e-01 6.799403615644142862e-01 3.627043433072002498e-01 8.913826807573753674e-01 3.856241132188036325e-01 9.643613034794378258e-01 9.056838852309508914e-01 3.958726766654597773e-01 4.019704976255297213e-01 5.810576928985056178e-02 6.147177399092597083e-01 7.606439153839387179e-01
9.824700516381152937e-01 1.004974105728122513e-01 2.058206697695452725e-02 9.280958512385325543e-01 9.787745382443716613e-01 2.208078398447125279e-01 3.781181836040803379e-01 2.564507253831108669e-01 1.440893238927092312e-01 6.696471535537166231e-01 6.770798555693690046e-01 4.404187484991173296e-02 6.256549607844350547e-01 7.953714169244352483e-01 6.525604961124886749e-02 6.834881171440063685e-01 2.691208809932366108e-02 1.723199289664459899e-01 4.099641313243060914e-01 9.506204763754698694e-01
2.356941253769622158e-01 8.976848854839314384e-02 2.549613960117171896e-01 3.461947156807421155e-02 4.788381496809210880e-01 5.639342854104353320e-01 9.108391224140124365e-01 8.818578260807402591e-01 3.739341547583572289e-01 3.837356401631305536e-01 8.863161825225659429e-01 6.675418185949746341e-01 1.895987245454044956e-02 9.994091621310842166e-01 9.603617085042024382e-01 1.357639307485443148e-01 5.528272726968865847e-01 6.587692480611382351e-01 8.011624275015671870e-03 2.728856883027581670e-01
4.948082831240727675e-01 1.716591385203938280e-01 5.901256031657883261e-01 7.537230765439048019e-01 9.020649855654546689e-01 5.303370748697863180e-01 6.221837860692728261e-01 9.129755751753820814e-01 1.995204015810807530e-01 1.274218685289789654e-01 8.470541779050255737e-01 7.629994943667438578e-01 6.084412745395363364e-01 4.291936376165117473e-01 7.010075611440204080e-01 8.874502060033117035e-01 5.025249756308618476e-01 7.328411688637144206e-01 4.157526955270594016e-01 6.317806658152936850e-01
7.250933892863662411e-01 6.721804024373256858e-02 4.572198535006255504e-01 7.605851548060686973e-01 5.206462280710361101e-01 8.727072371972112164e-01 9.606134131792832820e-01 8.584189054784234774e-01 3.735143108368047526e-01 4.717554607869278716e-01 5.437433213221485317e-01 2.785020509098568020e-02 9.437714551446252376e-01 7.918554601719853814e-01 2.880761582970399193e-01 9.460842855893909498e-01 4.539887271346696451e-01 5.041661955413665464e-01 1.063379519933079775e-01 8.380402027466923309e-01
5.448486559093536075e-01 6.500967609832806193e-01 1.284705821165557094e-01 8.570923533003825812e-01 8.558412601395670727e-03 6.772829066418333266e-01 4.465497162966108879e-01 3.600132163729413692e-01 6.799825748532385417e-01 3.165360598872237752e-01 5.157166911567807599e-01 2.821149838846572777e-01 5.883139015780035619e-01 9.190620439569329170e-01 6.018040678008449440e-01 7.957796657716520450e-02 2.952480285746735822e-01 8.347568572111765395e-01 6.193367489191252684e-01 8.655343370739423392e-01
1.100988789126305933e-01 4.720761962776619525e-01 7.040443268373557384e-01 2.896302163623368786e-01 5.547687944252024383e-01 6.536455344949840818e-01 4.250662602913983790e-01 8.433146472032166940e-01 9.367336763970590674e-02 8.009467785918117366e-01 6.136978531796727365e-01 4.085507589295751529e-01 5.195798577020130926e-01 9.318733762779747298e-01 6.234558289979968970e-01 4.478926550632447157e-01 4.546343880102610147e-01 9.678837482265711945e-01 6.934024021460344356e-01 4.027667779903071343e-01
5.069067534138236297e-01 4.927958459603298813e-02 9.476287966048131395e-01 9.074449385172096427e-01 8.427276793583433623e-01 2.551845534812029470e-01 9.089856922503878334e-01 2.757172577326643115e-01 5.765116086970172304e-01 4.947768472597464662e-01 5.032983273118353251e-01 6.247773444111460739e-01 5.140170393270087068e-01 6.132779451758524347e-01 6.884839440065596561e-01 3.073556169820412798e-01 8.093444129614457694e-01 2.907526109665978797e-01 4.349469580114818656e-01 3.750172484849974008e-01
7.956332856027146239e-01 9.910732552865481049e-01 6.796169979613775336e-02 7.089826347509390336e-01 6.217193151545609142e-01 5.972050023214529046e-01 4.479706063457155052e-01 9.240099344413386095e-01 9.131345122854850338e-03 6.266617298560308580e-01 5.162973373215629103e-01 2.196401395165612502e-01 9.915519322292671855e-01 4.495488281359297789e-01 5.082223071119155167e-01 6.649059001329247209e-01 5.908770489982371199e-01 5.778210095393288004e-01 1.722670276754949548e-01 7.734638320151923097e-01
2.383154436765977380e-01 8.224789193657819908e-01 5.012997067106131910e-01 9.772315242782807498e-01 9.852224906214922528e-01 8.339490311540487255e-02 6.987677049042074762e-01 3.149401100759707806e-02 8.001280796374673487e-01 9.248513479480766630e-01 8.879993647838141380e-01 7.698736655416057451e-01 9.588705193929325521e-01 8.901424734045342291e-01 2.538382038143969233e-01 2.459699071004045612e-01 3.032648158296213925e-02 6.985052379007890000e-01 6.822855335399726773e-01 5.707431867124357350e-01
6.917471265843317951e-01 6.815374126180762104e-01 5.687125977665818954e-02 3.779598458629763735e-01 4.761526144747901812e-01 7.803991392292235485e-01 2.061528677814931099e-01 5.717777108690492716e-01 2.883730708330956016e-01 1.191971557265033566e-01 4.345146254531900842e-01 4.183946324017171481e-01 6.809075295940345551e-01 6.019327848773824430e-01 1.606544237408270570e-01 1.906112004614811672e-01 5.098531059275064337e-01 3.556852768032874312e-01 7.740704534339735154e-01 7.440586081782398775e-01
5.215156394446546217e-01 4.074179837720355302e-01 9.994275725613532835e-01 2.638727028700057486e-01 1.964633001053393002e-01 2.555479037669143860e-01 2.927389128494733983e-01 6.990933293107948199e-01 4.606145386649704854e-01 6.498901695174925663e-01 9.007096742180331628e-01 8.201850329092670311e-01 7.911874013201737332e-01 7.720538798767674349e-01 7.607768790947709858e-01 4.483990771132564390e-01 5.693947514814059474e-01 1.492872935614756313e-01 8.306330067935019379e-02 3.375016466096170120e-02
4.886132742126704231e-01 5.434441299432766215e-01 4.741648052054845408e-01 6.954405745480127798e-01 9.612425208351623729e-01 5.542733969979447561e-01 1.473526331927068611e-01 1.274242828175944364e-01 5.445593594405880866e-01 3.763028455401220551e-01 8.299826190780427160e-01 7.626607606062058009e-01 4.280986867905017812e-01 4.410519367076484176e-01 4.790133322468781429e-02 3.672172451797250936e-01 8.652623230442001434e-01 9.130837650207057621e-01 3.945999346109957395e-01 6.667132945889301388e-01
7.056654331003210379e-01 4.177138635416243195e-01 3.982659652764740654e-01 6.654224075191333965e-01 7.227626468653624014e-01 8.868742790449657409e-01 6.563371184438908656e-01 5.155238090128948514e-01 7.593181763700775910e-01 9.197696967552224656e-01 9.146548619183615392e-01 8.442934408289942683e-01 5.443261850939525859e-01 2.051068800121661484e-01 2.654443107163964033e-01 8.976206850851874419e-01 7.277184373396972106e-03 5.929856725400729500e-01 9.506159311341192408e-01 7.530211386845987453e-01
3.110604731824478941e-01 9.017995981169876218e-01 5.293463864853171774e-01 3.796285848131794038e-01 9.179637467327715905e-01 6.869986054843224554e-02 5.391723882889920549e-02 4.152943399817546899e-01 4.653128443808058901e-01 8.380232661133881766e-01 6.111852630027814204e-01 1.818299379848057340e-01 6.247420934285410343e-01 1.678719908960319973e-01 6.374742301170089886e-01 8.636995211683128337e-01 5.720243012756403012e-01 8.730584590717637150e-01 4.900055647275639581e-01 8.955413542147856454e-01
1.219179312817881833e-01 5.742918732577128038e-01 6.012675193187212441e-01 9.299126124121305237e-01 8.432808624534928743e-01 3.965485656050882213e-02 2.482976163960461946e-01 9.212712855614670904e-01 7.531478689187526276e-01 2.570009992056099257e-01 1.439327119010904710e-01 5.460223125620941031e-01 5.792076758732525033e-01 7.041671386866210636e-02 9.919477988042428862e-01 2.178483840025706719e-01 2.331778926135008589e-03 8.802561360488394548e-01 4.646356883765651036e-01 7.230487199114687957e-02
5.625140539688030517e-01 6.400101276863040534e-01 2.862395658671937904e-01 8.381120657288537723e-01 4.649584453722132027e-01 9.365428359227749855e-01 5.237074093987081902e-01 6.276812812181682411e-01 5.157333299071092947e-01 3.689139020417807613e-01 7.287749382897377171e-01 3.908611590462718333e-02 5.650152278038447218e-01 6.493895904187254597e-01 6.243601748815476027e-01 8.857946101337388356e-02 7.510620565183749875e-01 2.634996395466656649e-01 9.985972706140896493e-01 4.249043827436969067e-01
2.687533674732999200e-01 5.577235448058951439e-01 8.213707878986989952e-01 8.662210485984330743e-01 4.818678724057999796e-01 8.569930352616672575e-01 3.914549739948938178e-01 8.812029151537656979e-01 5.189415130859887926e-01 5.346535906235735380e-01 1.826507853495671352e-01 1.159361083039742724e-01 8.423866856737072251e-01 4.719002599051357327e-01 4.329814838234049557e-01 7.867472694448174320e-01 3.926069760147915533e-01 2.243909111001113343e-01 8.215084771000202846e-01 1.235422789118918452e-01
7.168420019760705086e-01 1.902524452028551138e-01 6.253575705933538398e-01 1.771074934605623152e-01 4.945356894366013112e-01 2.206761618013834969e-01 8.233752937060767607e-02 9.556442962898509252e-01 9.740973303192927979e-01 4.699275842098744604e-01 5.761493564405835155e-01 3.733976583419373885e-01 8.590595003093681736e-02 8.575005399225084091e-01 2.916677626142555324e-01 9.784124860981333605e-01 9.900514034075167391e-01 4.915188454178145427e-01 6.299205313463791533e-01 2.903301630468148042e-01
7.173447973279890588e-01 1.422321848100838171e-02 9.642110729921887780e-01 9.066798359853410760e-01 9.622932902652270304e-02 2.403248097641627057e-01 2.774882331122268120e-01 5.662102320979385262e-01 2.344977529169395281e-01 7.271047233177437841e-01 6.672274418070622826e-01 5.109696887525261300e-02 6.952914371352389988e-01 5.069289596196115966e-01 5.888857338578754597e-01 8.771741609743637369e-01 9.783140505903675788e-03 3.264476056511211866e-02 4.832996129285098696e-01 2.456607995638352415e-01
4.011745784447118268e-02 3.702140798800791499e-01 2.680518644433922404e-01 9.162220457815747343e-01 7.326239285374843702e-01 7.731187979786535713e-02 6.065623928796926023e-01 3.581151020093016335e-01 8.472733702439672054e-01 9.750863370678937159e-01 8.932276026142993430e-03 3.246425146811863227e-01 8.271316098695730146e-01 4.134871413256635542e-01 8.614822837827789126e-01 2.299307817709267399e-01 1.973325900133684474e-01 6.746412407936288602e-01 3.138883581493481234e-01 3.178898519205831663e-01
3.342855941704547806e-02 6.146590144727148708e-02 8.242799590284968225e-01 3.711429465190299037e-01 8.340173551457815693e-01 6.189880794977274947e-01 8.095016799345435832e-01 2.308919845593665476e-01 2.578613418370325761e-01 1.748330029023185128e-01 4.491397313477258901e-01 7.201247582805166969e-01 3.584129616555509212e-02 1.720319903965933372e-01 4.317524157672871787e-01 3.250810161370790707e-01 8.959938622240678496e-01 9.809624668823200278e-01 9.001344723788852198e-01 2.009381610685897490e-01
5.995837065499807217e-01 6.670676595107918327e-01 3.766890170533894189e-01 1.568269737304693878e-01 8.614329644124530949e-01 3.798083132834865205e-01 8.834674391610719546e-01 1.102520350631642776e-01 2.856395257428125944e-01 9.521625414451140301e-02 6.620689192713616888e-01 3.191343796703095537e-01 5.308362621555150485e-01 7.705246167779812305e-01 1.735295856064273945e-01 9.012487585857117400e-01 6.696013323826600638e-01 5.971944352597438055e-01 2.222693203430532449e-01 3.398727034314874551e-03
7.775263869657409455e-01 8.780864606698803865e-01 5.028387156514739775e-01 4.204060277474463980e-01 7.758253110382117290e-01 8.430843740041805701e-01 8.494860917851237980e-01 9.495850258721520998e-01 5.403369604337697751e-01 9.008606498535184359e-01 7.219777808099218097e-01 4.655627686592396230e-01 6.908723644673138153e-01 9.260925761805123280e-01 3.344882439154378551e-01 7.609382148380016142e-01 9.905985776707048052e-01 3.925285240503250117e-01 7.021661161640238014e-01 7.433880316789313047e-01
3.644364194892617537e-01 5.434716078291879082e-01 5.783642526323558020e-01 9.040617018506336144e-03 3.766258437574749873e-01 3.507550138729257361e-01 1.161148993798970519e-01 7.567374060667313440e-01 5.430161371214701216e-01 5.993441407563362411e-01 9.343089802972490698e-01 6.001311584450970127e-01 2.182142207492373531e-01 9.458892249400335794e-01 8.004088103605202509e-01 6.675006265809280137e-01 3.941467196047476751e-02 1.643730439251884778e-01 8.302597340605831766e-01 1.700241520693300812e-01
2.092417759530268428e-01 3.568716741481741117e-01 4.022953826739470440e-01 9.797224821705741160e-01 3.679181339754737934e-01 6.991092856304340630e-01 7.328501487548532145e-01 5.128771243686587322e-01 3.502958056365407247e-01 7.703932368507404593e-02 1.786394320661088830e-02 7.319631029627803320e-01 8.474034367660098210e-01 3.954696909703945273e-01 1.201320859669399166e-01 9.880700185796061907e-01 3.222408650014179088e-01 9.632564136964998358e-01 1.690184702324080135e-01 2.238902493863453858e-01
1.231441209139336745e-01 7.366206940903192724e-01 4.778426804554027907e-01 2.877981722738269799e-01 1.644564055949286896e-01 2.877225095784555764e-01 2.214287152465868047e-01 4.142049066065972562e-01 5.737271265270823539e-01 5.889227674627859344e-01 8.540550068049505006e-01 3.148343630424196293e-01 7.193003931704594622e-01 3.786053153532366045e-01 2.161396225935502402e-01 7.860022730323020790e-01 7.135091634919513703e-01 3.617468730749178185e-01 1.244560042967478575e-01 1.192952499655839382e-01
1.196333714234224521e-01 1.909566488240204141e-01 6.412329547749324732e-01 5.635135985542212289e-01 1.993425320753171581e-01 5.913941595304261778e-02 1.824420971910840628e-01 8.723393235834822068e-01 8.486990862576698769e-01 8.664798868465383164e-01 7.997941740464109550e-01 5.896636943013416898e-01 8.775790323919936409e-01 6.224593836415753811e-01 3.773742366038242979e-01 9.926391287506771688e-01 1.687548591895204897e-02 6.781081285391900026e-01 2.954855487757458432e-01 7.710247778834814492e-01
7.850726593543307930e-01 1.845491312746524448e-01 1.472165577772309719e-01 7.734570416745606414e-01 7.854931458234759578e-01 8.900385706011170184e-01 7.417262744154667908e-01 6.635804488247307731e-01 5.011210325964938761e-01 3.799081368450468732e-01 8.459310921118370352e-01 3.662850410235463094e-01 1.133897484668987543e-01 9.504766401155395616e-01 4.274192315739814285e-01 1.336045869473851955e-01 9.236734130806760756e-01 5.624533919337869614e-01 5.459285487251073210e-01 1.247398302004896209e-01
1.451015893807150459e-01 9.463989451983212398e-01 7.591693630660827363e-01 6.759916830960234213e-01 4.144086696624668109e-01 9.366471266377230931e-01 2.995166607793376956e-01 4.958107399904071455e-01 9.183488689025109952e-02 4.844000961707192188e-01 1.716906014962322757e-01 5.113891282672999861e-02 8.536291205947479366e-01 7.001451107384677464e-01 7.186657024671578853e-01 7.383290221746025006e-01 5.891669345445814665e-01 4.482497816342773111e-01 2.643022651124870004e-01 8.842387323235711971e-01
4.651562929856413176e-01 8.284826495226542686e-01 9.837476470522964478e-01 5.042556439871792584e-01 3.509303791625032476e-01 2.351873674195037456e-02 9.530110323684570783e-02 9.173094418863434463e-01 1.256455585890212667e-01 6.639415888693440682e-01 1.499638925410191614e-01 1.210963443807174800e-01 2.463735956160783003e-01 7.568991929958635012e-01 9.094144112120672307e-02 8.588257832202901287e-01 5.424527244833019513e-01 2.556189221417835000e-01 1.204148366444408591e-01 7.912203416673511125e-01
4.781314191654885137e-01 3.246300960525954071e-01 2.836273334072214602e-02 5.960089910387915690e-01 3.225662688412993528e-01 6.308290246413358338e-01 9.309412362521130024e-01 9.808117424276269203e-01 9.568934744036730056e-01 8.237013764566593066e-01 1.293333033207303417e-01 9.126866648806455373e-01 7.142473429257581996e-01 5.927184678398004225e-01 1.009003691461101138e-01 8.069479449924961134e-01 1.350698090817208374e-01 3.578277925002149029e-02 4.095814624712801333e-02 8.646172078805601791e-01
6.077220986419835658e-01 8.564848780262570571e-01 4.172979016030349264e-01 1.847681915441877765e-01 5.793158937050223445e-01 1.472405427068593786e-01 9.377965948369251237e-01 3.775133249975020089e-01 6.748641123799588026e-01 3.439582866951162998e-02 6.193198128803194535e-01 2.881591589657811481e-01 4.666138451274358667e-01 2.185355297607040059e-01 4.014954665119381261e-01 6.197231714193763841e-01 3.982392880916652000e-01 3.830817672421006348e-01 5.230922024750150889e-02 8.957735151176241528e-01
4.741146762133615633e-01 2.803005813148631287e-01 9.285024254617801898e-01 8.769572969954460007e-01 6.981902199604363979e-01 2.544954726221150265e-01 6.428628217044747295e-01 4.253611932200752621e-01 4.982438073552190039e-01 8.866757184174894890e-01 2.259027107197341122e-01 7.708828926380826285e-01 4.390724323527344097e-01 9.947167946716436449e-01 3.033440016405694051e-01 5.841898170380509514e-01 6.834327171673999501e-01 1.556037923647185517e-01 8.714941374248147410e-01 2.163784830438048035e-01
9.575538595435340028e-02 5.432890586725502846e-02 6.784481962324772075e-01 4.726522833116985067e-01 1.921062650087492774e-01 4.370497483478026357e-01 2.117974628845715745e-01 9.947289962180753120e-01 5.956549948211675716e-01 9.572764963442004227e-01 1.745416285490460906e-01 7.774811399190677541e-01 3.508524277588254137e-01 4.099990158085722314e-01 7.518940462554771775e-01 8.780286659384844983e-01 5.284063436482965281e-01 1.547799141259736944e-01 8.358854082227713533e-01 1.474558572275480595e-01
7.089117160172261345e-01 6.733566648888663631e-01 3.300045895463558088e-01 3.161742311159201346e-01 2.475799822078272872e-01 1.449215388588764863e-01 1.700385947373869167e-01 4.766753844377964455e-01 1.186599584823686548e-01 9.836058295319138889e-02 1.897040255774976591e-01 9.125611659979153689e-01 2.459629156855612786e-01 3.356098032967776978e-01 4.587999293297543302e-01 8.632051067783004239e-01 6.680574513269125214e-01 4.641709686546227065e-01 9.803850602318303631e-01 3.723310510069937074e-01
2.282776775353512200e-01 1.521685527199851951e-01 1.718789413587771264e-01 3.433435369605746246e-01 3.586065396561614049e-01 7.801474110690753694e-02 4.965957953082333898e-01 1.921717127964498451e-01 4.161410707456086877e-01 5.767324489830020218e-01 2.586497313116231656e-02 7.745247890022751713e-01 1.803823565364556236e-01 9.439981680153326504e-01 1.538993131298793671e-01 1.749045575728610524e-01 9.861849814097383149e-01 1.986438618531687350e-01 2.813609428507058974e-01 8.687610753908059369e-02
2.763088246682271487e-01 8.545094034232523228e-01 4.439576530147906208e-01 7.861520224747425845e-01 9.009340725195011945e-01 9.080185262447940664e-01 3.115088449309396657e-01 7.611155724805275247e-01 5.968730741222645353e-01 6.710437908920751093e-01 8.798768841270886432e-01 2.406946749837823862e-01 3.357508991365283357e-01 9.918021770726758168e-01 8.243725421985672597e-01 3.691547278103620711e-01 9.462274243443767885e-01 1.608287420824169311e-01 2.976986025949293069e-01 3.902137340463232018e-01
6.940981333357461036e-01 2.372759724953369398e-01 8.171702302920823557e-01 9.803449327840048078e-01 2.889223966644101083e-01 6.332553615658127466e-01 9.153756493253949467e-01 8.767301894098209480e-01 7.288341394075669166e-01 7.194188726680907919e-01 9.649148015994675198e-01 5.447487814574912823e-01 8.006897334601449367e-01 4.735838976913335774e-01 6.180059819646221975e-01 8.590503275831020691e-01 1.964481201400494204e-01 1.818842134331619675e-01 6.257757827945419349e-01 4.875931394818144859e-02
5.482076333739880347e-01 3.267967970260101662e-01 5.861938873140749573e-01 1.827289156458915542e-01 6.211254683035735136e-01 7.823254166087613148e-01 6.672068732498566135e-01 8.012580457170439541e-01 7.269461553125708964e-01 5.096406718018995363e-01 4.093133801743464861e-01 6.499871449312443206e-01 3.896729542761018239e-01 4.313726353684141923e-01 1.064152298484130066e-01 6.330671899904631861e-01 3.535430051307295596e-01 7.142990265915083459e-01 2.436264765827200751e-01 8.777394052236078270e-01
1.051256497803736423e-01 1.816241236919707847e-01 7.757673334359673767e-01 1.681781288880587200e-01 4.129322429631030467e-01 5.528006275910835043e-02 6.328842460781942680e-01 9.346647848613778287e-01 4.226737671921515505e-01 6.767382567286592820e-01 7.616303368168293453e-01 2.913611140254820375e-01 4.364032746341153235e-01 3.409953050937456487e-01 4.407788659014917343e-01 7.761255123253146815e-01 6.485562921179753859e-01 9.330474200133055396e-01 1.840908560300710262e-01 7.202907270616611957e-01
3.484737866195601885e-01 8.394274313493332862e-01 6.867329759139121359e-01 4.370051802818786246e-01 5.455911160892080725e-01 5.294899963023362854e-01 6.800772278962898820e-01 8.917586715411803810e-01 9.647362373597497820e-01 6.700051833510226595e-01 2.270962480146054840e-02 9.203240232876285232e-01 3.631273830864306662e-01 2.460465626259166205e-01 1.201368847660904127e-01 1.144329687501196569e-01 7.565241428400547585e-01 2.496669008177340165e-01 4.380166717413837008e-01 2.919072273619214286e-01
5.162920933860393191e-02 5.585749698498215787e-01 9.539210751758971929e-01 6.506259993508092254e-01 1.076782947756234066e-01 6.502860030905079913e-01 4.519773549553897096e-01 4.865841729681197325e-01 8.783449505236795574e-01 6.863600674887777586e-01 5.397103969073783203e-01 2.938083780491327346e-01 1.528624892399578217e-01 9.992341020227105686e-01 4.601462707428920496e-01 3.508200838957600265e-01 6.706400776358811822e-01 3.772227071282587829e-01 1.865340207641608128e-02 8.023494548613747668e-01
3.549717652569799320e-01 5.245018038908736413e-01 9.358188372146469813e-01 4.843725954516580057e-01 7.349529510797168097e-01 5.154633355876300227e-01 6.897014967801854413e-01 8.443839591176153236e-01 9.116897181650476245e-01 1.395557619568633667e-01 9.290145375109575276e-01 8.164188804241976349e-01 7.159798938983916727e-01 5.764666930827495595e-01 6.651112476978637833e-02 9.924316521205565067e-01 6.249078950814320743e-01 3.152713761479636334e-01 9.028018148897195561e-01 9.590360403261211086e-02
4.503341715477162666e-01 6.040107807654410133e-01 7.091727865178448775e-01 6.520221092020497267e-01 6.712157751349895340e-01 3.330085498210141326e-01 2.253958175406588493e-01 1.956010203919217316e-01 4.011467890906829092e-01 1.878325785940054837e-01 2.821234386565847352e-01 1.370521212164858005e-01 9.307474957414880734e-01 9.847726949198161162e-01 2.462861707195683758e-01 4.687433896172960024e-01 1.269561748884387997e-01 3.228123983476202108e-01 6.645129108494884917e-02 6.973918773881945254e-01
6.167014595320315928e-01 2.052889984957936287e-01 4.663115192166946699e-01 3.232949355726355556e-01 9.380389218145778196e-01 9.955012318162409501e-01 1.345878638093410684e-01 3.911790600303228782e-01 7.431758170234781247e-01 8.594774396452060650e-01 9.056127095126349502e-01 5.971746084772587837e-01 9.470540083388732100e-01 5.781066867282413924e-02 1.137346479278846800e-01 3.070217003810401524e-01 3.151288353936179121e-01 9.125794272689932152e-01 1.628948669932370752e-01 8.123941798451438379e-01
4.059494474782293638e-01 3.095021883884800928e-01 5.741188889551865904e-01 6.853248210790026107e-01 5.913085684052207247e-01 6.629290303221024860e-02 1.289560407163012901e-01 9.403906285862321246e-01 5.230052728137812856e-02 9.009368957665687683e-01 3.263445153518649278e-01 5.276681087867374220e-02 8.717686284818515485e-02 6.368580187683855476e-01 7.833385215593784423e-01 8.245235022091155219e-01 2.320595610378201057e-01 3.979816779450086051e-01 8.953611720413919839e-01 3.325629710347695056e-01
1.608013080754189250e-01 2.333861501956523421e-01 5.646508347474313849e-01 9.692440821847013721e-01 7.419800520469328475e-01 6.457088152584404828e-01 4.753439431647157321e-01 5.606415947435237079e-01 1.776634340790848032e-01 1.361222157170394187e-01 7.732930476492105853e-01 9.937823472889567578e-01 6.719155748695007091e-01 5.866042665415118762e-01 7.959284379156453815e-01 4.728516545501253443e-01 6.684603435709167707e-01 4.628713018743901841e-04 6.510136038187113172e-01 5.286147046946033656e-01
8.389267686783403732e-01 7.902459670100825395e-02 2.613820511143144509e-01 3.100506082104549366e-01 4.785366886269341036e-01 7.131608420206205778e-01 6.232578516212592401e-01 2.540441409386116067e-01 1.567870004644471571e-01 3.274174088525350079e-01 1.872986461270208514e-01 7.052391064432210754e-01 3.828965985754774204e-01 1.138616973233423924e-01 8.777783916354189309e-01 6.088961032511849281e-01 7.501542634840647761e-01 6.413751824027980053e-02 6.805327568669261584e-02 1.107736383910619127e-01
8.699693798459744443e-01 6.625339078927935388e-01 1.211040853018929830e-01 9.458175368619159418e-01 5.723479309438893603e-01 7.001737256007881660e-01 9.176454529196346188e-01 8.088930471001353206e-01 7.748115756755602490e-03 1.691804050938305881e-01 4.215177878408347123e-01 8.363829883152978928e-01 3.456568607447475516e-01 1.545374064771214417e-01 9.060528925015410850e-01 1.634917319169509886e-01 9.539460010986078320e-01 7.603302629961239401e-01 5.794552784812467827e-01 9.637841464890333221e-01
8.330719938833963667e-02 3.405918901155779999e-01 5.356555246104810486e-01 6.622714900568427154e-02 1.612577628993869805e-01 7.661770489943667828e-01 8.786789298998228803e-01 7.455005159344442189e-01 6.108549840269028586e-01 4.766301532441667987e-01 9.791138060083154349e-01 3.140677909760786202e-01 2.997764654762250514e-01 3.630431073060897962e-01 2.254077644524343782e-02 4.441219551302890700e-01 9.273961751710693147e-01 8.501502736601799226e-01 1.877888697306141497e-01 9.695417085269594226e-01
5.106596072586849777e-01 8.014579242382631197e-01 2.779573915409201401e-01 9.371751089681312763e-02 1.380151747848152866e-01 1.623814283966842353e-01 3.878332416357430645e-01 1.824802715671688391e-01 4.377291973828980609e-01 7.990873864608516453e-02 8.541501173829235682e-01 6.973256009402096778e-01 7.415986512899978012e-01 5.467893725046965026e-01 1.140041888375629142e-01 8.113369743599545547e-01 8.615020012443808106e-01 1.938454421152751017e-01 2.586005053029782896e-02 5.798389474671963306e-01
9.587728218503732691e-02 7.181956709975251263e-01 7.004430724855799095e-01 2.686324414448065800e-01 5.595167745530690295e-01 8.552231139977318763e-01 9.903177949889219178e-01 9.696105309502486280e-01 9.566378982970096256e-01 2.265922325521612102e-01 3.427268135125114412e-01 9.887682910606054865e-02 3.536719818541450566e-01 9.356102311759753043e-01 9.101643064095356062e-01 8.294718445823815456e-01 2.163398612830692569e-01 8.049724455151118230e-01 7.521356746312691799e-01 7.219069575932343108e-01
5.242969210681807102e-01 6.794840045377587012e-01 6.741358853338053070e-02 9.023677061024495405e-01 5.683893574142937499e-01 6.037040888014029161e-01 4.206066076878387516e-01 5.108997315398531303e-01 8.058395444289980780e-01 4.155153031663392227e-01 6.633627452642026912e-01 4.969097108151795394e-01 6.932296008820726385e-01 8.625708254427764121e-01 5.816821003608226848e-01 7.791139129395787677e-01 7.484859882033878531e-01 5.110292210785793987e-02 8.042257968364215914e-01 7.612188349953645794e-01
5.686065722281296031e-01 5.528943785516017284e-01 2.624917857999006232e-01 5.346984015410926050e-01 7.555445542425993644e-01 9.395005153110792540e-01 7.052562021411564741e-01 2.971454395908474932e-01 9.705400593898091399e-01 3.733068472339566846e-01 6.399838661134280571e-01 5.819233670337675690e-02 8.451545441307594109e-01 7.721891596371572852e-01 2.155110723840529818e-01 7.125301985695349227e-01 3.980902314459576763e-01 9.979693680703632941e-01 5.402034763870222633e-02 1.409285275799019299e-01
3.854757722616513060e-01 6.317774872159725996e-01 4.902829216804172052e-02 4.783223174504513953e-02 7.227115360848170855e-01 6.177707586396693484e-01 4.805625976644354314e-01 7.743770845106076051e-01 7.189886333469878155e-01 5.871573492324110299e-01 2.190357479741391611e-01 8.150714909156150378e-01 1.707328038394417824e-01 4.676992801068579064e-01 6.081476635978436684e-01 7.579643659244106324e-02 6.775710544262415480e-01 8.239737309765030604e-01 1.102572717729182195e-01 9.727261217517768621e-02
4.698011967358709517e-01 4.491764871638871393e-01 4.620619133712343674e-01 1.246043425288323458e-01 2.853215325159885740e-02 2.146959770663761091e-01 2.538405609695507659e-01 2.797043686477974633e-01 6.860934507481749600e-01 1.734847667512650071e-01 5.132894545373941630e-01 4.910930884442130662e-01 4.939643098208877925e-01 9.947823701369880034e-01 5.762460926122248139e-02 8.122140039771413855e-01 2.796172098644555959e-02 9.268051972449428133e-01 8.359560802160665993e-01 4.244324652657065489e-01
3.917216209515703707e-01 5.377287108300610186e-02 4.191531371595929034e-01 1.377564870357205207e-01 3.692044439516263266e-01 4.865614812237679665e-01 3.244279944090374679e-01 4.830153557262089059e-01 6.437644827333462993e-01 4.115167672104537155e-01 9.244186602956939725e-01 7.847682601401945179e-01 7.665117275142453446e-01 2.269785793610554769e-01 9.016198524710092865e-01 2.774823498654773735e-01 4.676779202121671419e-01 3.235433860779266535e-01 3.782259052947763989e-01 3.257446456338050078e-01
5.945126016408545100e-01 7.256439051179059962e-01 1.134415387457781144e-01 1.374551841419326959e-01 1.583948666278242046e-01 5.614857878366731336e-01 3.374599107980420509e-01 1.683162702552443157e-02 6.485201962308705381e-01 8.676802135043666375e-01 6.513383875801216361e-01 8.981192394928820821e-01 6.736419143397418541e-01 5.458193947446174921e-01 8.473608663622186343e-01 4.273990986256022140e-01 5.678072370572438965e-01 2.072373216256259143e-01 1.325239519909090502e-01 7.722374925823101144e-01
5.478695739302339440e-01 4.850864492095412484e-01 9.340902367549641649e-01 9.367611119960412847e-01 7.168436121725039190e-01 9.076871654348117602e-03 2.983809162153543415e-01 9.881387387428895996e-01 2.520389308627227765e-01 3.024458502155721318e-01 2.107690022636489191e-01 6.584896289479458265e-02 1.239805881475286586e-01 3.526552906785110908e-01 6.301201556873188281e-01 5.047498757155423066e-01 4.575461025249865088e-01 1.231097366495925716e-01 2.015012711619411645e-01 7.883227245784945048e-01
9.675456784692845202e-01 7.848304504685434946e-01 9.718967443699986219e-01 4.140698119352411721e-01 8.157269237334353607e-01 3.375218673852752316e-01 9.284268558803702165e-01 2.364321130000676119e-01 9.033057655441476541e-01 9.584364169200015882e-01 4.328486106781143095e-01 2.260377837843980942e-01 9.663065187008990087e-02 4.744380385525001076e-01 8.232693600894567254e-01 1.938146825485621561e-01 6.053383596268940847e-01 8.881939926639189631e-01 4.905359489425666908e-01 6.009857373570969274e-01
9.991824991722523253e-01 5.817917948913653436e-01 7.410847613644633292e-02 1.884942114160359505e-01 3.715169262082453905e-01 9.779671591237830697e-01 9.687841641496750533e-01 9.942214317146199631e-01 6.501759425118280866e-01 4.870335005236852144e-01 6.475268228542655491e-01 1.618723916993662915e-01 1.482253625487418569e-01 8.116366115990170105e-02 8.460549448164099706e-01 7.209774742831899230e-01 4.757193211523311760e-01 7.271249659259093612e-01 5.350192128763808785e-01 4.409781888241978143e-01
7.403805697521970153e-03 4.084549267602496370e-01 5.086120379971648120e-02 6.496419272338745943e-01 4.718469094714117240e-01 1.592843518575025596e-01 5.443989337516066396e-01 6.418794942084049548e-01 3.858205702474766241e-01 2.900648727114091274e-01 1.534134160052839091e-01 9.075883527576541487e-01 7.432282440693938064e-02 2.084004478084302558e-01 2.727531115916245197e-01 9.078982571883609243e-01 1.521511840247844471e-01 3.026241548004759974e-02 1.735970833160223048e-01 9.365595176154829504e-01
3.883676196776335576e-01 5.213747285992408331e-01 2.938243624355973971e-01 1.562456970252021904e-01 3.061780538974910870e-01 8.795653066731163872e-01 7.216292111888663596e-01 4.723797801437962240e-01 1.639623428262019234e-01 5.008475139188905967e-02 6.883935908631227951e-01 2.936659197543550759e-01 4.810911438079030766e-01 8.648423904548665497e-01 3.029144874279965371e-02 5.465374814639610834e-01 3.645871346498595900e-01 6.844302157980644008e-01 3.324071668000204705e-01 7.534387957243614542e-01
