5.466163080777816097e-01 9.176176297094557066e-01 2.856133164782520550e-01 7.028732803182948796e-01 6.333911506194578322e-01 5.425914477580051631e-02 1.917870837497754888e-01 2.057079186512408286e-01 1.420259796014700093e-01 5.106620625430086102e-01 4.399387193105480653e-01 6.999325144907431184e-02 7.277153454445123293e-01 1.057962521902267028e-02 2.900924762814993674e-02 8.400169277869162787e-02 6.460488704242970392e-01 6.541133654269333242e-01 6.694395024679499206e-01 2.108978577840774360e-01
4.293810442565073604e-01 8.197724932539621756e-01 1.584621764865812299e-01 6.244675965667398909e-01 7.668779937879620645e-01 3.135757317408029987e-01 5.316032393261965749e-01 4.031684361891916257e-01 5.876750752543238310e-01 3.063020048464899503e-01 9.937662586960450684e-01 2.024488165416926666e-02 6.238555361965801849e-01 9.233378503292399841e-02 7.826525373431396648e-01 2.512693465956482575e-01 9.613520829998372097e-01 9.606736444809641506e-01 8.559909569392880613e-01 8.104404096177335592e-01
5.306670993808414449e-01 3.605726911800843926e-02 1.879985903440465345e-01 3.656167899651430186e-02 8.892925490461034421e-02 5.681681808646020793e-01 1.234292235326228671e-02 7.940654867153495999e-02 3.645829405303006032e-01 6.716323108928101693e-01 1.619747353315326155e-01 9.635066188509849860e-01 1.826715311275495246e-01 6.790920723474277443e-01 2.388599906469324186e-01 3.358861260271462923e-01 4.600350435184380471e-01 7.836807815656277043e-01 3.084614163459251657e-01 2.526845026904951386e-01
5.431892581437048895e-01 5.466109986150763378e-01 2.484935341878313775e-01 9.227574773954896337e-01 8.528844074933540353e-01 1.818645684694873976e-01 4.337775083889581218e-01 9.213380886875054410e-01 8.980966092017393931e-01 6.436266580437961515e-01 7.384459624133333788e-01 1.589950908176074318e-02 4.685828522885057135e-01 9.507082451659235600e-01 1.496679130766097598e-01 5.691058893987251954e-01 4.578008119562301248e-01 5.603411401845451723e-01 7.879613512652638985e-01 4.853466013391560807e-01
9.833342341512339990e-01 5.516406637710596916e-01 2.253123457654305772e-01 7.171483357562958849e-01 1.525546792653738049e-01 3.560671255944103386e-02 5.539039945633703610e-01 8.067630851973744965e-01 9.329315583399172551e-01 4.759592198962042664e-01 4.600061437049904889e-01 4.120999123713467993e-01 7.422357256410435644e-01 6.890994038261586407e-01 2.417670006635985747e-02 4.587609265750369758e-02 7.481440192750078433e-01 7.121756639200942374e-01 6.889811730147922253e-01 2.269186246304083499e-01
3.734800873585231162e-01 5.683676330937629251e-01 3.995874761330292513e-01 7.992523087818625971e-02 5.427565106650207305e-01 8.705337503338772542e-01 4.182902293087847889e-01 8.004406321439437866e-01 1.104741600343966956e-01 2.855114139917989124e-01 2.563922554274271626e-01 9.473973070305932165e-01 8.968646673106385192e-01 2.417946347414549058e-01 5.738701519159175035e-01 6.703572229675962557e-01 4.596631862139523017e-01 5.253842524733705055e-01 1.131936794468084706e-01 5.070284742029426139e-01
9.138879205422901775e-01 8.845249943698623163e-01 3.516810003967710818e-01 1.042491714512503442e-01 1.389614700042853812e-01 2.753131398072767855e-01 8.219069019159060963e-01 1.270999823593969014e-01 6.408044090982355501e-01 1.121826910651138043e-01 5.715957425403219716e-01 9.674074877893306112e-01 4.937560183563431959e-01 1.203153270476665648e-01 6.560299590521374569e-01 9.055457405268938498e-01 2.223609907563640631e-01 9.401058273710261037e-02 1.103491132145667519e-01 8.982834495581947243e-01
5.288668742872392192e-01 2.331879855089376008e-01 5.285672157034265739e-01 3.483843152193638604e-01 4.581318533659652914e-01 2.275115182715859996e-01 2.488215122750359054e-01 6.382240246278172435e-01 6.556761809448758971e-01 4.863072742594251041e-01 9.346125514922387634e-02 5.958732417192311726e-01 6.980885852880636122e-02 4.400456648490221889e-01 7.341475369747514357e-01 2.440834889539571506e-01 7.221270184683721283e-01 2.416258668741455562e-02 3.389098409988129390e-01 8.461807746322679291e-01
1.150859044612156934e-01 5.468187076789849943e-01 3.225062960990087157e-01 4.232002795920487559e-01 6.376836592349388599e-01 9.775325650859806315e-01 6.960654490848583453e-01 6.041000689697351156e-01 3.745443177208818142e-01 7.686239123958583663e-01 5.995083479928210446e-01 2.550695595046722497e-01 8.132372381498019775e-01 9.896912536386091030e-01 1.627310137540147750e-01 5.537330922799763577e-01 1.230953438781404730e-01 4.237708243989168899e-02 8.232973132094777435e-01 7.256361035849427932e-01
3.725804290951457709e-01 9.930024048586519880e-01 1.076647236209403724e-01 1.980333692630699138e-01 9.874301257338153892e-01 1.604422358951368421e-01 7.384673011404659926e-01 8.871082127107635662e-01 6.586596985305159802e-01 9.953377883518894631e-01 5.571940500419138020e-01 6.291005604853773248e-01 8.195495565727054510e-01 3.217194769681812616e-01 6.891763640522928780e-01 5.817045750074573141e-01 9.324298893869734650e-01 6.026702928679442683e-01 1.452284570785411510e-02 8.568386655483338776e-01
5.508690237555494695e-01 5.344464554751033880e-01 7.776475337346200334e-01 7.444119268301807590e-01 3.502298297887649348e-01 8.257311211385766070e-01 4.821170287375712293e-01 5.486040625706803953e-01 4.375486385177461690e-01 9.386687292054456400e-01 4.050184430964307580e-01 6.591251906046435849e-02 3.367235894131516138e-01 1.902755012612441510e-01 8.026172989246408429e-01 8.935730086230316838e-01 6.468460501024005938e-01 5.380993892622989438e-01 3.187738989681442314e-01 4.336010300491932590e-02
9.356290814704631975e-01 1.761201739499361762e-01 7.097315643722030831e-01 1.677112607747761608e-01 3.138072246609355798e-01 7.452423413414415165e-01 6.369051190282715158e-02 6.269646051510265883e-01 1.122766617774023645e-01 5.995133821192438761e-01 9.116462151449918894e-01 2.073861856539876980e-01 4.478194441216377664e-01 1.589176649205654712e-01 7.081384139082484985e-01 4.662976427716928329e-01 6.682123646608540968e-01 2.571936412618914813e-01 4.410272101762671149e-01 6.714527770585149158e-01
4.103352462987110982e-01 2.351242222667538906e-01 1.448735525640908461e-01 7.403670470020662364e-03 2.799229444212651963e-01 1.599033516128813837e-01 6.452147415151844312e-01 4.981559994556793436e-01 1.015849128609236374e-01 9.041449524057948439e-01 8.497850928830040784e-01 9.368231667450773736e-01 2.813685834319197276e-01 4.316650551633925970e-01 6.151841570766322098e-01 1.232233809040010897e-01 4.833137007484811232e-01 6.203660145644140922e-01 6.899034680761800820e-01 1.823606655919663977e-01
6.329682187769621882e-01 9.739296151471664720e-01 6.979609240716271312e-01 8.543867166811478508e-01 9.812908371084817505e-01 4.568573981454120414e-01 2.769924619319970027e-01 1.780857540702636133e-01 6.798753314263594749e-01 7.680659300464929284e-01 7.014178740265629708e-01 3.038626994205642085e-01 1.603809651249865631e-02 7.656146977113815755e-01 4.508910436765861673e-01 4.617542436600533540e-01 5.200359509287144633e-01 9.133779070131241573e-01 5.702683573741820222e-01 7.342778634943339933e-01
4.959629685222484152e-01 1.729696165000945696e-01 5.431370683343399453e-01 2.673182671135883037e-01 3.445318724864795401e-01 5.384152048288632919e-01 8.520138650132297320e-01 8.338271776687776748e-01 8.047399901481011586e-02 4.071243858616713229e-01 1.301640730002669999e-01 5.521122072841624373e-01 6.494884102302116435e-01 3.606766797811814529e-01 8.580204816906982224e-01 5.992902490232476787e-01 4.912196541695357244e-01 4.653522513042124276e-01 8.819573171519223820e-02 4.480964439399983679e-01
1.536479625765940771e-02 7.419393407168286547e-01 2.171749386474358667e-01 9.357030637655098237e-01 2.893703456568181842e-01 5.793342204857826472e-01 9.459275744097944694e-01 3.196944696890202664e-02 9.362578951838982366e-01 9.267881953188057409e-01 6.677339974401896860e-03 7.363024577795070913e-01 9.393473818386843810e-02 7.583419627405831864e-01 8.872785460132088797e-01 3.476537665946947131e-01 9.420070037404980612e-01 5.425687490361957854e-01 4.746600443088225818e-01 9.860338836974242849e-01
5.863102512982544257e-01 8.308463861047720167e-01 1.146744703370913276e-01 4.681888168632842850e-01 2.797022484607780690e-02 1.113722828216267002e-01 5.811671226712270544e-01 1.687360879471747621e-01 7.855486875399929625e-01 5.437350339528967957e-03 8.265164871936309110e-01 2.616554846218122066e-01 5.392521233109331957e-01 6.783705230480768789e-01 1.557665393398078857e-01 6.310583046794172590e-01 6.006305314860654887e-01 9.033179145281806655e-01 8.549810242438100616e-01 5.951436342383116251e-01
5.775312154801849340e-01 8.763782887831728097e-01 7.187417110976259682e-01 7.378968422700468155e-01 7.546097037358993065e-01 6.615700870713078219e-01 1.334522695925132174e-01 6.963481050484056079e-01 3.072496267052667873e-01 9.262987949268963739e-02 2.884628567394241783e-01 4.025917301539201354e-01 1.086396235190055792e-01 1.653041496201642646e-01 8.508678805247275045e-01 2.996024127065044507e-01 3.585601528037160035e-01 7.821729348513550839e-03 7.948689436254975371e-01 3.753042925087636261e-01
8.674634983046638492e-01 4.602821377826953331e-01 6.262284359603972339e-01 5.557297125579594432e-01 4.527188681741067811e-04 1.675487202751476667e-01 3.115871991326001345e-01 4.243599335817218599e-01 1.615341858897240135e-01 9.958906532848182946e-01 2.304728316925552800e-01 1.135367493421113316e-02 1.943378614564970075e-01 1.178142364590845093e-01 6.499308738506646144e-01 2.229753423886547958e-01 3.083171366660443224e-01 4.552399483650686474e-01 6.276762051724139591e-01 1.668242630923278957e-01
5.026842047552213533e-01 2.177190284709233925e-01 3.257047864462823128e-01 2.806707167456190533e-01 2.307396960679213294e-01 9.956495568353614933e-01 6.820968620013607708e-01 7.072081052503658150e-01 3.861433989002405198e-03 6.373147979808710950e-01 7.483552593041324918e-01 9.285014660436846645e-01 4.862287852836085777e-01 9.352533786908706626e-01 3.564981674214177110e-01 7.733800019633585432e-02 9.368288277003933295e-01 1.571400556567836837e-01 1.913312450225131967e-01 6.030882191010586979e-01
6.618880239085899175e-01 2.876199643658483573e-03 6.445142998146066171e-01 9.967518349221556884e-01 9.280414966475708516e-01 1.309627238895417767e-01 3.275352594449162380e-01 5.101530580854859442e-01 9.784191100057828550e-01 4.889669158031231255e-01 1.803227063480700165e-01 4.010808123460339880e-01 4.459819512488905069e-02 4.613385940446439459e-01 7.791901900205798759e-01 3.062342751540434449e-01 5.545755039953581544e-03 2.798685219981057459e-01 6.841727333919631615e-01 3.128319966907683325e-01
1.482961300386866910e-01 9.885191613670062383e-01 1.883066906410678643e-01 8.057101364692482726e-01 2.443072745070384855e-01 2.305594643419187628e-01 7.327262184354199626e-03 5.404285993298379998e-01 9.949598206462846317e-01 2.839643655230414954e-01 2.486624967543431541e-01 9.718445076004708083e-01 6.472497346782712935e-01 7.867065986002053091e-01 9.467031905045835138e-01 7.384011868173204762e-01 6.800272358230826653e-01 5.875712319702093289e-01 6.030840281529803448e-01 7.041168978394864997e-01
4.523265836873364698e-01 6.758005327963216846e-01 6.356321854839398489e-01 6.304833215877784225e-01 3.545390184227847907e-01 9.302638194127700322e-01 2.493159237945729023e-01 2.816835953776853918e-01 6.868205374523743689e-01 9.696603938355398133e-01 1.821537005805802245e-01 1.532752918280991805e-01 3.145842853118564486e-01 1.649244572644541496e-01 4.379932332606806256e-03 7.833157004593499506e-01 8.867114205908805946e-01 1.034975255371426428e-01 2.517234639533683094e-03 3.946117268312043791e-01
2.816099996859278143e-03 5.983634154995024490e-01 3.636333989258873078e-01 5.335716497663686164e-01 4.599742782924677309e-01 7.245272958833126609e-02 7.875469191155139992e-01 7.284951029805347700e-01 3.340458802934751503e-01 6.375798858741463793e-01 6.022615415751541024e-01 9.153842177038798988e-01 2.202438582016374991e-01 6.838831860848689770e-01 1.373326447497630332e-01 4.099738124766658665e-01 7.308268971583717910e-01 5.340625896055707367e-01 7.849078290773955358e-01 5.992155958057835408e-01
9.230321804398566865e-01 1.810757961107292147e-01 4.548242434340293849e-01 4.485330437930117320e-01 1.647326467204835998e-01 8.080977315976382025e-01 3.973526245430761827e-01 1.848589888854004215e-01 7.093191584809670491e-01 2.613812327742892627e-01 3.177960301415758693e-01 3.188568096050378164e-01 8.555273260988816020e-01 7.650939545108043083e-01 5.621602422373248586e-01 8.860775383786996251e-01 1.206760338012987654e-01 9.324993873820948131e-01 5.041132934196632664e-01 6.375461680771833395e-01
3.885690951887943445e-02 3.819753270500592102e-01 5.868192837988571720e-01 6.850326053427721051e-01 3.966226731771423930e-01 8.662380071482100874e-01 2.502843697054119021e-01 3.832740946598599541e-01 7.640956833867741382e-01 8.267262765289209447e-01 7.787995021384322980e-01 5.732867927991438517e-01 9.408655998550107258e-01 4.697386401916792131e-02 6.960098686210280938e-01 6.059713588313244692e-01 6.047668179661689347e-01 4.463407223635624810e-01 6.029028272707651626e-01 7.349754283212596162e-01
8.990742462776899480e-01 4.252725012116740366e-01 4.783296585036623805e-01 7.578824162188774194e-01 5.053558314280719443e-01 4.798442947640270129e-01 7.944433677823737883e-01 5.912282019465990857e-01 5.880703445016659536e-01 4.181402993874520080e-01 5.253156268819118013e-01 3.969246346981207818e-01 1.809440749645551128e-01 5.291472056753555586e-01 8.563912578345064253e-01 7.603901694547470225e-01 8.679116898942029756e-02 4.017275977224081807e-01 6.880677278099578409e-01 1.923011066913610234e-01
7.959136118702314633e-02 7.559080908154985901e-01 8.771048153603125952e-01 4.398919525827036381e-01 7.605970261246139952e-01 5.139388846627577223e-01 9.300953913896662373e-01 7.491785806084032551e-01 4.469212700837731367e-01 6.709753195499393863e-01 7.848473013049379610e-01 5.382108896755128935e-01 1.772876918969048532e-01 1.724745039456119233e-01 6.529290220286084745e-01 5.322995219884870677e-01 6.412084038119393314e-01 5.042085993016767187e-01 9.051708933546693814e-01 8.539171591459413513e-01
6.189962105656459102e-01 4.989511723530654086e-01 8.772822417293929531e-01 6.759892028661745877e-01 1.679901326340205170e-02 3.821889685940432768e-01 2.317975427640023289e-01 8.337526354640711901e-01 2.030054619412779982e-02 7.306453084942263754e-01 1.092814354581204128e-01 3.095171475568779806e-01 5.329088747770021062e-01 8.680534475482093448e-02 1.498597908466560158e-01 4.306458988663997012e-01 9.097519024383585728e-01 6.999545217595636304e-01 4.971338843273649388e-01 7.466656480663184103e-01
2.518763142440771929e-02 8.611638601401472304e-01 2.935578439853547827e-01 8.023492223161446946e-01 8.353606275423408611e-01 6.544011459858466440e-01 1.443549391173374330e-01 8.558023062865540709e-01 1.285397061108778383e-01 1.381816625633688345e-01 5.188626771710452834e-01 5.766026288800712996e-01 1.566319177746470226e-01 7.093033697394646175e-01 3.667139609715368564e-01 9.828010361686329022e-01 7.462642277620213926e-01 6.350386462081797356e-01 6.182860269678678300e-01 8.441345141367079252e-01
2.433578852927681391e-01 6.083263942598619023e-01 5.141981933535831883e-01 2.536144324615748902e-01 9.816160875107456940e-01 3.384151995785839029e-01 9.133715268063701265e-01 2.961249142724069472e-01 9.377903690594291408e-01 5.986814994551187263e-01 4.895900784366312708e-01 8.463177793126795967e-01 2.182545879866703009e-01 2.020082334440209682e-01 6.173901307520661685e-01 4.912275071594646159e-01 8.762274982055998640e-01 4.439768216155497438e-01 9.151070144252336780e-01 7.598718769989359911e-01
4.240966659113282189e-01 2.489531808742734276e-01 2.373091394626243300e-01 8.705641636267759109e-01 2.393406945469249703e-01 7.936036802169162963e-01 7.274608190080308345e-01 1.345769799314425752e-01 3.086022222787946356e-01 1.930345297548338168e-01 7.149983743473986575e-01 5.246704239351663857e-01 7.494685037030401897e-02 3.809799481053205428e-01 6.396472255110720040e-01 6.375544823164477348e-01 9.431390731877340450e-01 5.158966225973155018e-01 9.310314383718013564e-01 8.281439012160217716e-01
1.616088182932862161e-01 1.165603947485985836e-01 5.211782049302581266e-01 4.351777075592537791e-01 6.101827977435416717e-01 9.765103227531384267e-01 9.492059870013895839e-01 9.227564476689931183e-02 6.352246268312468080e-01 4.215168606721875211e-01 5.595631753322882762e-02 2.334075364073127101e-01 8.718138464212071836e-01 8.768399333431339260e-01 4.852007544378872383e-01 6.994215586509415772e-01 9.726185055847419436e-01 2.280419928392738438e-01 9.057098061479593731e-01 4.926507402126705237e-01
3.450181998652465110e-01 4.012881178515828040e-01 6.030281222824086518e-01 3.084692335129148866e-01 7.520686509525269514e-01 1.929533187673668770e-01 7.767067595719756579e-02 1.343801943950766464e-01 6.550840829502848628e-01 7.246648184920153613e-01 8.480866610472470590e-01 8.566688651067251303e-01 1.776156371422042968e-01 3.052542384502126005e-01 3.354333179646231677e-01 9.244204608384934962e-01 3.254582231192894026e-01 9.043656236442655372e-01 4.529973983281735395e-01 1.267846887371205655e-01
3.902272234484904789e-02 5.726763951050460877e-01 1.169081656422814586e-01 7.058656260523880066e-01 8.519682525896365988e-02 5.253618605120092822e-01 1.213214729372973366e-01 7.587141140594427791e-01 4.787793853462464222e-01 4.101765080040049583e-01 3.047809880033889307e-01 2.655430065261307204e-01 3.401401741956996405e-01 6.774484195122614238e-01 6.796039170938282803e-01 4.096756888543627850e-01 7.026979417980312448e-01 2.200516896073532180e-01 3.278592603523868831e-01 7.759518022830753647e-01
7.894801825454653699e-01 7.983022551238549980e-02 8.845301928642935740e-01 3.496614305593415128e-01 4.445258029989578308e-01 3.307693323941476304e-01 6.953155983213937796e-01 6.476928477657106775e-01 7.603259987049657553e-01 3.475552516786372115e-01 2.543000274659727999e-01 1.343232601278024907e-01 4.864314335404914535e-01 6.194409878851442341e-01 9.407590218167668494e-01 4.120721970424631175e-01 5.597523632948100403e-01 2.985307802298478030e-01 3.419794137113382204e-01 2.549699825926092789e-01
9.184329933861477002e-01 4.508330075980621077e-01 4.676563687761048360e-02 1.361135809670237506e-01 1.116488455474213826e-01 7.634968444142108401e-01 2.513527277061284870e-01 2.014089660435501861e-01 2.779905634456738550e-01 6.006324070833901629e-03 8.345475219972795511e-01 1.988910601872468931e-01 1.317889799232891956e-01 8.186094415201560226e-01 3.451307366423665979e-01 9.349498364358255209e-02 9.860732817536751460e-01 8.598703204457025517e-01 3.353558579072923873e-01 2.501014511514114691e-01
4.801259147965448726e-01 3.255484100136452064e-02 6.788830207416866047e-01 1.237588218637732940e-01 6.035621453305486384e-01 5.580164684156746491e-01 2.123477027780196202e-01 6.753814917170902765e-01 8.945574878367350546e-01 7.334563396910120936e-02 9.288323115686464293e-01 3.055097085242646227e-01 4.400829204866268940e-01 6.337580904533607340e-01 6.098081333332771026e-01 7.796546880157511072e-01 5.282433828902884931e-01 6.152327599597275931e-01 4.359013116652946662e-01 9.077493133987857288e-01
8.707790854241562739e-01 3.403530325648245203e-01 1.705469799545338283e-01 6.656911295810309381e-01 3.659830148143591311e-01 8.995877304037186439e-01 9.972495232799567511e-01 8.687926912462426987e-01 1.404735715907371452e-01 7.033704007850392070e-01 6.796043082992064832e-01 7.473715045630622278e-01 9.075359465073918885e-01 9.527568993828254840e-01 8.684243240292144339e-02 8.809589236941306467e-03 1.424839640977781929e-02 9.239528933085572326e-02 3.547898726669390657e-01 6.687710068220845683e-01
4.082661656725724564e-01 2.494740850598866633e-01 5.849505973990332119e-01 1.595508238960847702e-01 4.525320075233730810e-01 2.646332995586346826e-01 4.036650306747204819e-01 7.365343931234503705e-01 3.420774739028709099e-01 7.618961046330126052e-01 8.457556396433820733e-01 8.684277692412855076e-01 8.623272477698905591e-01 6.141300535206599687e-01 5.952198362040497237e-01 7.339418594687895370e-01 7.254759099056049543e-01 3.521492981780901532e-01 2.200100552971964163e-01 3.764401996257948912e-02
3.386482677396621677e-01 1.254430308691555362e-01 6.474188902359006015e-01 4.213691912309946996e-02 4.400760756925564676e-01 5.813432521256727270e-01 1.251683925524554875e-01 2.411992736489467770e-01 8.944491239804486238e-01 9.774001168302279829e-01 3.132059783100915595e-01 1.098464359667161716e-02 6.606563492727558495e-01 8.852312253190564029e-01 3.973008396575159473e-01 8.518392613666089241e-01 7.334058502601964458e-01 7.613767905800047364e-01 7.577832131433173135e-01 7.921339264887740095e-01
7.335521737738213144e-01 6.293252088851355452e-01 4.174119480387725734e-01 6.798709000024691917e-01 7.378941194344462717e-01 7.818836591580405893e-01 4.607083561522644644e-01 8.091058298329978360e-02 2.278174560505211721e-01 1.017766463710321201e-01 3.145811046713132830e-01 4.872291531207499915e-01 2.186214673124932117e-01 8.688642421699446228e-01 3.143575659517627852e-02 9.298729469895855582e-01 9.754071157974173456e-01 3.247581920832087743e-01 3.670298978713493199e-01 5.545688409694471410e-02
7.461824720866190308e-01 7.960783270762972208e-01 7.237518485631354581e-01 5.093635546523702651e-01 3.391555527125783565e-01 8.742022042468589049e-02 7.414150687475175028e-01 2.328129614418192883e-01 3.725318856481640850e-02 6.321329081924805804e-01 3.826680563954165670e-01 6.479202377791006828e-01 7.016535106350618722e-02 7.813032717653272119e-01 7.815019170775994173e-02 8.604137317471083346e-02 9.898094638888790264e-01 2.188795213230075865e-01 5.502791916406555295e-01 8.097874894345109542e-01
6.219024733608331523e-01 2.099694322458426354e-01 6.534012909675334102e-01 4.344406235876062672e-01 8.720251365576531244e-01 5.153811230709832714e-01 2.715086540376363544e-01 4.469059606900077641e-01 6.282825357930339472e-01 7.612272921797391678e-01 5.849587308727932644e-02 5.477356710945996410e-01 8.881686549273285491e-01 8.516657283097271991e-01 4.670031942870275232e-01 4.318469962760463909e-01 8.340007463465453075e-01 3.418171990264252669e-01 4.313453293386452225e-01 8.937789581683327489e-01
7.867511478616251441e-01 6.878176606647695701e-01 1.822809775415011879e-01 7.088442171216855492e-01 9.682936064738698612e-01 9.644766531229896911e-01 9.133320057271127057e-01 1.351885946902925406e-01 4.434769804709688401e-01 8.525732182056011688e-01 4.486885669074536231e-01 9.864704253994558414e-01 8.389955233219836828e-01 4.361533654822388195e-01 7.879891320415847167e-01 2.407526613064064902e-01 5.837730016743585271e-01 4.332532656790346604e-01 3.518937497566476669e-01 3.746326787966569594e-02
3.317557367564414328e-01 7.537656984115556069e-01 3.781553167014402028e-01 9.615149407025433970e-01 4.121978934017435092e-01 3.674191592021803787e-01 2.795639563376816072e-01 6.093272343002325009e-01 4.287097472615575278e-03 4.864999259825261158e-01 8.482620611155773371e-01 4.821821399255216134e-01 4.048759793595324563e-01 5.952052480444747218e-02 7.374969110535841699e-01 6.149330693573155093e-01 3.335743834124893503e-02 8.421947586508905514e-01 1.696150273957057752e-01 9.198445668949661869e-01
2.234677080241949110e-01 9.836567548823921259e-01 1.538211178457291606e-01 3.936479700884042421e-01 7.344744721169672586e-01 7.866365872539007320e-01 8.082871053499596226e-02 3.907307921114433480e-01 2.622965710625535518e-01 6.374094681840074550e-01 2.329783909026653665e-01 7.704464849116722247e-01 5.057490348186837181e-01 3.538419983468080732e-01 1.074993921370221983e-01 9.595475776391623191e-01 3.863617689788637621e-01 7.594506833741792029e-01 7.475022652240608245e-01 8.205410545310912740e-01
5.709115836770145558e-01 3.738550200253751843e-01 1.657353974508825045e-01 3.876531756579260080e-02 4.147535634753044542e-01 6.683821742950742939e-01 4.475694997582728707e-01 4.777876167257146811e-01 4.815223782315591894e-02 7.788678470196106485e-01 1.421863903523281625e-01 7.381295200711744942e-01 1.740454528003806400e-01 9.707520716116050385e-01 1.954677705276126609e-01 8.839272452461173213e-01 1.782623995420842267e-01 4.211837751743174874e-02 3.574804230915826775e-01 3.112390586923711178e-01
1.411162552289723093e-01 5.809251212782617912e-02 1.707130920768529236e-01 3.187093273333430066e-02 5.384892759364564574e-01 9.517649053669035020e-01 2.462121079546722990e-01 7.994901141851532556e-01 6.375774411283385845e-01 8.770588641012239117e-01 1.864852916356418699e-01 1.468865878362488608e-01 2.554625102658797386e-01 2.015572377391251502e-01 7.915001995299986159e-01 5.142675839066920274e-01 8.078559024360519869e-01 1.032036478080136099e-01 1.824885612211267771e-01 7.115872128056978108e-01
6.962830898288974169e-01 2.505298675555073240e-01 6.523974001759432761e-01 1.689961558852814960e-01 3.900964380680616017e-01 1.066170647052923082e-01 4.162389458311351875e-01 7.649194561575010098e-01 6.552556045746510405e-01 3.787223153989831559e-01 7.424393299015991099e-01 1.084559055379046288e-01 6.355405162580031186e-01 3.852580153256263129e-01 8.682583887982092685e-01 6.973151084426587598e-01 6.356819908078430448e-01 4.457518965285884871e-01 7.808201113046531194e-02 6.289855610703855016e-01
9.121327738319721101e-01 6.219085071319532254e-01 2.963936964708463462e-01 7.641589911495494380e-02 2.491103635803231242e-01 1.600160410217699170e-01 7.854927872862467186e-01 8.686206158203055860e-01 9.521462791346466670e-01 5.221938583411874779e-01 9.190101883586428988e-01 3.382334767036638823e-01 9.554417444978324792e-02 8.690680576508762467e-01 6.363875257940345698e-01 9.886149853773175122e-01 6.308424340191034485e-01 6.336016364980007198e-01 5.795286277136235675e-02 1.141862377555580288e-02
2.384762127820474475e-01 9.265904019467704478e-01 8.247983790383273117e-03 4.707706798517674596e-01 7.452244187422014665e-01 2.980682947799675464e-01 7.360948932073868578e-01 5.298932507637243994e-01 4.396466323198503501e-01 5.204797074218975306e-01 7.916003291618319837e-01 7.939881907220582846e-01 9.290446853240388325e-01 8.320055844687609392e-01 2.413891617070681450e-01 1.877945394240807531e-01 1.733898776337989833e-01 9.252152451254462839e-01 8.007331902560338444e-01 2.491365682417492344e-01
9.457553237715862204e-01 7.686506292544507124e-01 6.249090429284991366e-01 8.846616193636025471e-02 3.632063152104947346e-02 7.299674285504866855e-01 6.090486523387249607e-01 6.886015793121735840e-01 8.297553559428506587e-01 4.720133740859845384e-01 9.392274928324283456e-01 2.526279165756768474e-01 8.382593211425434232e-01 7.004091852596631140e-01 7.003937686456780387e-01 9.908003710610439052e-01 5.247922132416603658e-01 7.162761158372650261e-01 1.632829136588952457e-01 2.278987771712336352e-01
1.805731483915495872e-03 8.187089106506639791e-01 5.657329236922914451e-02 3.400887143350181940e-01 3.122488139775669858e-01 3.696332830436023231e-01 2.242080526838616805e-01 2.704572060405764367e-01 8.611388803368758005e-02 3.804078689068415287e-01 2.549595294087414477e-01 4.281189042868398520e-01 2.345433965456905634e-01 5.018596556671850450e-02 2.714026246198054659e-01 2.956320767242625047e-01 3.088892529433721057e-01 8.373945602150911771e-01 8.106932504687188734e-01 1.461022313778390647e-01
4.011982876831705624e-01 9.177352473836188906e-01 8.930045753875408554e-01 1.050133538062163474e-01 7.319656445756099750e-01 5.375114283118636038e-01 4.254115310762864866e-01 5.282886796056960321e-01 5.950311530458868292e-01 9.974312155970542770e-01 9.441723997888739062e-01 2.829727426956419878e-01 1.901724120826900899e-01 2.707524524369253616e-02 7.853148373749805344e-01 5.182566977310296696e-01 7.489010100312943896e-01 3.589529215446626287e-01 8.875073381814427842e-01 7.908569308156631061e-01
1.882918370191299928e-02 5.316292716942325747e-01 2.940829022459462427e-01 5.973581763731024008e-01 5.257891162572725374e-01 1.515043554516893876e-01 7.126905312768698764e-01 4.440057222902160650e-02 2.571778001808073810e-01 3.002440886993404945e-01 9.488933719613686923e-01 2.486093073931597841e-01 6.732377843765454672e-01 8.554524593767233176e-01 2.050029078495594348e-01 7.159713168318390109e-01 4.570245626344369150e-01 4.001835419335593169e-01 4.044994126710349525e-01 5.138105637544051474e-01
7.585269640809032543e-01 1.238848138302870439e-01 6.165360504285172238e-01 7.955913368417668607e-01 2.749544507688144179e-01 7.174397372532472783e-01 3.008533935091710632e-01 9.135745365692056197e-01 6.829532392600479174e-02 4.440716633388547274e-01 2.324671220507157354e-02 4.255103652999092656e-01 4.874712316460727557e-01 1.952178348332177515e-01 8.965553238855867857e-01 3.598346595553219007e-01 7.345983159017144271e-01 4.576529363761718816e-01 6.024448541408906621e-01 4.935647175305307721e-01
8.793648425186084694e-01 2.470862649019229806e-01 6.275080773354099195e-01 3.094272797008403852e-01 8.728432323463131137e-01 3.966909454472707930e-01 5.945205502264561126e-02 7.526612977659488113e-01 2.426266038392321800e-02 5.278827532847163440e-01 2.981743178874490807e-01 2.935684351638752076e-01 9.924318905898007470e-01 5.061768054255870730e-01 4.186251270925156476e-01 6.099267077874352960e-01 5.974783305599936645e-01 1.569120576783257226e-01 2.378869663082585628e-01 9.404249875450282348e-01
2.626772179849732325e-01 4.773298359809104996e-01 8.778348183417143957e-01 3.125133450543651215e-01 8.263298884131726751e-01 5.586353226199136657e-02 5.524650183414251403e-01 4.531274654864261286e-01 1.397120832765179621e-01 4.638023372115152032e-02 7.933146969875339849e-01 7.489809995884312288e-01 7.185480337264527062e-01 6.425511777798208479e-01 8.723511927694767021e-01 4.526103853370793129e-01 2.965622683618196476e-02 2.538693180695905660e-01 2.265398444833306435e-01 1.745816148238086285e-01
6.526873161752094754e-01 6.498528118405300091e-01 1.049708858173292736e-02 7.385071914766120349e-01 6.161038543988126559e-01 1.111516250484563262e-01 5.923975892880445349e-01 5.212361820408026869e-01 5.208517288843533821e-01 2.180597441987535134e-01 1.990945674316018099e-01 3.414078168621829112e-01 1.221788651760283839e-01 7.670191622574775714e-01 5.400810481840341293e-01 5.332400135852606304e-01 7.894672289127137033e-01 7.985312961033419477e-02 6.469776551777443041e-01 7.999037954752473700e-01
8.306717448858315089e-01 1.733850850365341589e-01 3.841997919844146736e-01 3.372922700289848752e-02 3.261049662586510411e-01 4.218511386196371893e-01 9.494312535047556567e-01 1.866174251561399933e-01 3.515905910284468083e-01 8.865145527961055816e-01 3.613585088001383117e-01 6.097874767018105491e-01 2.632665012228422308e-01 5.439695000419589865e-01 8.523798649923963744e-02 1.635128090330775219e-01 3.602905877692915704e-01 3.587806707637755110e-01 8.819669591695807886e-01 5.457396109451595478e-01
9.274572212477807387e-01 6.357159885899564822e-01 5.899422833662490984e-01 6.643169362318398496e-01 7.305828954573483358e-01 2.920215254103571967e-01 7.244687485341056998e-01 6.137505887095291435e-01 9.565614872597026919e-01 1.673520695750365661e-01 2.201313743323670691e-01 9.866341558763572772e-01 6.948378001120568692e-01 4.062479331058788112e-01 8.481167572915392361e-01 8.408530817328317974e-01 4.957648644028469498e-01 6.957437231850903681e-01 2.494622301205728920e-02 3.058554836059672599e-01
1.395468733339049194e-01 8.662317047412597670e-01 2.866112855150791949e-01 4.016035897373316788e-01 3.833450737838028921e-02 9.951327165626369098e-01 8.479681511084640189e-01 7.250466927587033705e-01 6.533698711020433647e-01 2.215907875484871559e-01 5.540188378667192381e-01 7.523406261083772639e-01 5.309204383757238910e-01 3.380978224037511914e-02 3.088771822676037448e-01 7.652950349079122860e-01 3.311038858759228765e-01 2.099932277031177907e-01 2.849783266939015514e-01 1.960848903365222107e-01
8.634069813802125459e-01 4.492894388224575319e-01 8.754329911101763617e-01 4.285890928391082877e-01 9.406556681487854288e-02 2.046517608605967764e-01 5.069229543588893439e-01 1.749201275309641979e-02 7.631137581454955354e-01 5.475399304019126223e-01 4.720720166065456302e-01 6.993364356317344210e-01 6.916505448611662832e-01 2.868631351912176441e-03 3.392785040679793251e-01 6.865214366957622660e-01 5.367626974989578859e-01 6.264972748079480347e-01 7.887015368262336734e-01 4.155221892905961445e-01
1.671420962809094801e-01 4.462249686420662886e-01 2.520323571602606227e-01 7.851842965672118924e-01 4.931265228769898812e-01 7.562687946422872454e-01 7.009201738436137141e-01 3.158332872848317319e-01 3.272099031383921552e-01 3.613257884606113635e-01 3.388974075710785572e-01 1.614744681445454688e-01 6.847967250287645413e-02 6.551719308269009501e-01 9.594676181811954141e-01 4.766593754867929356e-01 1.930641169858279271e-01 7.706004205408064633e-01 1.192825365423305639e-01 9.907248338950636057e-01
9.848773962840463581e-01 8.326932899298290502e-01 5.290500383415600583e-01 2.658129075313661049e-01 7.290053458487499860e-01 4.122363293330917333e-01 8.674033996643141231e-01 2.851670440937580375e-01 7.023529824491935303e-01 2.349534137220836705e-01 3.372111838123248440e-02 2.101895530765524045e-01 4.146829321670263413e-01 3.454329537045606191e-01 2.897489507128049313e-01 7.400200378675177992e-01 8.412457065525563715e-01 7.263208631752997579e-01 3.881197572521358774e-01 2.217132259809715400e-01
4.331276896586048197e-01 3.924325315773783407e-01 1.025383908873036543e-01 2.441102869062946601e-01 3.812431581796767999e-01 5.545978217802907118e-01 7.783939512211796030e-01 3.349790761778727033e-01 6.415423112680707085e-02 9.236715542481320762e-01 5.836130539653262561e-01 6.492375200328507345e-01 2.864297482583396670e-01 6.862238423404327659e-01 9.042614338947047026e-01 3.558929785509706845e-01 7.681322726619871366e-01 9.412935975009226741e-01 6.224951523421961008e-01 6.413444617492503053e-02
3.108464649287051573e-01 8.476610550826827462e-01 3.785389925877189476e-01 9.247091580720345760e-01 2.745457226889702618e-02 9.257297338904497686e-01 5.391357328200963028e-01 3.056589792972191910e-01 4.251189457371612468e-01 6.010693924109640207e-01 3.434067471713774244e-01 6.969991155739112543e-01 2.549215820539130206e-02 9.633745312531235561e-01 3.808711034723003541e-01 1.264757934749322077e-01 7.598617665795964760e-01 5.778365117316108801e-02 6.821868149906459289e-01 6.284340825804211050e-01
4.073195889607647002e-01 7.786161733730434520e-02 7.598686632547393405e-01 6.392342515694168226e-01 4.358876041477020014e-01 4.656204828503850424e-01 6.276554124782919297e-01 2.503466813048357276e-01 5.936007533094245225e-01 3.182553661726604810e-01 4.627916741063244910e-01 9.026271688568116014e-01 5.151641555820462015e-01 6.735571115825358390e-01 7.380796307360913966e-01 4.429177543146664009e-01 2.035375345154689652e-01 6.683390099032722187e-01 2.092485259814158560e-02 3.769924962347717123e-01
6.317013943971070411e-01 9.974543124163236518e-01 4.155246191138454170e-01 7.740563480574845778e-01 4.791448618332654341e-01 4.872257250785724247e-01 3.223112121909113004e-01 5.381043118787215418e-01 2.054077491236108166e-01 7.026518576182665399e-01 1.416867244625805711e-01 1.164159394721197005e-01 6.461248179376640755e-01 1.151823459300219676e-01 7.885800952896578897e-01 1.241185528607846589e-01 8.019639119823658291e-01 3.069007288428734492e-01 1.087268665070170170e-01 9.830267243498521657e-01
4.199796366256381974e-01 9.449584170511556858e-01 5.206923720045939508e-01 5.836257000455590260e-01 1.809802319925984948e-01 2.831200810087628472e-01 8.081249499842602102e-02 8.621420375819518478e-01 9.643175668969228287e-01 7.858466220712446715e-01 1.711632750186107277e-01 6.460938055349105813e-01 9.099726695793706188e-01 7.548958762558394264e-01 9.988505336823527703e-01 3.924135375548486460e-01 2.330624126522197193e-01 4.972537639821303923e-01 3.370096678647627186e-02 5.345811450333213255e-01
6.612478907553659413e-01 1.039736145662070177e-01 4.913574907603600606e-01 5.423687005950005302e-01 2.830293001834732758e-01 2.797496674714103904e-01 4.795883777282319294e-01 3.623838091236629699e-01 9.752653820194144840e-01 1.289508475741972804e-01 5.560689016350872649e-03 1.653923549657406733e-01 3.896423644362052574e-01 4.744085151571192371e-01 5.532597244024242134e-01 4.808494095045818817e-01 2.277838869667817567e-01 6.765586187080028235e-01 4.550961627550857980e-01 3.860647963156842444e-01
3.013726112175620919e-01 4.091979240633996096e-01 1.571493909961318991e-01 5.740278958738090909e-01 9.056468851782549789e-01 1.389554672325946649e-01 8.427382562009266831e-02 6.667859854839787159e-01 5.612025355485188438e-01 2.886843693247329590e-01 5.152860078969208057e-01 8.700173839006893894e-01 9.127253008215761021e-01 2.874632806981950450e-01 2.161085570213973073e-01 8.372765951724571165e-01 4.464488828959364275e-01 3.587317359488606527e-01 6.527310586907797418e-02 2.358088220719256611e-03
7.448407668692101913e-01 9.083013544426365993e-02 6.453337264719438693e-02 7.086905954301705446e-01 2.451407803423018006e-01 2.528462682577392595e-01 8.791932751363281673e-01 6.123472973907325700e-01 4.262872796180783297e-02 2.233812138775034262e-01 4.466367480397830381e-01 7.153343294097993521e-01 4.611761821036827191e-01 5.976758837605438135e-01 3.618436927696045968e-01 4.654780164019653999e-01 9.503302169572686031e-01 4.965085131287994002e-01 1.225807942960455144e-01 8.067168664301339609e-01
6.736600038167468441e-01 7.070377401298147957e-01 7.598828584596253322e-01 4.281196570721992334e-01 3.237066770908189062e-01 2.194719992911058348e-01 9.862535412024766579e-01 4.418884579952699898e-01 8.723611400616974043e-01 4.323604556304889712e-01 4.118122657317553337e-01 1.740475901035001272e-01 3.104771121750812268e-01 1.726859167907188741e-01 3.388563187841967528e-01 5.705356638767775657e-01 4.958235939238017087e-01 1.602442551700014040e-01 9.156924505849995954e-01 2.117652215285363848e-01
7.946329451074920502e-01 9.404555385494257624e-01 2.767543282138733574e-01 5.143887321515605571e-03 6.440346750498393558e-02 4.239363253179639912e-02 8.753003826456474679e-01 1.082390140985385329e-01 5.559746262207782008e-01 6.221589235206421709e-01 1.834311901476736173e-01 7.029539302529789202e-01 9.033183798581158053e-01 8.033647548446007924e-01 4.804607125215524244e-01 1.761970591030023181e-01 6.632928367231749611e-02 8.825629856811203489e-01 2.910676151236302189e-02 2.180124514609783626e-01
9.385333089767368131e-01 3.768756526058203438e-02 6.027748764536139392e-01 3.539510501569608225e-01 7.594941790877143273e-01 1.181240348046996846e-01 5.792963681068979964e-01 2.988200547024099096e-01 8.035238489774497728e-01 8.774713696379381478e-01 5.515384578931533666e-01 5.692551368307522397e-01 9.506933197843232541e-01 7.536978753484515625e-01 9.493943989569629816e-01 3.295507807260349420e-01 9.069388373785569613e-03 6.771236901122190677e-01 2.643088101444460714e-01 7.098200051355610940e-01
4.122101622712871505e-01 5.331568362238660042e-01 2.256961947788029832e-01 7.453789920555791149e-01 1.364965124631489779e-01 4.561605283857254056e-01 2.792985343069820381e-02 4.512832850345774860e-01 7.404709978243090296e-01 6.708083784374081482e-01 9.569474991572431977e-01 4.111832722464144885e-01 3.241766106343410003e-01 8.638997919431589123e-01 8.257084052033815125e-01 2.224320904368924934e-01 2.202122440755316379e-01 5.246153365932594292e-01 1.384197517061290794e-01 8.599388096925274505e-01
1.478033936380594993e-01 3.560410630266930276e-02 1.441296647085711369e-01 2.288953243642877222e-01 3.006451174045199348e-02 9.254705489855513667e-01 6.018389969324218214e-01 1.168691985873804295e-01 4.735406077093250454e-01 2.887620294964470258e-01 9.607608990377841662e-01 7.904032448826375790e-01 4.905333374675503455e-01 6.132136012211962806e-01 7.103510335552162269e-01 3.618406440132128088e-01 5.100775303045672615e-01 9.683310708180159487e-02 6.289248496913157904e-02 3.181694770761734903e-01
9.579122270393881644e-01 4.993888302105249366e-01 5.545770344308207367e-01 5.978470686802648260e-01 7.256508461861529424e-01 8.109510593280354618e-01 6.701662689088117020e-02 8.876609324638331522e-01 1.583598372035747159e-01 9.062413641709153866e-01 5.413218348411752423e-01 8.388432880110708867e-01 7.909149201706231480e-01 1.821790685205767479e-01 4.305799802340842808e-01 1.259466778944340337e-02 1.585800813716851110e-01 5.915773925486552676e-01 4.816588370679076858e-01 2.878876905861549318e-01
9.023330986367632534e-01 9.651628533809064603e-01 8.347293324720861385e-01 9.832771306714090942e-01 6.781714356017322087e-01 7.530907910360777890e-01 1.203135176781855442e-01 1.950616103692935921e-01 7.321800033922157835e-01 5.518628060639052535e-02 8.596675688652930525e-01 2.484149020433599198e-01 3.338120300233524684e-01 1.012693166549556434e-01 9.307803582255282926e-01 6.250197048983135995e-01 6.086255195038683397e-01 9.566527005909177817e-01 4.511740806987406538e-01 2.024080516683104403e-01
3.604758884347487591e-01 4.457720026761635701e-01 7.668040399493825099e-01 2.687468781919436500e-01 2.229353882969999923e-01 9.237896101262345061e-01 4.133065343094343147e-01 8.175022094728688904e-01 5.357116007866459251e-01 2.908350832732681246e-01 7.746244051491750771e-01 2.321293191148849910e-01 8.666914125331657281e-01 3.349896028495790157e-01 9.043327750608840532e-01 7.538471759173611675e-01 9.800436792475357706e-01 3.549860045174436651e-01 8.230980741876070539e-01 2.241315952606512951e-01
2.926906333877090649e-01 4.712517888209089012e-02 8.629200706644426511e-01 5.245086072896251173e-01 3.460969658912441682e-01 9.219736139935589270e-01 6.739968550093361488e-01 5.865492668398599729e-01 9.419890552188528998e-01 3.790629510679954794e-02 1.233600128439165111e-01 2.522904909527379225e-02 5.681903561389811674e-02 7.112037177311891778e-01 3.057983719710516413e-01 8.209626338198782181e-01 3.074445707823394436e-01 6.956849302459987561e-01 5.311672070941324542e-01 2.343263945436201423e-01
2.742763348663773693e-01 1.394149950044262232e-01 6.660396431171193843e-01 5.155165781250440338e-01 5.506780572168086252e-01 1.723123126703983710e-01 8.453165170463189382e-01 1.967592210984644430e-01 1.067486021837971144e-01 3.485191534845311079e-01 2.382638847099848300e-01 7.176182376351439851e-01 3.225094976617393083e-01 9.154720018468618381e-01 1.087151447676790728e-01 8.382604193044314034e-01 4.993316589828443730e-01 4.131005941873799880e-01 5.095672498377862292e-01 3.308222331625925161e-01
4.504447151073205369e-01 1.194929068661743088e-02 7.570375620446446741e-01 4.095184100684124973e-01 1.590842104835554771e-01 5.563607484665580305e-01 5.764223214206354307e-01 3.948237759274474401e-01 4.915419849911302208e-01 7.911607068194014269e-01 1.811250520427585275e-01 1.347196379881943074e-02 7.622663934645934614e-01 2.016436747015561970e-01 8.562059736722515968e-02 6.039088204615457034e-01 7.563353918398585396e-02 2.121731545746559089e-01 6.499264210405962805e-01 7.245951450242368308e-01
5.862642380582039348e-02 4.214580110106064259e-01 8.550509130160618421e-01 1.656198706779264951e-01 6.501766296347737395e-01 9.470549566007768760e-02 4.985517112807462681e-01 3.555875027972509317e-01 4.375229639821157646e-01 7.073482058369445769e-01 4.678354634633937748e-01 3.353087131205795268e-01 4.133793592528595129e-01 9.632432375027599747e-01 5.774972504064779244e-02 2.528145380642845552e-01 1.089125262241561476e-01 4.289226207810111768e-01 1.269520237912064031e-01 3.942889985014983445e-01
5.975125062471097204e-01 1.677665512175685603e-01 4.675623689471986033e-02 2.043531506498111883e-01 9.686866382261418718e-01 4.898286241045792799e-01 7.397734169413756611e-01 2.586851940141836614e-01 2.368238274836383939e-01 5.019802872043752640e-01 5.318194306053939391e-01 9.854711024302995614e-01 1.233962581852375839e-01 5.709588492091756118e-01 4.617151463855169169e-01 9.912654849093234244e-01 6.381368283181053647e-01 7.772361761299458882e-01 9.567093034948824792e-01 4.857180226684163493e-01
1.451092523558881187e-01 2.055155087850421003e-01 9.754925630683011217e-01 3.347186104319062050e-01 6.009270179909705911e-01 5.804463372879163918e-01 9.538364644981415230e-01 2.091994074396438252e-01 9.911651939854762006e-01 7.985464147584291350e-01 3.231130527400432051e-01 1.586059247008635431e-01 6.497251323567686532e-01 5.456660364892444992e-01 7.964368189988699775e-01 4.172277656889080699e-01 9.992639157413953921e-01 8.679194829947086687e-01 3.391500716763425904e-01 6.947300432465184361e-01
2.637446120373180269e-01 9.935646004794369546e-01 6.057320612730320297e-01 9.999424495315668571e-01 3.322760942348065294e-01 1.774248676321027451e-01 9.023772112413075419e-02 6.720285248463454542e-01 2.796962307888852806e-01 3.604879125106705828e-01 7.041421993825651704e-01 6.284037639533409658e-01 7.666681616434357638e-01 6.169751682938636739e-01 7.381355678803590559e-01 2.786587312178856468e-02 3.287943904753412028e-01 2.589288316894506892e-01 7.528106136416541361e-01 2.519522012096047092e-01
1.121285074278814964e-01 8.585126704344807624e-01 3.235391850317973494e-01 4.655445457373722506e-01 2.911310177430654900e-01 6.538035016383126896e-01 4.767682623733362490e-01 7.402695130123264633e-01 7.825808949732050435e-01 7.845400035526842730e-01 9.850969609769223423e-01 6.155765177939360733e-01 3.447634051059969007e-01 5.153382853022403509e-02 6.538738687573266706e-01 9.923581102752008221e-01 3.495879860653398064e-01 8.354293069989284781e-01 8.769226670054179884e-01 9.373256690992081142e-01
9.867347306722951128e-01 8.695675641573386017e-02 8.542554278112390875e-01 3.586979659876952109e-01 2.480200686429705481e-01 2.335132564684785361e-01 5.351188585655954899e-01 7.997005922016875434e-02 7.071316364152765432e-01 9.807181153073275537e-01 3.147176097134658512e-01 4.332050648752376887e-01 7.324541239751904964e-01 7.837803624746962905e-01 9.786393758487289540e-01 2.939797942701626310e-01 5.358569893932817463e-01 8.466704924138184207e-01 5.505324873290775578e-01 1.473061967231892311e-02
9.780332480902907966e-01 1.317212900464995728e-01 5.634623130973828165e-01 8.873047524358689264e-01 8.518178744519699919e-01 5.259352983487362021e-01 4.482509521422903820e-01 9.346639465421620052e-01 8.489137919681356559e-01 6.456892434613192844e-01 3.482350439766350725e-01 3.423110691121349358e-01 4.831129723411472510e-01 9.965908263910434606e-01 3.960239344650871018e-01 2.804073473187477239e-01 4.806488819296346193e-01 4.474420277316484285e-01 7.621730238145492109e-01 9.987304774201900548e-01
4.365939334576462993e-01 1.220518825907197513e-01 1.379780327824842168e-02 6.595815613945044120e-01 3.472261079769822789e-01 2.686868620985616296e-01 5.447248203106007658e-01 2.091672812426357275e-01 4.245606891793096693e-03 7.353917738711880370e-01 8.719188300936341340e-01 9.772594801585915425e-01 1.122962815974970496e-02 2.424972157234652759e-01 4.092397745129717768e-01 5.811812496440115217e-01 8.102749711856057635e-01 9.682936937514731168e-01 9.687536416219288959e-02 2.646424207844685350e-01
8.556113776932795512e-01 7.744247625236339028e-01 7.084134843871399134e-01 2.110719004232970430e-01 7.441659771060075146e-01 7.558488700226063672e-01 2.058254394975778112e-02 5.780102303019405419e-01 5.185184436339209668e-01 1.089650674069514436e-01 3.613725629915366389e-01 4.413835521167475129e-01 4.872949035844849064e-01 2.906339982058137039e-02 4.998353783410642848e-01 4.910393369502952243e-01 5.599167043587981452e-01 2.869643950411054911e-01 3.835828812336532501e-01 3.604084150254568408e-01
8.405031170761523285e-02 8.339412748582799573e-01 7.828593506231691368e-01 6.003585224421330580e-01 3.317057412167454533e-01 3.642189202637210466e-01 2.538684551804677447e-01 4.279074098788584468e-01 2.730353839557840834e-01 7.442957663356519760e-01 7.006292861291109064e-01 1.281598777582810822e-01 5.762321835938689629e-01 2.830490923523155677e-01 8.887447678319521094e-01 2.394773016651760011e-01 2.595128948893343779e-01 4.506945108972250091e-01 7.347869736190764112e-01 8.960088406319171028e-01
3.072612522622710785e-01 5.589324420276778893e-01 9.714789381219373077e-01 3.773322289912458549e-01 7.390880910848006691e-01 8.912012775961863920e-02 7.310044885192013009e-01 9.376145444003114449e-03 9.887354679839464033e-01 8.396047762895785249e-01 8.218286803147929476e-01 8.622288015581671683e-01 4.810051263135790567e-01 4.762901229331287789e-01 7.308513887349928906e-01 6.106138803049069308e-01 3.466243946884187688e-01 3.911666961773418993e-02 7.326935373603582491e-01 6.749589488438912932e-01
4.703710762594187633e-01 5.497324098568864281e-01 3.383278257597484018e-01 1.224708847572261172e-01 9.756136066762863823e-01 8.324523828083629784e-02 9.600687728114660757e-01 7.763683977261459646e-01 5.293774894412641707e-01 3.337957691945356853e-01 7.219178769251481942e-01 1.495672530713253456e-01 6.999748669457221961e-01 9.067079556183132993e-03 1.794623751619042196e-01 3.117671196097571151e-02 5.062114797972404601e-01 5.599747464264164254e-01 3.085283726149875561e-01 7.013889685125351825e-01
7.363107808588115200e-01 3.351483390219818226e-01 9.802815120578678432e-04 9.281819837519502681e-01 6.018748581487012306e-01 6.927446301582232957e-01 5.910175920482155787e-01 2.446547920836522616e-01 8.267149468706702642e-01 3.085117113161437441e-01 9.248901249689961412e-01 4.603457111962270254e-01 9.751944008007651377e-02 4.598174420314257160e-01 6.654862146868286699e-01 3.895285673660101589e-01 5.004399745774034125e-01 9.038614833347332622e-01 6.320871168966788467e-01 1.058753934146803299e-01
2.333905584250128840e-02 9.345997477720098257e-01 7.558251981829432475e-01 9.180228689862303115e-01 4.741710577298222651e-01 8.929600043889773797e-01 3.574710532581938383e-01 4.241392440490412419e-01 5.933494402475418816e-01 8.545997968448748594e-02 4.790944167154557176e-01 9.017019888155412000e-01 9.068888383681789067e-01 2.453990259305501853e-01 7.424246149268772799e-01 4.440813580735867294e-01 6.553031032245920651e-01 7.235685699263612047e-01 7.462559581237447892e-01 1.379589022738907378e-01
5.575891833095132366e-01 2.304473840863852097e-01 2.279117600396014520e-01 2.324142161281086416e-01 4.217494148486289340e-02 9.863672329405002159e-01 5.176945579591804014e-01 3.363048287343586296e-01 8.633122801779981037e-01 1.360015098426304858e-01 9.745073883490735778e-01 5.051943249970258787e-02 3.876749316002107149e-01 2.923687005275960038e-01 9.256879824820130054e-01 8.885064064110607118e-01 6.298981418237581398e-01 1.845738427272395343e-01 4.915767643867501313e-01 8.378197296953149298e-02
