7.444123109314494391e-01 8.478975341800203402e-01 4.073349493848743563e-02 5.681206118246795445e-01 4.112835997747011918e-01 7.410842744004986216e-02 9.162086420814996579e-02 4.066717722500911014e-01 5.488269846927781304e-01 8.339142367775969067e-01 1.307964332418473097e-01 8.877195696253470381e-02 2.900744536850827782e-01 1.978792551382493325e-01 9.839068559019494842e-01 9.937970473271939831e-01 6.602066190695103920e-01 9.045450776785985969e-01 1.221475975573903527e-01 8.542518314112657052e-02
9.465423235291534620e-01 4.315388662099117756e-02 8.478614995215130179e-01 3.630761504843871279e-01 6.399647246554722724e-01 1.639394338362311077e-01 3.229332716954014249e-02 4.034682953616061107e-01 5.007045686694270303e-01 8.280460986584863292e-01 3.651318724805517890e-01 3.547131916987795730e-01 3.914759360846989944e-01 7.565304907678764845e-01 6.657112882292889333e-01 6.810022547026328699e-01 8.533026046309643009e-01 3.391107792733447646e-01 4.565630913439879812e-01 3.344794484199187234e-01
5.622284119435180250e-01 5.483539877318919231e-01 1.759277453695353710e-01 7.346013794033885436e-01 9.149449193496693722e-01 1.039081650789622779e-01 4.424017695046041920e-01 2.994912379809383518e-01 8.696636789847556059e-02 5.851837918909315039e-01 5.320033198436543431e-01 9.080497848913623438e-01 9.797989998465903572e-01 6.392851713716328765e-01 4.279731366464364362e-01 2.137585492014160149e-01 9.617869828552576550e-01 5.543154456512482398e-01 4.841237963911325659e-01 4.243447758833677197e-01
6.858128202753106528e-01 4.346547313059631046e-01 8.689267778201964498e-01 1.506261727998993161e-01 1.445388428465771424e-01 5.044115192102215373e-01 5.106434446135341698e-01 6.545485856007356995e-01 8.020512266431689685e-01 7.717264518009830931e-01 5.926759413378642760e-01 9.334767847721278100e-01 7.920729666118245804e-01 6.407000621206292434e-01 7.700882130503931000e-01 8.233260719691156693e-01 1.215448769844567067e-01 4.833479538343226078e-01 5.454801531663665548e-01 1.882057425217134039e-01
8.961217710614407528e-01 9.102093215817674832e-03 2.069375782865880975e-01 2.913050607399717551e-01 4.978681745884638854e-02 3.373322649135295226e-01 8.900919452975208923e-01 2.333197801291995166e-01 6.884084058955131091e-03 6.011779993452436299e-01 1.180175175016692224e-01 9.663447401492495370e-01 9.825669342332404854e-01 9.445890854777386769e-01 5.836526648662969663e-01 5.084174253466009485e-01 9.878290794232494898e-01 1.692097166849784173e-01 7.330303639325080889e-01 5.948088631268086957e-01
4.944878208244114504e-01 3.703192154555270399e-01 9.087974337752313669e-01 7.152637656272562428e-01 9.488786516779977864e-01 8.144046303457549429e-01 7.017337286776116345e-01 9.104801517623863916e-01 9.484307856456329899e-01 2.512163709505954579e-02 8.830278448404103031e-01 3.859806923322151029e-01 7.162809420331710530e-01 8.680567245529504650e-01 9.647345280160407599e-01 5.241889959661304443e-01 9.379271061263099174e-01 4.758562506916750312e-01 1.042357188325206963e-01 5.038038716388824056e-01
4.769285656268044127e-01 9.799555276650003810e-01 4.339373661973577878e-01 7.670823776872115474e-01 4.449683782455194914e-01 9.917743690906630771e-01 4.179843123802187144e-01 8.518323338405446865e-01 6.601843638952269444e-01 2.086049161488839898e-01 7.549472932447767182e-01 7.564496142466227147e-01 3.398740263316324395e-02 5.417016642688908812e-01 1.943039667253820824e-02 2.187890118811489648e-01 4.874285145979204703e-01 7.810294944485198787e-01 7.617211814611443144e-01 1.733467080713064767e-01
3.832554808213374242e-01 6.353814444212242396e-01 9.871325380872923994e-01 6.496924275027364803e-01 2.770819499077675774e-01 3.776934858055425170e-02 1.898298797533963800e-01 5.720149088608461607e-02 9.085948838968815888e-02 8.753196032022352302e-01 6.397130177270786699e-01 4.471742902140282139e-01 4.725523400627695825e-02 9.894986523633955144e-01 9.666631076952353352e-01 9.359305657862780903e-01 7.871761984607735796e-01 8.701640849825882373e-01 4.181958555181207737e-01 3.952229257529175088e-01
3.672371872306529061e-01 1.016257121717629719e-01 1.004325867809019446e-02 4.708109798702925231e-01 3.923883869397911672e-01 9.741542691788408481e-01 6.712492685080636567e-01 2.261365053278533432e-01 4.508685495105461127e-01 1.169702855136863784e-01 7.643337213169554278e-01 7.898913288149417289e-01 7.128356047383469507e-01 3.008045325496830902e-01 1.617521310402113555e-01 1.387112747739372987e-01 3.024577052202797045e-01 6.523727690525478184e-01 6.504151620272954348e-01 8.678049941962664438e-01
5.974566860622915199e-01 9.725065936906733821e-01 6.698817699799682890e-01 1.435767195792977402e-01 3.439200406629915330e-01 6.513509570155773254e-02 4.355874136097370730e-01 6.594103720514965516e-02 5.953690613742225191e-01 6.197780362976268442e-01 6.490052178190441889e-01 5.025219527829907218e-01 5.208905697965504622e-02 3.150015054544692550e-01 5.572612351169210498e-01 2.412741559430002791e-01 7.243685170289305697e-01 5.634032872828635963e-01 8.736189168175061415e-01 8.890854146548121673e-01
1.211324504297408566e-01 2.103428239903959440e-02 8.167441814589054827e-01 9.281155804114338270e-01 1.826588854976018972e-01 6.436122898707760109e-01 6.892254214078038510e-01 3.614930905738619193e-01 6.673926290146888762e-01 2.503706957699780578e-01 1.944857908911495903e-01 8.553351236689481496e-01 2.048159159425101405e-01 9.831888323113211481e-01 4.782564413289523975e-01 7.331205130792772806e-03 2.638431513808098261e-01 7.425074789139940457e-02 5.607884510692888735e-01 5.684603923491633459e-01
3.622463665047820358e-01 4.343331523938621652e-01 9.512670804066103436e-01 4.951343631809070889e-01 4.713215617665478252e-02 1.027964912147718568e-01 2.280583311939246016e-01 3.203135544064261708e-02 6.073186700910095936e-01 4.814915455294278557e-01 8.195149634892898716e-01 5.975922344805918440e-01 5.158552770067914572e-02 7.083615167834266257e-01 4.980840698177224635e-02 9.165173371240009637e-01 6.896672664301283229e-01 1.008486965797709134e-01 3.924856274163867065e-01 5.964859725561469928e-01
3.105712047794628727e-01 9.307608944255931771e-01 2.123999056849062983e-01 8.541919835027963481e-01 3.118686696134905789e-01 7.242731475602874891e-01 5.766418211052677378e-01 9.565013013126073549e-01 1.884044346147175641e-01 1.952051035024117143e-01 4.770019146029288448e-01 2.042103326980831968e-01 6.675401213440779191e-01 4.526249495379088827e-01 4.488763498146229880e-01 2.508989949141872122e-01 4.671969434364484641e-01 3.255185341712346636e-01 6.705876153990171229e-01 2.081583216700200190e-01
4.583253239552612657e-01 1.969547585814647173e-01 1.675301852470127972e-01 7.071560675945427477e-01 3.099932032528174286e-01 8.555853409629244899e-01 1.572179439090419795e-01 4.075887946216054658e-01 8.656900695371975152e-01 9.292651812774375131e-01 8.698804734653855508e-01 3.340843694282540355e-01 9.328407479404137170e-01 9.755990848526868708e-01 9.924285296484454122e-01 7.320780595665754564e-01 6.420960966183757446e-01 6.856946570918168726e-01 8.532990290331393668e-01 6.346465660275801834e-01
8.198236152902960150e-01 2.547400937258823550e-01 5.704958608433020606e-01 7.846774203268993553e-01 1.343626221672691301e-01 5.791404278608246470e-01 1.117106105962634155e-01 4.472381326733673168e-01 9.361812405694462935e-01 9.016029319624563332e-01 9.073378216329295309e-01 3.687392584297889409e-01 5.880835485165339938e-01 9.551128064460617795e-01 3.729873316915125470e-01 9.018998345735124156e-01 9.800378234465580984e-01 2.060765586888182455e-01 7.607942544272492391e-01 3.031369084950581438e-01
4.719121945220616787e-02 9.986656241121878441e-01 6.801993713302212363e-01 8.441729217530155038e-01 2.982255529653078385e-01 6.054817008649091559e-01 9.258058231390140502e-01 9.122847508390100613e-01 1.354208059073824799e-03 5.532194595496870981e-01 5.072988275590608609e-01 7.249186107347636021e-01 1.861365094713592905e-01 4.272589991337583104e-02 9.675840415018790441e-01 2.023590256892560113e-02 3.912675702200500982e-01 5.457151313197861064e-01 4.479090301161997578e-01 6.815845497501793471e-01
5.871938613408275165e-01 4.867246113815476560e-01 8.635325804267168781e-02 4.181690236626327550e-01 3.727535605534687546e-01 9.850435323256880871e-01 6.691002268789703056e-01 2.134256147036206475e-01 4.146434546724813153e-01 2.830507144015103060e-01 2.437953432850636926e-01 9.015495041449209657e-01 6.827721371636742420e-01 8.744446755525724368e-01 9.565792171966711610e-01 5.056651300757646350e-01 6.305755114322336707e-01 5.051169413113973938e-01 5.715426309140795302e-01 4.870217894865420671e-01
1.571010147018274683e-01 7.085683452707032259e-01 7.492235462171736859e-02 6.672240951223890049e-01 7.621571313503956446e-01 8.560983830163076957e-01 5.896545479372505838e-01 8.332319284550935290e-01 5.907092776372301346e-01 3.554682258476686840e-01 8.790596593743104092e-01 4.212757891455378711e-01 1.914021306479452011e-02 3.128961513362332747e-01 4.655190895330587608e-01 7.431115947450472881e-01 9.449680528178294736e-02 5.146262619945477512e-01 3.742623719499054147e-01 9.239536195356653492e-01
9.162980797477244810e-01 2.670576611857341520e-01 2.038186429122433863e-01 3.302408818796569445e-01 2.211799925403569178e-01 2.740106695766897360e-01 3.910768491775117317e-01 9.825132283324072846e-01 9.503743905376953460e-01 3.757395431265799779e-01 8.892501208131351476e-01 8.181282704898719116e-01 2.954156022139553528e-02 9.021687166299875438e-01 9.818040978903275207e-02 8.587787142011756858e-01 3.048204225724244765e-01 6.355025469167774332e-01 4.664059504340704043e-01 7.910206079992621042e-02
2.240973762147449033e-01 4.742634133963983256e-01 4.469924033840487754e-01 7.761294171769711481e-01 3.101796885168761619e-04 2.403023867661442381e-01 4.815877905456241725e-01 2.267335251646336314e-01 5.243182035740692193e-01 5.484913624821998734e-01 8.824364520322536265e-02 4.301634414130950379e-02 6.366112652656245041e-01 2.791514182688764611e-01 9.477483933963626317e-01 7.728782717503177579e-01 9.491320519367020259e-01 7.223227373910809934e-01 1.141783051075537792e-01 7.862518973422584212e-01
1.191927856986880752e-01 7.146016611663527085e-01 3.333833302557540623e-01 3.975709325307249520e-01 1.058534408998326182e-01 9.303890217217921643e-01 3.002771976241164209e-01 9.132446482885544503e-01 3.106255211910258218e-02 5.715672072505024737e-01 4.738274729687428355e-01 5.334221404163429492e-01 8.983436908706587953e-01 7.526466108710649916e-02 7.559133058263050042e-01 3.206968469841706693e-01 3.232721671381604267e-01 1.102698508332132787e-01 4.312570065968304167e-01 6.231905311521239721e-01
2.146263701294670589e-01 7.703959791586656447e-02 8.902602485309967228e-01 4.083735890551237757e-01 2.828138438595872994e-01 7.001853857116271396e-01 1.265475775975349881e-01 4.303782999029227563e-01 4.786080059325903413e-03 9.851399375786656920e-01 8.865841705874674128e-01 4.727719932732561414e-01 7.345321794296945095e-01 6.196872258859047466e-01 7.795262023538015450e-01 5.754055828763731117e-01 6.489548674360333669e-01 6.776987978466737506e-01 1.525321498628002814e-01 2.814251639211478029e-01
9.135623840035537180e-01 6.732402245439358390e-01 3.954649273939099263e-01 4.515781022868715633e-01 3.311867331696923822e-01 5.586002022129686884e-01 4.727366448660207388e-01 2.039418438964979430e-02 6.450014008994182646e-01 8.528246525526831379e-01 6.545896689329663287e-01 3.338744810322816781e-01 5.883320203829600636e-01 2.916080986316674784e-01 1.122812775850235978e-01 8.755271642643944752e-01 5.415445071462566817e-01 2.186985720704854863e-01 1.386828813349381129e-01 9.400206589424251469e-01
9.232630745795841198e-01 3.312004256090428367e-02 8.419955862351029552e-01 8.729399550758680792e-01 3.381105353829425564e-01 2.752818675228763112e-02 5.905607749499889314e-01 4.586922438022535964e-01 1.582162109861744437e-01 9.179921546587282988e-01 5.848037358486327664e-01 6.832251396744781768e-02 3.806848885152458450e-02 5.169857997239390990e-02 5.861873567667872376e-01 5.899716456574650714e-01 2.334584360370689504e-01 4.964378100515371983e-01 5.968904588298296066e-02 7.751725785224232723e-01
9.189267312972191348e-01 3.451384833272927999e-01 5.116758411993750366e-01 7.765522128618725928e-01 9.974150542469261138e-01 5.350024887095988779e-01 6.863138653607521178e-01 9.100364326856229535e-01 9.571261516029218042e-01 1.546767013114243028e-01 7.426464824804326348e-01 8.146878799827096396e-01 8.039190403504981042e-03 1.604496993182621400e-01 6.939395345533337922e-01 7.398140384671836323e-02 4.387274045127849131e-01 5.639452916025695650e-01 2.038208341561763559e-01 9.582544917709411303e-01
9.228853311106176571e-01 3.293026272859177483e-01 2.246446348557612493e-01 4.513033457845974095e-01 5.985141932509324691e-01 4.565901017331231992e-01 7.074334824500339014e-01 4.443112549095327157e-01 3.218269282424363054e-01 3.439185831248126046e-01 7.163645131818631162e-01 5.777498373105980356e-01 6.838520347490507634e-01 7.286341641130562596e-01 9.921260889509914138e-01 5.426377324442188677e-02 7.404928592402988397e-01 8.109697989716293520e-01 7.846260442576351579e-01 8.343642302878355732e-01
5.974311662442758353e-01 6.844184317651007543e-01 5.005310588759658286e-01 5.180650678996654435e-01 8.584513114687982727e-01 4.162656062773146814e-01 6.971934795508358818e-01 3.139218685790413632e-01 2.634868276367242634e-01 6.759220952224477275e-01 3.704194515862789805e-01 1.466260467504729714e-01 7.816489474705052842e-01 1.550542786680748630e-01 7.754461058856501054e-01 5.605210842041741248e-02 5.464556378670172299e-01 2.648532254339921455e-01 5.985190375299588306e-01 9.868437930159923432e-01
4.006482797487126435e-01 4.604727493675435657e-01 2.001823524365825557e-01 6.134888980863782981e-01 5.626652136616389077e-01 2.220680195137179069e-01 7.742726223717815159e-01 8.643086273270008668e-01 9.359194001342079350e-01 8.799431416026081143e-01 5.784734394812688363e-01 7.202751711107663324e-01 2.087895192789759324e-01 3.926052105281355731e-01 8.710988621230878470e-01 9.257961242481161923e-01 7.094614768317482056e-01 2.764133128672282558e-01 4.451985509683299425e-01 6.425421166044910093e-01
8.057961622612421770e-01 2.044637977308453314e-01 2.439237005841610184e-01 9.418843126131669630e-01 9.788778480294350048e-01 3.623944668933893887e-01 6.391795473172410258e-01 1.701218106343223013e-01 6.785495344023630970e-01 8.157175345304675806e-01 9.692998781165926836e-01 3.180577675574977059e-01 9.958159082225338521e-01 5.913746269970580061e-01 9.018652906588864315e-01 6.541410756498473589e-01 9.171088499495139157e-01 6.973860857261418023e-01 8.421130140260890684e-02 1.343796260491613159e-01
8.738866724276653786e-01 8.217025440858711782e-01 2.148404726204700133e-01 9.789014676852436647e-01 1.256799009313565030e-01 5.744382600323919563e-01 8.519361111052490276e-01 7.988755888738110489e-01 6.030851821199412210e-01 8.536683167444395481e-01 8.194119692456014459e-02 7.326222411327966144e-01 4.465166670905412749e-01 9.918525438208473100e-01 5.484579834776092122e-01 4.900217505543017493e-01 8.448721174729538763e-01 2.022954968082434357e-01 3.521588921731577670e-01 6.359757990247906223e-01
1.841843067930174493e-01 4.999100332425640003e-01 4.912311983708480545e-01 6.899628421288350744e-01 3.315775164571065359e-01 3.594048607652735594e-01 2.222573114314372322e-01 1.387330246222798769e-01 9.794894045913545844e-01 7.742464967489744998e-01 5.658704093087295606e-01 4.005744814296848810e-01 6.402433618973296658e-01 8.811616452794893695e-01 5.695955189639001492e-01 9.366839284179219183e-01 9.814864745650614397e-01 5.522123891672038321e-01 9.016654926153460092e-01 7.233011617346811750e-01
7.830776178190302916e-01 6.092968215898686424e-01 3.698436810089125171e-01 2.734493043147551150e-01 7.724274259174043200e-01 9.058082855368084774e-01 6.492434974367647937e-01 1.048660648601443812e-01 8.923343843595415992e-01 4.077226701414410348e-01 7.885810024478554503e-01 1.910487584516706860e-02 6.667058967318140184e-02 1.596569101986011763e-02 3.623776172145865004e-02 1.961043591167465072e-01 8.374060018871390954e-01 3.104566644979177559e-01 2.711818493631684701e-01 9.997752591951231116e-01
3.817417303455528099e-01 3.582945741338325885e-01 9.433457326338799964e-01 9.278933118315729756e-01 5.898755195862011025e-01 2.044024935427002365e-02 9.883056899926115912e-01 7.804498287888060881e-01 2.759615197618628946e-01 8.002481947932909012e-01 8.873967138772755892e-01 2.678778315795510290e-01 5.184588088568691244e-01 8.792071872030715607e-02 3.052789977882747197e-01 1.276285244543275965e-01 7.259255059734966986e-01 8.243468347168161348e-01 9.892740789012555158e-02 8.250212291962060185e-01
2.131578684416981506e-01 3.337592101594497596e-01 1.455343256778415251e-01 7.740472119035322063e-01 4.261574203517166648e-01 6.527237282815101516e-02 4.734170830688952947e-01 2.543440544071406961e-01 7.609673368029877816e-01 3.164361242915887384e-01 6.883801764058594674e-01 1.509508247409235837e-01 8.531503125469460658e-01 1.936541199703585292e-01 8.151517853265577429e-01 6.383139911292095015e-01 4.971367892443379066e-01 6.838423314138599718e-01 9.678324312186483702e-01 4.906145920997787568e-01
4.062982736175325682e-01 5.183482358087377895e-01 6.592350588752284857e-01 1.988462052430836069e-01 9.232661116938803980e-01 8.039955303931225483e-01 2.181867033285106450e-01 6.198000722036292043e-01 2.809566116285980852e-01 5.330806936416946362e-01 3.425296601672777053e-01 7.855583183250219870e-01 6.600271473836637481e-01 8.385590416431775163e-01 5.795703004349349596e-01 6.434547651154404191e-01 4.290436957915649829e-01 8.754769995573623564e-01 4.801493994801497855e-01 2.849264027221912743e-01
6.975110588621584728e-01 6.138107293354453375e-01 1.423998936433474860e-01 4.094804937396178124e-01 5.580997066710835508e-01 1.159741761423782602e-01 2.635335211370465336e-01 8.729430771252355559e-01 8.779770052621219678e-01 9.789872472453423624e-01 7.363514718744893495e-01 2.666129738073265143e-01 2.138882154704482286e-01 8.466579878931314029e-01 7.541842019381390649e-01 7.561850203820597027e-01 9.799718657390859011e-01 5.438347369389292529e-01 1.092742696076623998e-01 3.217253740449539379e-01
1.011081310943168221e-01 5.212812259783307089e-01 4.573170977729491549e-01 2.201131900953128273e-01 7.812764771788094365e-01 7.221760589654960816e-01 2.683087335534903861e-01 1.854654700245044197e-01 8.524922536016624752e-01 5.280158443814687574e-01 9.191076339627812786e-01 1.923572463807816657e-01 5.444290154215707389e-01 7.870875917575562708e-01 1.131867291861482494e-01 8.976972724996534758e-02 4.388573937722823892e-01 2.576402880021541053e-01 5.334882456586800270e-01 2.251224760142696013e-01
4.793147217563478169e-01 6.599607251113830397e-01 8.231480280292325924e-01 8.779109656461011602e-01 7.290329982185494995e-01 4.165130047904060939e-01 1.011956082826297454e-01 3.139275776614770530e-01 8.521341216545404995e-01 7.382895720278775942e-01 1.148406465533379217e-01 6.000075882505822022e-01 7.611710568887188888e-01 6.981524947932499225e-01 9.660863292946068048e-01 1.694911417632238848e-01 6.192055812913400681e-01 4.635859777302574480e-01 4.530890314633798654e-01 4.175957544102639751e-01
7.740915392636427139e-02 8.393855178981756149e-01 5.906083320975189510e-01 1.471467753262631906e-01 5.844435571086438186e-01 9.079009714282182397e-02 8.539848756556334131e-03 2.271314344922548134e-02 3.155763503991447783e-01 5.418039126509663905e-01 8.753276216347578575e-01 2.270133014192691201e-01 8.266597559830806130e-01 5.803169471497420240e-01 1.044712493987616231e-01 6.318868413272041851e-01 9.809697024627046513e-01 3.484603427612256166e-01 3.642241831406211050e-01 5.947577243176789263e-01
3.799059375372338954e-01 4.853149649085674033e-01 8.520309556094691761e-01 6.144612023869798767e-01 2.302531454822440704e-01 2.172745054677787113e-01 7.154158996793615888e-01 4.440038897056567402e-01 5.841347879126146392e-02 1.710264551501330388e-01 1.678795752704246302e-01 4.514659303253483191e-01 2.586075178087922088e-01 9.635248917265171187e-01 6.120600701156255763e-01 2.576301002200138690e-01 5.612329245523798305e-01 8.198692398085339894e-01 4.786049022088585403e-01 8.565213802386800745e-01
8.726607066531518742e-01 9.298106251979310066e-01 4.185027100175210402e-01 9.805765986744865437e-01 7.383148406333550628e-01 9.641789114740616506e-01 5.027593320142310640e-01 3.766012671226984798e-01 5.557882376309981609e-01 6.706862362820390500e-01 2.691028308640419642e-02 2.273196452855109628e-01 2.948781732298390024e-01 7.806546782568730691e-01 5.493787232497338024e-01 1.100507945104820529e-01 9.543937648136714413e-01 5.436342483676446236e-01 5.801029525038307044e-01 1.125295115943863999e-01
1.787515619777659825e-01 5.251835076538093894e-01 1.467401939209870276e-01 8.841459850030085610e-01 7.126180626184398514e-01 4.013930877380811335e-02 5.356541235966351122e-01 5.889419265757849242e-01 1.647785283736934447e-01 4.035546502151227122e-01 4.439494794977623116e-01 1.633164233173042268e-01 6.152862916628087930e-03 7.366727408938171795e-01 6.014615276709037728e-01 7.881735872746807869e-01 9.626363998202187577e-01 7.178945280657764716e-01 2.908212014707372006e-01 7.009188351658505178e-01
2.314821819840374717e-01 9.002172433912135618e-01 8.988944611945893781e-01 4.656694675372698988e-01 6.376507371880658637e-01 4.512316398820672703e-01 3.879199976259340987e-01 5.874085570276829094e-01 4.871669401777463104e-01 1.594322685845052101e-01 5.846161940821363867e-01 7.127127758638472921e-01 4.787542100683516155e-01 5.243091855296356796e-01 3.295934612365463146e-01 7.363915314384922306e-01 9.784720663751438341e-01 9.918769452248898943e-01 8.859878198323137832e-01 3.951725343490534170e-01
6.128865922600388316e-01 2.288565314145155627e-01 9.026881188555491153e-01 8.882197427424263214e-01 2.186832347496683315e-01 8.767699689201539082e-01 2.221129621882567129e-02 1.648181052797437207e-02 3.502278116376971173e-01 3.791895194667378455e-01 8.237759520289359427e-01 2.324367220161958070e-01 1.538504202029280510e-01 2.391895237321429724e-01 8.774047841376824142e-01 6.297169525413910396e-01 8.163310818247341283e-01 5.581480295920717705e-01 4.460261257435937932e-02 7.991430002484298800e-01
2.977161869212454626e-01 3.666634377036539494e-01 8.345383636740200117e-02 7.261221218885560713e-01 7.585492560945900076e-01 2.350632948665390964e-01 6.929054610800637892e-01 1.913474779897820222e-01 4.785205823392628677e-01 5.988241744059611404e-01 6.762743128499317802e-01 9.715137531771099733e-01 6.921172060326850062e-01 6.994506282198192926e-01 5.242454156339944049e-01 2.457747261001691497e-01 3.342399744030453146e-01 6.077972078599922501e-01 5.789649750449242793e-01 2.250549110260013919e-01
1.640429865559849265e-01 4.380916641387205823e-01 8.576602086574999229e-01 2.198162779594233784e-01 6.805907379153927073e-01 3.809188068019305762e-01 4.471000151490533980e-02 2.750254062895054474e-01 4.253189470861513666e-01 9.902563184428997412e-01 8.541060317052118211e-01 9.880359581128794755e-02 8.707807297659313495e-01 7.986328989118370858e-01 8.264732998858118629e-01 9.080368399143909919e-01 9.288902074425273714e-01 3.654027937358280687e-01 1.287011076724574599e-01 5.867077514307740271e-01
1.273687494829355282e-01 7.847247943871358267e-01 1.322220731949078631e-01 6.394021803808658255e-01 9.425201076965377123e-01 2.730434671183381568e-01 4.915557524245580678e-01 9.704163162295368350e-01 7.000789386605956732e-01 6.290715207074153437e-01 7.581565418693365643e-01 2.155118960033313158e-01 5.864744056224158175e-01 8.468946582569788495e-01 1.124009846064767393e-01 2.182430572285107839e-01 2.002313759679721361e-01 2.436307778613009400e-01 8.126951628690798346e-01 3.032404822370100561e-01
7.209532604196049466e-01 7.982122489844979407e-01 4.614549299037759011e-01 4.502237216181453894e-01 6.150602486293621496e-03 4.163075510722042960e-01 3.912597972089483234e-01 9.991559722744258742e-01 6.018873627154924799e-01 9.400300836520955050e-01 7.453290211865687409e-01 3.041654343411394068e-01 5.513008784651517447e-01 8.153094142364307739e-01 6.287777810373929022e-02 2.838718203927339534e-01 4.507464660359397080e-01 2.559324484344071005e-01 3.091825238133095732e-01 2.147573151594662777e-01
1.063874722529548622e-01 4.537152503058671238e-01 5.665667996712264731e-01 1.875967169275344348e-01 8.534388992438801669e-01 5.768376517058719788e-01 9.177905129145367269e-01 3.455536725485359728e-01 7.614236715552151757e-01 4.056030825971382869e-01 9.893895969937951396e-01 1.241061054797817365e-01 9.327126011140505213e-01 4.054213810990832112e-01 2.112488023229319722e-02 9.751723899073436730e-01 3.791509640356611754e-01 1.169585211888065635e-01 8.807023232251423028e-01 2.682579367691273475e-02
7.438794756615663140e-01 1.246515021906524634e-02 1.492910974175143402e-03 7.735805523769170300e-01 5.365185895510817815e-01 2.695751384218212365e-01 8.449251643748324492e-01 9.758860743779090852e-01 1.886319107192673261e-01 6.234888072285628136e-01 1.231660777187715272e-01 2.365955968272416277e-01 3.898672185834054504e-01 4.859055610817258897e-01 9.588711307379149673e-03 1.718331261228041029e-01 3.339448530122330894e-01 2.334444121938579197e-01 5.520824719636079347e-01 4.279578489499520355e-01
3.027667475275088727e-01 2.811571290071595008e-01 2.800060834965731882e-01 8.780672522016553794e-01 4.499690309932530274e-01 7.110834555841716309e-03 7.060103759276088464e-01 7.656966426981804963e-01 2.586566826002596464e-01 1.306283916145967172e-01 6.868909638351111679e-01 4.090951149676803622e-01 2.811954954940739659e-01 7.095097144539636025e-01 8.932849054412934642e-01 9.279005145915150132e-01 2.954547945837602274e-01 3.762256314794906187e-01 7.896002255122213098e-01 7.805051533413116527e-01
6.987089482233515003e-01 8.668329087436806857e-01 8.381658843719451690e-01 8.101183987919660101e-01 7.487244622710488295e-01 4.765885555215209068e-01 9.819067207103054917e-01 9.486725550376541305e-01 6.023394747197230448e-01 8.366996027491661048e-01 6.649515873911840957e-01 3.557074471806932481e-01 1.662335405643479147e-01 6.063727182226269496e-01 1.596589984756220382e-01 4.100018160357103980e-01 5.438979802227218441e-01 3.970102677201106101e-01 7.678208592859652182e-01 5.019402688426877202e-02
4.457278732999307991e-01 4.580244021803225873e-01 4.082499723981046769e-01 9.705735047515572367e-01 2.782219121161726427e-01 4.037339576947808206e-01 9.348422010885134581e-01 4.995879696819622851e-01 7.953174456557220440e-01 4.970451107464648466e-01 1.000645558369276378e-01 2.910062092426943803e-01 5.224972257764258776e-01 9.763477550316451703e-01 8.910156871212836505e-01 3.567908791352544240e-01 9.696121272060858054e-01 4.862043046066266694e-01 9.942894312972677673e-01 2.231195956852416451e-01
1.621289852644327567e-01 1.242258208657230911e-01 5.341350961941115916e-02 4.008361712778409913e-01 4.387531156724416848e-01 9.471616851127094838e-01 6.946994677377390515e-01 2.787820694435535485e-01 7.590474205623615189e-01 8.142076535795206293e-01 8.207604179881283768e-01 7.067132756485318135e-01 1.171648534246851892e-01 7.693990501280678629e-01 5.894785425956849956e-01 5.718142239182383291e-01 3.027259829741961727e-01 6.234875256148083578e-01 2.500651569849968725e-01 2.427385152795566992e-01
3.414458480100390769e-02 8.891436509609417227e-01 6.770626348109282100e-01 9.535369943551091909e-01 7.280426261431763857e-01 4.897651331035846045e-01 1.853433079585495857e-01 5.602562972664847374e-01 6.362337909983223350e-01 9.472309484118469625e-01 1.419531138077523291e-01 3.549079470500278166e-01 6.938977401739345741e-01 3.770835051672307703e-01 5.949082419713108694e-01 6.774872479130623626e-01 9.342748436746217688e-01 7.962674788200408971e-01 1.075918122682621991e-01 9.790099113524652896e-01
3.018148896054368979e-01 1.395914170422336564e-01 9.431778771026029240e-01 9.359693017521443226e-01 3.176580342215673536e-01 8.644596793014682756e-01 5.980484318629144536e-01 4.514928278655948590e-01 6.806472735740286550e-01 3.214605120673339478e-01 7.506671619105120818e-01 6.741198458598951504e-02 9.144525262267293453e-01 7.321435441058987692e-01 2.762065958030301971e-01 8.003748115689152121e-01 9.954152343091002830e-01 3.529763245444466069e-01 6.634278139310215705e-01 7.251336387031552810e-01
5.740252138696466666e-02 6.708811043934647111e-01 9.537082989054372906e-01 1.184087577271873970e-01 7.759514055584822989e-01 2.116349145955511712e-01 4.446106921786150412e-01 8.204563598729486262e-02 8.236195604562807082e-01 8.766906972560547517e-01 6.180481003651250305e-02 5.089402691545805713e-01 8.399023296518490778e-01 1.493676463248427844e-02 1.950426996845243677e-01 3.509573858906364086e-01 1.790797614367871660e-01 8.670361830726114327e-01 3.605558575013737554e-01 7.833430926207185507e-02
3.286467031197919386e-01 9.092524783784876607e-01 6.166763080011212761e-01 4.525501703840615342e-01 6.664033578671147984e-01 4.471805704185379815e-01 5.238458535847173581e-01 6.569077413788967368e-01 7.095830311137403257e-01 3.228427245814436963e-01 5.457662024884782914e-01 6.337945154856571284e-01 5.523879584847019020e-01 8.277593910954011980e-01 2.750399398340906965e-01 5.891962194344372294e-01 6.390874882201322826e-01 6.385375017386411001e-01 5.124471720368528604e-01 5.575264565155952923e-01
2.723872664380202480e-01 3.501200525863847890e-01 3.035010479047823839e-01 3.121383786232989621e-02 8.215343416319951242e-01 4.819589369535878243e-01 4.481479077814826129e-01 8.108031172527614405e-01 9.455679699512576919e-01 4.873015331511305614e-01 1.857950819416320787e-01 3.394242493671663086e-01 2.048921793173390515e-01 2.327218699929270995e-01 5.729038717799624925e-01 6.070181371887427568e-01 8.629212905582717141e-01 5.921386766939368274e-01 4.342486747264484581e-01 9.845716433572437865e-02
2.383495399018427108e-01 2.755037704182481395e-01 3.040450426689458308e-01 3.568824107951645841e-01 3.411938376174806775e-01 7.096908656159536255e-01 8.750836417960438096e-01 3.892673045099326323e-03 3.823639317052391906e-01 9.343083001395423581e-01 8.870681210413492446e-01 4.108777245920989252e-01 9.885497552782021025e-01 6.418465873248215825e-01 6.155899247028177035e-01 8.930071958982400693e-01 8.138743979900187053e-02 6.524737144833201441e-01 8.310810480831787306e-02 8.582647464893432554e-01
8.182239588861223156e-01 9.798496195854248247e-01 1.247810185736939470e-01 7.057665287958991840e-02 8.568666806585855111e-01 5.661361274410944278e-01 5.355910981509163227e-01 7.086996869182667913e-01 1.516367023640575740e-01 5.084181781329185634e-01 3.185323964978050704e-01 1.028908096016731832e-01 9.464265864189596034e-01 2.791196845786879654e-01 5.543308766178544067e-01 1.655365178076516619e-01 1.961305973801586999e-01 2.936469934223502332e-01 4.141521226741424755e-01 9.341340457233204830e-02
6.480374927741647806e-01 2.432654276530191728e-01 5.943677362073291892e-01 8.296844835542085406e-01 4.670458716431702406e-02 8.652624236498500654e-01 8.849330107652553234e-02 9.075613512805824623e-02 2.645839734282287026e-01 3.039181807351835074e-01 5.882993498244154518e-01 5.388662448988962295e-01 8.507485416110976972e-01 6.017668014923929221e-01 3.865939699307905375e-01 9.930081604010204677e-01 6.748540257525748043e-02 2.483629277839662919e-01 5.611668869987711528e-01 7.729634652093356761e-01
6.799829922474288635e-01 9.718401237649487712e-02 7.463410114949278196e-01 3.618371211143577293e-01 9.985744178149090766e-01 8.826742019174398379e-01 8.691003470670441988e-01 1.593330676154300907e-01 3.337125768944686488e-01 9.182885890401637496e-01 7.610099072399721942e-01 7.943142447308589871e-01 3.267716368011851502e-01 5.778691444847882108e-01 4.652953117994247378e-01 1.901138138994853399e-01 1.147780262691113773e-01 3.636757600157543013e-01 9.748643865658569441e-01 6.032408434463778502e-01
9.086222504172839498e-01 2.502158981933496618e-01 7.732404340272132082e-01 8.811347863762989396e-01 6.489869169169718566e-01 8.891359785805843519e-01 8.520621751639680941e-01 4.985646294091952146e-01 4.463455254181847298e-01 9.675258826004555779e-01 4.502487514274877700e-01 1.787324746521701258e-02 2.827880792947353727e-01 5.004468334948373176e-01 8.453313855501011220e-01 5.903368394354793214e-01 4.406005094356003626e-01 1.670381843558066404e-02 1.002533033514102501e-01 9.790789653864306885e-01
6.586413196287894678e-01 9.677063866462634056e-01 2.316986294982824601e-01 8.028127737103649686e-01 9.654966985698424375e-01 3.360026402915919919e-01 1.895632193919087882e-01 8.926480683089085266e-01 1.898331437888021167e-01 1.728079213996704944e-01 7.103035657956726645e-01 7.910362041419435331e-01 6.154001407563653991e-01 6.554517662789973720e-01 1.205784941548371236e-01 1.419144606599818115e-01 3.783230632515447445e-01 3.813252363196092398e-01 1.902194319909491504e-01 9.770367247089628560e-02
7.371832472463089037e-01 5.243558196608004707e-01 6.588677204955507571e-01 5.853350937515009456e-01 9.039443814822235579e-01 2.935713932274686133e-01 9.389842617122466928e-01 8.807723544040912955e-01 3.881786678274314895e-01 3.273926800274269411e-01 4.061847468021722030e-01 7.360149810149878569e-01 2.569733958013575847e-02 1.811161431512160469e-01 7.414088206879250187e-01 7.610377222992367185e-01 1.482313073398021652e-01 4.587658231941290632e-01 4.097060368191214330e-01 3.837474197425261302e-01
5.711045523809401558e-01 6.565543568308277456e-01 4.481784175511647206e-01 1.436923515700921916e-01 9.851855856451204874e-01 4.198059851679648569e-01 6.165939503945028211e-01 4.116631315150490744e-01 7.567317135756954638e-01 2.077227310582696607e-02 1.169488650427650267e-01 1.988190795382821507e-01 9.984175206807396341e-01 8.590595699597237678e-01 8.532076816305098621e-01 1.799105430042986509e-01 3.719910210920013283e-01 3.508650017219832051e-01 2.638204613041080782e-01 7.433637514976285665e-01
1.671908657625892358e-01 5.927557242476919619e-01 9.389341261378727488e-01 9.119759202627356620e-01 4.460304985508688480e-01 5.687955844845981046e-01 6.906403302140495803e-01 8.044494508454541615e-01 4.191367503426517427e-01 2.002483869627018631e-01 4.491686835626661489e-01 4.877560366844539974e-01 5.777563716199256572e-01 4.316045130222574411e-01 7.079293100457153542e-01 3.039350359204244789e-01 9.778431692419918830e-01 7.738293118594663511e-02 9.934722000332029124e-01 9.982820871759466863e-01
4.441767029393256516e-01 9.473465469852997423e-01 8.022779138640745433e-01 4.937129898779863968e-01 6.423172629792794908e-02 6.385878630075890738e-01 4.282279091704849217e-01 1.764798294825317138e-01 6.776792168021992246e-01 8.519908051178483044e-01 4.307859303926864225e-01 1.944811983571882452e-01 2.520915548417984597e-01 8.904153293406229519e-01 5.822883837816683616e-01 7.780369327716393224e-01 9.602421420361680893e-01 1.828421249867547838e-01 3.235016345556757100e-01 5.048728062391617533e-01
3.396806968233597734e-01 9.428232569996194412e-01 3.423430804690913432e-01 6.519403473150231498e-02 5.248915307642296746e-01 3.684544894791363934e-01 2.157284452682050047e-01 4.938577842440106114e-01 9.628007567404933686e-01 2.950405060498573206e-02 5.906130260952858757e-01 7.384260013232820663e-01 7.379525739298896658e-01 7.445433990237598776e-01 8.116519050714074979e-01 1.012376293881283029e-01 1.196044099961743878e-01 1.892011170897212047e-01 3.502356964416195595e-01 6.028305074057060953e-01
1.238413350336475816e-01 3.760419400768152398e-01 7.581878125926343470e-01 5.187035777148356619e-01 3.258775348045224174e-01 6.597283457399227835e-01 7.405399301706423465e-01 3.902334964508340498e-01 3.325003767562071388e-01 8.412871928876725081e-01 8.603951041456598947e-01 7.063105597004353253e-01 8.869537091076984403e-02 2.451183743025976414e-01 9.660485809278018809e-01 5.064691152525543361e-01 3.568425671930147702e-01 5.625519210756257937e-02 5.004803742600465455e-01 5.279718511729324382e-01
6.583746078246101030e-01 2.187132488820637821e-01 6.110381926999454150e-01 5.911569557087127391e-01 7.359056993095201005e-01 7.313069891181689375e-02 4.006971791523106230e-01 4.673965882163289010e-01 9.037009749430480188e-01 1.239709310803926989e-01 1.320103422797447301e-01 7.415089004311078424e-01 4.873447859345940714e-01 1.678421947561781202e-02 2.837767018168910749e-01 1.036635801425410675e-01 2.544166478149165744e-01 2.963336768439945867e-01 6.934617200175606788e-01 6.892709032093775612e-01
5.343268443674817902e-01 4.549507618174289947e-01 5.096812143259354944e-02 1.496490553048587246e-01 2.025672045722406445e-01 2.178835170370641006e-01 9.225961527809861673e-01 4.248143398067422138e-01 4.558307501410415741e-01 9.492057323864577789e-02 9.449256425666707759e-02 6.861037822693194510e-02 5.885239680600026224e-01 9.412941430164059042e-01 6.732899189313925614e-01 5.385877974012780456e-01 5.497938464375363710e-01 4.122415183805244743e-01 2.657011474015642527e-01 3.844347988267045046e-01
4.950057166482325632e-01 1.621820477791565684e-01 7.699203670941694444e-01 3.385030528798538274e-02 9.402120069368476996e-01 7.091944600812200017e-01 7.836986199124564845e-01 7.838408378799582854e-01 8.714570281514998351e-01 8.352324423233258299e-01 1.763618825806979595e-01 4.060404209997758862e-03 6.374442412535985536e-01 9.935420334467096604e-01 5.777320841787778605e-01 6.933582142216521138e-01 7.937803745098045427e-01 2.636051611885344981e-01 9.524698759014593730e-02 5.023338065998347313e-01
3.018789590148737156e-01 3.370743127327315847e-01 4.655124130256316217e-02 2.507527947680828762e-01 6.527771624463246658e-01 5.760896911381337970e-01 5.234791961198969057e-01 2.917271366709914826e-01 5.760341162638098478e-01 5.716421742325927813e-01 3.588968490822871393e-01 2.026648405777528028e-01 5.316592174669129145e-01 3.589696047039662163e-01 6.983059928212606016e-01 6.517511207660420247e-01 1.183704405945233962e-01 4.204404202618369224e-01 8.735028435383552781e-01 1.705531453397101105e-01
9.515713532950456077e-01 1.112414443914833129e-02 7.488478298844081227e-01 2.406585279764483776e-02 8.150739878287851514e-01 3.044227519759665768e-01 6.904598842881084497e-01 5.054004476185388617e-01 7.038205988498733578e-01 7.146374786871636520e-01 9.421987344926885388e-02 1.987823905123353718e-02 2.501627382647840792e-01 5.616779304137470286e-01 6.573677611317589875e-01 2.934203857574948504e-01 7.998864839075814359e-01 3.407589310388816628e-01 8.475304293209934281e-01 3.556382044634007755e-01
6.431473718941741469e-01 4.508003571585473823e-01 4.541947075303292003e-01 7.865197472856406691e-01 6.755996941798382283e-01 7.243484521917775698e-01 6.310860639513232728e-01 5.611999290288980369e-01 3.079244252590456199e-01 4.860366108963941612e-01 4.843772972954852873e-01 8.846641282841783971e-01 6.886341282351967630e-01 6.215804240411378911e-01 9.976619730726633550e-01 1.952958787875804791e-01 9.112506908877069378e-01 6.582138947734357259e-01 4.639256902344709443e-01 8.640684337243431656e-01
2.440593610615218179e-01 2.547226310383399195e-03 4.020619460318497485e-02 3.100191564527680077e-01 9.790567567996096843e-01 5.195900727416433718e-01 9.749155740725293784e-01 8.984874249185020867e-01 2.662851979501308364e-01 2.754496420671648238e-02 4.745628787576738894e-02 2.585595102825466451e-01 3.570225597144158769e-01 8.209533065292176079e-01 9.358830254941670201e-01 1.685480081938761643e-02 6.104844256187362816e-01 6.678234514943597322e-01 2.447838922511736959e-01 7.212386470709236663e-01
1.963052643129461483e-01 1.022242388994716311e-01 4.641428796439668325e-01 7.936689774878775694e-01 9.362996890787954607e-01 1.350521533819071252e-02 5.211562861823166859e-01 2.310001359826098222e-01 6.934550347765161549e-01 5.763980052803536758e-01 7.532879725931687087e-01 5.074333129358739036e-01 8.135089877083995225e-01 7.506271145941689760e-02 1.877016484696650833e-01 3.909227671936507109e-01 8.400927483540421292e-02 2.542323910373145424e-01 8.834854987735196730e-01 8.890354104951290193e-01
3.496026861561807308e-01 7.822633217748550249e-01 6.441358723460974822e-01 6.660075082998309082e-01 9.604901428535428387e-03 2.163797431906948621e-01 6.073454299578627813e-01 2.246690539085510752e-01 8.626239244488675961e-01 4.910070406664666098e-01 8.173034371197226422e-01 7.092882096251322821e-01 6.518187612979176038e-03 1.978751074090212558e-01 1.002474914143675067e-01 7.565985435071297394e-01 6.724272848419813320e-01 2.277134745171738306e-01 9.685876156812397442e-01 5.266646441383157073e-01
7.187552437911914893e-03 5.098798430628093126e-01 6.250333457193083531e-01 5.487187299600029267e-01 6.356263734837869217e-01 7.636424341938946592e-01 8.407410685469166589e-01 5.183861232871453950e-01 8.527359059880956771e-01 5.671037475069267142e-01 6.896707462027779068e-01 7.608081175904652937e-01 7.583809513352957055e-01 9.308234609093501977e-01 6.569857156729815850e-01 4.101012885243342510e-01 4.259304911754950851e-01 9.529327798341804545e-01 4.153264204310767038e-01 6.415097458077231307e-01
6.435093412054404549e-02 1.192478203748212895e-01 5.146865026634429574e-01 2.608908848795636892e-01 6.713064400345486460e-01 7.546306917277667559e-02 9.850479776103246987e-01 5.621326153009021942e-01 1.325539829432983430e-01 7.524541829428411654e-01 2.013678826484607276e-01 1.373737018042028302e-01 6.590131291348052534e-01 4.603304908727702260e-01 2.523657726534466184e-01 5.029068363027469069e-01 6.397294428604819450e-01 3.475591255840585481e-01 8.184379456117999441e-01 3.774165112495437846e-01
8.781046232145628405e-01 8.315719058429735799e-01 3.249140297613134498e-01 4.032781173574929712e-01 9.269734593774067166e-01 3.969207725700764078e-01 3.528746237968990451e-01 5.438688934830583355e-01 2.328788066051211691e-01 9.192651400805228468e-01 5.239734005818200702e-01 6.803653076569992075e-01 4.140935528142013489e-01 4.033784237709928666e-01 7.090730970901437669e-01 5.448940198534291124e-01 1.968360881712685195e-01 3.362945051719788969e-01 9.854270533098042906e-01 3.511368761263807814e-01
4.656703054578141820e-01 1.986337717843288386e-01 7.611578983501838813e-01 8.708156457384585991e-01 6.938083200820526208e-01 5.273013213848209979e-01 1.091859754972488439e-01 6.351253688406992559e-01 9.891706263093881235e-01 9.640459303447533879e-01 9.917092544720372826e-01 6.370908098546981257e-01 1.109676471021238120e-01 3.564884762818278929e-01 4.868846445852248461e-01 6.587602932577774073e-02 6.382862690109043502e-01 2.099512080735699282e-01 6.971684372654767259e-01 2.046380801549840811e-02
8.273637987929860493e-01 2.485595781194405163e-02 7.770335298855945982e-01 3.075373781360923875e-02 9.977650430788822522e-01 5.555637846131881163e-01 3.666025299939534854e-03 6.694609382908811579e-01 6.740751202976233980e-01 4.763577038816368958e-02 1.114634300131023270e-02 8.579982356077620054e-01 1.422165218133289999e-01 7.509296584549303155e-01 7.780473570283050755e-01 1.519093881889858055e-01 7.044833957433317417e-01 3.816233365093758545e-01 1.721497521082872018e-01 8.804023619228918962e-01
4.373632221078322946e-01 1.983185350513366751e-01 8.049539684515666371e-01 8.907242462433881958e-01 8.955252907027134723e-01 2.442021436549401958e-02 1.868452123972114132e-01 7.598001463866251859e-01 9.800103171375154076e-01 4.144435334168188323e-01 6.826187125523612842e-01 2.639022793776134579e-01 3.471305636657681104e-01 3.312995924329281694e-01 9.830454538358194272e-01 2.047862015839546634e-01 8.751416335382872225e-01 1.178363287591719377e-01 9.269921102055165285e-01 9.074504451928777637e-02
7.098316618423757829e-01 8.494110028683694580e-01 7.134618013332676423e-01 1.355775358403866759e-01 3.385115434556867919e-01 9.992134604891667049e-01 8.729136491837334866e-01 3.837028903897036214e-01 1.026970150604512577e-01 5.717936153317628722e-01 2.838550037832689998e-01 6.671721275222304293e-01 4.036475847110739812e-01 9.940380941288868843e-01 6.979263185243292922e-01 3.407605220942009350e-01 9.513515413265886123e-01 6.074090616063224646e-01 2.104147358570550574e-01 7.792324200612066321e-02
7.064157657191241224e-01 2.273518233790247089e-01 9.264443066647674030e-01 7.777161813686421787e-01 3.636099080390073901e-01 9.142739257369235650e-01 8.822384786864077011e-01 4.100877189735240291e-01 4.961901518042938219e-01 3.298507009885192076e-01 2.642027474791452946e-01 4.672723723214888825e-02 5.360268839071655744e-01 4.287022378009117674e-01 8.398162680487324394e-01 7.478179864076103245e-01 3.096472247806607569e-01 3.286572752249545815e-01 1.787750821089115760e-01 4.755345874272665085e-02
5.335639028062975076e-01 2.024306768500241382e-01 6.985960728274539511e-01 5.048699919519741286e-01 4.547377124818701155e-01 1.096205541930400651e-01 8.323943330466508916e-01 8.808444195851724556e-01 7.960397575137102555e-01 6.846800156675411086e-01 1.922283356979007651e-01 3.100475444712642581e-01 3.636148250967842221e-01 3.184660820365444733e-01 1.303466658323415572e-01 5.026470420430469987e-01 6.127744419403116094e-01 6.573476109481145579e-01 7.098997582012671614e-01 3.723237573753078733e-01
2.660258956026735344e-01 8.685678976439387133e-01 6.670107379067525821e-01 9.577858687003849569e-01 4.576005453753871910e-01 8.894588954753824828e-01 7.664562380800665764e-01 3.184168999203869088e-01 6.073992728362026527e-01 7.274072325331853994e-01 4.643088914796132949e-01 7.006137511451917543e-01 8.719608738942803416e-01 8.721077717249843264e-01 3.444577663390425704e-01 5.348387038904194313e-01 1.134466077097902037e-01 8.426559192833944500e-01 7.124611965167947369e-01 7.809779024819325510e-01
3.859986320239078283e-01 9.980731586122383314e-01 4.417612444724093868e-01 7.712402689588038207e-02 3.652857352646270428e-01 3.705188851293187424e-01 1.955576136944342514e-01 3.698054250987159453e-02 4.665424033599084863e-01 3.235734939917416231e-01 5.807303421302472124e-01 4.528323118423803750e-01 5.009445763536800600e-01 4.485267501148461067e-01 7.219554430539489864e-01 8.403180571086752426e-01 1.295795499827723241e-02 8.908998003079415806e-01 5.265872774553231883e-01 2.880784468343967619e-01
3.420869316783783365e-01 6.535804791421989668e-01 1.511729100832736039e-01 8.250990489019061069e-01 3.786412301168177175e-01 9.027894709221210290e-01 6.856299361977241658e-01 9.210404175855744224e-01 9.968296419596586189e-01 6.008518182160136334e-01 1.409436553790475166e-01 8.743793401744630600e-01 3.993356279720413626e-01 6.296477238184927661e-01 6.831616700915067453e-01 1.771242142533223651e-01 9.043338801630506074e-01 3.505299224731642793e-01 8.564567032042785799e-01 4.980548435492138104e-01
3.726244638298782386e-01 4.991356768686838752e-02 3.169908047476388546e-01 3.947328839321084804e-02 4.429811661994159655e-01 6.698172379687560296e-01 9.392421971320626950e-01 1.129552623481175910e-01 4.362100506528627797e-01 7.338741444428953375e-01 9.861540566422033471e-02 3.341668968377428106e-01 9.578947044809569267e-01 7.649769700903785719e-02 6.158049784467890531e-01 8.537915721387893120e-01 6.732455330088729095e-01 8.821315395117597102e-01 2.019324095827550458e-01 7.370673042213837789e-03
6.461902586131351711e-01 9.819848822888909146e-01 9.688135505083138588e-01 4.555117998014321934e-01 9.272057098658353924e-01 1.788028316209677726e-02 5.773668778754725839e-02 5.607761912000894799e-01 6.273841879206147887e-01 5.326986468062077096e-01 7.720959404064923204e-01 3.633118565255708532e-01 6.175004279099434168e-01 7.933002598320528787e-01 1.117177912964482100e-01 4.133666408490843658e-01 5.796772542334005518e-01 3.671690015922446371e-02 7.313001683734168257e-01 5.291105433389098334e-02
9.792748825936140600e-01 3.416614145450771467e-01 1.290536055785883596e-01 1.527107782402602476e-01 7.219128001490077162e-01 7.461993370670957360e-01 6.270560116126976391e-01 5.069019367034912626e-01 1.648625915349178905e-01 2.388745534300988904e-01 7.235714347782208344e-01 4.285492898275923279e-01 8.130777435297532607e-01 3.772803639596891134e-01 1.936628101163192506e-01 3.952148276275943006e-01 2.400949617504877232e-01 6.332702652076199756e-01 3.392960947895472534e-01 1.083090339746132225e-01
7.079704137541558140e-01 8.982966901897080358e-01 1.757196520056307776e-01 6.599011638710170491e-01 4.043690602929826960e-01 6.746720462961444120e-01 5.100384073245759486e-01 6.695402165216350898e-01 6.115651554696723835e-01 8.089618281423582857e-02 3.709606777021448032e-01 6.639391113206054573e-01 4.156115915119109605e-01 1.096419333288822795e-02 8.048685920362740331e-01 7.963152733447811382e-01 9.283029043568171712e-01 5.347866003997612250e-01 6.237965213323415359e-01 5.687294452423559132e-01
4.911491196633743783e-01 2.738136952941750968e-01 4.891906989758685320e-01 5.685543503507918262e-01 8.212304077023458992e-01 6.356708965090132057e-01 4.182741751091936244e-01 4.794992843632372992e-02 5.068462999284838455e-01 6.394868756153971878e-01 2.185317280410737917e-01 1.433214973590690722e-01 4.744553154837795050e-01 2.044673348250193312e-01 4.505445358746584805e-02 5.519704231928059812e-01 5.793759046026107917e-01 8.779702048229791611e-01 2.294589789659752244e-01 9.263983366698533839e-01
9.226623503169605334e-01 2.908614992739718685e-01 2.971169742553186888e-01 3.818677065131433901e-01 1.523101383361957772e-02 7.570337067191049707e-01 5.786842516076817766e-01 4.624282943887355612e-01 2.650729674200051900e-01 4.764179420100146389e-01 6.950147341086294617e-01 8.725015264374077484e-01 3.326587111582957057e-02 3.408305554568504814e-01 1.190426362871932486e-02 2.043359047428777719e-01 2.012934470360800976e-01 5.716008059959417631e-01 7.816188827872777578e-01 2.606518655011160757e-01
6.347882786150260692e-02 4.765588154158859613e-01 6.629089787479720552e-01 4.859183066938892459e-01 1.791174207045809208e-01 3.525250996899436107e-01 4.129993379647709517e-01 6.465065414083993600e-01 3.849156708910591584e-01 1.873083384609844915e-01 6.032440472171358703e-01 5.571648707200160811e-01 2.234595463156017203e-01 2.308335196473911832e-01 7.132187609696342134e-01 5.827943363859173775e-01 4.260693017866280519e-01 8.914379105714604901e-01 2.265115174644124485e-01 7.461072342777194111e-01
1.392249040074682309e-01 6.003947214149245593e-01 9.240416507090011278e-01 5.443008049219769662e-01 6.603776221643040678e-01 7.451911737510792388e-01 2.263841595411367758e-01 7.515814410385354138e-01 4.328447070162622090e-02 5.013349007254519485e-02 5.595222499770252655e-01 3.032677308067189825e-01 8.442110851989279574e-01 6.357793553327192315e-01 8.321901734939333162e-01 4.176818079382049742e-01 3.951281026027754217e-01 7.891307115306536168e-01 7.529830848322743853e-01 7.828899207141399863e-01
