9.469242720463409979e-01 4.643422817558748861e-01 6.774720096892982157e-01 6.839323847927535338e-01 5.454182828781555248e-01 7.501005031191271266e-01 9.156932599232886494e-01 2.693320281408606576e-02 3.906226086574147160e-01 6.184582472657824681e-01 8.543012378603672685e-01 5.563890974785197230e-01 1.384777101414718103e-01 2.834467214800863166e-01 5.701735869326763906e-01 2.609637868693891471e-01 9.225940294847732037e-01 5.072458512107299589e-01 9.354344959087043110e-01 6.237346474625522497e-01
6.629970098818013247e-01 5.509647179615334567e-01 8.599808270015657508e-01 1.369162818995732778e-01 8.624169922898849983e-02 6.005831820323912495e-01 8.016333336092528183e-01 4.540953859225136391e-01 7.639773372344540459e-01 9.901023062100947625e-01 8.932667562055388588e-01 7.992480781457407257e-01 1.617228855481959160e-01 5.925978694357573184e-01 7.707398584507746397e-01 4.634175830264104512e-01 6.843333175458600204e-01 5.138079698394016903e-01 9.877855431862148095e-02 7.614505796927084624e-02
7.714868786247293109e-01 2.454021269164292640e-01 9.319464303296466356e-01 1.516392715520283874e-01 5.902808291250938311e-02 7.566609485650910294e-01 8.732619983704170696e-02 6.169534092224434607e-01 7.952406069998391169e-01 5.290781938697917131e-01 5.608172067135238636e-01 6.264530193971421523e-01 3.549789428409551029e-01 4.278557677448295848e-01 5.381207869662146814e-01 1.193036836212062468e-01 1.976363677612034131e-01 5.029631277919514032e-01 4.198277973938043806e-01 6.066341408507064381e-01
3.220325074440102409e-01 8.241158560853780735e-01 1.031551327890223302e-02 8.059646899521030194e-01 7.964057306240885925e-01 9.782802393807747965e-01 4.341555843257852709e-01 5.558519202320083563e-01 9.423137068831655139e-01 4.862742077440318500e-01 8.579012370312538716e-01 9.997534374735906892e-01 2.782123745558320316e-01 4.973981336509144535e-01 2.706414522074657159e-01 5.361351896118000671e-01 8.538895045940839701e-01 5.761843638779292620e-01 9.592678344961442782e-01 3.687476670439334692e-01
6.058457399895703643e-01 1.444134303560187238e-01 3.581008770112176220e-01 1.915347582654683967e-01 8.973973944938866687e-01 4.408621116742443835e-01 7.219036266582227190e-01 2.612770120286691533e-01 3.767841033623948732e-01 7.292042504344418141e-01 1.552036178201011696e-01 6.673771484422537092e-01 3.658391848731822327e-01 4.634038683165113692e-01 5.221184817179591597e-01 9.581748551357814891e-01 8.063063464538761105e-01 2.781822386820934634e-01 6.541516855796294383e-01 2.700231037990256100e-01
6.079517486516642366e-01 1.076617818313236885e-01 2.558493656945747263e-01 7.480628102218311870e-02 5.962064082086806494e-01 5.767433531327290641e-01 7.643213703168205697e-02 2.608583204351472284e-01 2.714430536502104863e-01 6.228691349821442458e-01 2.188147624785887757e-01 7.025579361471356865e-02 4.649486699026599279e-01 2.155283722607997943e-01 5.733119372200399244e-01 9.569933813438347148e-01 7.131911114500278925e-01 7.392443837033095821e-01 1.587916252398143824e-01 3.612473813156890090e-01
7.908260033050096283e-01 1.049290596907381801e-02 3.256210230509259951e-01 8.046884859958186587e-01 9.587604118685116861e-01 4.129563040802397555e-02 1.956931221438130697e-01 7.763518004590110877e-01 8.324333915749357882e-01 4.019155527782712900e-01 7.899995108035638980e-01 5.405899557112481268e-02 5.587319853499262967e-01 5.447545172439351990e-01 2.721983217361370055e-01 9.294158605315814281e-01 2.220677612651544841e-02 5.459319417998154123e-02 8.369053174883260837e-01 1.378742817858653602e-01
1.923819334489018651e-01 9.768114121761344304e-01 8.141015803725060174e-02 6.889172335648008350e-01 9.378124980733104632e-01 4.459416575837961139e-01 2.570316266078248590e-01 5.736605336578557424e-01 6.569905260165803673e-01 2.159869130853860897e-01 7.964940607281307816e-01 1.648156964811361425e-01 1.819552414233288617e-01 2.629820094803896335e-01 9.355416629296628983e-01 2.587394735556031167e-01 4.167338025100689736e-01 5.138374670703886871e-01 5.880855502643467236e-01 4.445102803161014027e-01
3.560344063755149779e-01 8.073424427273804271e-01 1.217408751955516566e-01 7.316695916994225835e-01 5.981454573494442428e-01 4.651741452429658530e-02 8.596806069234808056e-01 5.184550121205191431e-01 6.595119519468483071e-01 1.500570861475698514e-01 2.193720621995615128e-01 1.480731093822046374e-01 7.495939398422915012e-01 4.430408096807810781e-01 5.294482309829577904e-01 6.222695043573264195e-01 2.159171476503287668e-01 4.514341398992001153e-01 7.802469308467937514e-01 4.045837295424625779e-03
1.215885439783800370e-01 7.351420531616560394e-01 7.300449654388254661e-01 5.529979005244158863e-01 3.407359393303713846e-01 9.526635317353758792e-01 6.769673045149334767e-01 3.225003093220624173e-02 7.509268712017379555e-01 4.874626187005016709e-01 3.148716915152757201e-01 7.025813358305708078e-01 9.079269864052983419e-01 2.533374814852300538e-01 1.451476192595058112e-01 5.756022273096516040e-01 8.421179527606873494e-01 1.107281302303497750e-01 3.607007906845171030e-01 4.351329445031716370e-01
5.816830062566962223e-01 6.564078892762678086e-01 5.206347578151619970e-01 4.128835046024600386e-01 4.642853140372685816e-01 3.052372116672527058e-01 7.492562526262726008e-01 4.486609366967521106e-01 7.712822882855572271e-01 3.616649003631233761e-03 3.422677505464564174e-01 3.962413660185885034e-01 7.319384105811210794e-01 9.959134617587392935e-01 9.107051993835796333e-01 1.336327576479162671e-01 9.014294268052568393e-01 2.743205520198673808e-01 7.281615840246609128e-01 3.329444318902803346e-01
8.746254017854283580e-01 5.728745862215456341e-01 6.569508068920116850e-01 8.099004467476725866e-01 3.709568469576332017e-01 3.427790848896240528e-01 2.953591214640370888e-01 8.528596772885036481e-01 9.255427616585080175e-01 3.832760767671712365e-01 1.444095221914576399e-03 2.023549453029811485e-01 7.341629286975973612e-01 7.027617602187985479e-02 4.830928063790641547e-01 1.888007333527861320e-01 9.821177688736941747e-01 1.622633002118674117e-01 7.008256230077422044e-01 1.192802810022196569e-01
5.194509531665367774e-01 1.542685203692468754e-01 1.101902932662844892e-01 6.943088195037302457e-01 3.279653346810801340e-01 1.822751071877879436e-01 7.801485669301001513e-01 7.665148732924902397e-01 4.757538995958973116e-01 9.587690717287946640e-01 2.921016156291696975e-01 7.673056381535310333e-01 9.523115662890027089e-01 8.152667367355143080e-01 2.003195571761650084e-01 7.825854619006128443e-01 4.343090424271566219e-01 9.201445981635086868e-01 6.301558299910250405e-01 8.917868128863400967e-01
6.838980401482926963e-01 6.635105383046449035e-01 2.082895927573318318e-01 2.360173940137666460e-01 4.125922355108043726e-01 4.108399443646454374e-01 7.939716881330545206e-01 7.046936996999219049e-01 4.051929522151620500e-02 3.423776923759365154e-01 3.219496253833320498e-02 8.088265828727581042e-01 3.624002881875474369e-01 7.414605211618604530e-01 4.564052657537471802e-01 5.298644629860318478e-01 8.650336149004806963e-01 8.445884210200371722e-01 1.023222347160482881e-01 5.203710564245356274e-01
5.131606749265198442e-01 9.406751641224737615e-01 7.620121274401111533e-01 5.085847056554766432e-01 4.841586486070131867e-01 8.061217425308336848e-01 8.184016761056770450e-01 7.835633402741090103e-01 3.755726580195626330e-01 2.896137686941165912e-01 4.981947918094649097e-01 8.042389852569568065e-01 6.965821576095573286e-01 9.850914075448399254e-01 7.529213226687586635e-01 2.133946210825080625e-01 7.808980490839556587e-03 2.850213785414040801e-01 4.260918619110110050e-01 3.412174702574307661e-01
3.325266783344972277e-01 3.993085084161664966e-01 3.275485720505678655e-01 8.542062267143578635e-01 1.749000883267396445e-01 9.124152882752855076e-01 4.977321972759556346e-01 7.502347510114714124e-01 2.556253447420221425e-01 1.872582920569482168e-01 1.523795140833056339e-01 8.216900212688988958e-01 7.325643813461792941e-01 9.617077278344743352e-02 2.552726932766967716e-01 6.362494983052379149e-01 9.399261735037595100e-01 2.358210874600357165e-01 3.569842963322372720e-01 2.172519466703196622e-01
2.135716811082201128e-01 4.757376489595261937e-01 2.863373129448961718e-01 3.596549811212026437e-01 6.949772257621522620e-01 5.631185794331277084e-01 5.233340346205559435e-01 2.858239758123313212e-01 8.760947174637349066e-01 2.763512567782930862e-01 7.585632082816518018e-01 1.653167895926515030e-01 9.932469878174844391e-01 4.214439248408747840e-01 1.601479426730639810e-01 9.306121950952543909e-01 1.403936953521337516e-01 8.041570987254367253e-01 9.186895655576721165e-01 6.373184204020096999e-01
3.864202308372455263e-02 3.902386265686904609e-01 1.419188518951364220e-01 7.654240189507773851e-01 9.496736480794114588e-01 5.698544768090951784e-03 3.323531895814872961e-01 1.925736367189588849e-01 2.013500860723789199e-01 8.291794661103829567e-01 1.862236307743799779e-01 2.413363942525592609e-01 1.734932407766607287e-01 8.526708976712524812e-01 3.639062837589495114e-01 6.126340263410751108e-01 7.052665197648708695e-01 5.427578700266006972e-01 7.926113098747565866e-01 5.879932065265464081e-01
1.505632415940286739e-01 6.686234349550898015e-01 2.114613836289259696e-01 2.268333432186639964e-01 6.468658142741062766e-01 2.471212289120290340e-01 9.638864105589932674e-01 1.355061822241898639e-01 8.331472333125007346e-01 7.353021020580373657e-01 5.609964595643921470e-01 6.167083445488616977e-01 6.037819039410281530e-01 8.657500859733957554e-01 3.270894504254177049e-01 2.372013290998975510e-01 2.763082807280422548e-01 4.191238521965071628e-01 1.760567084230558743e-01 2.696990743470218943e-01
4.814795959324724706e-01 7.587612056214585454e-01 7.589762840516279807e-01 1.721063716367643437e-01 6.135704539029707139e-02 9.957868860079360784e-01 8.366605034543481700e-01 1.658713179117867753e-01 7.819684221559601855e-01 3.732808973988702705e-01 5.250985154107100650e-01 8.860771773567684972e-01 4.927080785078199465e-01 6.927374837406403696e-01 7.244175764573129728e-01 1.834386066347153399e-01 8.032854540718425973e-02 1.101471272901471954e-01 8.214608296891973138e-01 5.999465557058085707e-01
3.085692719684646201e-01 8.733897117313347280e-01 4.704761539355212241e-01 7.833767801047655244e-01 9.656588533122338891e-01 1.820578723007280075e-01 5.263425132313980237e-01 9.296839385096137276e-01 6.286952828523362236e-01 6.817767129006754301e-01 1.993514457203127144e-02 2.735505443689179028e-02 8.582762865660076290e-02 8.090383020387581503e-02 8.265797661239826510e-02 8.951959220070062617e-01 5.106268963763436197e-01 3.586228485570270852e-01 4.378335419450106736e-01 8.951512026440741066e-01
8.273446540046152098e-01 9.359020608704158306e-01 1.559539811200818527e-01 9.551200752332905664e-01 8.202592535194898060e-01 1.177940125334273613e-01 9.227185011517410329e-01 1.577477546599741487e-01 4.630246183899946466e-01 3.329780670785598140e-02 6.957219653667789938e-01 2.205492492847374031e-01 4.605222025434962951e-02 7.903633727987167124e-01 2.944003600146803956e-01 9.814367479785316428e-01 4.073773162111564705e-01 4.040185297280757259e-01 6.792152946469349750e-01 8.215104768488096232e-01
5.050265752298970234e-01 6.832903198441050430e-01 1.333786530861650332e-01 1.150285278856072457e-01 7.411103057256317461e-01 8.427633519966835074e-01 3.595699663850139283e-01 3.561695894261597273e-01 5.353574936977416598e-01 7.292271068008263635e-01 2.366813677953195638e-01 1.518992460501357167e-01 8.203668532890507903e-01 2.096981457645996638e-02 5.212346958428815125e-01 4.967157418845864481e-01 4.919310627422069926e-01 2.629852983408085265e-01 3.442963477508507175e-01 4.252599871416318233e-01
5.142226720974897303e-01 6.086066609998601606e-01 5.860565578563354805e-01 5.709913799998478368e-01 3.705452440504860556e-01 4.272629347014286205e-01 8.178260067217208995e-01 8.283411590400523439e-01 8.265172965547296080e-02 9.447712552680866960e-01 3.508278461217223532e-01 4.048190247432308375e-01 4.593982456342647902e-01 4.303379761149610516e-01 4.246731540156668538e-01 3.230828526801395872e-01 1.719937091146515051e-01 6.338011564904744155e-01 3.656298088429792426e-01 5.775471263649950560e-01
5.970421517098269959e-01 6.639846737810283228e-01 1.900549797502271154e-02 9.463887213445588698e-01 6.402994494061760022e-01 5.642413319822853213e-01 5.191557820149080849e-01 3.695944183960594431e-01 3.843766388819611635e-01 8.199879055203105338e-01 4.567432527880624926e-01 5.423317538264703641e-01 5.066220796759431932e-01 4.277484167625028588e-01 9.958391091314957588e-01 8.347438609923478747e-01 2.687697855804649372e-01 7.786148132003802846e-01 6.520721084966220049e-01 7.522658984019077177e-01
8.804221693716944852e-01 5.157293178029119796e-01 8.604541781133123735e-03 6.190502406135933722e-01 4.574578695887668855e-01 2.016525773165570579e-01 7.402379264337295428e-01 3.591432198923325547e-01 9.944747008806459343e-01 5.874189197453394407e-01 1.961083874730873422e-02 2.641295086425010652e-02 7.990130369123518150e-01 4.602818130511613370e-01 2.074935519134741835e-01 8.085517127270895887e-01 7.623848750546514674e-01 6.875066242871613609e-01 1.059067260441366454e-01 7.199870685882230337e-01
3.333108735487237961e-01 9.915507558358294116e-01 3.349827380035875768e-01 1.875385212664049117e-02 7.861597416963017615e-02 5.047146733704381827e-01 8.641481775054450365e-01 3.077334019518801478e-01 9.928231688241423436e-01 1.242501327589222715e-01 9.330515162969410525e-01 1.617321357278450611e-01 1.405186317821599529e-01 7.424028058596309210e-01 4.415937517409509461e-01 1.517672410740464883e-01 8.858507335820843265e-01 9.613346859584090964e-01 8.414994877368047188e-01 3.167982151255839263e-01
8.782835575300782516e-01 5.608472271182863844e-01 3.313233334948537667e-01 7.521347118335860449e-01 3.030651984013588152e-02 4.484633913850277764e-02 1.812848217606484180e-01 2.960919976512059737e-01 1.244881389845240438e-01 6.319584249496664752e-01 3.272245244084269755e-01 2.641013245985184277e-01 1.092249149249786555e-01 7.998300009020744561e-01 9.497944442553558630e-01 9.216773012116679098e-01 3.137063150893414365e-01 6.276284726978346162e-01 6.728014983993386711e-01 5.431382060063606465e-01
5.690941907893102281e-01 2.433041622540383919e-01 1.629331809174467960e-01 4.494170484926615083e-01 9.935255690329847233e-01 6.952607370411990617e-01 7.309409069567737172e-01 5.668002831759462179e-01 5.813435504759063566e-01 9.739000975139588956e-02 8.510093388643152901e-01 9.387787542922164663e-01 7.666847822231704912e-01 7.303317158246228624e-01 4.968144978983034532e-01 8.673215993106210275e-01 5.206946837872865608e-01 9.067980060023297373e-01 3.346868983634332384e-01 2.791615272051708452e-01
4.519142431298139861e-01 9.100765340608640841e-01 2.138134104242395139e-02 4.324402375869852433e-01 9.858100969085130671e-01 7.485351128264784437e-01 1.821267883199997328e-01 4.864535936079797951e-01 8.227404961021559382e-01 9.216324583634120104e-01 2.028404198831194050e-01 9.976069307241127726e-01 8.478247094304885989e-01 6.138400796379052116e-01 5.651525284685013917e-01 3.592101997999482821e-01 4.561197810433217370e-01 2.594643415054280755e-01 3.126035971380075607e-01 1.150203013643027461e-01
7.517928591049365394e-01 6.402690030540398869e-01 5.328643161399254646e-01 9.736829662328739809e-01 8.651656633632138771e-01 8.560007942823008031e-01 2.108665800771760690e-01 8.294168109883405249e-01 1.615423674235257900e-01 3.328997691670699810e-01 2.181409012490881372e-01 4.393051581807714268e-01 4.054849883100546393e-01 8.877643911659973686e-01 7.726089288753019702e-01 6.085497524667916602e-01 6.465597683112278560e-01 9.672602514828994025e-01 2.270425667384000645e-01 9.054487923129042048e-01
4.758813998377352528e-01 2.234572245259216494e-01 6.277747844010085343e-01 1.770593190030388397e-01 3.294954745008227270e-01 6.846987301111635560e-01 3.438252355079091105e-01 1.427014102173312926e-01 7.730572998087361647e-01 7.954396221559580926e-01 7.030971486711863339e-01 4.542271586938744221e-01 2.951160132368646494e-02 8.087382963746495568e-01 3.051164674721382752e-01 1.688693909593509401e-01 7.900828272666436947e-01 7.542904062521691433e-01 6.984811884318575803e-02 8.151508268100738919e-01
8.427700531129389550e-02 1.258793740257886373e-01 5.974169322448086294e-01 8.538307049192069842e-01 4.797652469687585519e-02 6.123289658266202196e-01 8.183262183007706803e-01 6.480522011605061028e-01 3.242424247290027761e-01 6.682510700545681859e-01 3.082148919304864565e-01 5.764254469304667117e-01 1.022971545349166123e-01 8.974000732875412334e-01 6.221920814744297257e-02 9.046294527773918182e-01 8.638016250505143878e-01 5.843897992050869350e-01 9.297325749427927111e-01 1.554686549587729338e-01
3.370641396950136981e-01 1.224204238452608617e-01 7.589567969138871772e-01 3.895135929859782076e-01 2.275489189791836120e-01 6.843275479220407576e-01 1.079990764662481784e-01 4.164544195555176520e-01 3.992546697092027586e-01 3.892459653773332473e-01 4.811836429040117213e-02 7.909331477888273954e-01 5.018954569078460937e-01 3.319240862781260848e-01 9.975365886109008873e-01 4.902983481154561396e-01 3.989812719539882480e-01 5.641137691964562828e-01 1.186130194007370964e-01 1.059948749296436565e-01
4.797382621845991402e-02 3.058460065735583155e-01 5.983644965148429140e-01 7.420363442161836964e-02 4.863553333097727638e-01 4.917454232557123550e-01 7.444846942907658027e-01 3.430005530158202198e-01 2.545922585244708714e-01 2.664799994095198299e-01 3.484090235775438860e-01 7.833004460036997463e-01 2.387628118448339443e-01 2.780869999974149298e-01 7.055377352110940858e-01 6.092486050646375162e-01 1.033011009629464239e-01 6.468168873931886553e-01 4.382270813245717767e-01 7.287416074482011563e-01
6.070195550046275645e-01 6.192123905127180361e-01 1.070520260630140053e-01 3.625449631495404335e-01 5.809073341037447324e-01 8.103874491044220640e-01 1.204048238231075763e-01 9.443119629914936697e-01 1.561707616740218851e-01 9.644288364339216324e-01 8.927851344371329212e-01 6.278585110943710745e-01 9.154357464024120983e-02 2.045788534240852163e-01 5.798572542027430332e-01 5.559359307581168697e-02 5.996134788727748299e-01 8.045766522431873069e-01 8.226813652342575001e-01 2.547809660384692254e-01
3.290949427766766133e-01 1.270932045174956171e-01 3.535660301046572584e-02 3.204228243472198034e-01 4.943215512755212426e-01 8.466247816963691220e-01 4.521201692400237393e-01 5.048396503644858591e-03 3.709889104241684832e-01 1.522860244388561934e-01 1.662981737896529477e-01 3.226344156954915610e-01 4.917656934315776107e-01 3.755883205047647611e-01 3.219843219106712784e-01 9.370517113002592158e-01 9.670483271544104698e-01 1.430712049226126048e-01 9.656024415206426736e-01 7.096354773919061332e-01
2.474221467940721508e-01 8.274742122785572196e-02 8.854655646922550138e-01 4.174103736556884492e-01 7.342883316309989361e-01 5.294286053592767161e-01 7.274566755941996865e-01 8.571853053799998179e-01 1.324283416946570036e-02 1.992863903496722155e-02 7.889189885107028566e-01 7.682845824453528039e-01 4.454980344056237440e-01 1.057912568833508926e-01 9.623986951139062995e-02 3.163845274190247858e-01 7.458378415212006951e-01 4.409508839343282416e-01 5.462805972178197411e-02 6.183760941558512636e-01
2.680207118916109188e-01 2.062074584635726904e-01 3.011902624903577408e-01 9.667726511496832487e-01 8.902246196521018673e-01 1.229585038744086534e-01 5.316959943788087672e-01 5.898704253908129136e-01 7.363355973443755920e-01 2.393676461898340824e-01 2.474713860466324356e-01 6.114717247128097499e-01 7.828073815318957740e-01 3.786957105486666864e-01 5.245486694705742137e-01 8.289059605212850679e-01 7.658370917633728903e-01 7.771629024432025190e-01 1.991616577870851668e-01 8.250134367602481866e-01
6.454857843656174321e-01 9.206966398863379863e-01 2.204316062664180009e-01 1.894966488890518219e-01 2.755591616513627384e-01 8.804662307210769923e-01 6.538235875942778330e-01 8.319967134768432304e-01 2.053996107733355725e-01 8.449910641374950293e-01 3.428033034531273726e-01 1.227670627580380591e-01 2.159599751148484348e-01 6.026552828272913054e-01 4.710452726225091702e-01 9.304957536739909552e-01 6.362757149158994041e-01 8.350418708530240597e-01 8.747413514279041014e-01 3.187006690804542464e-01
2.737272654154082607e-01 8.156744987160488014e-01 3.866266888687934777e-01 9.380333630706019221e-01 6.196195820185612657e-01 5.440669653803309469e-01 2.024039842098986908e-01 1.441474221318284066e-02 1.592145482513458443e-01 9.381209669535849338e-01 3.170806162558414965e-02 1.428115469815571803e-01 7.107419000950400134e-01 9.624324114627602622e-01 2.036955223783607494e-01 7.687634138509186199e-01 9.665014093620059032e-01 1.096131982222413592e-01 6.196713030901117580e-01 6.936540631503871346e-01
6.578860494696068262e-01 6.329217621305814889e-01 1.822782888466832896e-01 9.610930634841966524e-01 7.542251835206824628e-01 9.546607084835131429e-01 7.378918704527470673e-01 1.795439135683847276e-01 1.048939849899770405e-01 8.529070875607391855e-01 2.612685439801254450e-01 7.465095670387141835e-01 4.759437409787559137e-02 1.356842860235344395e-01 6.455953064620126858e-01 6.335499350996687262e-02 8.607795363843835368e-01 7.671473012161593719e-01 1.038930742717613098e-01 5.189549858776763003e-01
7.976150281012266419e-01 6.172961386332301847e-01 5.198343631047481761e-01 8.849821733755975917e-01 2.978871858424022578e-01 5.272085845084816258e-01 1.315254318116925170e-01 1.157152184019465402e-01 8.696189363610800083e-01 7.305715685822141703e-01 4.483079094795354713e-01 5.334509539520797539e-01 7.322981574316442810e-01 1.246044782927847594e-01 1.264565247978548523e-01 1.124981150469405167e-01 3.377414312383515416e-01 2.573800528840054502e-01 6.303337388505452221e-01 1.887531974964495873e-02
6.596438588876141207e-02 5.701125817057087763e-01 6.052115491424625571e-02 8.599113988902841177e-01 9.978701376828872371e-01 5.050461515996730322e-01 3.964694740749116209e-01 7.980949416496941895e-01 1.209728079089047448e-01 2.745631109314460305e-01 4.968469066982466043e-01 5.893641055656463346e-01 6.790905602929168117e-01 3.168473664617946772e-01 3.239638197183323243e-01 3.663692526446552522e-01 2.971441023860706965e-01 2.190657788856916754e-01 5.804922775031328142e-01 2.456148409850246184e-01
6.457203751667415226e-01 8.892877467086385268e-01 2.568923815607014882e-01 6.726517864356499343e-01 8.247477621908951839e-01 6.635586230060941393e-01 5.517698424627882625e-01 1.796469932845101702e-03 9.436186742192542720e-01 9.640787054026228597e-01 7.638279954179256759e-01 3.421094099427247626e-01 3.369780050291354412e-01 5.474564207407932592e-01 3.923267115468187516e-01 7.277065302110187206e-01 6.622566159089547932e-01 4.650956430012277432e-01 7.094888077821411843e-01 7.688026768251088328e-04
9.554631001698999926e-01 2.211534697607765443e-01 7.270392285051685555e-02 7.071267891761477964e-01 9.215420476198621369e-02 5.010615486370340044e-01 9.416875565816862359e-01 9.155023629039195088e-01 9.643509334896962493e-01 2.077787602475394957e-01 9.524089251000554812e-01 9.113775427478181257e-01 9.361218354386392493e-01 1.317763456738115790e-01 4.104135781089044421e-01 6.279161719172196010e-01 1.950294738182605236e-01 3.868720059084250762e-01 9.217552036758652756e-01 7.677855103841803031e-01
7.441676913818123795e-01 5.704965645350590364e-01 6.726340166642175156e-01 5.303664125369692561e-01 2.169489782400954025e-01 8.898707700140682242e-01 3.201629112947892430e-01 3.298265414743360990e-01 5.326300066653777421e-01 3.986367553311385148e-01 5.755819590095669902e-01 2.256701332387504033e-01 4.413500078539067673e-02 1.927306389991678692e-01 5.478032622652206918e-02 4.714739604696132069e-01 4.208833812154728626e-01 6.470437947936533707e-01 1.757037623756122491e-01 5.943227243780998537e-01
9.773717576148907016e-01 6.526541445677280784e-02 1.650471705184045623e-01 4.260263503932710805e-01 6.735588287038540845e-02 8.707077819774040606e-01 3.071836395786854412e-01 5.948797917382298017e-02 9.443466578867142358e-01 8.870662623286028614e-01 8.857525752539165964e-01 1.230069232300534665e-01 8.693888675909853259e-01 9.952250230092740679e-01 7.737261700176942814e-01 2.573158690211576616e-01 5.039094129192811522e-01 9.519762092816124177e-01 2.530260153979125848e-01 3.641348409799920471e-01
4.508722689031132713e-01 8.096270901628769279e-01 1.528918806106076556e-01 9.155988484630922519e-01 2.463295830805949382e-01 2.662184744918758561e-01 6.015523150004776776e-01 2.442762954547225140e-01 5.236366488545500797e-01 1.824322193642647916e-01 3.915430758275806333e-02 1.257409320891478277e-02 2.278612945696373293e-01 8.482105910767862023e-01 4.613163127667363472e-02 3.245503757670622491e-01 2.289413588095523533e-02 2.712067177659598372e-01 5.315271109189426690e-01 3.207282768345185442e-01
1.919211191981788911e-01 8.688042682127700145e-01 2.790601709125898333e-01 3.820771267504111668e-01 7.462069174997123522e-01 2.851833136668258106e-01 5.929494732703454174e-01 1.840357108975705369e-01 9.536125142462462678e-01 8.905627818321907307e-01 5.609781698452378507e-01 9.964410810609802827e-01 6.622193452843792016e-01 9.066455995805222656e-01 6.388790394539531903e-01 7.966176589454829760e-01 8.812516855543169880e-01 8.105189922136653013e-01 5.860701371333492116e-01 1.694676901296134908e-01
1.461657802528993910e-01 6.072906465486260785e-02 9.051063240026705481e-01 8.434807222885332134e-02 8.339293117728573401e-01 2.147831095771083332e-01 3.325981190802935750e-01 5.424460462933877736e-02 5.146215095255987082e-01 7.989482036113844110e-01 4.924238886972678308e-01 1.199775806603888828e-01 7.314205244692386643e-01 8.021708132655744894e-01 5.656482052170951347e-01 6.848444798159336599e-01 7.680603571847882671e-01 8.039177774926582476e-01 9.095028909988551735e-01 1.456968371496295545e-01
2.433552968958129226e-01 9.433794285841178295e-01 8.244053572638219141e-01 2.780348081960178908e-01 9.395644820769319949e-01 7.071998684451857864e-01 5.954463536677977453e-01 3.155778977053269596e-01 9.596800706967874017e-01 4.072684520564129329e-01 7.935910694072921823e-01 6.268451271149931836e-01 7.134983420055327485e-01 9.805658808847855790e-01 5.352466777357469674e-01 8.798029710793934255e-01 2.421805756712481772e-01 3.180588917474923560e-01 2.851964303946399326e-01 7.123013142609577741e-01
4.503158825560106271e-01 7.253364435250421183e-01 2.843996827052209797e-01 6.043205454307862823e-01 5.275373999464576524e-01 3.969813097576863070e-01 8.576949576041830170e-01 7.457852720062120300e-01 4.173199295630557470e-01 1.460053585979425028e-01 9.206190508400808881e-01 7.332498246337468828e-01 1.348627709920878770e-01 7.013362619167814449e-01 5.286570675026776023e-01 9.265508267976442225e-01 6.092115169470617708e-01 5.280363721770099383e-01 8.153857181652953701e-01 8.907878554947408212e-01
2.521259990791802075e-01 8.825825437921697159e-01 3.865535944290443560e-01 5.709763161808419918e-01 7.306108802582816919e-01 3.783403654189706478e-01 1.602350011797579743e-01 9.027315911654582026e-01 3.182416703865187380e-02 1.188363999338563071e-01 1.751883318167547499e-01 7.045461325761638305e-01 3.267285910581076980e-01 9.510320922789156084e-01 2.429077437682901630e-01 4.325448622805455612e-01 2.892992882744556127e-01 9.208226366676924846e-01 6.688266987780067119e-02 5.590528544879380668e-02
8.668194915607005946e-01 8.471933153970604424e-01 8.154405731036858951e-01 1.315119971789424635e-02 5.932791877468739372e-01 3.628468553135045793e-01 6.674945288081761685e-01 2.794540399037135359e-01 1.044697382747793446e-01 4.639138731463705589e-01 3.146973005195828899e-01 4.706337696665019443e-01 9.046593936301898786e-01 9.269005387029373155e-01 6.345051774939887146e-01 7.614814776798133344e-01 2.724372779018729984e-01 8.372148860972705720e-01 4.773956032876923716e-01 8.732045561189498706e-01
6.481659951200680059e-01 5.904138204271164314e-01 1.551093253185741316e-01 2.105564058538254013e-01 2.581721471458926498e-01 7.295808365843373666e-01 6.875383871993059337e-01 6.573538240745252503e-01 1.304418890931182684e-01 7.475444467751549693e-01 6.805585140562565583e-01 1.504857423603433997e-02 8.132136293861960130e-01 4.048106307165806328e-01 1.143745878938783322e-01 2.121999038322005537e-01 1.793718268231647706e-02 4.772875618291922972e-01 5.843952224888838698e-01 7.200717487982245535e-01
2.768161703281205588e-01 2.314772893547801802e-01 7.132833090464621995e-01 6.854921890082422697e-01 9.519442290629044345e-01 5.831628264868273792e-01 2.823738857541603364e-01 8.518610905118234600e-01 4.093991514864314674e-01 6.203623343344309982e-01 8.104690723646522654e-01 4.822619694954728420e-01 7.819337415090454879e-02 4.548532537602574255e-01 9.716512439907354359e-02 6.438244620910282823e-01 5.718814402080665271e-01 6.585701173226390370e-01 9.153103194066065651e-01 8.574580056412830498e-01
5.297992771097944642e-01 2.948335236803100168e-01 8.361756086790846920e-01 9.880737514743518357e-01 9.845962523018896295e-01 1.713840931733771056e-01 9.739090336519911073e-01 1.213363028272551603e-01 7.077129600450114966e-01 6.834150424113053512e-01 2.775317513926728319e-01 1.622137197828746880e-01 7.492940729368599007e-01 6.476635248591166016e-01 8.821512533494193509e-01 2.610144650765744423e-01 3.137448704931338206e-01 3.025875279867444867e-01 3.287432331495225846e-01 8.010879788956715153e-01
7.070457628108457460e-01 4.652251147847045187e-01 6.037610759470742883e-01 2.280579983068337091e-01 8.218576321000996554e-01 9.678902275324029469e-01 2.437401384896058509e-01 4.349236403552705355e-01 1.138744853244895161e-01 4.523350351204206143e-01 8.340762378822007550e-01 2.058702525794823268e-01 7.347137323140896514e-01 5.921378765738261052e-01 7.169445658699474810e-01 9.914776105590145105e-01 1.192371473952986705e-01 1.685142346896704169e-01 5.306937674053957554e-01 9.580272559144880073e-01
4.739516330539838007e-01 4.521015195862665426e-02 2.270541573939416358e-01 4.630518560240521886e-01 8.984808326527127242e-02 8.599898775001743045e-01 8.317971249521524113e-01 7.504734633093613771e-01 1.895128264552220498e-01 1.113550259629645378e-01 5.784996527683758938e-01 2.698113204047241087e-01 8.775517004482925598e-01 5.822366155574693058e-01 4.998249742571617693e-01 5.615085888657250779e-01 5.019162793351457097e-01 4.125302133504347157e-01 1.419201472488365035e-01 8.361416307919170565e-01
6.747429196918904859e-01 3.542329168928947114e-01 7.282615243364009006e-01 1.976781197700661075e-02 8.486722503106454152e-01 6.372974172665830661e-01 8.364869752991196394e-01 2.246963850651343408e-01 7.668385970661717455e-01 9.070805487217871166e-01 8.309592586842401429e-01 1.327481269288912635e-01 3.027161468220168627e-01 2.993353335252609826e-01 3.207393689164328432e-01 2.403488742626032071e-01 2.805426462978775071e-01 3.098534544660822565e-01 8.255991490024017221e-02 1.525091144579061586e-01
5.899262548526630345e-01 6.160453601227210418e-01 2.639830437256796003e-01 8.153556557935567328e-01 9.636879365716823909e-01 6.848422950162129652e-01 7.844507608528324960e-01 2.613731421311776826e-01 5.043397676991088208e-01 9.925886746283021367e-01 4.864104568781298932e-01 8.302621906870425450e-01 5.882238169416420526e-02 5.558333177589287466e-01 9.690632307818805025e-01 3.756009120463318363e-01 3.404517463309010283e-01 4.938868919218442066e-01 6.924416353943027014e-01 3.338734850918365638e-01
1.312392204303874932e-01 9.378784770643762148e-01 5.426553652427044128e-01 8.180968804775591297e-01 4.970275171252245272e-01 4.456165039266278827e-01 1.454626786614708900e-01 4.687409335149640421e-01 9.447754981171240241e-01 1.697153678282684597e-01 6.852219960888716876e-01 6.484570230437362026e-01 6.900361264673119388e-01 6.823764047025479007e-01 7.492533145961559615e-01 1.923977092242695752e-01 3.487599163674703906e-02 8.152160860444022106e-01 5.020431877256814612e-01 1.828881696928845724e-01
8.487407218359924732e-01 4.799910424778397466e-02 9.928617096246437068e-01 9.861395872315972255e-01 6.282438179925438071e-01 2.640295967020149792e-01 7.956023441297810361e-01 7.465185339776688744e-01 9.220020722016539771e-01 7.567748331915301607e-01 6.784003771456205145e-01 7.449228272154424513e-01 2.636016880234572923e-01 7.910100462190152726e-01 6.676626023492047146e-01 7.636587543926331989e-02 5.351935065019937099e-01 4.652098751201574345e-01 8.788515275161448148e-01 2.565583261416988226e-01
3.465930334103036747e-01 6.896623389636767909e-01 2.528332053450543793e-01 8.277960925140221971e-01 7.574557082465582791e-01 4.383853624104098179e-01 4.962480081791447173e-01 6.906937410039630798e-01 6.289315895248497323e-01 1.832127516853289118e-01 5.022506205041629146e-01 5.603513615462509811e-01 3.268137179057659658e-01 5.549132522346204022e-01 8.648225327725888034e-01 1.144397360111348849e-01 6.217414286056099915e-02 2.417879793649202469e-02 6.048121698272003188e-01 3.067673071733939549e-01
2.737121698929992908e-01 5.406002632692147314e-01 1.619881567693685076e-01 6.178473276714998574e-01 5.623699277693821053e-01 8.917863176154050553e-02 3.851700902496303369e-01 6.586282885154043365e-01 8.825181259202575790e-01 4.651129102413635863e-01 9.721783457235225745e-01 6.388865311986193785e-01 9.127339525138175036e-01 3.116508526016911196e-01 8.273497106710147042e-01 2.482053082607815764e-02 8.085369369505206461e-01 9.621414493764610665e-01 4.521525347199154554e-01 3.783350516833980937e-01
2.525575444324068553e-01 8.338023753559631324e-01 6.873287817815156853e-01 5.730398392047985068e-01 5.336970289655129651e-01 2.449334056094811807e-01 6.225758686335782777e-01 7.454098868849682313e-01 4.124046726503869387e-01 2.083451659748100093e-01 4.903992165756639876e-01 3.056477020468920669e-01 7.730885074571782756e-01 9.456506332676828386e-01 1.689097123531748679e-01 5.418246915078437365e-01 2.034604050086480376e-01 6.411321950593192875e-01 2.419391569542065357e-01 4.154159254209338625e-01
4.148108217217268967e-01 8.813294732069328896e-01 8.133055573490284296e-01 1.483900225785628191e-01 7.775875079125391665e-01 5.971894818839562635e-01 7.129303708705612141e-01 8.305796142594545906e-02 9.529456694477377310e-01 3.218883857998958709e-01 5.515671295416783027e-01 9.457517805819798395e-01 8.870220445125476250e-01 1.973700069510232469e-01 3.774514831115444169e-01 7.962914599486928813e-01 8.363174410485821886e-01 1.535146566312175498e-01 2.355407066363005564e-01 1.838057719385927102e-01
4.208874475505303137e-01 2.752569545764363967e-01 1.371194050240331919e-04 3.442721234595284008e-01 7.205415518960186505e-01 6.631599685672773248e-02 8.089464628119651390e-01 1.059063527041703701e-02 1.762048242422820099e-01 3.914841888008516735e-01 4.915251585282659486e-01 9.302835201994410497e-01 1.789867183299415077e-01 6.024931762301692917e-01 6.898844595837914095e-01 9.101705491975271567e-01 7.057272662631083326e-01 3.820577686666022377e-01 9.568414500327476757e-01 3.482705568597241896e-01
3.934017240499323442e-01 8.560664949083506281e-01 8.168691115200821251e-01 4.504524266548769473e-01 9.629716950337996462e-02 7.668431562043734884e-01 1.291563209209237728e-01 7.339517954827591284e-01 6.573038156771005003e-01 6.572195429543883360e-01 4.402118783235704491e-01 3.211283691210348179e-01 7.020143708279662498e-01 3.089721367434956623e-01 2.194934130247161441e-01 8.052043133417475795e-01 7.858356334678351374e-01 2.899862824990009358e-01 2.846778698578175115e-01 5.366178996224603148e-01
7.221769690088549742e-01 4.675919443806642040e-01 9.571020852092384512e-01 1.905695770715301052e-01 3.567179184174085194e-01 5.930073994697327988e-01 2.596974477010310922e-01 7.401853563976442674e-01 6.215835030843047671e-01 5.550229439820137944e-01 8.414759195221122035e-02 1.241318551564348782e-01 7.192426965046117004e-01 7.438180953339624812e-01 2.290620961461917737e-01 2.805396493951638481e-01 4.708086847831483013e-02 4.038960720002728877e-01 5.689562088412256635e-01 3.464223568923094909e-01
5.793025044611107566e-01 9.924353051261486369e-01 3.355008432655763873e-01 5.654142228649977620e-01 5.899642161267846241e-01 3.103143557160570332e-01 6.178642104806698621e-01 8.641204147214576192e-01 8.531165755984275734e-01 1.062437938081364219e-01 4.955592015055519939e-01 6.559693607847134622e-01 6.913392767674343409e-01 1.228630239392294321e-01 4.000062743677645916e-02 3.830830117964170167e-01 5.858268903085456225e-01 8.307386725426613161e-02 4.548447466331078104e-01 3.649172308641592810e-01
9.179712702646702915e-01 8.876719892737722217e-01 5.118933588142152713e-01 2.338782990931342898e-01 1.449662314950392883e-01 1.098729505326345723e-02 1.464669381249877889e-01 5.122121091781315361e-01 2.471961772607303987e-01 5.836605503728666822e-01 6.829764379738358926e-01 8.226169102879820061e-01 3.951973392452111655e-01 3.684759391919291138e-01 8.624724403779970849e-02 6.159506354970291087e-01 2.427921865722297845e-01 5.050834590794025525e-01 4.625341493574962604e-01 2.640379044006252451e-01
6.826165328632782803e-02 3.627830426857273638e-01 5.900627917183181026e-01 9.536166104481752503e-01 4.647143492551263355e-01 7.600041556798560194e-01 6.432194430148915343e-01 9.111910149285690208e-01 9.068926571100516254e-01 5.659188713738314558e-01 1.875846714120598113e-01 2.946928829095584179e-01 2.912985797842203572e-01 4.950985348683593079e-01 9.996949440584588231e-01 4.265839592579923067e-01 1.727363626719006229e-01 2.841649833351406196e-01 4.713989981524180362e-02 7.677261935124317649e-01
9.935051605939569930e-01 8.897472973801657803e-01 4.670221386178652345e-02 3.638491603098985561e-01 6.360810652270384447e-01 2.075518690309329228e-01 1.085298476616469721e-02 8.636987671238051112e-01 9.378653457882385469e-01 8.447057628776036831e-01 6.728334093053974785e-01 2.001186715433707075e-01 2.338943599967279185e-01 4.104151468534531499e-01 6.504210043636274863e-01 5.383968810080218548e-01 1.647677451525362269e-01 8.735387306503743510e-01 1.186061167254626181e-01 3.924536506180802409e-01
7.997844052070590681e-02 1.981739102656651097e-01 1.094746743867838212e-01 5.899553984251956207e-01 6.461795740078580819e-01 6.724919053322320206e-02 8.430450846142089061e-01 5.196457329394380542e-01 4.379183501825990588e-01 8.393350547007015772e-01 5.556482881166668886e-02 1.317803328123881013e-01 4.187464624523757895e-01 3.459320876519280663e-01 4.943616928417768897e-01 9.489536823295713353e-01 5.697845397889766961e-01 9.260880677772383995e-01 9.101678520491748303e-01 3.073000554584170985e-02
7.366216114599934972e-01 5.142910198380221676e-01 1.065667406938625161e-01 9.914642786903055116e-01 3.419781319364146865e-01 5.182690781239148725e-01 7.691442047932403048e-01 7.467871183386716183e-01 1.666604390326852370e-01 6.655369742166069580e-01 8.135600532310020006e-01 4.899771788118194582e-01 7.840305212441653904e-01 4.280745137533592537e-01 2.306973679058115234e-01 3.478264832150717023e-01 3.007761337871812657e-01 1.092934943857688523e-01 4.481199994863572789e-01 2.275320934609289525e-01
3.301976463526985484e-01 4.958476725335702051e-01 1.764191231266492021e-01 8.871633771994384965e-01 9.769006893283123105e-01 2.311959910661787188e-01 7.207785602820514503e-01 3.216577694222391148e-01 8.026375030028850555e-01 1.299159774375940879e-01 8.759199789986988893e-01 5.485159653675010238e-01 8.207179067678948003e-01 5.702156427536754224e-01 2.907484530139877732e-01 1.905288866440316697e-01 7.479825409177935924e-01 1.792689917460251747e-01 5.513527650025130677e-01 3.178369828127975971e-01
8.234611773998385953e-01 9.481490168393058582e-02 9.360333300627099451e-01 6.928909667875412515e-01 8.015130636788780905e-02 3.635490186951969571e-01 4.918652120088036206e-01 5.762054941827318144e-01 5.691602600040738258e-01 2.542283140819390219e-01 3.919576045945735165e-01 1.647679098930586727e-01 4.789156386421948852e-01 7.931630464891498145e-01 6.529490479699733285e-01 2.629711896300945817e-01 6.332778901552507111e-01 1.383571013634389280e-01 5.199140966914039819e-01 7.019071610497801261e-01
1.272455344828846702e-01 6.964240567725724640e-01 9.659645669045542338e-01 2.327779833959844336e-01 5.153461090692577073e-01 4.743932261557265440e-01 1.274918033817296070e-02 7.945819927255792781e-02 6.214414724360017850e-03 8.268205646135168285e-01 5.786844155812550516e-01 9.320240937630183131e-01 3.424712709451885884e-01 2.332256213042230852e-01 4.292341513861226421e-01 7.496446797493707681e-01 1.592794630065029748e-01 1.938988484820876046e-01 9.689136287856512375e-01 8.681406697047839849e-01
4.935408929858253746e-01 4.943537937307412866e-01 6.889441066171905215e-01 2.848625511834390611e-01 8.808831029453570993e-01 1.066045234113378593e-01 5.321618114337886007e-01 7.440927206967730134e-01 6.396186266905004025e-01 8.158797601749255834e-01 3.819073435022519725e-01 5.364635516882254596e-01 1.022729383988882912e-01 1.680025742554535073e-01 4.985250958656869402e-01 1.435605146811168575e-01 3.163185566698146767e-01 2.022142840239515849e-01 6.148269752306591007e-01 5.783633727706802841e-01
8.317294843934008863e-01 4.980407886722649780e-01 6.251573766321325554e-01 4.154419038086557547e-01 9.551578174496400120e-02 3.533852180349031924e-01 1.510551766909140614e-01 9.627692681169596201e-01 6.826130646877022201e-01 2.091424230275993335e-01 8.563718565993380105e-01 6.325285492618184513e-01 1.358002775761306680e-01 1.553972732944381985e-01 6.504352429730383411e-01 7.545019297496948774e-01 4.473280058936217607e-01 4.678952039077637348e-01 4.090360109894231044e-02 4.482312544779355479e-01
8.525612491205591947e-02 5.002321816712033131e-01 6.014910215123734361e-01 1.393446891608512983e-01 5.620896608493033408e-01 6.256647695051854585e-01 5.416578969894205731e-01 6.560319289119705966e-01 9.167429692052212475e-01 5.211577522639646576e-01 2.698628626598157387e-01 7.353678454565590883e-01 6.311803236654869309e-01 6.546233928884486186e-01 1.641031494037235028e-01 3.365215449524531222e-01 7.898395462172913550e-02 3.470161984792854426e-01 6.769942626669673835e-01 7.804706757162256370e-01
8.154425958978758215e-01 6.994547175898955249e-01 5.525982179882360512e-01 5.788100598725005597e-01 2.512581948578074265e-01 8.368585013354759017e-01 3.187340248476617788e-01 1.938394981615736423e-01 2.440674317352160561e-01 7.216699764409303386e-01 8.411216696663700310e-01 5.206022800919618554e-01 6.791731729974018750e-01 2.563813140189693529e-01 2.566902153399350794e-01 1.958458077539401154e-01 1.745539313383328572e-01 3.714322525591574609e-01 2.943797044618132741e-01 3.751296112246176317e-01
4.890235349493364803e-01 8.494736137377367768e-02 7.463881055449216317e-01 5.223736936265044317e-01 4.573666110294906106e-01 3.387095699357636214e-01 5.736767899612391641e-01 7.510626413558866288e-01 4.301858179206019539e-01 7.398974025120619302e-02 7.561705063820265416e-01 2.882480789803770760e-01 8.952095503244106300e-02 6.443419182378015142e-01 2.023452527722725547e-01 7.552041145095325092e-01 2.001056235706514252e-01 5.023059907726994400e-01 7.323312361715395014e-02 3.642878539337435218e-02
2.321255797650179087e-02 8.349553343032134478e-02 2.308615822146113938e-01 6.285544986221718311e-01 8.660967549689334577e-01 5.964980588277735141e-01 1.248470441876083914e-01 4.375294655719859094e-01 4.296453504032171633e-01 7.644611659564761741e-01 5.512938274753839130e-01 7.285548571509121718e-01 7.374707181092778896e-01 9.115014013337392473e-01 3.426810343621029542e-01 3.204382542617335572e-01 1.638041952506431587e-01 1.714445000542791364e-01 1.037320575552674873e-01 7.625756289487987116e-01
9.648697348990280531e-01 8.260499852204715721e-01 2.756206604593977039e-01 3.442104020295396749e-01 3.662383310293840788e-01 4.152625926726062344e-01 7.671989596279915613e-01 8.988640029042660462e-01 6.625954957348206831e-01 9.999783093794106792e-01 9.965896754497461929e-01 2.146457955320644206e-01 1.044148977285996871e-03 7.864119401818957522e-01 6.362398188692826029e-01 5.112189751474073285e-01 2.770879162709048993e-01 4.409953586091096556e-01 7.144099710755666965e-01 2.673243000398580760e-01
9.080409737332286735e-01 3.827715260821221710e-01 4.221037901894052480e-01 1.832289608996410246e-01 9.762357811586412915e-01 4.988175243123725844e-01 8.794635542447470922e-02 7.123919167897837523e-01 7.865002851470467293e-01 4.243487947234058089e-01 3.466497579658456285e-02 4.500195706240518456e-01 7.776196039727722997e-02 2.421484958881048311e-01 9.895445138009011377e-01 4.598521022973042216e-01 3.656355711482440762e-01 2.366938095363386729e-01 7.094799113347028952e-01 4.895278475179331013e-01
3.541641855884148926e-01 2.686131554971201707e-01 8.014108183022666809e-01 3.048366898218812793e-02 3.257297258239644222e-02 3.463788171243722402e-01 4.880349415142767322e-01 1.157242613672794240e-01 6.881308537150233606e-01 8.839602968154357532e-01 8.633698403717553482e-01 4.017361276841522333e-01 6.741216117991355450e-02 4.166947910714159375e-01 1.716513609771599391e-01 2.772816032311538059e-01 9.083765156836259846e-01 1.566014491675684628e-01 4.982662132439826808e-01 3.260592321218812595e-01
8.444205132145848891e-01 8.777655291195347598e-01 3.150720711584229505e-01 6.129399929643246647e-01 1.198996474946277813e-01 5.362950194623669065e-01 1.279951648639834350e-01 6.992739180242675268e-01 9.994736444539048525e-01 2.985441521929538267e-01 1.433600701776014397e-01 8.533136070676744511e-01 3.609584878910832018e-01 9.761213147367845400e-01 2.107047636019020453e-01 7.489128093095467342e-01 6.060591927605460949e-01 3.375010138393718107e-01 7.680834890805223747e-01 6.189163564697820474e-01
6.324590374351368727e-01 3.649430842959033860e-02 4.059539590294429789e-01 7.874116180416956823e-02 6.652912002766281363e-01 3.336507142984175278e-01 6.398098614733447320e-01 1.922759338475301671e-01 7.154166207358263474e-01 2.594444598582857919e-01 2.259652495626996993e-01 4.900671180608606736e-02 6.194156199956546427e-01 2.259159302197643049e-01 5.012535554243714442e-01 7.091608585723851998e-02 7.726890712018052998e-02 8.812915148957408684e-01 3.320357588731577270e-01 3.125307701413277961e-01
5.110737417134426641e-01 3.640319696504034086e-01 3.726478715964087751e-01 3.204149120751376145e-01 9.808075818378233501e-01 8.810032285134085095e-01 7.139963255163639388e-02 1.796463213490180344e-01 1.929061912427437742e-01 1.651955761083813146e-01 1.408596960957502198e-01 1.850054702923077388e-01 9.518316463833331742e-02 2.807812986394264687e-01 6.050554601064238591e-01 7.281056749122100102e-01 3.920220876538902388e-01 4.650470763022191978e-01 9.971204621353689790e-01 7.069178900452557368e-01
1.322916207719795345e-01 1.137419218588668901e-01 3.399252393395335581e-03 4.636505509954644833e-01 9.130849962976202994e-01 6.253896884141700863e-01 5.393641713324078824e-01 6.951586176282695817e-01 2.564964151059323516e-02 3.813647799450095022e-01 1.992602508313936482e-01 4.517635546988107986e-02 2.167116945914127069e-01 7.980377427871551133e-01 4.913127890293161881e-01 4.015269504177781945e-01 2.069216968705156479e-02 7.404297052025421433e-01 5.009565976240817342e-01 1.426417312507094470e-01
1.119805872197605634e-01 8.826650776525132303e-01 5.945186822820814898e-01 9.371927178649236412e-01 5.164218730772280885e-01 2.386652630889685156e-01 1.226834654577393380e-01 1.712653506198766884e-01 2.663727068410293164e-02 6.813600616621472428e-01 8.541776234980389404e-01 8.315569198675253348e-01 9.441336648337883553e-02 6.131005535663702766e-02 1.697210096383505729e-01 7.613701023330166073e-01 2.457298229126365641e-01 7.204913052689259079e-01 3.123784031050047538e-01 7.929913530555245949e-01
5.037823235828901014e-01 3.909152835648497248e-01 9.574399884691281448e-01 7.102468507710413270e-01 1.117130061296420784e-01 1.450666422775612752e-01 6.318338982446956020e-01 9.126386047991198458e-01 5.059354188353570869e-01 5.374095695742616696e-01 9.381692419869758215e-02 4.089686617494026066e-01 7.119009584696669446e-01 5.747721373190672889e-01 5.172553483845075961e-01 7.047605154234726221e-02 6.330363667382226112e-01 5.162711957496124437e-01 3.955839111865813162e-01 4.787932509845063134e-01
2.557922634030809217e-01 5.437979480477750371e-03 8.444963711138891993e-01 2.827187743899568506e-01 4.743306878020037143e-02 3.429042808599473968e-01 9.900409217511635385e-01 7.531568180653830380e-01 5.505401820282905812e-01 9.712159225473130375e-01 9.665153776704411559e-01 5.996089535488929867e-01 7.459186166937341600e-01 5.444792353997071066e-01 7.110779414470995707e-01 7.741906482056565286e-01 6.792855983433335743e-01 8.157958145992320054e-01 2.345592193545276150e-01 9.193856108924864934e-01
7.615500410438837964e-01 4.616128734002599154e-01 9.175770150334104924e-01 2.873619474357691495e-02 5.277444878082860891e-01 3.705927232571615271e-02 9.526981487809643712e-01 2.791301258627032489e-01 1.355457587226854832e-01 3.143516061406878004e-01 2.611143302098721808e-01 2.349450862152990815e-01 8.017877543549994934e-01 3.393112347142263063e-01 6.838150404234880630e-01 7.432707691434390362e-01 5.357419185201937051e-01 6.306436475433667699e-01 2.152145899199674473e-01 1.659066102722794867e-02
2.409194708237147875e-01 5.709884784209144915e-01 4.084173288400489987e-01 7.607287096617856292e-01 3.032953060944129087e-01 5.507797562288576643e-01 8.488588418407931879e-01 7.506505891277827081e-01 1.915637342720587499e-01 7.864900156644111240e-01 6.357234019160625804e-01 6.668611677665308157e-01 4.983284298488936948e-01 5.720765867665039695e-01 3.642725752095289371e-01 8.999686861761079237e-01 1.419332116055582738e-01 9.995777200827005160e-03 1.592692097076999769e-01 6.288556459312267810e-01
8.908785226849703642e-01 4.776083084728877104e-01 2.255776756801879390e-01 9.811980405257937354e-01 7.413336564193886424e-01 3.718353175752661111e-01 7.243550915811449720e-01 4.256872730034934049e-01 4.481586100312383580e-01 6.694913949602432357e-02 9.050511868687823869e-01 2.376810110220090033e-01 5.240125811909956965e-01 3.755281501776613906e-01 4.504062852383802218e-01 7.951275359334907256e-01 2.348082312658950066e-01 3.590008473232911834e-01 7.566551142688230369e-01 5.743479493312640960e-01
7.213920015729058388e-01 1.031637506273974658e-01 1.146265140631351764e-01 1.591206857932625507e-02 6.494333872504365335e-02 1.309086249584539008e-01 2.154717841088865660e-01 9.324911832480922147e-01 2.190338931342434847e-01 1.109069198575650672e-01 5.767504481490505208e-01 6.202863298589877949e-03 4.975255192484198119e-01 7.450145888367557534e-01 3.509226879553533074e-01 9.061861649643399019e-01 9.789701024261217022e-01 7.980254152863786032e-02 6.880672083932575234e-01 8.722095724278904338e-01
