5.473611138416232258e-01 1.986659781694412041e-01 4.735064829906667772e-01 6.390101631741131882e-01 1.619912935476079952e-01 5.219210395080908782e-01 2.913713257131078649e-03 2.229638272910925423e-01 1.552838936410927406e-02 6.768919354106655017e-01 6.475012564460012054e-01 8.177210835470635208e-01 4.764457774197873308e-01 7.383640405270622820e-01 5.197016100108096115e-01 4.029221914502185697e-01 4.477708330716874130e-01 3.123585860725621721e-01 9.781905879788416192e-01 2.477720188006435897e-01
4.447533806704362380e-02 8.719161545053659701e-01 1.063912954127478327e-01 1.433810080403992160e-01 5.505097337473148222e-01 4.400699811698960406e-01 6.468548368717924602e-01 6.602840649266799034e-01 1.740375990733978862e-01 2.317522155426920971e-02 9.542060282249246184e-01 9.241174915141181501e-01 5.475138998812245639e-01 1.703071360475725271e-01 3.122427410234301925e-01 7.501019509813925401e-01 4.504775255971946724e-01 1.604271910380632438e-01 2.144382961997470805e-02 2.909050137244585388e-01
4.623480972311508896e-01 7.222843667776274179e-01 9.796334242754042299e-01 6.449497982441748656e-01 3.846266129063296013e-01 2.417941553610081229e-03 4.900372518836140223e-01 9.330999586853716554e-01 6.499580290855178077e-02 5.876222067511890357e-01 1.327222758762383048e-01 4.145691651472507289e-01 2.869112559345632363e-01 3.651294019101990473e-01 3.468994566198460028e-01 3.959246451849169901e-01 9.463714999290456786e-01 5.265162485610790366e-01 9.055340483682343677e-01 1.701239200306412513e-01
3.861071308563557292e-01 7.562301186553417320e-01 9.144119630038346491e-01 1.962347575714182835e-01 4.769845035924452636e-01 5.772722380792967289e-01 2.473650892939853740e-01 6.547223063883873539e-01 4.586924380696659753e-01 8.412668991363092541e-01 7.344676065586950298e-01 7.922822434425622617e-01 2.284918237106130512e-01 9.403463332006675168e-01 1.488986205715137068e-01 5.925430778311311375e-01 3.930799989506235104e-01 1.494752609327798520e-02 6.709478877228853833e-01 6.815575387597992973e-01
5.072948581976592930e-01 9.993468456793390686e-01 3.266948944511872677e-01 8.646947323467241153e-01 2.543551276065881828e-01 8.002720899095364659e-01 4.912541474006549835e-01 3.412893090668486229e-01 4.599845622792091415e-01 7.873654559055109914e-01 9.525281059784268534e-01 4.601198687319073555e-01 7.907954798986703837e-01 2.821990720698921429e-01 1.108806671647429853e-01 9.868110387522731619e-01 7.885939353117491502e-01 1.398570947917238128e-01 9.764451178477008275e-01 1.511570473327497055e-01
1.019921669779583207e-01 9.467311323349565377e-01 3.171232172745530598e-01 2.065982636489058777e-01 3.693054713167586156e-01 6.620270066980693535e-01 7.222599515164042083e-01 2.986736175474569155e-02 1.893798004392353018e-01 1.752869320860427349e-01 3.406672154099146255e-01 7.894488495859134369e-01 6.196148530470502180e-02 1.259388828011965833e-01 2.308597124895792607e-01 5.955515022997035501e-01 8.764900071881768229e-01 4.352975399429275249e-01 4.612989941348641931e-01 6.385200852500366731e-01
4.594980664945258475e-02 8.879412139223291645e-01 2.477716290541248645e-01 2.867782549475771381e-01 1.169140061050524260e-01 8.518631317289921956e-01 1.187425808412606587e-01 8.796807785077012110e-01 5.405557765971813478e-02 9.688841242460185521e-01 3.922923629377659260e-01 9.362353070079024731e-01 1.926446272835873330e-01 9.809896707677467909e-01 9.763990757618419281e-01 9.686983842277440138e-01 6.536855893735505907e-01 2.444071372781362328e-01 5.222034488649529571e-01 2.392816701637709986e-01
6.565198415325108616e-01 1.120040810753815119e-01 1.236980063513359873e-01 6.978060487571404735e-01 7.998483769723033765e-01 3.962457937208342384e-01 4.530313186242189705e-01 9.475945948520339002e-01 4.858666996113759629e-01 5.179142925381049478e-01 9.676577624020007429e-01 8.653261742026833181e-01 2.388501359785711875e-01 7.290742093762736520e-01 7.238585510124695421e-01 1.082962807468231814e-01 4.453321716627087756e-01 4.602844232115989032e-01 8.064619745867247502e-01 2.678551975172051014e-01
1.983775503032523257e-01 4.554901687559748114e-01 2.517890599602252699e-01 7.047438980568125899e-01 3.265945483015677553e-01 3.395681788909966636e-01 3.497230302009549652e-01 6.939337171652651959e-01 6.882534789574463741e-01 2.687936208766461554e-02 8.981578700883408040e-02 6.128741592353152967e-01 5.456706077367619034e-01 1.842121173074918739e-01 9.265861096679720577e-01 9.187913774237357334e-01 1.721593158812840807e-01 2.986199853254535297e-01 5.406908604960320996e-01 9.588957309152807973e-01
7.150660229091423403e-01 8.923014720252598897e-01 5.171459146123126294e-01 2.435277279287479946e-01 6.980722653990724114e-01 2.726107821935144226e-01 6.446192213090138345e-01 6.593029324406792790e-01 7.146108357919633836e-01 2.577766919560415815e-01 1.826003722424367481e-01 7.034840805913999962e-01 8.719166824085625711e-01 5.718998039266159905e-01 1.118573808915144241e-01 3.717933762150812393e-01 8.067564199817314208e-01 2.815640539861929970e-01 1.505594240760506075e-01 6.536896061008304892e-01
2.626568197801061322e-01 2.005876384923793720e-01 4.492983641316636856e-01 2.057369057167981463e-01 3.973772373183439566e-01 4.375906985078754641e-01 2.309861956850400855e-02 4.291651313542231838e-01 7.540892319642307218e-01 6.999147426898597590e-01 8.786567502305001609e-01 6.019842660004952606e-01 3.325460861191844586e-01 7.918448108154413356e-01 3.797294357435209156e-01 1.029412066081760724e-01 1.749837057519081362e-01 4.691248073655263084e-01 7.863018691852037279e-01 7.086580991270451380e-01
7.764035387292396173e-01 1.763448759356722739e-01 5.557391463221759142e-01 4.108967228057057719e-01 8.755336380607453561e-01 2.725043653543316458e-01 4.015407940053734581e-01 4.626758592508495305e-01 1.637355596250581469e-01 9.966403455465031591e-01 4.141898563481949402e-02 5.266675675494669751e-01 8.763417386024565658e-01 9.845963370454232644e-01 5.474144172289522325e-01 8.505509870735269429e-01 5.949734454893995661e-02 8.333930023062544601e-01 1.311779756261853835e-01 9.551244674052603578e-01
9.609054994229060398e-02 1.202385150906901679e-01 7.398919868336939487e-02 9.458012100574706427e-01 8.426423059679774008e-01 8.439552737864680632e-01 4.411601657039737612e-01 5.268641161599166844e-01 3.489640323329155081e-01 7.909400203923306893e-01 5.323304393208709850e-01 1.508681899887442945e-02 2.009962439938118850e-01 9.889586558586365150e-01 6.408066339260100053e-01 7.261193997021100355e-01 2.446006290595348354e-01 9.951890204697054765e-01 2.634657526808934502e-01 9.654703753527198451e-01
4.715601925222747681e-01 9.954444022442543449e-01 8.668148614417183762e-01 5.801075523048327964e-01 2.422870151699840768e-02 7.055403094906305128e-01 7.785045400851590136e-01 7.060123393915800349e-01 4.286702122159427031e-01 8.585062253806579058e-01 8.408984087618194270e-01 9.721665771409515600e-02 6.455074160038409836e-01 6.480907027909376117e-01 3.981878685909356896e-01 1.624828236917837954e-01 7.274138311199689344e-01 1.948937647875533807e-01 8.567083612747860011e-01 8.898434361241360779e-01
2.586487694238936985e-01 1.507405508593760990e-01 4.984256446166812626e-02 7.110792255683527907e-01 1.809551164850859983e-01 3.586876237977840720e-01 8.921482953869068755e-01 8.427057155380087705e-01 7.899533583625367728e-01 9.078606836691446302e-01 6.917150473323168125e-01 3.293298672265722038e-01 4.360241579468818740e-01 9.194781337098750784e-01 1.465849217147890959e-01 9.812153572796799006e-01 9.248804941374396682e-01 2.853351090988447414e-01 1.176833710448788040e-01 8.908013063102877549e-01
8.367689148913433073e-01 9.722453266977780784e-01 4.275382562299161471e-01 2.463416164558454025e-01 2.458759198486627495e-01 7.066103727457565542e-01 4.815440663639956043e-01 7.265311734303199209e-01 8.445614658593088020e-01 9.559589225738939211e-01 8.041660050583956387e-01 3.582310652503782888e-01 2.450007243352444464e-01 8.939967299574589354e-01 7.681935017058142412e-01 5.091007628295967091e-01 9.310827429023984525e-01 3.347593097636800685e-01 8.489214731906603584e-01 5.453985526866756972e-01
6.472833034374350092e-01 8.260577536499296158e-01 1.174290675045073229e-01 6.589925224684262117e-01 9.501629312635097024e-01 3.603405596940492117e-01 3.117694839927440675e-01 1.905431129685078995e-01 6.055219429948783816e-01 9.627206290998344684e-01 5.755000096617360894e-01 6.465293411234174226e-01 5.673615992449032586e-02 3.912872280058219410e-01 6.020313342772583010e-01 5.596515270238708872e-01 5.633892386680607878e-01 7.890861271485880568e-01 6.698770784725959215e-01 9.272208002056507858e-01
5.042192718126952133e-01 1.200006285234145320e-02 7.771967324261886967e-01 6.269993993417051215e-01 5.478805071099679402e-02 8.156959608441279874e-01 9.195786857291099459e-01 8.139030000033308232e-01 9.557952499005578639e-01 7.683277658848873815e-01 6.637603274402468223e-01 5.543306981819503543e-01 7.842934977580907630e-01 2.757810536178884053e-01 9.858087800625031649e-01 9.902894029798999798e-01 6.789063690737299206e-01 9.969539658098289792e-01 3.281030806037343872e-01 3.776114746712222470e-02
3.219471611579871606e-03 4.388274297638771193e-01 1.108418057504474419e-01 7.990848985106728808e-01 4.174085748948730412e-03 3.781879622648405270e-01 1.875530355127816851e-01 9.694150755274353326e-01 3.037031472019554590e-01 5.722134363193245310e-01 7.317158383381450193e-02 5.684072059078129069e-01 1.953697671391686486e-01 1.776373969319137158e-01 8.007080261384936781e-01 4.792692492018576500e-01 2.798572538536403531e-01 9.609422510114590255e-01 1.548408808576716700e-01 7.949888585722308942e-02
6.295684620472542514e-01 9.331729897400831142e-03 7.439120913944268221e-01 5.884625426086769195e-01 8.555950363578487261e-01 8.987507449307498009e-01 4.640456893521253123e-01 5.741010649107318731e-01 9.996876633104242460e-01 1.624556487956968498e-01 6.285476273550905102e-02 5.803732321548551454e-01 3.608252389872507182e-01 7.778667623347456095e-01 8.580487781594128283e-01 9.637958043276872999e-01 5.717459289284276824e-01 7.907302576759412949e-01 5.030935641617608756e-01 7.507932310026474987e-01
2.693094206296390292e-01 8.086710930122764651e-02 3.820127824443211306e-01 2.325665917039442254e-01 5.952085040755811240e-01 6.771805770603974706e-01 1.012630441529103198e-01 8.181093250256157301e-01 2.990398015941698739e-01 6.571871117436962617e-01 8.764466433188894401e-01 1.368905539560161255e-01 9.933699935506691281e-01 4.777286275464404097e-01 6.604457618021869481e-01 2.794967634423910496e-01 3.196116363910839198e-02 8.973899826897611121e-01 4.678321346885850884e-01 9.852648676189412758e-01
7.380552854164447174e-01 9.013564314181155002e-02 2.825282636236234879e-01 3.974320698435355181e-01 2.158110119341424271e-01 3.999978651625057946e-01 6.261685132980097102e-01 8.582267044324370930e-01 8.794334749938137463e-01 8.929961395897220156e-01 6.385367462706057484e-01 5.560218189398092870e-01 3.701507769053968833e-01 1.872415396524973463e-01 3.650494229743772578e-02 4.931295484495621384e-01 8.932606999905118306e-01 6.779418491170863259e-02 8.106079154604426407e-01 5.269236866445001777e-01
6.120102568084934136e-01 5.895220785758690241e-01 3.745925970046528608e-01 9.997186843545019519e-01 5.286868330156779816e-01 1.291407909582283908e-01 1.489878574663487942e-01 9.303198810429319510e-01 2.214122793852716375e-01 6.674106255087242090e-02 9.156465501001662677e-01 1.057500456623216012e-01 8.626679219353303729e-01 2.774245923231547506e-01 7.287976799002419126e-01 6.494892356292250035e-01 9.962096395245000346e-01 7.157439505527468659e-01 2.953981849211595456e-02 2.058545991545509546e-01
7.551208080971295589e-01 7.115092784605211440e-01 7.137071394387820567e-01 6.447900198368278213e-01 3.010607987739233327e-01 7.384988574488694502e-01 9.964806827966731229e-01 5.931380689472010026e-01 4.458540479289692104e-01 7.861211886164871654e-01 1.058971930108342230e-01 3.598866628844411553e-01 2.453014716115484717e-01 3.320248978395579087e-01 4.122058357561714237e-01 1.263068944334888588e-02 9.381596839674990473e-01 5.797814026848159275e-01 6.151942166358554953e-01 9.467462792333104504e-01
2.035749459733737776e-01 7.616255839606355105e-01 7.887476201801432163e-01 1.028529308796042319e-01 6.720668099168044529e-01 5.570267737771864569e-01 6.820389368869965718e-01 9.922680832975301346e-01 8.928991667842389734e-02 7.847898087496103514e-01 2.383206909907040760e-01 1.798564221009122388e-01 7.647936614419312829e-01 9.022220948275071484e-01 7.379154192056383010e-01 4.485404003046360444e-01 7.038368404772997744e-01 9.794617479573476393e-01 7.892371147714873914e-01 1.855165438585825166e-01
5.114896947253687598e-01 2.653986906179971461e-01 2.490851388720131121e-01 3.087738116787797082e-01 4.457627254157316976e-01 4.325507593234222403e-01 8.197170459348372962e-01 5.823572774171926758e-01 8.680621004090771642e-02 9.748108384114341218e-01 7.166244835979603822e-01 2.737952499649108917e-01 1.905302879992083476e-01 9.714689207363101930e-01 4.550121107029402312e-01 7.646528963308704130e-01 9.211661976452066858e-01 5.933172916470297320e-01 3.546254935506399919e-01 1.700915608861227613e-01
9.594541264262654856e-01 1.287724351374374132e-01 6.184529993258359726e-01 2.288388639085491283e-01 9.689668368136830079e-01 8.204046952048905661e-01 6.378467546872801375e-02 5.976386430853605214e-01 1.512306352215687655e-01 6.125775653006101384e-01 3.937167639989840318e-01 2.193309004556069919e-01 6.534799642908402095e-01 9.690798856287763385e-01 2.575443532955146164e-02 4.852718975844805271e-01 8.092871902205164281e-01 8.223026978388744412e-01 2.386768833954571178e-01 7.751073579334142316e-01
3.281445450237523431e-01 7.542564793841614046e-01 8.487074396282927591e-01 7.980266715551440626e-01 9.765974465446669583e-02 5.142497409385188289e-01 2.276401785574433401e-02 6.053114980824140234e-01 6.538425340726766732e-01 1.070194244463810174e-01 8.930868718636353343e-03 2.409906043891172356e-01 1.616000437839294479e-01 7.376514530034031791e-01 1.911574987832711514e-01 7.086957142396266285e-02 9.644454419279122614e-01 7.030111334620080532e-01 8.228154082656864432e-01 4.338879101810297900e-01
9.681969604668505536e-01 3.446415097095090196e-01 3.231274825467964629e-01 5.711268226824550709e-02 5.447801949024054791e-01 9.299012809060303031e-01 7.895175819884541202e-01 8.125245080162191158e-01 2.378626174800648752e-01 7.921435798529073979e-01 8.955046413345131295e-01 5.239321900026306933e-01 4.072527291662403348e-01 3.569599139382050312e-01 5.123717804868241910e-01 1.184091171213530469e-01 7.241626682155889450e-01 9.701735148017840427e-01 5.507249965957224935e-01 4.784534153626865960e-01
6.044153890473563662e-01 8.057484554411032951e-01 5.999149387840518877e-02 5.904630862629820509e-01 1.116158038102098571e-01 6.358373128748434633e-01 9.896731117377877140e-03 6.720349276682946460e-02 6.912614488275810043e-01 5.622817001543829463e-01 1.815390309777309419e-01 2.374077808600666417e-01 5.381521327686222822e-02 6.198685993187689203e-01 4.184385609237262216e-02 7.353731141889457978e-01 4.963605950784432119e-01 4.707549985723380459e-02 3.868774926001409264e-01 4.043990071215624038e-01
8.381593224456030944e-01 1.543191828952495959e-01 3.816687128830980047e-01 7.676008358727032244e-01 3.206525730190392665e-01 2.035896005287117783e-01 3.614988277439574738e-01 3.078542400939507928e-01 3.646869637026075583e-01 6.338921134550206116e-01 7.196637924043918222e-01 2.330683480633903848e-01 7.799903623200777902e-01 4.869054019256506827e-01 9.619172980004092599e-01 6.462584482332233149e-01 6.233382827661489989e-01 8.252746608880612289e-02 1.788008353314007870e-02 4.422802570290292890e-01
4.800944339478596667e-01 8.434412383378083744e-01 4.889363736460609067e-01 4.539776459162121469e-01 3.558552288474688963e-01 7.665217377372103291e-01 5.452645925000039195e-01 5.527280104697090968e-01 8.503415655499220183e-01 1.413568171814056917e-01 5.119577120382967639e-02 5.821716039187451175e-01 6.725251176712820911e-02 7.889982852119280521e-01 9.798023101648580813e-01 1.809122135794015707e-01 1.695051627378374448e-02 6.857344449508607775e-01 3.930089184070464370e-01 8.308482333924449570e-03
2.965208414439769458e-01 6.650749385653950130e-01 6.303118950089380279e-01 4.966799068663647621e-01 1.444552840688548834e-01 5.309672967770787677e-01 6.357136321889221842e-01 6.249426512866632644e-01 8.085414055939100786e-01 6.606513312274334693e-01 5.556135702382223318e-01 9.635269254457473620e-01 8.882566462688343822e-01 7.644176883856531601e-01 7.300275494803024623e-01 1.896712105266229464e-01 9.100366994945746635e-01 1.971603544211845138e-01 6.708492161309264068e-01 4.222130487748562144e-01
7.952326500600763737e-01 9.411371860506813070e-01 4.944087104485963557e-01 7.166817396541398377e-01 8.593442636697771198e-01 3.596401767684063167e-01 8.894179072735115543e-01 4.595831830087594438e-01 5.030815100138605889e-01 3.408750807220145562e-01 9.369645429520634394e-01 2.910738205134547618e-01 9.900051172508238517e-01 3.157049576786260525e-01 2.224553972752043585e-01 9.791603715316067325e-01 5.576974073865383907e-01 8.137934707855629668e-01 7.175331834994342906e-01 6.917573006073169939e-01
3.916998774274029760e-01 7.473103825346492091e-01 5.727138724337726972e-01 1.766591451922552292e-01 4.005581130603785844e-02 7.545473942478397866e-02 2.705182908595816782e-01 3.530581548337312636e-01 3.344849501488411647e-02 8.248037097736096168e-01 5.789075773990537410e-02 9.703531098389054366e-01 8.678683456189254519e-01 3.659385672886323881e-01 5.469356181115734294e-01 6.611343886181016982e-01 5.922509577681844828e-02 8.250845106552713304e-01 7.847491762422044159e-01 4.275925670331751638e-01
5.416238601434466560e-01 5.437764595486128671e-01 7.938653483764470664e-01 6.086649528950259791e-01 3.092564245325238881e-01 9.911658262161624489e-01 3.343424087105117959e-01 4.584959538031435633e-01 3.217758763931823918e-01 8.456038739708766627e-01 4.095228277284639340e-01 5.350949979168205806e-01 1.069230764283913837e-01 5.387953993396807917e-01 8.184550239044153797e-01 2.428449505026166744e-01 4.307718887261886564e-01 7.523505990780852137e-01 6.043703121218105823e-01 2.475576467895590493e-01
8.829836376624958794e-01 3.100157923310830066e-01 5.889205789985985096e-02 8.184003637026125988e-01 3.991968047743795767e-01 6.557018640037779456e-01 2.748434575540381619e-01 9.447149329106420135e-01 2.140465688892512208e-01 7.793948149658996849e-01 7.863027257646370005e-01 6.984202671092176740e-01 6.564239872779874529e-01 8.579216568847635171e-01 5.595754867714475278e-01 9.260717577117860699e-02 4.768097370785283617e-01 3.557518760058131502e-02 3.342845502221922782e-01 8.298726318513124367e-01
5.822919576738604386e-01 6.891842662617660986e-01 2.756755582127226045e-01 7.319108378470474685e-01 6.846575314164810022e-01 1.819310524461956735e-01 9.875220427068994722e-01 4.723431571121371464e-01 1.852387222446226778e-01 2.474882886801865745e-03 3.105484654419029544e-01 4.987219551451204103e-01 2.751826859313459828e-01 5.352212467721517708e-02 1.617418078456948072e-01 5.452091900271238689e-02 3.524873723947630211e-02 1.041154910598253158e-01 2.028119555323971701e-01 1.591894136384548464e-01
8.207567604562863162e-01 4.757121623372324581e-01 3.950144923439682376e-01 2.898995050431885101e-02 5.979183312521724192e-01 7.357970663973698588e-01 8.914205935105521394e-01 8.410127704594612119e-01 5.546798326068543838e-01 6.004949512751195373e-01 6.677291817549518838e-01 2.245947385040469868e-01 2.416197169339351358e-02 3.641553611362022824e-01 4.242074056901613544e-01 7.189859533117495261e-01 4.516679775648809736e-01 4.776059367033327341e-01 3.752185060534727334e-01 5.962279523796679692e-01
8.537088557792771315e-01 9.910587934549448530e-01 5.353990316311463271e-02 9.597553028645291473e-01 1.313963850420618584e-01 2.837324072538771613e-02 7.969006962301279362e-01 5.977159827324523000e-01 3.099063035799657362e-01 2.676356280145575361e-02 2.222971162065201511e-02 5.800458028255318643e-01 2.842712950663188742e-01 9.828339210985975738e-01 4.894229041012887471e-03 4.047754897673783159e-01 7.023865194481030416e-01 9.497523312173510313e-01 5.478945580793216363e-01 8.921964439791945090e-01
6.281595667392247950e-02 9.988439005685086913e-01 2.944534442893218529e-01 9.281096670577929642e-01 9.997252263294358343e-01 9.669971611909692344e-01 5.258698426805187287e-01 3.382332485215321372e-01 8.915931461926098756e-01 6.459621125894133842e-01 2.373986706923472134e-01 4.756156261659530982e-01 1.633557702716103011e-01 5.638241236576955195e-01 1.671397943111352369e-02 8.741399949148395132e-01 8.897511317694276611e-01 4.100870365391856565e-01 5.042467603875012694e-01 9.563645676139931329e-01
4.747230178032979531e-02 1.995287713884505987e-01 2.501186921366084226e-01 6.440936728900633623e-01 2.831693344575532123e-01 5.627635803572372808e-01 6.522565717778429084e-01 5.010978063793852799e-01 8.411703116147127846e-01 9.413493416950137194e-01 1.084890675357714773e-01 7.102444560385144934e-01 1.953174867703297846e-01 5.742900831921110560e-01 9.511683533478523245e-01 2.962073669080804716e-01 2.499678803754412648e-01 3.677287145996600559e-01 5.494224760464394564e-01 7.504277138195398766e-01
8.059667695592553915e-01 3.021971540529481137e-01 2.934238601099004029e-02 2.003477704051561670e-01 5.160033652646528468e-01 1.794715604767693762e-02 5.025461302632416860e-02 3.675018510701606456e-01 5.895444024497835667e-01 5.885814435621563590e-01 3.510110131236330311e-01 4.406949378146594043e-01 9.233160456362687896e-02 3.465359746940495089e-01 3.985798733976911867e-01 7.988244507110562331e-01 3.187606102117448437e-01 3.902232970721317695e-01 2.938045654801701989e-02 5.616384198014043871e-01
6.334202013248814156e-01 3.783043687937008848e-01 6.556308951062476131e-01 5.523476236761980518e-01 1.849399644053928427e-02 8.349302192368178721e-01 4.050835059875700361e-01 8.008101505258581332e-01 4.865033183505396153e-04 2.681362852111454087e-01 4.806101425431127394e-01 8.959330484066665434e-01 1.711581052982200646e-01 6.656692382825070142e-01 8.090297715652716715e-01 1.684758287154031198e-01 7.961616079397156875e-01 5.474746389310520822e-01 9.406855591783426229e-01 3.764528473335725378e-01
5.079082313567537810e-01 2.098574483092283671e-01 1.454127135489411415e-01 6.661754893925546650e-01 5.894947934546357349e-01 1.478009084307840837e-03 3.748181916733173136e-01 8.941149756711708196e-01 9.782451178988650353e-01 5.909840457126211977e-01 8.578246230461524791e-01 6.842141310168678991e-01 6.471610484139140862e-01 7.758712228498808594e-01 7.235196561892782707e-01 1.687100735866775558e-02 6.816703465167653908e-01 4.267836752125909738e-01 9.734334349530093800e-01 1.031870795763024651e-01
1.043189681670775304e-02 1.116412495086434031e-01 3.776100337901935333e-01 1.241229438081423719e-01 3.317768370874378814e-01 3.014599895219983727e-01 3.844981903776479859e-01 4.480803368674571852e-01 7.172813960190925764e-01 4.049290468194144399e-02 2.529974532797760745e-01 5.514547666894215050e-01 5.098881526214426030e-01 9.747363131906323641e-01 4.052226322731427022e-01 1.616259959704128280e-01 7.828901775064012192e-01 6.282953938091949686e-01 7.331831523313312449e-01 8.593425913229869595e-01
7.120930974704597904e-02 1.099442071764230588e-01 6.731328949670235540e-01 1.981764218225229301e-01 3.394752232843378792e-01 8.558198605440492379e-02 4.175255835002104066e-01 7.629009735958238725e-01 9.493778364275184956e-02 9.883164526586628584e-01 6.263443148760149404e-01 1.085052405922143359e-01 8.835514081156955468e-01 8.086456403189646869e-01 2.527269447061361030e-01 1.638698773666976694e-01 3.768114402891213910e-01 1.142559108744165552e-01 6.029956173097561489e-01 5.721650042115069557e-01
1.026752000287971534e-01 5.840436639955479681e-01 4.244237484192956433e-01 2.746281642869108364e-01 7.643979773941023126e-02 2.599610744943340324e-01 5.392972743390440638e-01 9.122901682103555787e-01 5.045471329227234625e-01 2.734835925326832839e-01 4.642300910478058817e-01 3.275803640727450450e-01 1.665130666420355787e-02 4.293023240908268034e-01 5.772084195920581529e-01 4.448524031122664812e-01 4.331593072864385885e-01 8.618903797081500784e-02 8.224063243375480114e-01 6.143095864630546687e-01
9.539146118710676303e-01 8.898140638943254910e-01 4.625113533717173375e-02 9.207520500574718492e-01 3.572613538411788525e-01 5.144068031413551179e-02 8.423094603069478659e-01 7.176281227993405176e-01 5.816643878022036418e-01 9.076795596562191593e-01 5.664425377797672745e-01 7.988020993014852689e-01 9.380259737696291511e-01 4.592068950258743065e-01 9.922365008995692737e-01 5.834761512305396414e-01 2.962000185606572522e-01 5.490806347493875084e-01 9.833395314025357159e-01 1.136956924076714115e-01
6.965339437837884118e-01 6.429212790927633092e-01 8.636871135967724156e-01 3.726804677053067172e-01 3.140217674794076874e-01 3.709662445422374777e-01 3.139018898898693344e-01 5.081557243023687720e-01 1.033512887599399299e-01 9.424640672267776687e-01 2.849045813450563625e-01 5.284065378630325993e-01 1.645504804198549831e-01 6.861455477686829729e-01 9.695397616988998823e-02 7.934580033200154814e-01 6.884599410060503466e-01 5.699147672709825585e-02 3.964401945274740324e-01 6.983566000803804741e-01
1.703805813109438017e-02 5.795262657698719844e-01 5.034053809301333171e-01 5.061335759885082775e-01 3.195915645118184711e-01 4.772116334138114535e-01 1.071514000555646717e-01 2.868162981780661980e-01 2.178718281543146063e-02 3.269076568096330737e-01 4.794943485383431625e-01 4.622242262888683895e-01 9.324051031518176824e-02 6.981910826690532756e-01 7.925755129138676303e-01 1.901751022741619002e-01 6.541910011618243814e-01 9.613064857652848794e-01 2.740032737648795402e-01 3.411127270885493390e-01
6.755491329748760654e-01 4.858363631379751801e-01 2.266535164338039365e-01 9.487805152591129998e-01 9.458976715944579228e-01 1.845258226083077435e-01 8.156848153713927019e-01 8.157067937277215908e-01 1.636619461894831540e-01 9.220453069813233649e-01 5.346212857005396835e-01 3.377448392942733468e-01 9.777208276361325501e-01 5.895092390434576446e-01 1.619863114811648241e-01 2.394254429273778850e-02 2.639753572057923492e-03 4.334733961138279579e-01 8.669130737019723476e-01 8.117929215863840531e-01
4.236249632649149444e-01 8.806852807194321953e-01 5.614962535652493480e-01 9.404247796004355786e-01 6.543625059026991764e-01 1.942034831978500797e-01 6.774948400137259519e-01 1.372893809991859726e-02 7.054275891425976219e-02 1.680472375314899791e-01 5.796798095590129929e-01 8.053746388234963582e-01 3.786489768709951909e-01 3.980694112352735070e-01 4.183622472235815071e-01 9.708887973542974503e-01 4.919806752736559652e-01 4.036626259988641552e-01 6.609669041849846050e-01 1.163399395577688900e-01
6.348679264814682810e-02 4.112122323419324932e-01 1.538453321733442847e-01 2.815402146327603550e-01 1.287247981497219307e-01 2.984673339330838893e-01 9.449913635779280119e-01 1.742232503088932960e-01 9.157739209430415528e-02 5.297526541213098961e-01 5.334680159532145804e-02 1.102827585402748056e-01 1.370635583397005197e-01 1.322267692700556108e-01 2.547147685610928747e-02 2.656476789746295974e-01 6.480222329732603370e-01 7.132374220199947379e-01 1.751903900565345840e-01 7.285922379965299456e-01
7.009698800779794459e-01 2.884570360401317313e-02 4.874421666380812646e-01 9.569136376699691748e-01 6.174068116642080772e-01 7.791666881041831028e-01 2.089931170886423217e-01 9.019894730668012173e-01 6.638328690802520748e-01 3.525244756526112466e-01 2.413018293977049478e-01 9.498132599709306900e-01 7.983839339092628773e-01 6.542607468296024464e-02 7.714013271464230659e-01 9.295622167044895745e-01 1.584117235387505485e-02 8.194945116434096954e-01 1.391238649321641097e-01 4.593395310124993580e-01
7.299862934068170883e-01 5.759049463571525029e-01 5.308535557519378223e-02 9.756840176627691319e-01 1.578372217073653605e-01 6.684653148615532503e-01 2.837615835884129689e-01 9.456021783158524707e-01 2.959806921393955959e-01 8.901653589367897190e-02 6.682840461814913979e-01 7.568985111865150772e-01 3.981533866271527167e-01 1.967528175842528926e-01 8.392167225460832602e-01 9.209093561120758054e-01 7.714345120590478944e-01 3.871550463825006450e-01 1.474942617224791475e-01 5.189925489125523095e-01
6.772077270311466224e-01 8.569224533438805080e-01 7.154280425292953716e-01 3.891164038384775647e-01 5.070920927850571802e-01 2.237248790386604513e-01 5.484451372448583273e-01 1.366090787255853645e-01 4.775984933561582269e-01 7.410296997199115054e-01 5.607367026495143625e-01 6.742095988006092666e-01 2.658412574219995994e-01 4.303252041002370021e-01 5.312359531620782782e-01 6.689258684000026767e-01 2.576049633707949704e-01 7.828359712437406026e-01 1.026086596466292411e-01 7.309989706477175719e-01
1.743701400045417627e-01 6.356887156270537576e-01 5.890027904574773876e-01 5.119166410762832076e-02 8.785728653966556889e-01 1.102664263091648333e-01 6.619579450910406671e-03 8.331940629024073841e-01 9.461162574838154482e-01 8.942110463026942124e-02 5.745032036741577475e-01 4.831508515470106513e-01 2.821243825509780478e-01 2.571128136970135536e-03 8.357616146377269128e-01 1.567320044187545669e-01 7.651403232428577450e-01 9.001488162097379675e-01 2.845960533605859100e-01 2.083173127625040921e-01
2.727359577892881637e-01 5.856153145418135919e-01 5.507531485605854371e-02 3.668206815637546914e-01 1.033484753062152706e-02 6.693499750582301289e-01 8.554718091834999649e-01 4.337334713109675111e-01 1.711754660806332762e-01 2.709026684120089401e-01 2.475038420226779445e-01 9.809448066020454160e-01 2.101231607254161471e-01 3.731426831087396589e-01 1.324740014472779448e-01 2.586557584897332118e-01 8.082543532660010355e-01 7.484945805523296469e-01 5.785680193496177681e-01 5.115601220927393777e-01
6.291250057078972002e-01 9.882082856378465729e-01 1.231233563543788767e-01 6.387181003027156967e-01 5.883194282510149087e-01 3.769730857122637335e-01 1.095375497571138279e-01 4.382536279096584941e-01 4.062528569725940564e-01 6.757470534086551517e-01 2.725700079641847351e-01 1.650684399300317295e-02 6.340585888004329762e-01 8.545898053744729328e-01 1.763282033955986261e-01 3.836576286568789129e-01 5.737321798473166146e-01 3.273314841324750368e-01 9.616442062016735681e-01 6.284120631152116943e-01
7.077593097849110837e-02 4.646884207801300626e-01 3.451178260490657124e-01 7.506386343788522542e-01 5.079303470936032960e-01 7.288902654220098531e-01 2.646769172735370379e-01 1.069342791969252193e-02 7.431632814653796881e-01 6.570393497326428855e-01 8.546221480570331819e-01 1.444702856059022489e-01 5.704026572257329120e-01 1.919451703863205294e-01 4.110178381327109776e-01 4.319422931003547017e-01 3.917202780681480201e-01 4.946560960726980039e-01 1.720736136115701420e-01 5.947281061248845813e-01
1.276863870940374568e-01 1.493261904476556046e-01 2.707146849634357588e-01 3.620481435602592724e-01 2.054234585354650644e-01 6.704018829135613977e-01 9.251240150474899782e-01 4.378603564872212139e-01 3.635819781175269050e-01 7.932119997909394815e-01 4.510074697065553639e-01 3.822334236366204951e-01 8.056314417447969500e-01 8.341724846273328442e-01 2.515231448265405900e-01 8.344329777470907983e-01 8.031686951026550947e-01 1.599829944854587183e-01 3.839625804777527796e-01 1.856822077984037200e-01
7.359820882131336006e-01 1.536659222493151900e-01 2.665909706027976833e-01 4.502858863359898711e-01 4.584602512784625716e-01 2.852774876177393004e-01 7.585320393921293203e-01 9.591338880288269308e-01 6.540459436461176779e-01 8.778473076721228230e-01 7.908896790128009391e-01 4.974141081244259910e-01 3.948658937440683303e-01 4.652756761089873461e-01 3.584685266820419880e-02 6.976756203800955625e-01 2.655593235784733386e-01 9.519940781602421742e-01 8.578468998693983272e-01 1.898874135275884223e-01
3.988299458262166697e-01 1.850737096243441071e-01 5.467148928676972552e-01 6.596407249998446076e-01 7.763580465548043374e-01 6.969083963503602819e-01 8.236961202886229350e-01 1.990466253046584422e-01 5.639537408776448268e-01 5.439815944981247764e-01 2.153290831540582984e-01 7.662950174757898747e-01 6.467008255445001463e-01 7.972860832123829233e-01 3.481773706188684425e-02 2.246769709524896186e-01 9.747885310846102769e-01 4.633533421687544562e-01 8.937229037543371613e-01 2.517771361850950074e-01
9.092107325573998144e-01 3.116399096071346131e-01 8.258840043478079540e-01 2.022928584079202174e-01 5.156723204091374635e-01 1.908071355861987728e-01 2.215994614921104056e-01 5.216483070161714863e-01 6.017914552798757644e-01 8.172336918115228332e-01 9.195356757204371512e-01 8.477755930078708646e-01 9.160859696546018727e-01 6.441454582679562169e-02 3.510761610138390942e-02 8.732989415616025930e-01 8.421974594100855027e-01 7.124054821289810269e-01 9.570052747777011426e-01 2.787560261186613486e-01
5.991365623418259956e-01 1.831289591247423632e-01 8.231626979375469277e-01 5.638393945621638093e-01 1.579523770512114567e-02 9.459948789557518500e-01 4.997757141169949513e-01 3.476904669880542809e-01 6.248514671450980940e-01 2.773158551758414525e-01 6.922651087423733474e-01 4.037894897385364557e-01 5.997760543414865086e-01 7.735482165614055994e-01 6.719826541905118411e-01 5.201509998861354456e-01 9.139315484459975547e-01 3.110406914159166147e-01 4.200067934053636209e-01 5.323432046538218998e-01
9.341777101673423012e-01 4.190619456925488429e-01 4.447310739536924906e-02 8.136513923284718341e-01 4.734266510296809560e-01 4.176738086081199786e-01 2.921840931192902779e-01 7.876049323921359147e-01 7.698873695646003545e-01 4.114655874063819496e-01 1.963348113585359211e-01 5.165447955290132231e-01 1.026186126249675201e-01 1.660650917464401299e-02 6.046805005054185500e-01 4.802620396369006173e-02 2.521335425455474288e-01 2.769897970532649856e-01 2.878181433975436354e-01 3.919062607671646159e-01
3.472318665401294968e-01 8.555316980983634911e-01 5.951957896934007008e-01 3.688970250503297299e-01 7.707553150314918611e-01 9.975497793109587841e-01 3.279408626453806930e-01 8.067443235039308824e-01 9.225468199723324547e-01 1.914733176767337008e-01 4.158867819020016787e-01 1.062252307652618022e-01 5.647648306641885885e-01 8.772457167068848927e-01 8.366406591608466226e-01 3.588434016798417447e-01 1.920173407328092940e-01 7.934939147649743285e-01 4.440635401426005213e-01 9.107191093936461979e-02
7.379483798019317309e-01 3.772890537788586851e-01 5.993520258464013484e-02 1.694590089355947349e-01 8.647406183768936438e-01 3.111834610363465314e-01 4.754781878971106046e-01 4.672916247446684546e-01 7.042568823487902474e-01 4.455650463303227893e-01 7.316327492322469705e-01 1.908176746349222741e-01 7.087220988103328789e-01 2.176989872175565388e-01 2.291760271553733297e-01 2.295801005665030203e-01 1.147338342301168490e-01 9.385951997169473815e-01 7.374038565615628205e-01 1.998526917529521718e-01
1.280298997394521132e-01 9.198974934458772346e-01 6.089636605595525332e-01 9.489391472596248045e-01 8.995244702889809707e-01 3.638909938792066479e-01 3.841429326152856483e-01 7.166098147913635419e-02 8.779063571571061875e-01 7.388816966912343798e-01 6.203151989657832432e-01 1.218660247513767558e-01 7.632911921711893477e-01 4.378318633225708467e-02 9.158026186000550739e-01 6.440710116803689544e-01 4.416913966893509791e-02 5.292123211721813103e-01 3.654225858010293759e-01 8.329109962280367707e-01
3.047574988666690299e-02 1.307503245469112674e-01 7.451191477558299914e-01 9.113457212548835562e-01 9.655881083867412507e-01 8.382909993588636421e-01 4.630130976779551766e-01 2.532994058141714300e-01 3.171248924407349401e-01 7.243279645072977502e-01 9.305601463650080563e-01 2.573036330537754601e-01 8.692874016881546595e-02 8.466867881325108591e-01 2.359055555028798379e-01 7.093288138361762973e-01 1.047351915373542219e-01 1.634748496679094831e-02 5.398442424658002059e-01 9.178209104424878140e-01
7.441189370320908658e-01 4.118330260046799696e-01 9.271566889495335140e-01 6.989429533517931281e-01 2.287252318540913265e-01 6.653268823427822554e-01 8.205299291841278153e-01 7.356623513572336792e-01 8.500125377196044996e-01 4.393731683384505260e-02 8.563769495811399679e-01 2.552658926543612816e-01 5.194547171061590918e-01 8.281020897380881873e-01 9.440503227695397070e-01 5.465514770072141815e-01 8.896685838719181616e-01 3.506493105538014410e-01 6.484079981757068234e-01 3.628263327549605677e-01
1.134963191715719910e-01 2.245776209465404349e-01 9.170636248543173608e-01 7.382726279629712174e-01 3.365111876438316996e-01 2.375311820015546527e-02 4.319183830732159501e-01 7.248271331187997601e-01 2.562141219486144816e-01 2.577973587118600474e-01 2.660424966472664243e-01 2.624977358766884539e-01 2.650950693374547473e-01 5.099607872924238894e-01 6.663059081941528072e-01 2.195247880572137600e-02 8.923696512363187283e-01 7.898354204286145430e-01 7.001480650510387704e-01 4.726948411347913215e-01
2.434379433185571706e-01 4.428734764496481402e-01 3.541571087438745158e-01 4.143477945926302697e-01 9.047878601857092251e-01 9.859717491005126622e-02 2.942616853615831474e-01 4.899108929016743330e-01 5.587086950988701117e-01 3.417525758068330477e-01 2.153935381251054215e-01 6.607553666424044181e-01 3.535215660355650602e-01 1.134469626468381787e-02 1.627260106372631077e-01 5.225302350083912417e-01 1.451195505074820424e-02 3.657357823899357596e-01 7.797860730498111792e-01 7.271169130943568870e-01
9.860924907230850245e-02 2.336147282117573276e-02 8.309816937476131038e-01 8.079636852833314009e-01 6.068196642774599248e-01 6.463098484601998983e-01 7.840022373304422754e-02 8.512778142392738445e-01 7.518643096596266950e-01 9.849811277790929687e-01 5.927856559390095592e-01 4.648416656736042984e-02 4.275715632245652431e-01 7.333281055084659439e-01 3.577321795275597571e-01 6.017704918285571303e-03 3.418276089247637151e-01 8.517931017897355517e-01 3.386701445105577690e-02 2.082072392720120124e-01
7.277901572194950264e-01 9.499403607450424003e-01 3.830476819768826591e-01 3.090822699699148357e-01 3.557779519277518565e-01 6.351684789772886752e-01 6.790589312702063340e-01 1.361949573989733597e-01 6.212673263828092374e-01 2.454494797477058121e-03 4.268125524032196916e-01 4.854501276983032021e-01 8.890401768971846197e-01 4.700123500104420593e-01 2.650712621233590749e-01 3.819269403714242728e-01 1.302964127256847071e-01 4.329259472480837534e-01 7.719636024668113938e-01 1.943705242868469796e-01
4.940921314676248732e-01 9.667594859305717048e-01 2.308414113316974436e-01 6.283588777321208463e-01 6.741069429098780486e-01 9.192514285206299096e-02 8.555302160603208694e-01 7.212464390644630630e-01 9.008053379680880379e-01 2.478210138381339300e-01 5.014659115375909026e-01 6.443164972423578440e-01 5.966224877598430565e-01 1.461152438742910897e-01 4.264448017356390341e-01 7.489283538094014814e-01 8.193937500267279850e-01 8.154894078479379971e-01 7.715225710447496388e-01 7.663597070026048064e-01
7.763196942033885328e-01 1.988310055513141661e-01 6.858815665379538462e-01 5.408531149735404941e-01 8.817175764827399620e-01 4.015962398309700365e-01 6.543618547993063084e-01 1.262365226818795705e-01 3.629275454797160627e-01 1.431100723239175920e-02 7.667080409004118913e-01 3.799936054152570630e-01 5.752237298957937339e-01 9.415156821519422570e-01 3.254467986402367341e-01 8.950619209327950188e-01 6.930333856228440004e-01 9.266683953811201135e-01 4.381084478630979939e-01 7.929175860262225317e-01
6.260643152088860575e-01 7.882370652747575646e-01 8.269623009467013119e-01 9.663409185270513957e-01 6.194844504396478380e-01 1.175557995766123298e-01 2.688275797330939021e-01 8.820868976763305280e-01 2.153233232982521006e-01 1.074058739717738131e-01 3.314773127343355608e-01 6.452666333412125921e-01 7.409887263306923488e-01 8.085546529719822573e-01 2.452267310554868684e-01 2.360020692037591017e-01 3.101548075140014848e-01 6.939103899610109538e-01 3.507155575598258634e-01 1.649665793482217868e-01
8.560216628628591895e-01 2.820532887620642581e-01 6.752550832472040687e-01 6.192516155249686571e-01 6.260623883127601763e-01 1.896620650507352401e-01 9.679227158253981278e-01 2.733126201971780578e-01 1.489734626882444068e-02 6.450255696138625927e-01 3.267893651095077345e-01 1.939269252097767238e-01 5.599734524036010797e-01 5.674097356239896639e-01 4.292188635153493248e-02 6.592633110719328116e-01 9.434740143601818563e-01 7.773477197298214181e-01 5.464286486896263728e-01 3.465363635028558820e-01
2.776062469968795243e-01 7.235025459426058791e-01 2.309804072314736167e-01 8.427363111921416516e-01 6.866738990832963463e-01 2.792686254946464830e-01 9.295924119464074042e-01 4.055059609683107080e-01 1.221721368938688546e-02 3.422245122122424821e-01 7.741339118477986725e-01 5.403776511559164053e-01 5.260743872314255221e-01 9.962499656258901881e-01 1.479401354133360602e-01 9.705483601020105100e-01 7.675794469903776118e-01 7.068955339129694426e-01 7.541424802272429506e-01 5.737266098381793578e-01
4.478949843407882270e-01 3.923937772931171963e-01 3.560935816456944902e-01 4.563266836749881872e-01 2.741730565423989852e-01 5.639413270896809216e-02 7.978568231368629027e-01 7.967119414465743121e-01 7.105759415162240522e-01 1.503769990272422197e-01 9.141502855763710134e-01 4.933323938576749113e-01 6.152762184224703779e-01 9.776356758738558028e-02 7.116212343133394569e-01 6.377578298662703871e-01 9.261920670932175526e-01 1.455766762893963007e-01 1.859549458191193105e-01 5.617458886323530853e-01
1.575393870783692307e-01 6.157769690960046560e-02 7.108504106178070714e-01 3.153791775063941039e-02 1.733664284754935503e-01 6.582196029688771599e-01 6.201790258165278402e-01 3.771490028855295495e-02 6.413049463503415204e-01 4.223237502745160743e-01 1.772436272640401933e-01 4.926078520913566017e-01 9.365390338086756472e-01 8.413624872915164143e-01 1.421007282682865691e-01 4.413983116389030847e-01 8.010951669336183745e-01 3.797077383916478421e-01 3.575969978254711634e-02 9.692894337874115029e-01
6.348225340579694009e-01 3.360890142301976580e-01 3.692097150082558343e-01 4.423573626303934914e-01 4.217300671780463972e-01 2.910267459440964988e-01 8.588433448984283958e-01 6.600520719746941767e-01 6.267942178012366750e-01 1.869510689078710541e-01 9.965595376758127344e-01 9.374723636373034630e-01 4.276693669759028538e-01 2.109685440473413331e-01 4.250094680073539521e-01 6.166972928232811180e-01 6.174452835737698209e-04 7.348418047600849823e-01 6.515731527278750823e-01 7.764540192274316244e-02
8.866310999755468991e-01 3.353836995371918261e-01 6.918609113661132737e-01 8.778174083607934719e-01 3.628817546599577559e-01 3.346677447311299236e-01 1.172230644190614957e-01 8.304947413554140123e-01 9.469802770241464440e-01 6.858448439283597597e-01 5.082045684417363374e-01 1.501459276926905284e-01 5.600387706610936434e-01 2.721545041453536928e-01 1.694493522262624507e-01 1.940056156903887663e-01 2.493354546755452983e-01 7.324207593898295343e-01 3.392855835900524530e-01 1.521422159234886440e-02
6.937855282986237215e-01 7.375721279218396820e-01 4.717894569637853808e-01 8.005579044398292154e-01 4.986649678960469734e-01 4.898832067510008326e-01 4.989917435679841473e-01 3.219905706958064995e-01 7.336078492834972042e-01 2.555764219650106250e-01 3.986874263603635837e-01 9.209349120769284580e-01 3.431736065658677060e-01 3.346435176925233179e-01 9.870359809579731802e-03 6.389747826445284495e-01 2.060464830651941304e-01 5.021323671348451034e-01 1.859334418691346302e-01 5.399348022496855970e-01
7.184969763949181631e-01 7.828267360128507990e-01 5.873305540340745257e-01 8.117124513304855293e-01 6.768783907455754312e-01 4.127542604207142807e-01 6.155076744799159449e-02 9.103961221263139336e-01 4.682587470052160805e-01 6.447329836786211965e-01 4.375796982282443848e-01 9.915384981722217272e-01 7.891701410183225018e-01 2.504547982111118287e-01 4.515028088985885146e-01 7.489421849534058095e-01 5.963966147344691437e-01 4.428130035495618788e-01 9.649118927778436161e-01 2.970835845528645436e-01
2.407244720275898420e-01 2.884817956565818298e-01 3.528994211917594326e-01 7.962956679345190025e-02 3.160116578336895632e-01 8.447069360645330649e-01 4.570167141834454716e-01 4.516942563563473012e-01 3.873059919116869088e-01 4.028604081003067661e-01 5.510931860267853644e-02 2.006205899168568285e-01 6.921437400469775403e-01 8.491216733836894903e-01 2.918416663010215961e-01 6.095115483794663058e-01 3.787737519451509494e-01 7.789700935427138484e-01 8.046766114277116300e-01 7.046117416701702663e-02
5.662433456477677929e-02 8.837609143634550524e-01 7.074185705566151672e-01 7.885763499684745881e-01 5.416781847266345373e-01 5.216328941237053929e-01 2.650405566705382743e-01 5.584325433755847889e-01 3.789762226707172887e-01 3.214752392242034018e-01 8.271716170673126811e-02 4.538682066641785973e-02 7.012747140688525560e-01 7.392080587067504371e-01 5.738150007332165625e-01 9.367583636040534012e-01 2.652174887794461755e-01 4.562919051309451968e-01 6.897399014326639488e-01 3.403615866921398947e-01
8.076269332603031037e-01 1.808992325373630639e-01 2.457690525518482216e-01 9.174066228961321734e-01 9.872412288166902972e-01 7.016658055141716810e-01 6.098109639103810320e-01 6.219565772304251894e-01 3.759840691975333549e-01 8.603790720813636606e-01 6.715710134317052216e-01 3.958308461048676286e-01 5.331745883895896432e-01 4.655491430730691604e-01 2.453656299996498369e-02 1.460087443369511018e-01 5.551423490658080606e-02 1.515014555184286404e-01 4.693988208948760565e-01 6.500180749317218121e-01
1.424409604482296254e-01 2.329889821988280207e-01 2.838520023840934714e-01 3.001801360328149038e-02 5.952275454641984265e-01 2.189323635726283523e-01 1.201995176949066657e-02 2.059674434182239278e-01 2.838087259425633446e-01 6.460324879205459059e-01 3.464995446773148080e-01 2.375217140544699790e-01 2.482798924722021683e-01 5.329831967551539318e-01 1.655879475781607546e-01 4.959067324921803133e-01 1.857127250678303199e-02 3.658563198600316424e-01 4.438272724312486428e-01 1.590172192680674446e-01
5.644971638094132826e-01 4.753097837103712475e-01 7.397083033636837612e-01 5.817048339203015894e-01 5.469243127356525624e-01 1.099238809478825241e-01 3.135434948663980981e-01 6.705546012741283590e-01 9.651261383345770550e-01 2.858531164952671233e-01 2.286085925074391456e-01 6.015381936663625195e-01 5.674244330868214448e-01 4.993980855605785196e-01 6.670456982795285317e-01 3.205536978777421275e-01 9.909891422319802023e-01 8.158173733212853440e-01 6.089645933999610072e-01 5.425739865250315264e-01
2.580515612785727608e-01 3.925991295056175945e-01 4.556271485367872076e-01 6.059762991432074974e-01 8.704236959174914690e-01 7.928287359513888077e-01 9.736762611543436918e-03 2.915318171701664074e-01 8.553141920001426923e-01 8.020412533081378026e-02 2.361362966259422658e-01 1.341595058695650433e-01 6.887988487321573539e-01 3.933916685368665789e-02 1.415779768703974151e-01 6.451828359216171815e-01 9.383693290741743631e-01 2.422400677545277770e-02 4.248582438457851884e-01 7.476831319587166069e-01
5.388316685713588905e-01 9.830102709818585582e-01 7.212897950212534548e-01 1.075829066321930538e-01 4.103056700660767664e-02 8.248190921773103090e-01 6.176709273592765337e-01 5.373684442924242521e-02 8.728019353715055217e-02 8.107355365797596081e-01 6.301699696096708658e-01 7.570565560360248414e-01 8.409912483088533008e-02 6.728620136830987253e-01 8.425127133507890331e-01 4.995807219837052893e-01 8.634546298429619515e-01 4.169552553770236036e-01 7.921724614047330748e-01 6.546732336726226453e-01
6.453648871074029181e-01 8.119502570583488898e-01 5.617843671753914858e-01 9.805901307643951625e-01 1.635498207621850497e-01 4.557668617722587801e-02 6.233341463612249722e-01 7.085902022923677990e-01 5.146015751907156988e-01 5.662741362610032025e-01 3.576881048232269933e-01 1.112751331006478495e-01 8.566031482751405024e-01 9.412809913350094204e-01 3.433633033558239900e-01 1.329709734812748456e-01 5.316975018691214583e-01 4.011093843462830710e-01 2.083873701723307770e-01 8.334336168163417602e-01
3.309327224388111111e-01 5.137683250077307306e-01 9.517267811076021156e-01 5.702067194758981827e-01 9.828979924639406063e-01 5.200381814777166323e-02 9.762974323940294408e-01 5.401052509185354511e-01 5.031300873594929390e-01 9.872545965778385391e-01 8.343367102535070856e-01 9.728026820518298479e-02 8.596748295092468961e-01 2.210197214485665196e-01 9.681725280597585082e-01 1.321728125778726115e-01 8.268291558532552266e-01 9.304026652698006439e-01 3.505145234119714237e-01 5.950190403522225280e-01
8.166625224321206744e-01 1.377082809376203310e-01 2.199847658503694126e-01 4.128489457886340697e-01 2.542486592650938793e-01 7.548205730778523304e-02 5.388840579522529151e-01 8.702225881110661199e-01 5.111006034298751777e-01 2.924536938591882906e-01 5.231334454157784419e-01 2.301412434255800665e-01 7.067921836907659072e-01 2.712804907329529058e-01 9.889828100271178535e-01 7.202343944961784317e-01 6.788861785445032826e-02 6.484917442568728374e-01 7.186851528961711866e-01 7.509784226045965738e-01
8.632139225419380724e-01 8.481494572679983968e-01 4.196719645902340368e-01 3.828415618332930981e-01 2.412177020861668852e-01 3.050727007296045734e-01 5.128118486363330009e-01 7.191413364983301193e-03 5.594737255177668622e-01 4.885188464676843978e-01 9.219381359556881872e-01 4.704403845432013620e-01 9.025016563908007106e-01 8.054354217852097708e-01 1.501510107739248978e-01 3.457195210255008533e-01 3.098922654893353501e-01 9.231123415250808151e-01 1.884004981754783259e-04 4.461218561821757023e-01
7.606820937252476433e-01 4.830422398454652377e-01 7.941035675435270669e-02 2.123385528488009877e-01 1.833186640775573695e-01 4.324370718440199157e-01 7.751999468612755795e-01 4.491475946548854070e-01 2.704313679905513412e-01 6.053256356644771685e-01 2.809244067304802472e-01 1.822653689722958381e-01 9.819972217377168633e-01 2.746794406132979649e-02 7.022582030258486263e-01 8.759148071331024354e-02 3.763925474547846761e-01 9.251824624814773967e-01 6.501803087020329164e-01 9.738787929352622497e-01
1.950904057160885996e-01 9.840737894387738827e-01 5.024412637163849782e-01 3.203868032163929014e-01 7.009362085236181539e-02 9.580383244910974927e-01 5.932536426038970134e-01 5.320051641805024767e-01 9.292806983564908530e-01 6.736162823489333373e-01 3.100024285870871532e-01 6.506268433516128047e-01 9.486098841263299608e-01 1.426993466352759476e-01 1.608660335330606150e-01 8.865051943699910897e-01 7.609880506485515728e-01 1.254613319921166203e-01 9.234720082826831655e-01 5.508985122029286252e-02
