5.981370063312341223e-01 3.070092258603174251e-02 2.387557693466078046e-01 1.527274405778148436e-01 7.791526100048240533e-01 2.220200764970955420e-01 5.899872478079392080e-01 6.877155936673531311e-01 6.698892605020581037e-01 3.020356033500799509e-01 2.994356388777613676e-01 8.393860652421140101e-01 5.840006506788756324e-01 8.176429207861085624e-01 4.468590276420408847e-01 5.120058866659785712e-01 2.561280735456916702e-03 7.642504371189443590e-01 8.788476063922112669e-01 8.422717955243527177e-01
1.889287997239863515e-01 5.735950271499439257e-01 1.388104659727796841e-01 6.493748590458396919e-01 7.895864857166363660e-01 8.394439824707324860e-01 5.891398826258164023e-01 2.786223675010288670e-01 6.951379306156392213e-01 6.008627865136293433e-01 9.527654374757533740e-01 6.409366297088942011e-01 3.096460509907995595e-01 8.916558843721489325e-02 4.463463484739076392e-01 2.951881191366804158e-01 6.838375738759128186e-02 3.586014301739903765e-01 6.505674250634824185e-01 5.533325636341147602e-01
2.779305141607198992e-01 5.980627947836294478e-01 2.456043489745790565e-01 5.817341067348923422e-01 5.127244365309026053e-01 4.173496187065101060e-01 1.868562246320427667e-01 6.038574375100647096e-02 7.855570369975112266e-01 6.313697230435512120e-01 1.844452790978741152e-01 1.037392017785933040e-01 3.961240959865619526e-02 2.386393557371431218e-01 5.897816186509453606e-01 9.859995932163465593e-01 8.972950635966223665e-01 7.266946112412676628e-01 9.581618901454279635e-01 1.698994735438820181e-01
8.324081816873248885e-01 2.002570441223774367e-01 4.257130883469595339e-01 3.810570086610995943e-01 3.074580543311903336e-01 3.640926676007538720e-01 9.958259095626176283e-01 5.788163488418603952e-01 1.519417455537168671e-01 9.632209967681492069e-01 5.062874653040725370e-01 3.965890061963485147e-01 2.058001021925630614e-01 4.984249265208888779e-01 4.755246262205958807e-01 6.996013911911400651e-01 1.342935075134319423e-01 6.714588965983970814e-01 3.780014121529844395e-01 7.763607124704329232e-01
3.707767739268350571e-01 4.958940157553304307e-01 8.128502755334667818e-01 8.787806223385269400e-01 1.430987847996952889e-01 6.099447502743557958e-01 5.714899664184358574e-02 3.966838374378504062e-01 2.777932925684554188e-01 1.027621108112483084e-01 3.091361151269661489e-01 4.233013065138878650e-01 8.357349194005199156e-01 8.687458945352877215e-02 8.019730850436427305e-01 5.810549769244318652e-01 2.153235486035999235e-01 4.956510758375060055e-01 5.667133525147322048e-01 8.148224084531583422e-01
2.031501518427193398e-01 1.483296557772714186e-01 5.557871798259893525e-01 1.714128897990307987e-02 7.354439429022981978e-01 4.142128071312861648e-01 1.193256534246531775e-01 8.423619768343031389e-01 7.799319587359639927e-01 9.127687875297220144e-01 9.514382653434703130e-01 1.502266180101824444e-01 2.975011276259384996e-01 9.339413562627650878e-01 2.210047446874549015e-01 1.870877568825548565e-01 4.833284102617991795e-01 2.667174508454058790e-01 1.422012395231649906e-01 7.134466906556586885e-01
8.327583474088013915e-01 4.871482681927419289e-02 4.907600795870972199e-01 4.104430438125994396e-02 1.772119693703696486e-01 1.288602064827327753e-01 8.402027661383408841e-01 5.971696686214752470e-01 3.679340414481119259e-01 8.942286989706037525e-01 8.525355827059585279e-01 1.465779283834169888e-01 3.433572143180744218e-01 7.390411808239534253e-01 9.560638416061740807e-01 6.088042682425172103e-01 3.585581989848218853e-01 5.545900962933436595e-01 9.822713411519532478e-01 4.389415149227039459e-01
5.604536932030451668e-01 8.950794643847881371e-01 2.066088303339304044e-01 2.679331218151446148e-01 9.509999521062973971e-01 9.318386768463484682e-01 8.872281957212413417e-02 3.086596089185378311e-03 4.918930514414769917e-01 7.104868309482819111e-01 7.263586053938272391e-01 8.395230202276607878e-01 1.324874984220587582e-01 4.465721950553466213e-01 8.548691698987104237e-01 6.499792341325930645e-01 2.298382943323967753e-01 3.052602954096697019e-01 4.067390992828272545e-01 6.109837119772711933e-01
3.565664320195218728e-01 5.275465323349636249e-01 5.399841140427681374e-01 1.301745661372069041e-01 8.967491359841117671e-02 9.039053652279114281e-01 1.921612193319118811e-01 5.274603094742356113e-01 1.630282553859251360e-01 7.032681379004116495e-01 8.493183988229304759e-01 5.587250551102933560e-01 1.514075698334202968e-01 9.967359977284236949e-01 6.079342776307667950e-01 5.724145694818332242e-01 7.782405889927733744e-01 8.621666183525455995e-01 7.272860756784016445e-03 5.629923556884397495e-01
5.027272741924670996e-02 2.436625175376802011e-01 9.936608432670100965e-01 3.273020567839246553e-01 9.924876789037277991e-01 5.203469566890986941e-01 7.456883134308439631e-01 9.632983957015296417e-01 6.780742651398111720e-01 6.171947415520373514e-01 9.618824219114598950e-01 1.701988293589404844e-01 7.312176111836388159e-01 7.588891508160999777e-03 1.359859563041483366e-01 9.276244314604147334e-01 1.652959960431037434e-01 5.073228142438296340e-01 5.143402661808291754e-01 6.660124285642116115e-01
7.120506170253528833e-01 2.078916007925031284e-01 4.860045331022755377e-01 7.798792578411670728e-01 4.955682657229771859e-01 7.316265441320946028e-01 3.160727049706487657e-01 1.381598282081367701e-01 5.357919218947517770e-01 5.950097572357975206e-01 5.748606733137735514e-01 5.102374778617135842e-02 5.107643368081373758e-01 4.834913732561963995e-01 2.304262807097813281e-01 8.501806374543221523e-01 1.323304396912700076e-01 6.186533301281513797e-01 7.961569795291432161e-01 3.384629502089485653e-01
9.570576685812127726e-01 5.892368649865072916e-01 5.300340970420469588e-02 8.487797633254486884e-01 9.032709658734204838e-01 2.287584759708181092e-01 6.481925517419374616e-01 7.854131733580889119e-01 9.412882329704627127e-01 3.118719871200583693e-01 9.154828583348096904e-01 7.569484606011467331e-02 4.202464915348880226e-02 2.513227201954502110e-01 1.842715200412059495e-01 7.473252886844707898e-01 5.264720512776964734e-01 2.562036206131960148e-01 7.671745809164191021e-01 5.209101358906864654e-02
2.872287705810095959e-01 7.576556817947587286e-01 2.888316751531396775e-01 4.643906161812316746e-02 7.797161580281887217e-01 6.571437928200797307e-01 1.681937786426395132e-01 7.420845467346779412e-01 4.556382356813264423e-01 9.279599856770953670e-01 8.998396961846935049e-01 1.593770844079500648e-01 9.545372179422868530e-01 5.098653892677028621e-01 7.754045022956208566e-01 4.160629920146173832e-01 4.880839647248663704e-01 1.104111779169874019e-01 2.732241794117991063e-01 1.252090165264108101e-02
7.609455646964948805e-01 6.665705766430398693e-01 7.971186061081300123e-01 6.618392299574058502e-01 4.883076001695390023e-01 6.140310707437079962e-02 7.142359898318295652e-01 9.557585227702147801e-02 1.449044398077486973e-01 6.802639409732534892e-01 3.339795793316405748e-01 4.288615034736875664e-03 7.759177087725089850e-01 2.717615241311562846e-01 8.476635565269737826e-01 3.845086144223768265e-01 6.787116431688565710e-01 1.667085803408456801e-01 5.236286621525900742e-01 4.366769430163923715e-01
2.773034182980771423e-01 9.886503164350056716e-01 7.086422413627547767e-01 7.169965393265256282e-01 3.405697782824828046e-01 4.285390434596199061e-01 9.602655500451392490e-01 3.468699399650219117e-01 7.064569499943290642e-01 5.154207156732371065e-02 4.330468168928683914e-01 6.090211366915060376e-01 1.197660902634583024e-01 7.917636816376801834e-01 7.786436783671056849e-01 6.060531202322394506e-01 4.539425958499628821e-01 5.199635138295767289e-01 6.365950806833912123e-01 5.401520813384448338e-01
5.720624585216405045e-01 3.356586182115472994e-02 4.270201114127394337e-01 7.549615358095972395e-01 1.812666862817587932e-01 9.816444999748181743e-01 8.607528576871337211e-02 7.616286105910667903e-01 6.239936065105434748e-01 2.467278870210698472e-02 1.948941570184836714e-01 7.847491822662502337e-01 8.343565036680685720e-01 2.930168964890869088e-01 7.433599440052034435e-01 3.299207070367974337e-01 3.555414491311408298e-01 2.821780559297545343e-01 1.518767757177784672e-01 4.989022708456301025e-01
6.410287255429322206e-01 2.526720973127163372e-01 1.563308197536996680e-01 2.490959550237099585e-01 5.836686426053283583e-03 4.762584801818282587e-01 2.213807461739558669e-02 9.938344448677640663e-01 9.019030078955305729e-01 9.319886843238260887e-01 4.788645893013854238e-02 5.916433119876634006e-01 6.118838162091846389e-01 8.331332887824487443e-01 9.153853016532549347e-01 8.732684831477468546e-01 8.430847277386742666e-01 7.163004841656691601e-01 2.190212768222654649e-02 9.212825890766902504e-01
7.690548525431250004e-01 9.039874237000876667e-01 8.071691626468311398e-01 8.918280353199247168e-01 6.069572700740630822e-01 8.027278929279489939e-01 2.042076120199199929e-01 6.662264136218221111e-02 9.829143900836371239e-01 1.240329599481475586e-01 9.339820475187238236e-01 5.915665344732817799e-01 4.504225690099927792e-02 5.681821010552771112e-01 4.179132605518421917e-01 3.862707701524592530e-02 7.591552887037120723e-01 8.613119091084796564e-01 3.059250411187907082e-01 4.852986792645178626e-01
3.034945431763850232e-01 3.260724675104988979e-01 9.115295959751034127e-01 9.518570050037189478e-02 6.715688744041224956e-01 3.340992220648274502e-01 3.197518874212408324e-01 9.940352828718215239e-01 2.531979004432265423e-01 5.922642064372751758e-01 6.745984125557730193e-01 4.469296706466829860e-02 6.921988714604095927e-01 1.653291195122978952e-01 2.836105862418918377e-01 4.294833734771132949e-01 5.403505149421554687e-01 1.165631802802933326e-01 5.488717119006734091e-01 4.372965682162008871e-01
3.098983018355494501e-01 2.559499453283637926e-01 4.173626940855327261e-01 7.348288512306831999e-01 1.719083394120598518e-01 3.579455184232067655e-01 5.034700669797347317e-01 2.626581930395103237e-01 7.301324892741396511e-01 6.945658612033760448e-01 8.440164820785337474e-01 7.915269565085378822e-01 4.075174669987270404e-01 7.781045996782531837e-03 3.928400722324165706e-01 1.397257640922348054e-01 7.231644940814886402e-01 1.485752002994406018e-01 4.674241821673386088e-01 9.098765015046333948e-01
7.621591346000753386e-01 9.993341604019506663e-01 6.399887817205290874e-01 4.871799113105087509e-01 8.702843171977692194e-01 4.315685276172243068e-02 9.606582123862446032e-01 3.657442589054010762e-01 4.889714158664595356e-01 4.350520724824072927e-01 6.451154547612406587e-01 8.355625471350611733e-01 2.178111872265605653e-01 4.490359719144974004e-01 1.945763009771814822e-01 2.375025510919791527e-01 6.850154100960135217e-01 9.219497386254216220e-02 7.614147627044850486e-01 7.200720263682965916e-01
8.789686345536275036e-01 6.567651778335820145e-01 1.775544255464024390e-01 4.397549770523330182e-01 6.948604554727250138e-01 9.939584856602226015e-01 6.680904599015354828e-01 1.943932634132017334e-01 8.273527290712118232e-01 9.579253734508496043e-01 8.993617607500492550e-01 6.094049063611636230e-01 5.528072981168913325e-01 6.321481136948707835e-01 1.664185443582375523e-01 5.780024156364729215e-01 8.609161409026673262e-01 1.928602144105975302e-01 6.614997645872363607e-01 6.134313056353654092e-01
6.860751397109268179e-01 7.193563788840006135e-01 9.226380730586793977e-01 4.521135658466391982e-01 4.184540338605929888e-01 4.484808141666069004e-01 6.762692962526761775e-01 1.759679644532483600e-01 3.917080009045640354e-01 8.454666336111218428e-01 6.988858947041221015e-01 6.363524433777405509e-01 4.137443292366754788e-01 4.062101438875468373e-01 9.570636093593273275e-01 9.034502155970709492e-01 6.086295185446997102e-01 7.351180068575713378e-02 1.493837869791714290e-01 3.908721712062511733e-01
1.960410383514027410e-01 3.181172375247283135e-01 7.499059542732239292e-01 3.526489195650556185e-01 3.489316175257037855e-01 6.452232918627928138e-01 5.964459254612863859e-03 3.044112617037667556e-01 7.471570511412730653e-01 8.740763703573661836e-01 2.427123300790660076e-01 3.397941332582506968e-01 2.366441123555564907e-01 6.381376195078056757e-01 5.816960761416239967e-01 6.607509532317922263e-01 2.932731942848888496e-01 4.787262496793921462e-01 4.699642289554817332e-02 3.964347935413268242e-01
8.832074497465041141e-01 1.246438519617790730e-01 3.277473619357709200e-01 8.330290082870746016e-01 7.693098379423546351e-02 3.977296538590785469e-01 3.068105445472530945e-01 6.224449517135798304e-01 1.088033000703726438e-01 4.257002591259710922e-01 9.366206730220383303e-01 5.104092686257688527e-02 2.665653727955643593e-01 1.295726320559263955e-01 5.552576441945659136e-01 4.350371443892008250e-01 7.898237570065254065e-01 7.134425285182426357e-01 2.586549353920702954e-01 8.031412412144843804e-01
2.192946915487833381e-01 9.737233071765498682e-01 8.972921270416519546e-01 4.106932519306031315e-01 3.749126589766614837e-01 7.533207693368848545e-01 4.342905766795562839e-01 7.983354587790113532e-01 8.103490721649813100e-01 9.427031836334787140e-02 8.376605856674251838e-01 3.957694582599583510e-01 1.816428094372478652e-01 4.167518596379451434e-01 1.896334942386116440e-01 9.443868565734203635e-01 8.418565696456186132e-01 5.428480846940314519e-01 5.597135191887971928e-01 3.929409690573056890e-01
7.140423716810624377e-01 4.949147892243986879e-01 3.609556493655418086e-01 8.076282814802931975e-01 2.448029277113871194e-01 8.828565686956790781e-01 9.287916609667445922e-01 6.502039365001487381e-01 6.180451068108261392e-01 4.547538578720821123e-01 2.612442618929560201e-01 7.850788333387421769e-01 6.991061446944579760e-02 7.926353870427830239e-01 6.701916323214937021e-01 2.372072077926579148e-02 5.169463152128653816e-01 5.793245489016958238e-01 1.774935985378581771e-01 1.568273853382539107e-01
6.529664649655686492e-01 6.115131516391720812e-01 4.230871431757419199e-01 8.007452786917388377e-01 8.935959462658134012e-01 6.209856005911085219e-02 2.668738165190180922e-01 2.025675048545186874e-01 1.452573810606907490e-01 9.003595798305823461e-01 4.747316453669891967e-01 1.739251690716390186e-01 1.439917905767773565e-01 9.809224798422382374e-01 3.505015994277087543e-01 7.613402127125439289e-01 1.601568850048208370e-01 4.578937946154140182e-01 7.011185224844940223e-01 1.637868683672806247e-01
2.541566543502034037e-01 9.691611324113522663e-01 3.804080039504125210e-01 6.029044811210305665e-01 9.917114767546330034e-01 8.379703998075607174e-01 9.529195775893560816e-01 9.509834238050669519e-01 3.163723091325465475e-02 1.059492967226616233e-01 1.943318896855493749e-01 6.811759050529554438e-01 5.737400422257400434e-01 9.741452374097956390e-01 5.850307807893891932e-01 3.095725859849888240e-01 9.013330546045136282e-01 8.953691146757195574e-01 6.737827763315298313e-01 5.586075762346601747e-01
1.460695813799710585e-01 2.627170400121903171e-02 9.826636646209461201e-01 4.216986952599801608e-01 1.732687977374780530e-02 5.627681512542541675e-01 1.747436177864181150e-01 3.862553915713551334e-03 7.365156377906161289e-01 9.238767852677630676e-01 4.573293517920400397e-01 3.570631309719670687e-01 3.359244796468158212e-01 3.644713857045113192e-01 3.739107340147578284e-01 5.028676832843087530e-01 6.047387236233691121e-01 1.012563977943553573e-01 3.076646381699598143e-01 7.542200878529745633e-01
4.286741962812479212e-02 8.873724714281298054e-01 8.485014377169406430e-01 5.533966812359071286e-01 5.858375801304580577e-01 4.440136470556355075e-01 2.214452629505484493e-01 6.909233832174236367e-01 7.448844955220875752e-01 8.717484832841039255e-01 3.067788936012175727e-01 5.715866270656966286e-02 1.589368346353747796e-02 8.484718618395437062e-01 9.171821447761793200e-01 6.841026079034894236e-01 8.604174731079605731e-02 8.350149890893624471e-01 5.574217486054329207e-01 2.524217451907100340e-01
7.484952275582745784e-01 7.083960834549982710e-01 6.975193482194933514e-01 8.294739550517322701e-01 3.693856683996643575e-01 4.801637772029578866e-01 4.216819804944723638e-01 5.740725445280934203e-01 8.474094068769872923e-01 4.180941220850521445e-01 9.932653935470867612e-01 3.131290467001319744e-01 1.665279439792434202e-01 1.613942922111093470e-01 2.650179569080336472e-01 8.410922953444929240e-01 5.725015068448917610e-01 7.373597924962475014e-01 7.298399132693973446e-01 3.470551930420145981e-01
5.150388092922290051e-01 6.758374696370242907e-01 8.741648777627912814e-01 8.221979409961989171e-01 7.640973125487711126e-01 2.222618219283494234e-01 2.950639048510159679e-01 3.176145187445784668e-01 7.654373394581128753e-01 5.414081988248760080e-01 3.827123452423460970e-01 5.938522773989897141e-01 6.760007712179294526e-02 2.257269537806927406e-02 1.856735232350303910e-01 1.570799928442537796e-01 2.389568498390866047e-01 1.049654014668506274e-01 5.130995013443694353e-01 1.385859781492516651e-01
5.180342463377106688e-01 6.303314784865321485e-01 1.583941270185231787e-01 9.607664883434665626e-01 9.481634845031761127e-01 2.300699734855790046e-01 5.368368446810061201e-01 6.768984925334425862e-01 2.367042981593259210e-02 2.674003906803226194e-01 2.931251467143228817e-01 3.756655091125735701e-01 6.439029484071190357e-02 7.458434065111574363e-02 2.059252707156709050e-01 5.713785948408102167e-01 4.811573698206763616e-01 9.044230194346370988e-01 8.672928778303037323e-01 1.362867967912975153e-01
3.094957259198141131e-01 8.502445014127787415e-01 8.532442004752346376e-01 4.346379660673995726e-01 6.008838970709774463e-01 6.097808015710054486e-01 1.730406207684975772e-02 5.205978166955886888e-01 8.923737793689338060e-01 8.944484408368009731e-01 8.861697178934819785e-01 5.643131757685920791e-01 3.348970305961962435e-01 4.246924893284201863e-01 9.299798231984488517e-01 1.034479799141229117e-01 5.924228869436370948e-01 5.505674054881187773e-01 4.133933432907753724e-01 2.561898702427823915e-01
6.309739305821580047e-01 1.651573933979572084e-01 7.176754641833639203e-01 1.490663885887048012e-01 9.001324879700778325e-01 8.619268843285603499e-01 9.610939149730512998e-01 1.086769733400220206e-01 2.702656509792458195e-01 9.342304558765823774e-02 9.178589032765360756e-02 9.737667452517763111e-01 9.676860577329021718e-01 9.770850859562472124e-01 6.656737680008641966e-01 1.201056482307234496e-01 1.904474700340903492e-01 5.111710027027805969e-01 4.066632753961266777e-01 7.917637584662433614e-01
8.732553143106559501e-01 7.606014391000703867e-02 5.418652300006139289e-01 6.173190432686950224e-01 9.127581931374374458e-01 6.787697805381593952e-01 6.249694422950924366e-01 8.252578880884731127e-01 8.660828081533555878e-01 9.388417562490044554e-01 1.522503169217616081e-01 8.582471967821415637e-01 1.220030046286875169e-01 7.760408686749403762e-01 1.636248129996609180e-01 1.432183081722206985e-01 8.195198737376107045e-01 7.531141639971448143e-01 2.387009324323242643e-01 1.023667041801638034e-01
9.236628574841082573e-01 9.525589887502696751e-01 7.689221473440166488e-01 8.049513203579909959e-01 6.780466989030579095e-01 3.005948248802775558e-01 6.472487630053698204e-01 3.439138016246785501e-01 3.574413352905694286e-01 3.014442131381559475e-01 7.772085066643965590e-01 3.319595699335740058e-01 7.832677239394959523e-01 8.896404233622475788e-01 6.625117928104300447e-01 3.151095093994817908e-01 4.947974155686419850e-01 8.713250296244343662e-01 6.033570535585870420e-01 2.164327213151805429e-01
2.084119306393363846e-01 7.143391737298333544e-01 2.245370502543679869e-01 5.862954724255630135e-01 1.715022720833051517e-01 6.213119165962910362e-01 1.498123555044498234e-01 2.055554628309360643e-01 2.836448084592383401e-01 5.798794040024606300e-01 3.188520696036747371e-01 8.717890258886344945e-01 1.184904041139106523e-01 1.653859144774132428e-01 2.380001440762308240e-01 1.892204266937348445e-01 3.366534018674389728e-01 5.209773219261452093e-01 6.702366029846913431e-01 7.554925727330490393e-01
9.749108272475141002e-01 7.315028565202158495e-01 7.668018952587224435e-01 9.161353209117709673e-01 3.578578699479617597e-02 7.688448135561731789e-01 1.243546084006219576e-02 9.002377568333760349e-01 8.231000331060442932e-01 6.696299063792002793e-01 9.450166562022115357e-01 4.807199115324394256e-01 8.555480768406636960e-01 2.394574263417584836e-01 4.303457669356888227e-01 5.295294936644068251e-02 9.686050818374675186e-01 4.686355618491061525e-01 7.926280471509964398e-01 5.903330859229555250e-01
3.963714105728524117e-01 2.720810867164894509e-01 6.823671172851999422e-01 2.241540102292460812e-02 8.862967695110808286e-01 8.930539593936486220e-01 9.996473468944107044e-01 5.566837374999179522e-01 4.775869484450925295e-01 3.272698771469232382e-01 7.388723755370631974e-01 2.828523327325189740e-01 2.442462913701938243e-01 3.163124869181338505e-01 5.273837144573052527e-01 3.715081360584079340e-01 3.225790243884951725e-01 5.015151145514372688e-01 9.988009501309585980e-01 7.731814116070837573e-01
9.243535919540658563e-01 4.450093063118315539e-01 9.691892647733638677e-01 3.842069853894963805e-01 7.196511854885223602e-01 7.428616861210357580e-02 9.356771928312870301e-01 6.222269209844996096e-01 8.300010681665067613e-01 3.131612755149998373e-01 9.252771695411067254e-01 3.358180921383584483e-01 5.151974892919298776e-01 2.170407056365541987e-01 4.619527154969076399e-01 5.899484514716448746e-01 2.293475811173597556e-01 6.374431192240761490e-01 4.667536931525644306e-01 3.311585851989465867e-01
1.098152557141989227e-01 9.915837129832472119e-02 3.987626820110040660e-01 2.315163569490513717e-01 3.213337034529081260e-01 5.951930725675703693e-01 9.953115136920333006e-01 4.254823171100979851e-01 3.751280858439265398e-02 3.646756093481150485e-01 1.689829313132763522e-01 1.110039082142392219e-01 3.482660765862592989e-01 8.101727570335516271e-01 5.648008004564466500e-01 3.647683225889326586e-01 6.124534311262793684e-01 6.382889646410275786e-01 2.729189143730419431e-01 7.098698331197308420e-01
4.430750943472906433e-01 8.649544956452702715e-01 5.042174880501453238e-01 5.782449396205449066e-01 8.637313188811490683e-02 3.219352042380724255e-01 1.814120158581374875e-01 3.860733166351857371e-01 6.057778176768300327e-01 6.401846354703689679e-01 5.015993507387945805e-01 8.921942260700728156e-01 7.769736212993809676e-01 2.622521047718490150e-01 7.027498990977631976e-02 4.779241899392210335e-01 5.161341428882508797e-01 6.298015106627286031e-01 8.385463664668220130e-01 3.712369414462743933e-01
2.962985429329355602e-01 2.309739342419996344e-01 8.331399409455503280e-01 3.993052258850620095e-01 6.298362487784987529e-01 6.088960982212791029e-01 7.617480034546375567e-01 1.475134588177189343e-01 4.761784590842838005e-01 1.727000895076276077e-01 2.316479409545996182e-01 5.089470201558546902e-01 9.087334001156699426e-02 6.222476746596139474e-02 1.213087614673687975e-01 4.049709265516034939e-01 9.141729862543714891e-01 6.423007541225200789e-02 2.228014486930092186e-01 1.697615860565763191e-01
6.363958956397053335e-01 3.367636096756432273e-01 5.252157095718004154e-01 7.790534376233523295e-01 9.491289134530901395e-01 4.054068797283399972e-01 6.183974601620553235e-01 2.256213412023688747e-02 5.555719624338345541e-01 2.067702993802759126e-01 2.343998942702015809e-01 2.117982888825521437e-01 6.348070601842641381e-01 9.977066950105666354e-01 8.375445768470254349e-01 1.340765675401773827e-01 8.406794727599810058e-01 5.611655092508843756e-01 4.796513230554427798e-01 2.347142283166668841e-01
6.203845990966134760e-01 6.681902867452957917e-01 6.343136438752166040e-01 4.343962584310563368e-01 4.411150985337112251e-01 8.769314903608094180e-01 2.103830633092632629e-01 1.409669925333875140e-01 5.379141876685838985e-01 9.676340874334731224e-01 3.984472523311539671e-01 5.335018594872037445e-01 6.744166908120827753e-01 1.541754006416418132e-01 1.166549103991479930e-01 5.958456155258220477e-01 6.687376911732995088e-01 4.911189440390686389e-01 9.394286940743368230e-01 7.285532532837966091e-01
6.325997200387857289e-01 8.012022267171133860e-01 7.708411721111535497e-01 6.031044181678775207e-01 6.133619170570235868e-01 8.983941201751612926e-01 6.345477237234748991e-01 5.922940511659202656e-02 7.302791520847474738e-01 9.169783797826429605e-01 8.194294504578112370e-01 6.571137913417162135e-01 2.244034469374808216e-01 5.851548079717983075e-01 4.281062598821898657e-01 9.513831997145677510e-01 1.608048968952925373e-01 4.701133286731962180e-01 6.565536854241914577e-01 3.704891120223682277e-01
1.743511456738910947e-02 2.771879802972374573e-01 5.026870885509832076e-01 3.203904727540864972e-01 1.119591401479813619e-01 9.857574608536547878e-01 9.501756176139658505e-01 3.114039590546398006e-01 7.495288175913101814e-01 1.799472931699229727e-01 6.353207146744144218e-02 9.924277942232658800e-01 7.390804087998343874e-01 5.486030759380094990e-01 7.369800945410490689e-01 6.757942659643946248e-01 1.247434461284120388e-01 5.070789048569540602e-01 1.007545309729153127e-01 8.676821902302827016e-01
1.516975786133979431e-01 2.011859943176089738e-01 3.822430243482651813e-01 1.158937831667804508e-01 1.763238728196230287e-01 5.117083875354782041e-01 9.586770491321159327e-01 5.222118412880635274e-01 6.076636806011094238e-01 6.640037481219100979e-01 5.861281836995333450e-01 2.851626828032580718e-01 9.089303778397588296e-01 8.529688691592340888e-01 7.197273849499160603e-01 4.201516812092237485e-01 8.509813229393520251e-01 2.574614467355161862e-01 9.380144852230902774e-01 9.178627059557499246e-01
3.774473482552294090e-01 7.302031323206557012e-01 7.939028751762075009e-01 1.059147182116618735e-01 9.529715819094041196e-01 6.128529598326613037e-01 2.839270355184962957e-01 5.485359090853062503e-01 7.277338302791995783e-01 9.876630688649260525e-01 3.178189122158368018e-01 5.090265248976372225e-01 6.460699828537879164e-01 4.935372603769677680e-01 6.808477536236552385e-01 9.374004025125758366e-01 6.409603134765577970e-01 6.360857813871709787e-01 9.175357474361167665e-02 1.106720549684809818e-01
2.864843025020739065e-01 7.312744971512116221e-01 3.002501210924257702e-01 3.875777116977401349e-01 9.970341536221527523e-01 9.533499465625998592e-01 4.803564021262340944e-02 6.017927647436538408e-01 7.110129362298361899e-01 8.185685152857345992e-01 9.111895023079670253e-01 8.438737917202304706e-01 8.123557057160529782e-01 6.746137120889661443e-01 8.501070178379428466e-01 5.295272430244470918e-01 6.636441574363186602e-01 5.448355457487994435e-01 1.165922056992217959e-01 5.763263400866808217e-01
9.368985707959665010e-02 7.498360511620144608e-01 3.019258014879735441e-01 8.834757019935588485e-01 7.944640527764323945e-02 5.311184742290780969e-01 3.929656353442086969e-01 5.049926384845538907e-01 2.663624667118036360e-02 9.656698966727400579e-01 8.950905381260214622e-01 7.158783721918375864e-01 3.742313373681682709e-01 7.877911909308288330e-02 8.779245037718962363e-01 4.087283364272278341e-01 9.636331616970601477e-01 3.589181201414145539e-01 2.243203485349207771e-01 4.130563098301344160e-01
6.468209770549196991e-01 7.838346297823253206e-01 7.145574804264626101e-01 7.665417825107303518e-01 6.758464844021545570e-01 1.271270127452623910e-01 2.900410906100923114e-01 6.022454855085410674e-01 5.659241087695223715e-01 2.899576843627986733e-01 8.223016732853334343e-01 1.090830849084462040e-01 4.480482737782298663e-02 3.695882353563215705e-01 6.281503954853266958e-01 3.387133121775735001e-01 5.926984920849347471e-01 5.854687100716985393e-01 3.306235160287851471e-01 1.119490102370045426e-01
4.709281577810383590e-01 5.965175148878660849e-01 8.527850986260432364e-01 1.461028717835760604e-01 9.989538828081738764e-01 4.725753967871154648e-01 9.083647246183730317e-01 1.732742161721356755e-01 7.149067899008810789e-01 8.092806015258242613e-01 7.894928692136413684e-01 3.203536941449853792e-01 8.799575809133465265e-01 8.362340132265532189e-01 3.599713049726231962e-01 3.013732509628366252e-01 6.868568274392150563e-02 1.776314079220187025e-02 1.923728666228409212e-01 8.044521542005735881e-01
1.956489081623805637e-01 3.899980607791043719e-01 7.812726690592098899e-01 1.120111383511359637e-01 6.030702539140244678e-01 7.996368061395886517e-01 7.960209848246425635e-01 4.877091222396972015e-01 3.479252159068256800e-01 2.633897362694065380e-01 7.172408790495488073e-01 2.719598087075512094e-01 1.682181897770632650e-01 7.157550856527468142e-01 2.606139766990944739e-02 3.502754425828636942e-01 5.592706768681415808e-01 8.531238798120999167e-02 2.311757626517256803e-01 2.588212329256499578e-01
9.960605697931095293e-01 2.668847060642398628e-02 2.264944940789114236e-01 1.910994724141078516e-01 8.845976321404880327e-02 6.716893997433076580e-01 1.326899240419284753e-01 1.073368439306237043e-01 6.503633386993721288e-01 5.103331980345020558e-01 2.341016900936516709e-01 4.031247491540316252e-01 5.836870975522653326e-01 2.547232720613811230e-01 4.814517337956497611e-01 2.326010760022823032e-02 8.226562567387875058e-01 5.798095355410564089e-01 7.160230118466131000e-01 5.894293683182306731e-01
4.238864607040887522e-01 5.763186683827872248e-01 8.312014687359199350e-01 9.396679864880502775e-01 2.914397493283799045e-01 4.069034950528768180e-01 8.544537654847027541e-01 1.017558102396044495e-01 1.044252124716739116e-01 8.058958164913266886e-01 4.747607084466634042e-01 5.300055876275600042e-02 7.053844290859712096e-02 6.058956523127345672e-02 5.490487395436051132e-01 4.167577392533169389e-01 6.277397655976288959e-01 8.816331589806074565e-01 8.761098474618503884e-01 1.258895229846668240e-01
3.717458199436576294e-01 9.636799588711358888e-01 5.632166188740739265e-01 9.814655764354213163e-01 8.809519930728736403e-01 1.600931673129479815e-01 7.272692659097576007e-01 2.217903425111167337e-02 1.790169225695827926e-01 5.237942032154492278e-01 3.423265641340470511e-01 4.159793210555460252e-01 1.904752034358118129e-01 7.259695160146693027e-01 6.179855666489338928e-01 6.557223247981346370e-01 9.352170487026130186e-01 9.999616793921229929e-01 6.152045656395012108e-01 2.496529662957402973e-01
4.987136999296877260e-01 5.017204791320343249e-01 8.042402010246481048e-01 6.214603335605717316e-02 7.136734593775970747e-01 7.994405165241798006e-01 8.602808733281462894e-01 7.690679253893947243e-01 6.074256396722224061e-01 6.097754290750942996e-01 4.001714543213060749e-01 2.964644700713817693e-01 2.948263579880092689e-01 8.637244570174658076e-01 1.677106949631155253e-01 1.616454028201973481e-01 5.101786999469096751e-01 3.321918487380890461e-01 1.556554982179110258e-01 4.451639931847874987e-01
8.623570785770119373e-01 5.965063535538622785e-01 9.942359731128231903e-01 5.903988537368811684e-01 2.721236882421460557e-01 7.739883213116545146e-01 5.501814764144374870e-01 1.104486402438094039e-01 6.590102702747420160e-01 5.732493585871305530e-01 6.809011408243712538e-01 6.073971067483656672e-01 8.481411421650300042e-01 6.307013291861196524e-01 3.839539259903167467e-01 8.876574216168952036e-01 9.043320311536572342e-01 6.370082927860676314e-02 7.011093254559943588e-01 9.026832248603497977e-01
8.125051181482104701e-01 6.394830986431465636e-02 5.111476256827701681e-01 9.390062881883805002e-01 6.162750515148180952e-01 3.995062669060358562e-01 4.348821712523494032e-01 4.639916611321613926e-01 1.668332409985084919e-01 8.392571707672547010e-01 4.738647140056931883e-01 6.369022181265935334e-01 7.966206381602798370e-01 6.817525222562227372e-01 2.388551510007649314e-01 8.918710563270072500e-01 5.655664763311156751e-01 6.955130398339487430e-01 8.758626558994715428e-01 8.937637508484465032e-01
2.494594009328102713e-01 7.161451585498499472e-01 2.774877515525187022e-01 1.577902425322130764e-02 6.925405665417667667e-01 8.625523022540860785e-01 4.580933043112120906e-01 1.200265024111175638e-01 8.920786611340600913e-01 8.860782855474982345e-01 3.550759006117506500e-01 8.011291731501579694e-01 5.766175224459102466e-01 8.268853113978306135e-01 5.706538144110556710e-01 4.936933925723475669e-01 9.727084783413506575e-01 3.367393009386817626e-01 7.311704516619524918e-01 8.660406698982305862e-01
7.156110500361314575e-01 4.643950708612398781e-01 4.911885676986559313e-01 1.211980387774994616e-01 1.899009563829252567e-01 2.609108031494733471e-02 5.792949489509384708e-01 5.810432833283311060e-01 7.719701495871105212e-01 3.177990353280384372e-01 2.062149829596784389e-01 7.688370268270368069e-01 4.341581623366341791e-01 9.778447013828525103e-01 6.834315772800946265e-01 8.542153444900422166e-01 3.411156238213446379e-01 8.166764419922637464e-01 7.852763223083745192e-01 4.084754892249466973e-01
3.155678581377244774e-01 2.165918624021396788e-01 6.644415472722322580e-01 2.409424211058830423e-03 5.365041119663782609e-02 7.834819800700570935e-01 9.052669177672191259e-01 8.335783777519217841e-01 7.473837070955787754e-01 1.286125822700888710e-01 3.434326685138159307e-01 4.667391329958515689e-01 1.935690791236549524e-01 7.867819489648919529e-01 2.795342482825986519e-01 7.142866383782497941e-02 8.365881858692850725e-01 1.225791307598833590e-01 5.524434509204945165e-02 1.735773928324603199e-01
9.559811818425467678e-01 3.471514912429202182e-01 4.189234140708872900e-01 1.957839636098624991e-01 7.546036748116018433e-01 5.259062960733169589e-01 1.398769953629868112e-01 6.330826718753381765e-01 8.481554705996208199e-03 1.975788147963175589e-03 7.130798626422809594e-01 4.019405137316200971e-02 9.102011720073410750e-01 4.320355290161737027e-01 4.113775380551554228e-01 8.203331241935557516e-01 6.324650014985485624e-01 4.142663262722435791e-01 7.865585925155428315e-01 9.999236667873133699e-01
7.965030118291163141e-01 2.125180515881464061e-01 4.524529825588609055e-01 7.327146524893347612e-01 1.675683036270646520e-01 3.500401515167259614e-01 5.390892082117246797e-01 4.618211125020521557e-02 1.725025283805039500e-01 8.006725366711706648e-01 4.061753430315083735e-01 5.920608055632912148e-01 8.180369136931991969e-01 1.443578271046137562e-01 6.641665935707986579e-01 8.536505650617787211e-02 9.667112673175893844e-01 2.529689416470239927e-01 6.622967620326216664e-01 3.822225715612327379e-01
1.055608619652721458e-01 9.714106087478507900e-01 4.259018103817250323e-01 6.656136131420751223e-01 3.244655582641176039e-02 7.254262077953654853e-02 8.760113456472312654e-01 8.103597966652820173e-02 9.968338570518224806e-01 4.875557725814596566e-01 9.886149836453054229e-01 8.233235469682790297e-01 1.074921351105567746e-01 7.455698890602957540e-01 8.946351832493287803e-01 3.859973272970078639e-01 1.072525256919908410e-01 2.333004647231188278e-01 3.809742624371772468e-01 1.073415940845693362e-01
3.473362836119081587e-01 9.719908485334382009e-01 6.356514584540048363e-01 8.828971043444134859e-01 4.111654070491288504e-01 7.278074474346075684e-01 8.710723318230945145e-01 5.255384805692483452e-01 6.063218822409059960e-01 7.467737730345272995e-01 1.761912279409293403e-01 8.690065802625306368e-01 4.707566036480104188e-01 2.464114868337161646e-01 8.430098665057284002e-02 8.761630239888692495e-01 8.136558046550163015e-01 1.944221101307023192e-01 7.845691803321007685e-01 4.327508678246818619e-01
4.831214156182380703e-01 3.741641975682299393e-01 6.241276911894020341e-01 9.202439197925349479e-01 7.163287810040014358e-01 4.074566915435050563e-01 9.714034818688708217e-01 2.221507932738878699e-01 9.229376658137488088e-01 6.870787186108907596e-01 4.035874734193956037e-02 3.980663178381271816e-02 2.249599983192840380e-01 4.942468407646590789e-01 5.913167609585066042e-01 5.380057476112816151e-01 4.177698635577595798e-01 8.458964670863867719e-01 4.782025570890332533e-01 3.686266183261307505e-01
2.410729390271393324e-01 7.576708513285301816e-01 3.191978574733207452e-01 6.920399394799280346e-01 8.310097487992554877e-01 6.184327214960649854e-01 9.270680111608626817e-01 3.708418425868645896e-01 6.125033965087830490e-01 9.588031485077900262e-01 1.229471247723890048e-01 1.256657034332020473e-02 2.041581645801671119e-01 2.707568652105677431e-01 7.868404964522469625e-01 2.883006577019058270e-01 4.002436171836564194e-01 6.535230774296313383e-01 5.111147433245191163e-01 8.431355096306343277e-01
5.333279167529565434e-01 7.566805384202052176e-01 6.975585020797523406e-01 2.244280386763035651e-01 6.825822993696512020e-01 2.258487607801822339e-01 7.372843921758076569e-02 5.600117234297100621e-01 3.363427525018002351e-01 6.205233466089840055e-01 6.152270621948986440e-01 5.583359869627989580e-01 5.239358889285622434e-01 9.633718399310015057e-01 8.284058012541262173e-01 5.499054736226524076e-01 2.453873513221842551e-01 4.755991699867552214e-01 9.634583524636615159e-01 6.210237984521737031e-01
8.900968164789353487e-01 8.467807775485646227e-01 5.977871964825092199e-01 1.080771445517790808e-01 3.802244390090908643e-01 2.219456977481667481e-01 3.728639616659039646e-01 5.368471152532655610e-01 5.932444966031791278e-01 7.284698434988866600e-01 8.802104340647776137e-02 1.631008012635488669e-01 4.528100499860902017e-01 1.366468007229760806e-01 2.661505018937264655e-01 6.600236595962201136e-01 4.425749446146814980e-01 3.961841944456321318e-01 2.768898616134343182e-01 5.923862740250230852e-01
5.122456638750713109e-01 9.536733083413758694e-01 2.656004109055570828e-01 1.809292276214380379e-01 4.920280718298342126e-02 3.728663010800373767e-01 2.208272404810853740e-01 6.750507275671290275e-01 8.491926890075521817e-01 8.829970269034503882e-02 1.462555625209781551e-01 5.049877148318083764e-01 8.965177812872284768e-01 4.328360680641148983e-01 7.362602421251972507e-01 4.245578410419301729e-01 6.689497939719144526e-01 1.627028432651153045e-01 2.952150973265913469e-01 2.936998624334612451e-01
8.382750104266905034e-01 1.651913796599817630e-01 5.913971538292721597e-01 3.942771500660279260e-01 4.239077775657759117e-01 6.025726668736395286e-01 1.353150963578320098e-01 5.858912547659945735e-01 8.661951384083824701e-01 6.995119644378399171e-01 5.812419849514982584e-01 9.108727542067744931e-01 5.957579428058240589e-01 3.957012940760813446e-01 9.532810370911306563e-01 8.545378086724473299e-01 9.827356162081546387e-02 3.366813329879525529e-02 2.150365461546414059e-01 7.733592573160079642e-01
2.640004096772673448e-01 6.049672415568018158e-01 1.640924025557695121e-01 1.983308992003951499e-02 4.396332764084348588e-01 3.856166918026919799e-01 6.321539025357486574e-01 5.302595276371221411e-01 1.192547901687619483e-01 1.712891073112307039e-01 4.409903689417732364e-01 9.229710785654778871e-01 2.243040441332335710e-01 8.287209403411897046e-01 5.812102127187370737e-01 8.248681369644912387e-01 6.761672108637670764e-01 8.669672947414023279e-01 1.825740400239647121e-01 2.513268972910032151e-01
3.737063038198985554e-01 8.860479618633422261e-01 1.783849310926527432e-01 1.650731937570321106e-01 3.524460638818538438e-02 3.884483730654840761e-01 3.032543516922370230e-01 7.678258133736293178e-02 3.466988499488609099e-01 7.521458506368758901e-01 9.466537365780923752e-01 8.559003785530675534e-01 6.889445410747576659e-01 9.313692507995818826e-01 5.446050117929879253e-02 3.366991948573881954e-01 6.960893604422698777e-01 4.514054828877204217e-01 8.390448792130543731e-01 9.741825554119007968e-01
1.499990647373083963e-01 8.697606953527451390e-01 7.295197349207630522e-01 4.083197952558892396e-02 5.639966942700823660e-01 3.052294032929684375e-01 9.077271101930767250e-01 7.924610040424677759e-01 9.824959164054433147e-01 7.299482401797277031e-01 6.094588670865597191e-01 9.722843018466572618e-01 7.304988685191999842e-01 6.117933571759007760e-01 2.824881934459618771e-01 1.756339767707133515e-01 8.002854911384016390e-02 3.856699591789226611e-01 4.642828770904273705e-01 6.139657717151574268e-01
8.703720265333222406e-01 1.383462675660646068e-01 1.761660535301505792e-01 1.772057509549584964e-02 9.701437341660775759e-01 1.259662769232745561e-01 4.485223097044284124e-01 2.746663101629722714e-01 1.810330968325921663e-01 2.012298681632241903e-01 7.175959653330037380e-01 7.933690521174017185e-01 6.620339656006316575e-01 7.550593150514837149e-01 3.238629336512605095e-01 8.677244604380502935e-01 8.427952785418149073e-01 6.928333509004692692e-01 6.613538784985116825e-01 8.518199833587135616e-01
9.040632122267922011e-01 1.923490475865184957e-01 9.345979777831512347e-01 5.249808085704242844e-01 2.943978853694081410e-01 9.532391516724600944e-01 9.860716049383766446e-03 1.764679758284254385e-01 4.191549116233547201e-01 3.621488200566954641e-01 8.066337907434245613e-01 8.275836115236390178e-02 8.870393617715121026e-01 5.733449227867838394e-01 8.802500154989366665e-01 1.282553268555681747e-01 2.743638926252155441e-01 9.073580521194937187e-01 2.060305576003167438e-01 7.742194710647738454e-01
5.874414582347300406e-01 5.953417266484715142e-01 9.089872132401743965e-01 3.708484637292372987e-01 1.536839905695085440e-01 7.782699338738492401e-01 6.335975799325036517e-01 6.570180319310826578e-01 2.842314187184031837e-01 2.875074539065527457e-01 8.740270717767184561e-02 6.678350081192983012e-01 1.117297415988615095e-01 8.066742270818675342e-01 6.765472651091816170e-01 5.275307511868795318e-01 3.225978940221223557e-01 3.300273465735843459e-01 5.677016361163392810e-01 5.600040277614413142e-01
1.356712904518796448e-01 9.880126936999537035e-01 4.475557418647134744e-01 9.953282543178268993e-01 4.028614531204499638e-02 3.855766548508985370e-01 9.285720528360617010e-01 4.727570965205691866e-01 7.800714424622157139e-03 8.988421733846534423e-01 4.433133307681780266e-02 5.762047474280918014e-01 1.158446104502490748e-01 8.099935604214482110e-01 5.746726273607812852e-01 3.798906886635234903e-01 9.497120258849575114e-01 6.513064464632906114e-01 2.032586261718049014e-01 4.698236711453562808e-01
1.032892308252753022e-02 8.439328042808430519e-01 7.806075972733110824e-01 7.069584551338506939e-01 5.776174629148370654e-01 7.049390014320588982e-01 5.214075165534237666e-02 2.145072669179459712e-01 8.926525299554622928e-01 3.526326988837125143e-02 4.055080126438621591e-01 8.386934115259169209e-01 5.214914339166366597e-01 9.970595448658193805e-01 9.344474386836100210e-01 1.143722112131148050e-01 3.978287407058134217e-02 8.539984531740065776e-01 4.407080334359002594e-01 8.134472239339407551e-01
5.687334143456349578e-01 7.468155943860289581e-01 7.319921547164683906e-01 7.046098230340612778e-01 7.297954586136555788e-01 5.295010409491178738e-01 2.617086186521836444e-01 2.950931680033195281e-01 5.656846453987828260e-01 5.471970345825380999e-01 3.746031482372383925e-01 8.372382201813470814e-01 2.508831589023077235e-01 2.019269852036988944e-01 1.913902454967197908e-02 8.235431319948407491e-01 1.729446683141366847e-02 9.003372932360499403e-01 5.001463981930245328e-01 2.984189534996734006e-01
9.292855211304300589e-01 6.878219263057832045e-01 8.221030652936478500e-01 1.808023987194744553e-01 8.351997969724701543e-01 6.042013857855528247e-01 2.327431396470908131e-01 7.253269630644131327e-01 1.006019163341624889e-01 1.907831022757009443e-01 1.388958718693567018e-02 6.247972038112579174e-01 7.678097030437093240e-01 1.355082782714417400e-01 3.943405631003771283e-02 9.708666311681668493e-01 9.651169666069894237e-01 9.808121518775803072e-02 9.375563126576090811e-01 9.691499633601429187e-01
9.651703816093988308e-01 7.250237178136976768e-01 9.278728099952001651e-01 3.709497791133898881e-01 5.479631814282870383e-01 4.899924280728535919e-01 2.544977352242581148e-01 4.649741188687649407e-01 9.020078068361305768e-01 3.644226721235602762e-01 6.773265451203137610e-01 6.020365079064486924e-01 3.580872990304359016e-01 2.252223323822566403e-02 9.466570817652357750e-01 1.114527513405327852e-01 9.308073346040733886e-01 6.746410744929818293e-01 6.227496425149449122e-01 9.912758574406450585e-01
7.535529122893001031e-01 3.158999046521249188e-01 7.920881869737198544e-01 5.995498598366364451e-01 5.455131479785385595e-01 9.833120920963475120e-01 1.503075605564585526e-01 2.029107184653451412e-01 6.711924477836094249e-01 2.000070887673804920e-01 5.618517249517853696e-01 8.282214411192760917e-01 3.486363022488677688e-01 9.081995755005439763e-01 6.670193593571290824e-01 9.094967247510439279e-01 7.949529785758845390e-01 6.924578012920266090e-01 4.074676303033090141e-01 8.152936356462263667e-01
3.533852837697774030e-01 7.945395882704653356e-01 6.892015453003441650e-03 9.199518937164359311e-01 3.941984493520932498e-01 8.520608253890207262e-01 8.286921320757926201e-01 9.972466916395897885e-01 4.344681321178873734e-01 4.067361012326415892e-01 2.287877106482483214e-02 3.215067111006461031e-01 3.910075146145411962e-01 3.951732150568122437e-01 7.743898060557555807e-01 1.351038529608872274e-02 2.972060423400469942e-01 8.356504865255977021e-01 5.521593313438568629e-01 9.215463644610566440e-02
1.808937136951245250e-01 7.811490977287618431e-01 1.482357293221893135e-01 3.088560663923087812e-01 6.609818262377231690e-01 5.365765424735206013e-01 4.705537887392969854e-01 2.759381020278166563e-01 7.283687047421805172e-02 2.373075636042765169e-01 2.319034700644035940e-01 2.793737975107072335e-01 6.768095083411744817e-01 4.954994745204602813e-01 2.846462222973291656e-01 5.620334921133884887e-01 1.057460657608670918e-01 8.289507122561778907e-02 4.958665693663383278e-01 7.737294821668072586e-02
8.697447476892701257e-01 1.957863896934548542e-01 3.545887716659205102e-01 6.596919369253856358e-01 7.184197982664168869e-01 9.361681362421528929e-01 8.804977733358140268e-01 5.541359925463418268e-02 5.803696731618845917e-03 6.592602085449539295e-01 5.685849601119705721e-01 6.468101108704683577e-01 7.718958749255111496e-01 4.294009326166293716e-01 4.735861793169627854e-01 4.671902564718450890e-01 7.460208504169807409e-02 4.992015957555444583e-01 8.163368961660308898e-01 8.859945817490479936e-01
9.244205497991563325e-01 3.044885960158089100e-01 5.341637433382893096e-01 5.008245387002671078e-01 3.620116124200485341e-01 9.943594329067990678e-01 3.596815519566397557e-01 3.994919691898014547e-01 3.473932096803515890e-01 5.553939197244496251e-01 1.387773103945481035e-01 5.025143440329693512e-01 7.520357784599646100e-01 1.907478634448104282e-01 8.347328741994508583e-02 7.660128551420735121e-01 7.282744048588363217e-01 6.399096637103307561e-01 1.942554773645921440e-02 8.066265313048326391e-03
6.156321232336600113e-01 9.517831777340475252e-01 3.631140057501510698e-01 1.798618055967399210e-01 7.911168738228506747e-01 7.328802294826640695e-01 9.555424105244096911e-01 4.429436120787625386e-01 2.880014767835059608e-03 1.427187567022172310e-01 9.371029181368517591e-02 2.145534034228645526e-01 7.832861228047796054e-01 1.820820950430562801e-01 4.248002760251923249e-01 9.688331249975086212e-01 7.513709830205573814e-01 3.491810651562016199e-01 9.521300712929005039e-01 4.327943947157258942e-01
3.935199434225533643e-01 4.786943735359089347e-01 8.181161651080882669e-01 7.286400826565619937e-03 4.003693469382568759e-01 6.568575662483078226e-01 2.688742965009239816e-01 8.067085090349568333e-01 7.348280321147218075e-01 4.910045294324039133e-03 2.260168159694262435e-01 2.282273593628386665e-01 9.294387741285520255e-01 5.286805046848475076e-02 1.505252081985792856e-01 7.074701365899719319e-01 3.131970013995162283e-01 4.977451627802218503e-01 4.392963821824905635e-01 1.168682270507906962e-01
5.997261393416960518e-01 4.376473486984304717e-01 3.846766913046198999e-01 8.294974437314024396e-01 4.048800469770724719e-01 1.234374769603361344e-01 9.308696748790679099e-02 2.039325768755885226e-01 3.782208334176698772e-01 6.780402332521443531e-01 4.545299548949364166e-01 2.928786525637738780e-01 9.270505562006132738e-01 1.033221643225193942e-01 5.744131074537868198e-01 8.030505958202587280e-01 8.579716094917557712e-01 7.129575109672222633e-01 6.255789545235712623e-01 2.668702626730141692e-01
2.348368692503381983e-01 7.939621377556704829e-01 1.725203433043732693e-01 5.859988545658405545e-01 3.014133902937997656e-01 6.178400655958204979e-02 6.012249865249191805e-01 5.215052715442086706e-01 4.986918688238944908e-01 4.525263935465524412e-01 1.416418678291226918e-01 1.234457537416682182e-01 5.152224299048335787e-02 1.329789792576052676e-02 3.406808383317615485e-01 6.761336203646166609e-01 4.108304289823233590e-01 2.215221113534646680e-01 5.242045147874810906e-01 9.366570181833000497e-01
4.948288143187873356e-01 8.490190851086628632e-01 8.404891314381934819e-01 4.645637565217138887e-01 4.296472862212475929e-01 2.547543052823154630e-01 3.717733597249047728e-01 2.699979476142417845e-01 4.588274574793322902e-01 6.513858581417801830e-01 3.448533621608689259e-01 4.961577788014557289e-01 6.848801447012342614e-02 3.144886370020487654e-01 8.872924521184064606e-01 1.872616117729146712e-01 9.248411692404672202e-01 5.552483257158546959e-02 3.759816111738741862e-01 9.582193397249133548e-01
4.031635101755485229e-01 7.869352554231889840e-02 3.316181292440141259e-01 7.507275800327851689e-01 9.005783974463361652e-01 9.758235237357500980e-01 4.269585553383791199e-01 1.289045965795103665e-01 5.955894303563949999e-01 7.870811829077003496e-01 1.217599103730894194e-01 8.842154482110330393e-01 2.849191171610481188e-01 5.338232505638371705e-01 3.131839416338163540e-01 1.865680924279808917e-01 3.601816597906271067e-02 1.033231893620674136e-01 8.514107201435997530e-01 6.605981824013491543e-01
3.201111318689443541e-01 9.167398097248410371e-01 7.463722061526506524e-01 2.112571292324069150e-01 4.393585910563301278e-01 5.694196616879870776e-01 3.183776587134715674e-01 4.238564620517434323e-01 7.712919839987022463e-01 9.379104047073469896e-01 4.615717196589433913e-01 9.547488620519690716e-01 5.350672729491088297e-01 4.473316933323235878e-01 9.046524057134095465e-01 9.988734700309197523e-01 3.789300714048429164e-01 2.747360277342919543e-01 4.038601709295887021e-01 4.555919137708124289e-01
2.396213723054108069e-01 4.255593401966493161e-01 4.878804702722046027e-01 3.154287321972808478e-01 7.365249987865815084e-01 7.293184650868599350e-01 1.034472346870290993e-01 9.731080679518827603e-01 3.767978743411547482e-01 2.127901114865582421e-01 8.881198194596330309e-01 8.488111539574667574e-01 5.275838837748066945e-01 7.382893962387013786e-01 7.858518370994568292e-01 5.890733389765979711e-01 4.801474460959394008e-01 1.210339559899632489e-01 2.321418921204040364e-01 8.662417987512438522e-01
3.801944853344193520e-01 3.350523335644992606e-01 3.866391083813398577e-01 2.303834637883637182e-01 5.637921579860882826e-02 3.439824038818057872e-01 3.858261493754896465e-01 4.320606932196870975e-01 2.855869982784227101e-01 4.136350776425198328e-01 7.473899364261036293e-01 2.269441732674993828e-01 9.591404010478987718e-02 6.892229367437239240e-01 4.454487666789525013e-01 3.831444655365278118e-01 2.086909562874543766e-01 5.849891487935837686e-01 2.842120673045410717e-01 9.346431050874279833e-01
