-3.032804765799774344e-02 3.028220970799214845e-02 -9.762096799733508204e-03 2.897589561782768636e-02 -7.780427114757171997e-03 -2.642187156608021958e-03 -6.700515797957753428e-01 3.319037419076332346e-02 -4.346672058485554629e-02 4.137289329708597474e-02 -3.165515731645858755e-01
9.909119410051166286e-04 4.620665814292644613e-02 1.717876093181368302e-02 -3.589296353308225190e-03 9.962671996729127732e-02 2.298132151401705882e-03 1.355598108076410888e-02 1.885916894868098215e-01 -2.728804182390688268e-02 -3.058645544305233725e-03 -3.266204826344594747e-01
-4.780143862453941489e-02 -2.907983569574987617e-02 -5.104450185158364572e-01 3.053813128211155942e-02 9.148683415052594192e-02 1.655197603971956394e-02 3.990933322812907913e-01 -4.973079384378179674e-02 -1.481138883602729217e-01 1.882632976165712901e-02 -5.000000000000000000e-01
-2.944921330668694437e-01 -1.847509346444309863e-01 -1.563209612023408468e-01 1.063964352517234591e-01 1.045609223402234073e-03 -5.624891073149350385e-02 -1.230096708769992803e-01 -4.848075918876988410e-01 3.398959593038211602e-02 -2.217468027134003039e-01 -1.133334166259655912e-01
1.438948935947473654e-02 -1.696635343594070453e-03 -9.685697404050305770e-02 1.343608908363519705e-01 -6.265423118182272821e-02 4.885662714471025736e-02 -3.043579153628018716e-02 1.557103686981937962e-02 -1.222392739467623585e-01 -2.198697066192880148e-02 -4.342166378260788884e-01
-8.992177145821672601e-02 -7.912829095974616145e-02 4.097192064302031950e-03 1.221282593449682929e-01 -1.478216613023287662e-01 2.389123586919587872e-01 -2.258680803965545242e-02 4.659956088148658332e-02 4.202586073558090551e-01 5.272016482940303783e-01 1.037946335512517776e-01
9.597469409131623164e-02 -1.665343322772898094e-01 -1.739947082755450430e-02 5.037781507608123377e-01 9.724268430767284144e-02 -4.933116786215538396e-01 -9.822296076116523444e-01 4.935169848246367778e-03 -2.799451960026859768e-02 -3.396510835698258735e-01 6.908916154494376682e-02
2.698624662109541661e-01 8.637234851020680892e-02 -9.399485016744826837e-03 -6.925914466926183510e-02 -4.586589497341193866e-02 7.652194316147484798e-01 -6.215774989602884312e-03 -1.000000000000000000e+00 8.608931755386944190e-03 -1.748496982547368128e-01 5.973807833289240116e-02
1.663691437372799564e-01 1.123262943414035930e-01 -3.959849286643657984e-01 -1.632381039853694205e-01 -4.337030429314734925e-01 1.898784341025711031e-01 1.102336681871673441e-01 -7.708133888632971720e-02 7.730530531616068568e-02 -1.319806776517998444e-02 3.281197508525751094e-01
-5.466651882820441205e-02 1.362443869110233075e-02 1.441990400995026289e-01 -4.053827995339745471e-01 2.482587940717254915e-01 -8.678994789209631966e-01 -7.455604686251397772e-02 1.411529343782945700e-01 3.670401860932930305e-01 7.977302331661595240e-04 -1.628914263402406540e-02
-1.305828843137532280e-01 -4.161684914203906543e-02 1.872679221204842669e-04 -4.206300140877970994e-01 1.612242043853653051e-01 1.280297882153922095e-01 -1.053744962754880193e-02 4.146459003530222898e-03 -3.367252295154226499e-02 2.314902213149342969e-01 -5.094417920148053974e-02
-8.025709130715821815e-02 7.361688037384584056e-03 -6.156624717023494175e-02 4.750819567992762837e-01 -3.131500593317008280e-02 2.779356988437526321e-01 -7.673929546957385106e-02 2.407131848499837190e-01 -1.000000000000000000e+00 8.321399295703065802e-01 1.931420203063193008e-01
-1.071696497810337243e-03 2.278693840403830245e-02 -2.101822679308487096e-01 -1.819350080988680479e-02 -8.266012707224354994e-01 -1.801913626809417412e-01 -2.189932231339195012e-01 -1.445021422077861772e-01 -5.619378833931944206e-02 6.114336894259566613e-01 2.619425422593175123e-01
1.842746738802977053e-03 2.683472940076024327e-01 -7.767567364485840342e-03 6.076052611559423777e-02 1.400509646318587875e-01 5.042095897301711316e-02 -7.326642542828962733e-03 4.856597779540105381e-02 -2.653350471039397224e-02 7.305968620323363694e-02 -2.986313303330425002e-03
1.562288230058880324e-02 -3.879199972104278426e-03 2.854570731055552368e-01 -1.439387955339150316e-01 5.643138256600714435e-03 2.433393123945721756e-02 -3.659090921589062961e-02 1.802567981229320077e-02 -4.372866898542051434e-02 -1.004972155878613126e-02 1.953354462013671689e-01
3.322769789073589525e-02 7.230707841782405346e-03 -4.828084990531142373e-02 8.812811275378426915e-03 5.930904117225675731e-02 -7.558357463099675717e-03 -2.387397340919248934e-01 -2.822243815675193074e-03 -1.610726701447486586e-01 2.526922993509846260e-05 1.574713442296188370e-02
-4.993936637343280617e-03 1.639299793951268791e-01 6.695198498476913340e-02 -1.233283872075379706e-01 7.690773480502086090e-02 -1.560973291490871662e-01 -5.852989788907242419e-02 -1.815155655891121378e-01 -4.551070387432944175e-02 -3.143129504476728231e-01 1.840882044838676457e-01
-1.125569008462981024e-01 3.246398927242909183e-02 1.976549170469387440e-01 1.529404012313937966e-01 1.323528400065873689e-01 -3.109483733820245926e-02 -4.436014694617023899e-03 4.318127458689156595e-01 -2.238885955688183493e-01 5.513410089718188134e-01 -2.363636138091499295e-03
7.373878026186421464e-03 -6.647459420052346246e-01 4.327713073672241895e-01 8.691112826443154332e-03 1.623101209015929136e-01 2.483805005725310544e-02 1.183548938989101157e-01 8.907318128034517890e-02 1.269555195087817834e-01 1.614176609274808882e-01 3.335648262147067333e-02
2.458000614052517907e-01 1.405014336114792511e-02 -1.203373037123233874e-01 -4.546040957233196678e-02 4.270867385650095605e-01 1.273841568630797449e-01 -7.170712776219201334e-02 -3.843529011750402291e-01 -3.962494829852856310e-02 8.987106987781120701e-03 -8.392759357285434207e-02
-8.122494367800392467e-01 1.069159512705661480e-01 4.386896151190101678e-01 -1.725870132062083118e-01 -1.125362785142611580e-02 3.639967733850829057e-01 2.844929199761633831e-01 1.472261363063435691e-01 4.848107849842452077e-02 -9.517194830499134395e-02 -3.373576479282397716e-03
8.881143215425970879e-04 -3.828153666425727630e-01 6.888481209784177994e-03 9.133393656927039916e-02 8.292825734459791792e-03 -1.133060339678704405e-02 -2.666711038285706284e-02 -8.035006364223610392e-03 6.601123108459275302e-02 3.801260586043311417e-03 -5.832789511013065529e-04
-4.818987922929964668e-02 -9.231721123955460503e-03 8.378823435496026914e-03 3.014341299238615379e-02 -5.074301465138198602e-02 4.634574259608932600e-02 1.589212205641278314e-03 -3.075813045204239468e-02 8.490360741927585053e-01 -2.730927259964071596e-01 -5.129221373607973505e-02
7.421681814888374251e-02 -1.754638768826605466e-01 6.047831925055466851e-01 -1.547681052246087929e-01 -2.099058887774431781e-01 5.287682478238289047e-02 -2.840692764469683884e-01 2.324067730209020133e-01 8.033235116048730307e-01 -1.895542588891044322e-02 -3.732993135928514006e-01
3.238054768324445942e-01 4.439386364967268239e-01 -9.207905138710920090e-02 -1.661710539401682896e-01 1.404555309863528556e-01 -1.208370610904067888e-01 -3.487672616219186783e-02 -2.241358103954091754e-02 -6.933783302147970493e-04 -8.054458710928004417e-02 2.759864721328461959e-02
1.374139537491972096e-01 4.890317358844765289e-02 5.716052182922116282e-02 -3.207322079313829760e-02 -4.560716821514378821e-02 2.765431653334800011e-01 8.537912568136971081e-02 -2.750642029278823480e-02 8.150988716136353673e-02 1.000000000000000000e+00 6.085158689287189365e-02
2.162680580362882354e-01 -6.064518441923672648e-02 2.088818033820124317e-03 -5.785424545483814907e-01 8.103387195702092816e-02 2.003874859684986326e-02 4.369285930087939834e-02 -2.427210041813684382e-01 3.997011482579215791e-02 -2.780757359686159003e-01 2.243076146303989160e-01
-2.259176697580271009e-01 4.356898708259660524e-01 -4.486500175272141455e-03 -3.061117788468821488e-02 3.011437874270437437e-02 -1.147270315587994027e-01 -3.751166297635048080e-02 1.822084477063002916e-01 2.651156126555230252e-01 1.363005214112667229e-01 -6.178916007672276278e-02
1.073169573165431816e-02 5.007396612083843141e-04 -7.218490956312763329e-02 9.171497353792643428e-03 -4.861007417247689504e-04 1.161292850108872369e-03 6.972330230732545590e-03 1.145889632997348744e-02 1.281263613592876181e-02 -1.967704064710743550e-01 4.939483086593352695e-02
-1.134283495233502463e-02 9.379330812864281053e-02 -9.654181576754169991e-03 1.640388935464485720e-01 3.108400914119052380e-02 -4.343112758721775352e-02 5.901981275590695297e-01 -6.801275348166917201e-02 4.658315997143227388e-02 -7.858474764851040850e-03 1.209928813022480287e-01
-4.247026262066936481e-02 -4.670475751222069039e-01 1.497094900673768582e-02 -3.410804936737997783e-01 -2.673951570116213095e-01 6.353696730061805797e-02 -5.065670583261403515e-01 -3.045060878375873137e-01 4.800013392077198682e-01 -4.591806236408795816e-01 -9.820629811932002351e-02
-4.392916240916298204e-02 -1.013901326704748085e-01 -1.249230557165067687e-02 -5.075774405100771415e-03 -4.541606861114055177e-02 -4.191566494895128669e-01 -4.525956503943697785e-03 -3.865020729547323786e-01 -1.401930224671040781e-01 4.356453893703354230e-01 -8.637905792280356747e-04
2.683995128682289955e-01 -5.140512936932797317e-01 5.022727334740933330e-02 4.846738085582896760e-01 1.739411353373244429e-01 -1.282465596244277972e-01 3.572011563330365624e-01 -5.699104853300587803e-02 1.705625643212610801e-02 2.502744311116785747e-01 -2.963376914524270545e-01
-2.465045328308110295e-02 1.953032073003200531e-01 1.016827522743285056e-01 9.405278679479339710e-02 -6.949237394613692886e-02 3.018118435596842467e-02 1.818272364293791188e-01 2.371712485650020463e-01 4.033167758961794108e-02 2.389234466798359144e-03 -1.389684178588464214e-01
3.000236396812292483e-01 -2.480860453131974730e-01 3.322082768334694292e-01 -3.605132855990106910e-01 -2.897972272294603857e-01 -1.119994258380542090e-01 -3.702414583338888288e-01 -3.530526502786470421e-03 5.639153385425930975e-02 6.803000338595070751e-02 -2.308941038130348997e-02
5.023056120459501450e-02 1.853729947660403554e-01 8.439539265300137760e-01 -6.830091828351889105e-02 1.236451451498419840e-01 -2.401084993782567629e-04 -1.159236322906223582e-02 1.004309743011155553e-01 -1.327648945984319893e-02 1.202899439941730875e-01 4.554289328760739025e-02
1.000000000000000000e+00 -1.198501048982402728e-01 -1.581928952125706278e-01 5.524208225322443933e-03 1.657813862345650924e-01 5.763178281878379890e-03 -6.586951949191030553e-02 7.507188539268444538e-02 6.261283095754992256e-02 2.000626643967247376e-02 -1.385758870595013292e-01
-3.908376456124326159e-01 9.165359614812933486e-01 2.795609427597714469e-01 -3.887102327311161426e-02 -5.256130739556312548e-02 -2.511629501712601131e-01 -8.770479520476831548e-02 -2.357730969795842485e-02 4.766969465830829533e-02 7.867042366401323650e-02 -3.226077583118089898e-01
1.471781380831516106e-01 5.172205499064534695e-02 3.487828144253642820e-02 -5.242340253462951863e-03 3.026747357255536452e-01 2.695192420787583254e-01 -4.661075652851875972e-01 -2.332444706205141494e-01 3.171014910609846853e-03 -3.585165054844807742e-01 -2.591934372773167447e-02
-1.510068847834918626e-01 9.512557619415130949e-02 8.957460022593162485e-02 -3.552404579465377743e-02 -1.310463863091224923e-01 2.265015332401695280e-01 2.885400360001399295e-02 -4.913282310658109719e-02 -1.061049739867100106e-01 6.947149407747842120e-02 1.643781034404353247e-01
-1.085543190566037181e-01 4.204347437754039074e-01 -1.108811463992404045e-02 -8.953981237219146849e-02 3.004189772903229083e-02 -2.031833262390919138e-03 -8.992795105535753009e-02 9.158527010918919575e-02 9.792192796650804262e-03 -2.403250438213850801e-02 1.073750796013472550e-02
-9.508172413188650460e-03 3.272339734698466174e-01 1.495191972652810952e-01 -4.803260718892566478e-02 1.216165504456731550e-01 -8.042059063037453048e-02 6.315639413261443791e-02 -1.321218185945812092e-02 -7.610432451204105636e-03 6.130665165450454035e-01 -8.930844332224857282e-03
3.071213342043075181e-02 9.539500673849518522e-04 1.176231257408036357e-01 -2.321982352887986267e-01 4.808701047598668704e-02 2.319238940243951441e-01 -2.393803123983249681e-01 -1.240128569646995332e-01 1.319371301812450881e-01 5.034979289446734896e-01 2.691945996923530982e-01
4.002147579042657222e-02 -1.037626661383509730e-01 8.328954590362330161e-04 1.780580228746059535e-01 6.408423682250316555e-02 -3.896197728814594641e-02 -2.863201684900533728e-01 -1.760078534925508809e-01 5.644674876148308984e-02 6.240119474449488945e-02 -5.000000000000000000e-01
-3.033990037871437621e-04 -8.941581374199123605e-03 -3.498178212891697725e-01 6.573868348481774976e-04 -9.317021418190420123e-02 -9.362592646964175425e-02 -1.510675711924873155e-01 -9.031655060480771324e-02 1.728016186924764483e-02 3.942037792279198122e-02 1.301609814703259642e-02
5.732483770379557253e-01 1.208058784933042223e-01 -6.915586421621010282e-02 -2.110052327066034850e-01 -3.613973094037429418e-02 3.093997930097267327e-02 -2.390951807878361202e-01 -4.804344128318882579e-02 -7.898077027635314051e-02 8.793357579257997658e-01 -2.557437532703530358e-01
3.197022137901407018e-02 -2.186058228345408652e-02 -3.895450344395029463e-02 5.232616966898623323e-01 1.846305296324871614e-01 3.143962906525695628e-02 4.709321934166545154e-02 -3.630045442719332521e-02 3.074690496807511858e-02 2.716666302586558945e-01 5.291027592417677644e-02
1.385424914855008238e-01 -1.117737961805254920e-01 1.400348966856185540e-01 -1.754399224552096737e-01 -4.398401182188598629e-02 -1.923491964548347255e-01 -4.715124700822783121e-01 7.064736741552432031e-01 2.410971586260428345e-01 2.657197170002064679e-01 -7.089390588905341260e-03
-3.704622805721842493e-02 -7.076735803793753332e-01 6.445527299525249433e-05 -2.140842370343582768e-01 2.212668136855333589e-01 -3.467474533424195343e-02 -3.074773158508455340e-01 -7.778367413968889643e-02 -1.979228754803742107e-01 1.374187678964348680e-01 -7.150853552554389814e-02
1.068248438223675691e-02 1.072725519714475082e-03 1.896559025198826668e-03 -2.477738189802044244e-01 -3.858376951085680517e-02 -9.013624618729028370e-02 -1.404384792601413301e-01 -2.100747474133048479e-02 3.887832991071864253e-03 -1.741335573072473053e-01 1.025203238983685670e-02
-4.995557166678372268e-02 2.949582273321535442e-01 -6.596097122307026384e-01 -3.072868611380027287e-02 -6.267881989682029358e-03 5.174222515577647091e-02 -1.683690440436342306e-01 1.528687143693925263e-02 3.024534399157101719e-02 -8.797040795961463822e-02 2.224938053932831727e-01
5.847489005040574367e-02 -5.425756711989557779e-01 2.764394484646555405e-02 -3.562982853432837826e-01 -7.944958744423753771e-02 -2.240489197189251269e-01 2.858115506949391316e-01 -9.725752877812195163e-03 7.021723621215137934e-01 -7.957431921941456876e-01 -7.351849086936483764e-03
-3.085142353907904312e-04 -8.065026202417389933e-02 4.076497004241527722e-01 -2.012243783901106198e-02 -8.499182840348155910e-02 -3.383593706654498216e-03 1.023068174480455950e-01 -6.599069230094264382e-01 2.746285476029936001e-01 -8.892341024455820975e-01 -6.928278240357566009e-02
-5.767099751773737543e-02 -1.365423595021842199e-02 5.728810271573774038e-02 4.622317287809252218e-02 -3.951936530052828356e-02 9.692932480927279881e-02 -3.513848692390147965e-02 -1.180407251835495774e-01 1.858995744595287256e-02 4.023850069709301175e-02 -4.716425745919520379e-02
7.431279519189207261e-02 5.809286191528771903e-01 -1.093371092032852376e-01 -1.432757842205477639e-01 4.260669265244925764e-03 3.503056524068742100e-02 2.248718089678948540e-02 5.923781675556633736e-02 4.941413117908918795e-02 -9.135150607207266349e-01 2.087865643334843244e-02
1.412597741636947013e-01 -1.150174251348805576e-01 2.256647796765641756e-01 7.570348772155270634e-02 -2.437205072517454330e-01 1.119182882523153122e-01 -2.281179598927872421e-01 1.492760062170155055e-01 2.846550685549656748e-03 -1.190416612986583308e-04 -8.073977505306305369e-02
-7.807210028671292268e-02 -2.437298051348660843e-01 -8.732078267211507150e-02 4.433049383015170708e-01 -1.219869114168211782e-01 8.480626311934117215e-03 -6.524767670854580114e-03 2.085222290992039540e-01 -2.522336967271546215e-02 -5.586139172562285538e-01 -9.904290753727007512e-02
7.601929005285551835e-04 -2.651477460343683659e-02 1.059966285208675330e-03 7.285123975723627465e-01 9.494972466662128519e-02 -2.609979716681252171e-01 -6.481540810806986352e-02 7.518895437854648811e-02 8.106536806598106659e-02 -1.791487356761231886e-01 -1.182294120993321179e-01
-3.114704742401580573e-01 -1.000000000000000000e+00 1.854503136439674404e-01 5.842008506300776227e-02 9.176917753727457938e-02 -2.096036220999152044e-01 3.839081746203721890e-01 -4.450519216837929559e-02 2.627268454159577549e-01 7.975820769592470993e-01 4.512481163022418196e-01
3.265917642137224353e-01 4.185319277424950912e-02 1.232853603238162621e-01 -8.553082321779849340e-02 -8.724917101887995352e-02 -1.518990822854537348e-01 8.735984688769544704e-01 5.995283675360537495e-02 6.760178327141957988e-03 -6.952198307713551850e-01 2.704738048372699599e-01
2.282435834297168523e-02 -7.397212625332069691e-02 -2.344226680416994779e-01 1.446412272836066493e-01 -1.017745814286537265e-02 -7.970713680979182869e-02 -3.813757284364508449e-01 1.259686365539240682e-01 4.031934706155902021e-03 -4.758684061842560764e-01 -5.321084241833547862e-02
1.466928938311399654e-03 4.221223166292119300e-02 1.748668201246363352e-01 9.847219411619016760e-02 3.479499641320737448e-03 -5.263521902810670144e-02 -5.407541017951583012e-02 8.672285285333096450e-02 -1.370425220527395809e-03 2.992030044103307501e-02 2.848320936432037487e-02
-9.711386857246266831e-04 -3.603050917404359513e-03 2.767951006482402554e-01 -2.083119448003984409e-01 5.935388972664381591e-01 1.916428026601350587e-01 -1.807964999446158294e-01 -2.356916219340240981e-02 4.962043320217310316e-02 -2.423033975607952750e-01 -7.811301870651667090e-02
8.634628933274068885e-02 -1.478649845203600967e-02 2.117818448342384877e-02 3.888540625206868967e-02 -1.473013931987802137e-02 4.109410594196568484e-02 1.482770819141818741e-01 -2.438516483222309336e-03 1.071412322005611678e-01 2.194367143759531555e-02 2.267980665139213148e-01
2.325436856125568108e-01 2.267342271088019778e-01 2.896829075780268242e-02 -5.949208637124080851e-02 9.513991442472967408e-04 -4.486289683086383540e-02 5.843383082410862767e-02 3.800368306863562973e-01 5.590842491225093275e-02 -5.368224226711144631e-01 5.205131003254355980e-03
1.499464444940168117e-01 -2.717778594010465069e-03 -4.934139195666833316e-02 -1.903351783791587797e-03 2.007945139352947106e-02 7.266058418268835084e-02 -3.251718232974231126e-01 2.224433116802324861e-01 5.276627324690561643e-02 1.321575516456192402e-02 1.780759928430718231e-02
1.383886301156819765e-01 1.050477658178400747e-01 -2.158530250648670878e-01 2.036387593026859066e-01 -6.886478995940689685e-02 -2.062585594287965618e-01 5.112108752343161484e-03 -2.493826057758009307e-01 2.628171044254318245e-01 -1.374626931751180003e-01 -1.123298525188394237e-01
1.170529590164090111e-01 -2.874114549634064764e-01 9.081010439077609186e-01 -9.113271840091241582e-02 6.862597091527925519e-01 -3.763054525903595376e-02 8.126475676380280622e-02 1.000000000000000000e+00 9.284657110836287697e-02 1.796066987673446136e-01 -9.197330468972901574e-02
1.005400337398929256e-01 6.679484627037163280e-01 -1.000000000000000000e+00 8.312213925882255133e-03 2.969590574998111875e-03 2.884862706313273129e-01 -1.136731559468482922e-01 -3.999237017896222629e-02 1.588328065520835386e-01 1.300883513213381970e-01 3.640941139701624196e-02
-2.443062411611072460e-01 -1.000000000000000000e+00 1.450980524726777632e-01 -4.958714585187639148e-03 6.589553284861962013e-01 -2.571436228469181073e-01 -8.335737675161060123e-01 -1.000000000000000000e+00 8.811691007913371315e-03 -3.861047515185555938e-03 -8.020874060673590170e-03
-5.224226727076096422e-02 7.900023432793203126e-02 -1.727714390884389425e-02 2.283583400682884235e-02 -9.676174370254696233e-02 -1.783423525759021515e-03 3.015270474473808957e-02 -1.344216105986109078e-01 -5.807210674306783477e-02 8.838500249440084638e-05 7.736091018856464108e-02
-1.149499021555114688e-03 -3.779663381563260205e-01 -2.053941288199023080e-02 -1.124109641358179146e-01 -5.433475211899401608e-02 -3.815399635763216252e-02 -1.222710727679326564e-01 2.255368193594934068e-01 -3.400806854135649537e-01 4.632080611803139347e-01 1.716033733077172163e-01
-8.420730644696276801e-02 1.392439734790697492e-01 -3.262766387183661798e-02 5.447149095914619044e-02 3.624346993392429245e-02 -7.614443728522192478e-02 5.616861048801363894e-03 5.167699252980692548e-02 -9.569741938691180005e-02 -2.282863201313884149e-01 2.635811047165295684e-02
-1.215995733064958867e-01 -6.145856372535692114e-02 3.254398645988485633e-02 -4.793586744839422459e-02 -1.570447873986818843e-01 1.634388351351239626e-03 -1.012325370242047884e-01 -3.410606846083166083e-02 1.129922670554107805e-01 -2.749559104702215540e-01 7.631456322784098412e-02
1.177582074820396861e-02 -2.998818082127245321e-01 3.601858361384873697e-01 1.032525424533665415e-01 5.549252701729601254e-04 -1.143507931587156440e-01 2.333322401344928992e-02 7.497153797912088635e-02 6.660273945898075310e-01 1.186991513890000294e-01 -4.721403379637142267e-02
1.116904354268200422e-01 4.819621060101064725e-02 -3.594815709855013752e-01 1.105181078498520750e-02 2.836768170781741108e-02 1.458178770721985651e-01 1.836978012507523711e-02 2.812730721903363307e-03 -1.870845967197980186e-02 2.194277797076723269e-01 -1.519256749287689057e-01
2.055281380831594160e-02 1.281088969348508078e-01 -7.008965921493363893e-02 -1.906352419184769234e-02 2.234996241923397145e-02 -5.389046086260684994e-03 -8.951163695783076468e-02 3.447987760746550751e-02 3.450213238188031828e-01 1.218580328113361699e-01 8.534310427176691402e-03
-2.919252860352260504e-01 -2.794029849723359549e-01 1.000000000000000000e+00 9.588417313160627065e-02 -2.547754024516808366e-02 -1.790553939019740581e-01 2.388945166187987287e-02 -3.214245410540610137e-02 -2.172344843401728398e-01 -6.973387049182034891e-01 3.401656277516824228e-02
2.803863251688385599e-03 -5.922659717791958073e-02 4.759824146285850793e-03 -1.270200058517679219e-02 -3.852379449150935414e-02 1.903390088239158562e-01 -1.038549729901762086e-01 4.415151429074924000e-02 -3.771474374888261413e-03 4.142507423883085016e-02 1.894004992581584113e-01
2.354613957316911352e-02 3.354242011028992724e-03 5.106420255812339770e-02 -3.559104663821401893e-01 3.090155558992120979e-02 -5.302907284618412209e-01 -6.437235483836489802e-02 -3.495409535361809761e-01 -4.044390334596106168e-03 3.204368218276107405e-02 -4.359997741444458785e-03
2.271018473486105804e-01 9.603335321711405081e-03 -1.645025213290693747e-03 9.181584239986749019e-04 1.557024274482634585e-01 1.059225359035132451e-02 -1.204128719974427164e-01 5.272748217234226598e-01 -1.934641497608503499e-02 -1.272947978871377395e-01 7.695304917174797948e-03
-2.132066753020858962e-01 -8.827081091686408976e-03 4.121010972524005167e-01 -1.756600123781039413e-01 6.160545215251250067e-02 -1.748369021149137614e-02 5.993228352529579306e-01 5.685582654574788952e-01 -3.976767105049823503e-02 8.513168241988992857e-02 9.181448937738992400e-02
0.000000000000000000e+00 0.000000000000000000e+00 0.000000000000000000e+00 0.000000000000000000e+00 0.000000000000000000e+00 0.000000000000000000e+00 0.000000000000000000e+00 0.000000000000000000e+00 0.000000000000000000e+00 0.000000000000000000e+00 0.000000000000000000e+00
2.918984129884256984e-02 -4.290753622411855872e-01 -4.126960692710574530e-01 2.745446268034283377e-01 -3.673307422174693082e-01 7.994345436294562901e-03 -6.652100466270954859e-01 5.911728670088801929e-02 6.109177345366805824e-03 8.424211931632541450e-01 3.992932491560916008e-01
-1.585454943022042429e-01 -4.522452681649589967e-02 -4.271272559737074315e-02 1.970088206835890476e-02 -4.204564387360283650e-02 5.094679518325603285e-01 -6.410116778974170870e-01 -6.373665478420610653e-02 2.907880942327879525e-01 7.462057109209823125e-01 -5.600301084275009778e-02
-5.463894028962670152e-02 -5.034050592456255080e-01 7.336103950434165466e-02 -9.463010268525158530e-02 2.692478938087492120e-03 1.329576874902737085e-02 -2.516209651383485846e-02 5.269263842084886788e-03 -5.256372441482889402e-01 -2.261964190234435901e-01 1.741967659829698201e-01
6.144991488397979866e-03 1.268967332912746826e-01 2.044548206723163231e-01 2.015038381857873206e-01 5.834284687772943734e-01 7.499915562068879549e-01 -1.675597498900876503e-01 -8.357981210652155879e-02 -7.128399986572030167e-02 4.335993846416461572e-01 -3.600688608748129488e-02
-9.021838724642667826e-03 -5.208369865738510240e-01 -1.415745354508889803e-02 1.732441554762109426e-01 3.280395892964099031e-02 -3.285352087386117503e-02 4.147570418228944955e-02 -2.795720912542137490e-02 -1.045165896028014824e-01 1.196271288072272947e-02 -4.216757397089358761e-02
3.038761702401884465e-02 2.729612117815664041e-01 -6.001510072476885001e-04 -5.175331251171260034e-03 3.055559541777589927e-01 -5.140464612345501116e-01 2.282082164287140835e-01 -3.461165916378921570e-01 -5.714138877167206365e-01 -3.136337161064169099e-02 2.324281934156562368e-01
-9.424592731238716492e-02 -7.074196569111225186e-01 4.870180016593245870e-03 -3.602094775389786535e-02 1.039089749901336013e-01 -5.343754141007886829e-03 -1.948280445078949194e-02 1.125958128065795982e-02 4.947558092821852105e-03 -5.119565118044372420e-01 1.335455340945928826e-01
5.520152271930003213e-02 -2.273144795564598641e-01 1.135636879361975882e-01 2.584481785017402663e-03 -1.339286493580762460e-01 8.012268792880533619e-02 7.195751002305001906e-03 -7.842775618525256454e-02 8.081575704452477471e-02 1.173669712765462378e-02 -2.516629742885932719e-02
-1.681650354656955837e-01 -4.339261754223931039e-02 -4.233056819766350953e-02 -8.709870325579920358e-01 -1.258156109879557116e-01 -5.817374897979159243e-02 -1.481904342621421511e-01 -1.429634660092806431e-01 1.316057993819868266e-01 3.357370220950905981e-02 -1.781865150448544155e-01
-9.540621446910790837e-02 1.486049009446437086e-01 -6.285640738938262639e-02 5.479686543495020379e-01 -6.807519623796533248e-02 2.972452235197872022e-02 -1.002573457371332306e-02 -1.284252863476154083e-01 2.026535238332969613e-01 -1.317062584579154795e-02 3.687109855295589607e-03
-3.600293155989794242e-02 4.360508267670961530e-02 4.296366635778444028e-03 -7.362659573452558573e-03 2.062043599995033727e-01 -4.146726918606602474e-02 -5.995258298159005239e-01 1.547150886451386376e-01 -5.189888455613699686e-02 1.000000000000000000e+00 4.111265548529288022e-02
2.638727908371434894e-01 1.679103569186170264e-01 -2.636636049811477145e-01 5.847483112012005074e-02 5.953166747128280653e-04 1.418432730740736003e-01 6.986378797684463307e-03 -4.365473394369152188e-02 2.110948481608158345e-01 1.000000000000000000e+00 -4.210130084323642774e-01
7.631857405434401276e-01 4.835929499068147841e-01 9.946241824135215737e-02 -4.776725816151859427e-01 2.561468035615661193e-02 1.212700229878223152e-01 -2.250487560329925973e-01 -6.761080080837111872e-02 1.000000000000000000e+00 -7.562519642695517130e-02 7.056458034289055103e-02
1.012429369166420595e-01 -1.759871262534179748e-01 9.945587418220854306e-03 3.479633816603755481e-02 -1.129146842980588428e-01 7.303433323316382841e-02 1.791936279776062402e-01 -3.523812742463441894e-02 -1.189655227137469996e-02 1.312704312126298546e-02 -3.910462119411010212e-02
7.057356133923022024e-02 -1.000000000000000000e+00 -3.350949503106102206e-02 7.182770714080231877e-02 -5.424248645171643457e-02 -3.112992514279674938e-02 -5.169308217785512083e-01 -1.098353120554028811e-01 -2.205644507457596715e-01 9.116074116024354412e-02 3.845207457563281084e-01
-1.622997948047370451e-02 1.093359540146820463e-01 2.989508148588860825e-01 -1.939484768023879702e-01 -4.456653986143876423e-01 8.595933396526141135e-02 -7.036364406920680992e-02 9.781977925952102526e-02 -1.442510730176314870e-01 2.307751207384075871e-03 -1.277378456601017120e-01
1.061589855688292901e-02 -6.209716412160153076e-02 -4.974173062035042170e-02 3.854651494061823416e-04 3.786486815685909807e-02 6.893448555508364939e-02 2.554507569651997753e-02 -1.189411838242750152e-01 7.673245331527215329e-01 -1.542556115621043500e-01 -1.675693006024770273e-05
