nan
nan
nan
nan
nan
nan
4.300136672676799776e-01
nan
2.452392619256317172e-02
4.801580677084752585e-02
nan
nan
4.278195964537398477e-01
1.731905836278238575e-02
nan
2.571820195846251100e-01
nan
1.885293540334471163e-01
nan
nan
nan
nan
nan
nan
nan
6.908629020175219293e-02
3.835354738093382787e-02
nan
nan
nan
nan
nan
4.728623947421718987e-01
nan
1.120328598809257059e-01
nan
nan
nan
nan
nan
4.443040867069666389e-01
nan
nan
1.358051535862202785e-01
2.521775698228747101e-02
4.027080096916126756e-02
4.326412201579338257e-01
nan
4.329219249800191904e-01
nan
4.085490484432676567e-02
4.098562299487828464e-01
7.918405869386997697e-02
4.350846867266663920e-02
nan
nan
nan
nan
nan
nan
nan
1.332937370609406369e-01
nan
nan
nan
nan
3.186346343983694207e-01
1.033491241613629097e-01
nan
nan
1.529138462799088938e-01
4.357347919494166666e-01
6.066055956113810405e-02
1.277216863651948475e-01
nan
nan
nan
2.157825177942258588e-01
nan
nan
nan
6.683081489415669540e-02
3.264572553615883166e-01
2.010624302002043118e-01
4.405804319580056833e-02
nan
nan
nan
nan
2.690593678319936136e-02
3.653504725125012453e-01
9.341871753122833744e-02
nan
1.317058919653547877e-01
nan
2.825659263364744267e-01
3.813994965942912874e-02
nan
nan
nan
