1.551686927224241730e-01 9.828546306378515007e-01 5.436079588178879263e-01 2.219625974480572417e-01 9.870602310583758143e-01 5.415645306564259576e-01 4.068329375824090155e-01
4.950124642010009790e-01 3.729057985704521405e-01 4.488006443679481983e-02 9.631728998079668314e-01 1.823114317925844663e-02 4.291491231028374820e-01 6.189255862518882045e-01
4.353026340322375676e-01 7.887614322601798067e-01 8.332486771334052245e-01 7.382235901961675673e-01 2.809906978218376095e-01 4.460711146794961168e-01 3.477137092914441840e-01
3.118600535515332339e-01 5.157640181673639468e-02 1.824679165851118556e-01 1.263478760884018115e-01 4.061317643875700378e-01 8.532620318654765557e-01 2.827801333325336008e-01
4.191339191274855436e-01 1.179330079373825946e-01 1.318314002309924904e-01 6.533239796647397624e-01 4.333331364151938869e-01 1.490289153748094453e-01 3.879476299326292121e-01
8.168380960312185968e-01 8.811542599319884816e-01 9.405685829663390507e-02 6.041439352266851914e-01 3.694248358183623848e-01 8.747918781997915394e-01 6.622773442332519078e-02
1.996942362106270963e-01 1.001701195002424605e-03 5.895026816997610553e-01 4.410669127504530662e-01 2.107843870961317867e-01 7.053084643149598598e-01 8.211540730406960975e-01
1.266800400968877138e-01 8.280311783095318789e-01 9.625868101739557536e-01 8.690422941665421064e-01 5.977250324626055544e-01 4.661572533866118473e-01 9.326571102129765922e-02
9.082514930749628901e-01 5.842004077549294294e-01 2.898983829986162553e-01 9.240588998887695471e-01 4.785525274978149612e-01 9.975606515026718135e-01 1.117238866091874172e-02
1.779618996916658702e-01 1.591906342991920020e-01 6.294186961575384265e-01 3.714371312207624953e-01 4.943120866416937931e-01 2.032955929240108928e-01 4.366618335540934925e-01
4.649887048304546244e-02 4.106980309630615666e-01 8.188071411096597974e-02 1.253242961817015999e-01 9.818577475179479652e-01 5.612234241911241428e-01 9.742134121791518053e-01
8.751347076610757059e-01 5.682253422953593702e-01 6.103118507060533160e-01 6.460625945488464028e-01 5.050233757734887696e-01 2.909238744874774740e-01 9.314395549131893048e-02
4.434467697880647430e-01 8.837038758432410601e-01 7.818880638344494205e-01 8.594468789080540461e-01 6.652189934928762760e-01 8.196125342482341036e-01 1.360835369573381026e-01
1.462552666050120909e-02 1.804554955159367591e-01 2.697430281417744213e-01 1.028709171524547772e-01 3.366315947883125048e-02 9.597402965059181890e-01 5.699454359026818739e-01
3.183558647922390961e-02 4.428080234177123042e-01 9.525593944713908190e-01 1.662708156924939118e-01 2.531794345677884639e-01 1.788537342579514799e-01 8.830287404244656635e-01
8.785332547387320057e-01 1.194233756163043392e-01 4.671707146191756976e-01 9.125958234176346773e-01 7.821333462352043631e-01 9.710281928460640088e-02 8.528689230829757939e-01
5.951096500177225357e-01 7.043984532364081508e-01 4.317848878604596541e-01 5.043064472511640250e-01 9.826001311343098843e-01 6.425421026550582893e-01 7.291909012880598562e-01
1.212221320343086495e-01 4.904764813220915398e-01 2.566022050204035398e-01 6.310275600324525280e-01 1.206643661091044706e-02 4.382056060267979225e-01 4.625162196602269349e-01
5.508081834499267693e-02 7.568284188190077533e-02 4.685707530846872082e-02 1.460715435441072296e-01 2.162848956908665077e-01 4.111034660417798303e-01 5.037388420009100143e-01
4.109023643070964793e-01 2.251141275410228904e-01 8.183973949857007435e-01 3.711071573801655310e-01 8.126582142027530820e-01 4.012953395800619161e-01 8.989152982183957752e-01
7.037494678765143785e-02 3.130536414958424718e-01 2.570219517401266529e-01 4.084462417129208767e-02 6.897183727168019196e-01 1.013385339427151921e-01 1.502884650443873094e-01
5.343872752169209761e-01 3.936712718876977934e-01 9.653670624746454321e-01 2.674613039409129422e-01 5.712119649308655678e-01 5.179918729306820513e-02 7.589253450774950949e-01
1.999457699032370916e-01 6.599119091860083941e-01 7.971564910055639608e-02 7.311932994303270705e-01 6.538349714588678196e-01 7.818948895706602231e-01 8.215415397020657817e-01
3.664676905250283667e-01 5.256239009219806357e-01 1.071502255289705774e-01 4.820890950201566216e-01 7.246833332975530784e-01 5.504276361826265784e-01 7.119364203893363552e-01
9.690827745437413654e-02 7.484438008512726004e-01 6.179275515568419808e-01 8.038293802614980832e-01 1.459732382539911111e-01 4.625962043945947011e-01 2.921020673274302704e-01
6.481555397736432633e-01 6.860373273216033851e-01 2.590492780102762183e-01 1.900566677742989707e-01 2.944211701856793706e-01 7.081933776127520286e-01 2.428442443016096686e-01
4.310460341022825936e-01 9.147356835402327135e-01 8.950538143388235834e-01 2.711288193706725691e-01 8.749160076529453045e-01 6.755480332918006869e-02 3.649305340333885983e-01
2.690356256659648393e-01 4.576805781045718557e-01 3.739336420124772520e-02 3.819242550646519962e-01 1.607096096423835663e-01 7.411519786276142829e-01 6.494785925372518198e-01
4.769088679395740993e-01 9.103579042630111084e-01 4.241729473019165697e-01 3.522825251985898243e-01 4.985174977569833965e-01 3.398088510458219247e-01 3.429936103643672629e-01
5.287288021993845621e-01 6.917951964666112508e-01 9.939543750957113843e-01 8.981904839324879042e-01 1.284756049805879652e-01 4.835754655650134071e-01 8.386061345305195758e-02
4.520164105544113298e-01 7.649630738502110061e-01 5.494208046146975555e-02 6.365487436500737450e-01 1.346661305297000011e-01 5.549555025225084703e-01 9.426690149897427595e-01
2.815240765663965528e-01 9.778862667768104533e-01 9.175934033977423132e-01 9.065664604758050249e-01 5.558085813975514045e-01 2.085333325163046814e-01 1.545624708757508126e-01
7.815093360005553880e-01 6.846926882748763932e-01 5.703595736108280079e-02 3.465635861876763535e-01 4.884408040270638018e-01 7.070465030935149109e-01 5.241795948262643057e-01
7.388293178838873931e-01 2.136467896267923994e-02 6.142046094182505023e-01 3.076191390181263197e-01 1.131654020361979596e-01 7.333946330681606618e-02 1.273752956095668409e-01
8.419971878950387456e-01 9.021929381983726515e-01 6.353031240925993695e-01 2.716833710807404767e-01 9.593984180032733011e-01 4.886012167183393373e-01 4.525023906708243171e-01
5.093509963504836424e-01 2.877594435985927346e-01 8.172188120145090773e-01 5.764767067774091425e-01 8.463028142129866982e-01 2.306298827596450218e-01 8.972926618488769046e-01
3.585735592878659395e-01 7.304377650940980793e-01 8.846016657143338513e-01 3.109457283647192316e-01 8.527283668571192798e-01 9.912575855639854661e-01 4.959548778152067516e-01
2.999218080445077428e-01 8.984833388331817661e-01 2.952746915127175686e-01 8.684494393717987482e-01 4.218053105809371761e-02 7.565323953984858241e-01 9.350072924542551789e-02
5.740374957659055699e-02 3.503932427704035124e-01 5.549550737224534513e-01 2.216081393060905791e-01 7.811371254132710717e-01 6.309408198921228061e-01 1.785071324370967050e-01
5.142286927751726910e-02 7.616180625661256309e-01 8.009708230203421708e-01 3.849867350606791527e-01 3.066329790446989945e-01 6.659156346683928751e-01 1.895785259303419679e-01
4.035950229068231421e-01 2.972723470967332249e-01 2.203995564758790549e-01 7.917371898550399356e-01 6.055134886651721837e-01 1.121520316205152357e-01 8.078199014509210851e-01
7.017110399747725769e-01 6.316352348714082687e-01 4.112822891794218894e-01 1.391035560829172457e-01 5.047565082701183092e-01 5.692650842110638099e-01 5.223265177933247294e-01
6.034788966245765440e-01 3.435915724395118831e-01 1.900938307596522492e-03 6.849131764319893456e-03 2.392972481100879012e-01 4.760540132327670815e-01 3.975303116720194652e-01
1.567728552812956977e-01 4.383409983491259876e-02 7.076763325712764896e-01 7.318328488014755884e-01 2.013108684794634451e-01 8.392933935123396694e-01 3.015699094219380649e-01
7.747461007297703484e-01 8.625375445951158904e-01 6.131066224816860144e-01 7.265374520235806655e-01 3.685277117060760110e-01 6.677133065926521560e-01 5.891998479754769757e-01
8.009711376518886539e-01 3.244730132143218704e-01 7.409933054763240268e-02 5.552960642399117352e-01 3.523349589194705311e-01 6.783442223917000025e-01 1.399301991287222879e-01
6.296790102398676092e-01 5.512784010953616365e-01 8.299067804022042250e-02 8.460745197612085100e-02 1.689779518869505281e-03 9.803689628294365299e-03 4.286596958145051373e-01
7.352650819868189469e-01 8.585841002819395440e-01 1.136100481142131580e-01 8.816124308919760511e-01 1.011740679925626774e-01 5.512194193288879607e-01 6.244842310187308509e-01
5.476348127868857496e-01 9.636105493639479658e-01 7.457120670431295339e-01 4.887442482741135574e-01 6.805376300698179337e-01 2.171070679216291488e-03 1.223831568557957050e-01
4.266800637606086299e-01 1.174472942793863828e-01 1.152419306605546589e-01 5.212432743780814892e-01 6.847117171426951865e-01 2.327925364921109574e-01 4.332085280008776129e-01
1.907903329357981681e-01 3.437264118286709191e-03 6.548657320182161845e-01 8.524110055089025861e-01 4.357598171481449345e-01 7.246788989597259256e-01 2.486513656116484672e-02
2.340690424495295296e-01 8.264373934122050125e-01 4.263698544768498300e-01 8.706376690424194598e-01 6.149446362064340255e-01 1.233296981259512926e-03 5.059407460927406452e-01
6.154928816172432482e-01 6.160125346413074521e-01 4.951597966946080787e-01 1.365531850958922044e-01 8.165655199569037404e-01 4.901280162710383026e-01 4.735628619277284512e-01
2.140890385801041962e-02 8.950717370892288249e-01 3.911543439959779267e-01 4.772031323340756304e-01 2.287155679716347256e-01 8.059365678901809771e-01 4.576164814654648527e-01
3.272394349820152426e-01 6.472431484812579683e-02 8.929022772961107135e-01 3.232422310891952533e-01 8.605624321196384541e-01 6.202438478342431338e-02 5.347165668692642759e-01
7.486284867653362207e-01 1.872322484238480023e-01 2.620067934387562136e-01 3.328602807498409755e-01 7.903935341137888759e-01 7.109578883268080629e-01 3.148001084383325043e-01
9.387641409334018805e-01 6.720442663097139224e-01 5.226656158788973716e-01 7.490556465795434882e-01 2.532001015758428286e-01 9.877116998188480990e-01 9.531812978957155957e-01
3.955075604539327605e-01 2.005970528248983697e-01 7.844855003879988020e-01 6.059112668836758031e-01 8.973597694354040755e-01 3.268754393588667595e-01 5.585531323363263079e-01
5.577907359830869272e-01 8.385469761563985047e-01 5.538888059673909847e-01 4.117082894763787193e-01 8.143731824434675692e-01 3.058699280098772233e-01 8.863851026574821601e-01
7.470290307828320042e-01 5.569967859237462404e-01 7.086655698325339259e-03 4.179215680611052530e-01 3.162918352530555977e-01 5.998435859103234957e-02 8.919738098477636434e-02
1.471360491448587826e-01 1.520696005817586682e-01 7.248162663281295659e-01 7.308623560783477080e-01 5.660963143165912426e-01 8.575778432626540715e-01 3.282467417508747598e-01
6.846958816598659459e-01 7.866036754189127400e-01 5.816487962476681872e-01 8.059695904810441069e-01 8.796693519102424252e-01 7.034037964106070184e-01 6.773174532594228303e-01
3.791060562532795331e-01 1.782268374062597749e-01 7.165755303150713740e-01 5.372732665858125367e-01 7.389019679472589308e-01 6.360996312827604804e-01 5.217819720682207452e-01
9.377330825343503928e-01 9.202283903019601308e-01 5.046321549866745748e-01 4.926033246100086638e-01 5.553424658342236420e-01 9.422913573149312993e-01 7.346431864031832681e-01
9.094391213678598707e-01 8.974864338216617110e-01 1.850949196891734649e-01 8.843963301597539406e-01 6.355863486924140382e-02 5.275297427689926710e-01 8.033174105410414434e-01
7.584305131853282811e-01 6.296826612032736525e-01 1.517489888222021133e-01 2.209166264851186723e-01 8.707576658728217733e-01 4.892990866660028582e-01 6.284587160972517905e-01
1.141275003835134916e-01 3.630499148863833847e-01 5.560949350144830383e-01 8.941628524599970484e-01 8.725401599522584206e-01 3.588321820449509314e-01 1.388904718772213664e-01
6.415731335385819190e-01 4.556776608121105854e-01 1.663069933301151160e-01 4.501319091438250597e-01 7.918380777666005343e-01 4.953339462343986366e-01 7.205640292499925215e-01
9.568920868717001316e-01 3.637151577438049177e-01 4.789253124300081321e-01 2.131056477408985739e-01 8.314548497806785177e-01 6.837398029850229042e-01 5.095709422886511852e-01
6.011471891050457206e-02 9.843087858405150659e-01 3.009088589380632950e-01 1.467896504455235007e-02 4.642310335915039721e-01 4.305896416967468499e-01 3.087060353076767072e-01
8.554443930776519656e-01 2.764859505462912148e-01 7.767239776343066726e-01 9.442007428080964049e-01 9.912704433285333128e-01 8.430754348253111097e-01 9.079906623159373913e-01
9.424543118006498688e-01 5.227536097707831120e-01 8.995861844023054221e-01 6.550000586765486466e-01 9.882414771020368027e-01 3.629435660550724974e-01 4.336425980850469042e-01
3.634053458119047564e-01 5.925981114692656648e-01 9.922520187520259549e-01 3.637357894941050107e-01 8.474204809418918183e-01 6.554152198135363427e-01 4.746366643197287294e-01
7.146089251441236634e-01 8.243351496170159276e-02 8.815431450902195820e-01 5.391621036970158931e-01 2.709582592517537636e-01 6.787602996060545513e-01 3.098486645424272101e-01
6.809670218820716991e-01 7.139093521908008722e-01 7.734973985969967325e-01 2.395537782949661576e-01 6.800085668183836196e-01 4.101384657967127589e-01 6.114375795977199379e-01
5.373846725375776012e-01 4.586549087390329182e-01 6.048467510893865695e-01 5.845955368267385932e-02 2.963639578527164087e-01 2.369957037254849519e-01 6.643528652706195414e-01
1.096269447196303037e-01 7.678260577706684797e-01 8.006528659215358390e-01 6.683728205686157997e-01 9.752430326932326476e-02 8.100787580634792873e-01 9.740607240321238480e-01
8.588194298291529361e-02 1.223144136766184387e-01 5.995741898382023205e-02 6.437847776693114143e-01 6.818402706739802310e-01 9.510383801681773219e-01 7.412710129035667839e-01
9.417763965480056010e-01 7.334704012406348950e-01 2.337685214201049577e-01 1.288672849398724285e-01 6.972533086200838337e-01 7.643031704847415009e-01 4.011075364954587164e-01
3.547394322172763292e-01 5.958863721229641364e-01 6.925628308411474476e-01 3.316742510139332190e-01 9.131026610907706509e-01 6.558806288826001252e-01 7.487901303678726750e-01
3.115265270618308158e-01 6.653578502685988383e-01 9.088211435819497641e-01 3.757879833420735283e-01 6.353767750583976248e-01 4.758031154568027610e-01 6.556001632429818704e-01
2.536260639160301533e-01 3.809464918661588095e-01 9.033966745358801287e-01 2.556901175550672090e-01 5.098174820848788702e-02 6.066321355210571031e-01 9.272768389951099310e-01
1.688537153979574601e-01 5.446478285715705692e-02 1.560604214154084346e-01 9.117462161866350945e-01 7.022237183130031202e-02 2.728404924346268245e-01 2.089439378673055847e-01
3.581860600749317003e-01 2.173018989777371068e-01 1.139991103529283123e-01 9.429169377540779218e-01 3.648753705867391339e-02 7.506665394911749001e-02 5.162291716723672597e-01
4.027306821987564067e-01 2.028016466565990550e-01 6.914451795711218374e-01 7.878419179891567037e-01 1.259077882744529253e-01 6.685472468049190597e-01 7.561950773000236659e-02
8.986412047184866303e-02 5.425895425212305945e-01 1.949323657906464335e-01 4.120439373238534708e-01 2.637189581378845959e-01 8.409000769229970640e-01 2.040250598662511905e-01
5.159190529675090620e-01 4.342822761942214393e-01 5.497533526781968050e-01 7.041596340084138594e-01 8.426365681533164453e-01 7.243353512246398784e-01 5.309639271364281488e-01
3.041814884235881644e-01 7.493309323287279389e-01 8.757925699875789283e-01 4.197486240250700718e-01 2.360738790651251140e-01 8.575744070916718753e-01 8.844346599314556467e-01
7.769463347156985167e-01 8.414483604816958007e-01 1.339593054205601153e-01 4.870892722104315231e-01 3.798687089758946422e-01 8.253575203318229692e-01 9.819775243180564051e-01
5.816583857347348285e-01 1.169137522360944592e-01 1.806406154915327633e-01 2.470246517362928440e-01 6.881335678828705005e-01 9.654494359947028981e-01 2.275575171677810538e-01
1.249270624380106609e-01 5.344936925255086013e-01 9.901479377463865417e-01 6.446206626133681450e-01 6.058828497415706948e-01 4.386923650547641662e-01 8.247054353375209423e-01
8.135483991855803065e-01 4.945670490452613866e-02 8.150423939589057643e-01 6.961067811427176233e-01 9.852608385026773163e-03 7.820926502142677705e-01 3.154786004272513988e-02
3.358058266834672567e-01 9.997650542559088915e-01 5.593726003754362353e-01 9.810608310705505319e-01 4.854061449270541395e-01 6.172609941654960686e-01 4.304846521701352069e-01
4.446043539350554852e-01 7.941862134278673269e-01 3.467423437716747880e-01 4.354489649421384723e-01 6.434579365832098219e-01 4.361219309991745119e-01 9.452960784137184325e-01
4.864070979916855775e-01 4.585262253469033489e-01 9.255366891563713283e-01 2.928897249350380649e-01 3.536373755457296042e-01 4.858591108536216563e-01 6.119406968213174647e-01
1.876645973842773207e-01 2.359723266053299628e-01 3.579092209918544043e-02 4.470537297026053736e-01 8.221079155617747602e-01 3.774875832158375299e-02 6.890516272461058023e-01
6.132192991917750913e-02 6.423474092462104768e-01 8.875748618157540681e-01 5.137234496452013355e-01 3.322354983763756708e-01 9.668085150746980050e-01 4.359726378638221211e-01
5.549294339944342846e-01 1.344911770196555167e-01 4.903629945920462418e-01 6.017007856302888369e-01 4.265952720329961867e-01 4.779411836578042472e-01 2.814365618994358886e-01
2.095128881849619429e-01 7.231406219114047129e-01 3.620078697224260456e-02 4.128545892803670014e-01 7.370591465575802026e-01 4.991936162535393073e-02 2.801198976127274864e-01
5.791180372139512755e-01 5.882558210771344775e-01 9.614393409161732240e-01 6.544410471977856192e-01 6.670226964571135397e-01 6.604140959150628376e-01 4.503532320478416118e-01
