4.386638732609965396e-01 2.647789229658177312e-01 3.636064002863840239e-01 1.319903735066081385e-01 4.327338334898014338e-01 2.550748767646342507e-01 1.808092676710859603e-02
2.071286611436842229e-01 9.267483150812220183e-01 9.511855343662422024e-01 9.194338169922511295e-01 9.287918409567990086e-01 7.955791523841745372e-01 5.589500619280728388e-01
9.124274944347918748e-01 2.052476547608722557e-01 4.247362722996331774e-01 7.045090573676925372e-01 3.053700987608884976e-01 8.238972475249856098e-01 6.399847533376353814e-01
1.118030002941595713e-01 4.831790666088862096e-01 7.215774118294944195e-01 5.648088128728351309e-01 4.470232876927959786e-02 7.356240667172040393e-01 6.704691529240075498e-01
9.692748895641715157e-01 6.479940740441811897e-01 3.193662031165510617e-01 4.816643556811318616e-01 8.609366843682817461e-01 5.133123423884964343e-01 7.430761624840388491e-01
7.727941604596866298e-02 5.983491452404039457e-01 3.587023572916464564e-01 9.559283919671635044e-01 8.327660343422088607e-01 3.454259116409336139e-01 3.692790646192040116e-01
8.267604505901341438e-01 1.532905979214417291e-01 6.915476002213217788e-01 6.048257626589219615e-01 5.402716898147946756e-01 8.621759296192309519e-01 8.134981782964240127e-01
9.828814291070994136e-01 9.080359541700786519e-01 8.724776932098455839e-01 7.270753286876241450e-02 9.674979115056849821e-01 5.792506111676921643e-01 9.706756029752375836e-01
6.254824790300527182e-01 1.214224996137622803e-01 2.236010004328887746e-01 7.425360509911730356e-01 4.513426902654613659e-01 8.588084255051070537e-01 3.942403428242804431e-01
6.739918774626874054e-03 4.683794032216860304e-01 7.352343172481480282e-01 4.580783372089580752e-02 4.511458451304249939e-01 1.799824711462194582e-01 7.592412770972700731e-01
5.184933342628812447e-01 4.946885567287940821e-01 7.531603250412394202e-01 6.901418005109125620e-01 7.879683018590766252e-02 1.889485336030949370e-01 1.264752124346286699e-01
2.308466729765877856e-01 7.262920194929771700e-01 1.427069384793081541e-01 7.311169687337133460e-01 7.397137182378543674e-01 9.924441806272380484e-01 2.976548568703897280e-01
6.259990471565179959e-01 7.342283091532484374e-01 4.287983971904684166e-01 2.285153437363443008e-01 2.963261698404899835e-01 7.222925175840722023e-02 4.149899601894144752e-01
5.344452678783118138e-02 1.572896404396424419e-01 4.090200419471357041e-01 1.828867026695979447e-02 4.588343402411687588e-02 5.633775042727682258e-01 7.223979192521226000e-01
7.258203507341693950e-01 4.080312204213768501e-01 3.845695686592089935e-01 8.732066747177913424e-01 3.756843137629662932e-01 8.141941407424679866e-01 8.929379771222979434e-01
7.256464922644251248e-01 8.511938007250099414e-01 9.506456082679201058e-01 3.866352794185785591e-01 8.482891651410133793e-01 1.946964209892177999e-01 2.872908282648641842e-01
7.493164523291312440e-01 7.710986292224644156e-01 8.397454400388172369e-01 7.037462482175127487e-02 4.173861701773911026e-01 1.534803583440442765e-01 3.610497563135540711e-01
8.794894077793511400e-01 7.156226452130380888e-01 5.652641240338358575e-01 6.012937694679327816e-01 5.890511280505341674e-01 6.787911497901621960e-02 7.012035854343610097e-01
1.406875217899490327e-01 7.166442598906869188e-01 9.233833008486745930e-01 7.112423697140339840e-01 7.633035787306381437e-01 2.380986578288559752e-01 3.519433371323068549e-01
8.974690801988466360e-01 3.692129678438269558e-01 1.333791441823507506e-01 4.046889819030404789e-01 3.425786534399211103e-02 4.764660566767119354e-01 7.212797770844288081e-01
7.192179419429506337e-01 3.001718255266049296e-01 2.700008249894283452e-01 4.323176920119459199e-01 2.369129605394426630e-02 2.353371264228842907e-02 3.300421498016972155e-01
3.630610507954428190e-01 9.534726358133784885e-01 7.034734667872328817e-01 4.883042329902079759e-01 2.044685057646917770e-01 2.064965483820576653e-01 5.570494073482025188e-01
1.049279680532334558e-01 8.540326619162877941e-01 5.921426766313236945e-01 3.503100375153622714e-02 6.554957240382097705e-02 6.129717061729154093e-01 1.084919953834707629e-01
1.390521521783001369e-01 8.341089004084134562e-02 6.192200055371078760e-01 6.577709419343029662e-01 9.198496069469579428e-01 5.506724456339175955e-01 3.151732718554529633e-01
8.812657261707864675e-01 8.457877809767079258e-01 9.878081699780971725e-01 3.595572186857332042e-01 2.370251363790633059e-01 2.153791091790843160e-01 7.278355944136430944e-01
1.537844181642755714e-01 4.622204354660025549e-01 6.638727121890833915e-01 9.319116452545527229e-01 8.050595060935195058e-01 1.277973095426125916e-01 7.119315568781414694e-01
1.203837174247147646e-01 3.240230055409812904e-01 8.006200167525092670e-01 1.470750170928296630e-01 8.325887175993165190e-01 8.859695271637673120e-01 2.264032986340952514e-01
2.476247898460188779e-01 4.725725575973852566e-01 6.241613820792113465e-02 1.549202191627130354e-03 6.792865308309824490e-01 9.297878657837430616e-01 2.630671872374359399e-01
4.355415135530954496e-01 9.233925232208894940e-03 1.125236743744870704e-01 1.898678970903026064e-01 8.348924039734172409e-01 4.239536119564679684e-02 5.671303511973897482e-01
6.516736890261047854e-01 1.715470519252477732e-01 2.543953449341299633e-01 6.542326905744066945e-02 3.688346274227416455e-02 2.461123595818516252e-01 6.105538296805191889e-01
2.939753617428457755e-01 4.422036870532298769e-01 2.571815942372215336e-01 6.908918751180920248e-01 3.255490147957336156e-01 1.170520502440532962e-01 1.155257137310561344e-01
7.719815851401560236e-01 2.545702761007906378e-01 3.795558643927743336e-01 1.868354527355926553e-01 8.528623461587587773e-01 5.423757070402158709e-01 9.470925907323441972e-01
8.686012352118928082e-01 7.710099271392283349e-01 4.064178433248405442e-01 8.911932369312557389e-01 5.326035430253145408e-01 3.861737414034849269e-02 6.107371235452739855e-01
4.360256575500186527e-01 3.908161027860399539e-01 2.476155084413912411e-01 4.972203528419256724e-01 4.635377219435371510e-01 2.722325777247434075e-01 1.845376491945973640e-01
4.644431580308088225e-01 8.610273596170405774e-01 3.532024926069305959e-01 5.732905163766816026e-01 2.794328065853421972e-01 9.943079011863275030e-01 5.315887056553121326e-01
4.413712071995042896e-01 6.524617870204070247e-01 4.470114932689376319e-01 1.471598766171944295e-02 7.361160009414300376e-01 8.204641647054367048e-02 1.015509077518423897e-01
4.801158512458443273e-01 2.201189369316495226e-01 7.125898404660857555e-02 1.946899449911088098e-02 9.988248897459314213e-01 4.324262074435114567e-02 4.040552814820763672e-02
9.246341868509017070e-01 7.457434336655142104e-01 7.856540737116661788e-01 3.307411385343511645e-01 1.665088111626011891e-01 3.927316087250887211e-02 6.678308014009540772e-01
7.845700631688961035e-01 9.105013281072301679e-01 6.092471815546636194e-01 9.945560020596101447e-01 9.659672565879644512e-01 3.685000287751905024e-02 7.386083079573684262e-01
6.501897840985937371e-02 1.446190553165560555e-02 9.965341008574695181e-01 1.692708479490518947e-01 8.477464329790751485e-01 8.878828165541895467e-01 7.222522844174774637e-01
3.734875869829055173e-01 8.271208485982801673e-01 5.014638718811528229e-01 8.280160905733979781e-02 2.405342665841370131e-01 2.420690694284128863e-01 3.692562779893378000e-01
5.498290058543063852e-01 4.915948595489317841e-01 6.774162852081943020e-01 5.511569225114392179e-01 7.660422361405998526e-01 2.036029756780953770e-01 3.024354935731844440e-01
4.970689216454411419e-01 8.476067150932160565e-01 9.304493137749803022e-01 1.123569515292849319e-01 6.914719937772394465e-01 7.223577289544851343e-01 5.499395402279402267e-01
5.620114181450054369e-01 1.744471959823509222e-01 8.652051622367809003e-01 4.278099823306364957e-01 4.824829123719716062e-01 8.564956972118877854e-01 1.705598055764053766e-01
4.429312087873850112e-01 6.522772338156017646e-01 9.051524522868158451e-01 7.170614595765195665e-01 4.740532061182247681e-01 3.614841355654576649e-01 8.404591109263018778e-01
6.669373729711270959e-01 4.416458246638096385e-01 7.480176564240664794e-01 2.963693614774065566e-01 2.540718798192825867e-01 4.159160041233663785e-01 4.056264253074993720e-01
4.585126702827402312e-02 6.012459467092379217e-01 5.979616742032680676e-01 1.243521811814417566e-01 7.548729390640133152e-01 5.371008792566602796e-01 9.036927234361730177e-01
8.622076289779142533e-01 4.008733073575360129e-01 6.391240273425835561e-01 7.755242983638099830e-02 1.710156742021718967e-01 3.769535990904255840e-01 7.129837795561488889e-02
3.868220590714476215e-01 1.503672754475215978e-01 5.152129802567617656e-02 5.430847779090159921e-01 6.336452405970574020e-01 7.504082590438704292e-01 7.520297992171172119e-01
5.485370407680467686e-02 5.023083738423447242e-01 6.402468654774411405e-01 1.167782532451923094e-01 7.232323106508848909e-01 9.836208267863275623e-01 1.696101090072701378e-01
5.950801561290330888e-02 7.377117873240714996e-01 2.503154302578032286e-01 7.916869127393523220e-01 9.846308281475865121e-01 6.173687196944804834e-01 9.804700789380105252e-02
3.447939393360501814e-01 4.620673082592193781e-01 9.695455544986031349e-02 2.896630458575960576e-01 8.035228287376890988e-01 9.050545362307347297e-01 8.279090026032024374e-01
6.585373311940988517e-01 3.331845137889488662e-01 7.510430430304051441e-01 7.508918168380247504e-01 7.790410052044508538e-01 4.279614873039651046e-01 9.340487975421521982e-01
4.268444039233343368e-02 3.754458527772112086e-01 1.189550978079582100e-01 5.898974342187079944e-02 3.410391531576195678e-02 7.771388528451429467e-01 7.474280992325126327e-01
9.189386042899900797e-01 9.671143118565997954e-01 5.251615370880542422e-01 8.352092039685821145e-01 3.894426092300219411e-01 5.657868755638306713e-02 5.080782989650042270e-01
8.480499703597087491e-01 2.488208771149389431e-01 6.643715794657300000e-01 2.807343666315115227e-01 9.641555079488590696e-01 6.263764263799165288e-01 9.211533071037880660e-02
2.930719698368595694e-01 5.063692314688278406e-01 6.895344524703408418e-01 8.757418452803225062e-01 3.606788929413919931e-01 2.037332584738252850e-01 5.164374156815481065e-01
1.672769770822657431e-01 8.785236616996472403e-02 7.711332174968384967e-01 9.377146166696403995e-02 2.927345786367518965e-01 3.406905942504701024e-02 7.416889820248402376e-01
5.591175750910040154e-01 8.862182742310269479e-01 2.512228756936493168e-01 3.986986460943562349e-01 8.530264760748169639e-01 5.420566638991017872e-01 3.186611078247375550e-01
1.428542039810316577e-01 8.569435484708443074e-01 3.216515156335237879e-01 8.261993058259404776e-01 2.160898703542519783e-01 5.370280253644310609e-01 4.185686625446225495e-01
8.773222755807460471e-01 5.043243204017558989e-01 3.640478112947075351e-01 5.748416589885583239e-01 6.339344427478493804e-01 2.096961564666588451e-02 3.603499323120089581e-01
8.986256274859920623e-01 1.272601567148390345e-02 1.468398883574273395e-01 2.590990441336402661e-01 8.510327718556999210e-01 1.131150668461780029e-01 9.469026995518489143e-01
6.054952199071677033e-01 1.063922322522623531e-01 7.698054748712417350e-01 1.681649681193340129e-01 2.964493430120296313e-01 2.095628380087650733e-01 4.318205727844204311e-01
6.067332465206487502e-02 7.295419739923292290e-02 1.282446435015732744e-01 5.882511198778290762e-01 7.975630354900284935e-01 4.974882476168409617e-01 5.043286489417017071e-01
3.654008541272175670e-01 1.578926031259574314e-01 6.863745335496753697e-01 2.859203607433576932e-01 7.755690819916813972e-01 9.689775855379679781e-01 1.721627058134062027e-01
5.345425212984361574e-01 5.568334900198024240e-02 5.540130632092613583e-01 5.014871709072559192e-01 9.919794755579611767e-01 6.532246402867808444e-01 7.562195556415143294e-01
4.190151991883711569e-01 1.921851477718911072e-01 3.990745010184612029e-01 9.169014855135283470e-01 4.228880635751890438e-01 4.977552535253336741e-01 1.408610329939468109e-01
4.110255276755431231e-01 1.538049388014770535e-01 5.783148627087645322e-01 1.226736572249254031e-01 9.974700997450414164e-02 8.899785331804916932e-01 5.292515551028765808e-01
8.307627865961935143e-01 3.083586034327944203e-01 5.357706971573406030e-01 5.814676552097812756e-01 3.903454956753708016e-01 8.315992282569723004e-01 1.774776921218018666e-01
2.119895397338715792e-01 6.358498031202430845e-02 6.988516583000428106e-01 8.245283342391350745e-01 5.171721770040640376e-01 8.199125377921934188e-02 7.543349918220318973e-01
2.826657171944396696e-01 9.551445472732720265e-01 2.426042074286701711e-01 5.925153997397337724e-01 7.729958056709790304e-01 1.059289519755021169e-01 1.560194348369926542e-01
2.968935878557509289e-01 2.858527300611136690e-01 1.776954409850988181e-01 6.827377947983912509e-01 2.834045968017108175e-01 3.439546208226051949e-02 9.518266087638266315e-01
4.089129407873014488e-01 9.695700837024173735e-01 8.639214475464371823e-01 2.003971143777709685e-01 8.176500437722611370e-02 7.327652122489309860e-01 4.129868556851034045e-01
6.166707665992600118e-01 9.221942756635751470e-01 4.588115659712537209e-01 3.794857899163477377e-01 1.224927472101622339e-01 8.208816936017915289e-02 7.941696547652217220e-01
2.964086043244161806e-01 9.796103386312038364e-02 9.471749359718986128e-01 2.264608477098311035e-01 2.941641444680213047e-01 3.247576613447338278e-01 5.246956169618421928e-02
1.591164508456048843e-01 7.916009266924999288e-01 7.975628395521447978e-01 5.558216510851842207e-01 5.318634012473671957e-01 2.196873603926652319e-01 5.487948117371554968e-01
5.790618173571772109e-01 5.020372937366931465e-01 1.298344664636235102e-01 6.778388024578166915e-01 5.069939409917184614e-01 4.450322560186803500e-01 8.771785257715823958e-01
5.131973019671643987e-01 1.980773738640426718e-01 3.233131538445269682e-01 3.342788379412152677e-01 2.036383537833441615e-01 8.654885942985306446e-01 8.436568207989487700e-01
7.072361385667470524e-01 3.349258027708871266e-01 6.675588926796871547e-03 7.498912256183905001e-01 7.564857533450277671e-01 8.050786263416179755e-01 6.806744327844029829e-01
9.686492512162178103e-01 9.325214818894079771e-01 6.408880948957749180e-01 5.135164706234411902e-01 2.385287114835975553e-01 7.848748874888206162e-01 9.140837266464565403e-01
9.841383507434030564e-01 3.733221827256888448e-01 1.468740457695163482e-01 9.883968388027133400e-01 4.071991884519613469e-01 8.015846427877030278e-01 2.169316961859756310e-01
9.745793649918856882e-01 3.440959484694267045e-01 5.931180550581749422e-02 9.273642184469632621e-01 6.781501833410612523e-01 4.608926302681625176e-01 4.363486041130770765e-01
7.875731390269805621e-01 1.034664612533022776e-01 9.494936430403418948e-01 4.013032321812433079e-01 5.128772478084413500e-01 8.024653413617902631e-01 5.104503525408253806e-01
1.227779230733260230e-01 8.693434303367320037e-02 2.822645745036737042e-01 7.446051224997397577e-01 1.696182358948078450e-01 6.579428520845688189e-01 5.367801979961328573e-02
9.771053406748863024e-01 8.592905329017264116e-02 4.737752144807721999e-01 1.063982637887276317e-01 5.769465267130341468e-01 2.161215704644411373e-01 4.135301105195534621e-01
8.721702399074252599e-01 9.746908565410001835e-01 9.513374847230916531e-01 9.613705852132291563e-01 4.617263955636972117e-01 5.362273359669542661e-01 8.093251836231306617e-01
3.118358990195935210e-01 1.935955045296886556e-01 2.485860350181834377e-03 9.030115675551375620e-01 6.868556397550250603e-01 8.811680100157205375e-01 6.023964759582645101e-02
5.524128672559434072e-01 2.997797027010977722e-01 1.993177396699041815e-01 2.243384509618155942e-01 9.874221620973486768e-01 9.438661696636777565e-01 8.954813015054721159e-01
3.342144216030592530e-01 3.468408806357213825e-01 2.671646479896596649e-01 5.901728444384576333e-01 7.646003344616926212e-01 5.154592301576166324e-02 1.916105623914039491e-01
1.037312609743342717e-01 1.869270097745291404e-01 2.892960245577265166e-01 1.813539235977658093e-01 3.066182897414744257e-01 7.248153082404662495e-02 6.837113373495882218e-01
1.990085474552878431e-01 3.411475702117895414e-01 1.498462330084745497e-01 5.880628906675767764e-01 2.068842331282305658e-02 2.285220211204698204e-01 9.883142550473518195e-01
8.427400658901029740e-01 5.288276389273878220e-01 5.255142225621487473e-01 6.881182140999793084e-01 6.066748909102179788e-01 9.709254091390721042e-01 5.387851643255096024e-01
8.478318193932797842e-01 3.938323286728472317e-01 5.492400675543889221e-01 1.006485464223211279e-01 2.752632513823159988e-01 1.016619433485668189e-01 8.279754440470020738e-01
4.718917976352979826e-01 1.544634338960260145e-01 6.136806688430976875e-01 6.851898242990165366e-01 3.542954919048536544e-01 7.531797239814139733e-01 5.970566782648604187e-01
3.378997037698627803e-01 5.710212713790244754e-01 1.909359033613992063e-01 7.338792326848876391e-01 6.093833091110445466e-03 1.454237575344037303e-01 9.720363168999157644e-02
8.959205647155037422e-01 4.074432266909390199e-01 1.634840618188749817e-01 9.327629045415071207e-01 3.901437278816438647e-01 8.998020203871878175e-01 3.988620935659452638e-01
3.394615882986167232e-01 8.589075997654778138e-01 7.393890667433243857e-01 2.964215315436009579e-01 1.140876560092640712e-01 5.802425672751209129e-01 3.991783354780820137e-01
6.817975055632498060e-01 2.113030182910977661e-01 2.945773843114062318e-01 4.402483488058038796e-01 7.779774378047477068e-02 7.603370102484950932e-01 3.072122345112098252e-01
8.170122507318492433e-01 3.282924727381292263e-01 6.672755715917698671e-01 1.801851056750916058e-01 7.569726813970119039e-01 6.021397680682646358e-01 2.446104706978884380e-01
9.229696426426163836e-01 4.415797086544300809e-01 4.706065450709953080e-01 9.534077180580694533e-01 5.302305698472770112e-01 2.767751396035802447e-01 7.003407518264835874e-01
