1.175533159110526693e-01 4.778830130936273513e-02 7.219307589247088153e-01 9.786050121339939789e-01 2.397835603100640922e-01 6.999372400196199884e-01 9.462840707020503395e-02
1.911852752600999850e-01 2.048035942615109573e-01 7.608840983601069530e-01 4.317162716976119530e-01 6.153055853824117571e-01 9.435307143626164850e-01 4.385760653909183127e-01
4.973039730309132267e-01 8.395933543383262698e-01 5.241875410270219193e-01 5.847679477420814065e-01 9.684337257834818580e-02 7.928547359457195354e-01 9.312158051411326687e-01
3.688454583230924566e-01 5.405700724148438940e-01 5.975688004650639984e-01 7.631950478705369356e-01 5.307581861370092025e-01 6.071485696621846673e-01 3.924637450532534322e-01
8.644041632736332303e-02 5.168805700645143775e-01 5.337114289850668492e-01 9.715979815959594479e-01 6.152585673807715594e-01 7.649705775655882833e-01 7.258049251402483026e-01
4.089514541936886127e-01 1.231220308864682256e-01 4.979216355052100695e-01 3.481160241510924402e-01 3.569967891202381338e-01 8.417731478776236953e-01 8.618401035273324240e-01
5.180242392434452059e-01 6.394587641505222742e-01 7.089583475191263418e-02 8.734569287418720851e-01 6.631326975538048840e-01 1.661221739484229909e-01 7.494600360342125178e-01
2.031766467038795820e-01 3.838204851692528230e-02 7.378200543515173182e-01 9.697094673487828276e-01 9.676943562303297330e-02 7.576536799138413603e-01 4.773199182621323811e-02
9.393542651242269281e-01 1.143857694343219933e-01 6.041614603024360042e-01 2.741706471751420571e-01 1.101558566018175922e-01 9.459461293662924097e-01 2.673831970426014948e-01
1.652278671658313769e-02 1.336562766485172027e-01 3.048061091016335267e-01 7.150956393702789793e-01 8.347227758037246703e-01 8.633482086869503913e-01 8.964755094981702310e-02
8.158498424841638119e-01 6.204838866593627156e-01 7.964405796815725580e-01 3.784078150264540419e-01 3.191889900342559372e-01 1.328836554850079121e-01 4.625792441172396074e-01
9.882043580292391161e-01 2.577730893323980643e-01 4.276276621540159306e-01 8.250365940424334577e-01 1.036394532780263722e-01 4.014831491632034899e-01 1.358294541409765799e-02
1.612141037507093255e-01 5.482299541097618301e-01 4.353445837105229810e-02 1.682795564188245274e-01 1.467320111454251119e-02 6.422675521596221682e-01 8.517209038351822858e-01
6.257093173347936244e-01 9.341152398644124721e-01 7.715036243761089763e-01 5.374067059228209153e-01 8.147591708088717244e-01 2.219597910539683472e-01 2.191147953157268624e-01
7.176943978330160290e-01 8.257821696935080391e-01 9.260963408054577739e-01 1.278828224980983475e-01 1.035363998795805207e-01 1.587503327989756574e-01 3.852826674239068216e-01
3.260863860857997620e-01 9.558781042785995385e-01 4.266284078017912318e-02 8.849933553967570532e-01 2.546969716704793329e-01 5.750784440953167209e-01 8.921140122552219109e-01
9.335400580606778576e-04 4.077813003332808606e-02 4.552331947218934971e-02 3.591273788468228867e-01 9.565330995547505211e-02 2.922239274589987224e-01 8.600625989965852147e-01
4.635650906414765515e-01 7.567727419247316512e-01 5.916124643371891700e-01 6.298590045564278483e-01 3.187637361781420209e-01 8.670243889353024258e-01 3.356434976916694568e-01
5.758596597764255032e-01 9.392446318629416036e-01 8.650659403908445011e-01 6.101251297118198691e-01 3.184166102924904651e-01 9.972988502175020864e-01 2.545968675251357727e-01
6.829956414462294845e-01 4.249886957863785453e-01 1.010958673394659613e-01 3.202756449089285695e-01 9.823441012504352532e-01 1.735352949533808253e-01 4.398142622050201789e-01
9.616926802674690133e-01 8.677544016271890870e-01 2.680227280185774053e-01 3.974772588793584749e-02 4.910453398988267049e-01 9.774643870100804266e-01 4.605340736351060116e-02
5.871669894297772974e-01 4.441220188899230870e-02 5.798923444668180327e-01 8.422571613904101806e-01 6.318249530330417585e-01 8.841013458901534339e-01 3.684511247108260834e-01
7.699353899986072225e-01 6.834295252857225389e-01 9.395244938644741195e-01 6.502144573901864621e-01 4.985175130772456775e-02 1.427349915502037492e-01 5.858777992894607101e-01
5.248576445106404309e-01 6.330328966647665867e-01 1.318880729881058977e-01 1.873355697659375707e-01 7.124300237552091408e-01 1.926658034201410574e-01 5.667292714678928700e-01
8.884041161921855112e-01 9.341212789217666623e-01 2.272964966981000368e-01 1.941576325634463140e-01 7.390972140497923393e-01 3.459757834995306203e-01 8.338158823758242688e-01
5.506660677851069607e-01 6.949840381963341418e-01 1.083936709331869697e-01 2.885384964614418069e-01 4.706786083505488660e-01 8.883970428827940857e-01 8.526564398219178553e-01
8.120939213282480917e-01 5.770550525301909595e-01 8.900924938145029497e-01 4.020046391627074556e-02 5.626590906419864924e-01 2.944797622935149128e-01 3.414132567897411041e-01
8.096105899580234855e-01 6.353296900812898107e-01 7.709288243417126152e-01 8.724757185955488437e-01 8.980233498131506842e-02 8.673255249798762501e-01 6.983300787201177640e-01
5.143450674702455538e-01 5.321736276476527472e-01 3.556759965406380841e-01 4.089842937002009515e-01 2.348545967826747294e-01 4.177028524798059861e-01 4.570023615219401814e-01
4.303385761375164709e-01 6.636231733548679790e-01 7.430105658069563468e-03 3.107349671407625413e-01 1.039942905841586551e-01 7.336505020335596372e-01 7.302415926324293816e-01
5.729141061366356258e-01 5.400405079077389425e-01 2.341049439232928409e-01 1.707724048174618092e-01 1.314009008114263022e-01 4.007830326497139328e-01 3.042615822159264738e-01
5.797980832193948553e-01 3.078067991784412261e-01 3.700202987974471336e-01 1.665695198877197303e-01 9.216752822292433311e-01 3.229161933366957449e-01 6.570289525802859298e-01
2.427310450439060796e-01 1.295709701127751856e-01 4.682098237398429896e-01 2.753551237574449750e-01 9.093435268825191820e-01 3.573515402272946506e-01 7.757507413833998333e-01
3.534830130141954907e-01 4.911696375527512259e-01 2.596011149259748185e-01 5.414105287571537861e-01 2.898254509088807884e-01 4.266561886987406682e-01 4.012742418474327666e-01
2.608773491483658002e-01 4.879883100462732992e-01 2.085554978423171946e-01 9.330006934806933661e-01 6.683221095089035835e-01 3.774116822674162819e-01 2.158815505092650522e-01
1.062210984541557268e-01 1.781744002652364545e-01 5.863036963230736642e-01 1.831222395795129021e-02 9.359059841316350603e-01 9.739979748590258390e-01 2.605113670366189238e-01
7.411007042234604159e-01 6.820149250858826839e-01 7.252625704222227521e-01 3.443178998238183297e-01 9.616211148615448900e-01 9.876626275674239563e-01 9.661580614313098891e-01
3.239098897396192056e-01 6.539031614570852691e-01 5.639338294246745154e-01 8.391216402025385435e-01 1.540454726794793228e-01 5.087960918168492608e-01 6.708278039951364180e-01
6.775338958045057369e-01 5.376203676241608775e-02 4.765377742431746722e-01 4.865074508745858006e-01 8.836869341530394495e-01 3.759438168420159432e-01 5.975805630784747358e-02
3.845228108352475305e-01 4.462949594167036071e-01 6.173280839638850548e-02 6.516881213671389395e-01 5.692183630239152636e-01 3.391727281643495129e-01 7.138923190781598649e-01
9.433288895498953552e-01 1.539568062681213600e-01 3.700093540104397727e-01 3.148996585386553138e-01 7.089301919964123844e-01 9.061848761521482665e-01 5.940350899489499348e-02
6.992004809510552477e-01 3.963671969877710088e-01 3.215680786254035972e-01 2.825411200633376474e-02 4.774564685088344973e-02 3.625930877134164732e-01 4.352878282703304125e-01
6.810466180275637216e-01 5.935906003918001161e-02 1.946518510367627464e-01 4.314365333741849717e-01 2.410468562765971656e-01 7.822500174737123668e-01 5.559569362823174599e-01
8.512464456411870106e-01 2.971639162358318265e-01 8.220597055567289146e-01 8.052073927524203700e-01 8.641210273206619830e-01 9.200244535569730431e-01 3.393633878313658814e-01
6.057477309873804394e-02 3.426653177625588187e-01 2.118768650788205310e-02 8.974116450637321662e-01 8.150787393438522210e-01 9.252145092255137371e-02 3.123021261517350267e-01
2.743041822605405411e-01 8.851168364458172899e-02 6.716269514683367303e-01 9.793728617319333862e-01 6.817526993395298662e-01 7.580133212152579958e-01 5.313934440803373960e-01
2.207443605707498646e-01 6.923891757037603512e-01 7.396449970998627554e-01 2.389678525213091431e-01 4.494031317399689307e-01 1.579543882754713691e-01 2.842941220734015451e-01
2.588715844227172935e-01 7.110355467377321714e-01 2.339100276042206383e-01 7.494932570102891267e-01 4.448972314028145636e-01 3.515236094067200057e-01 2.518428461734009138e-01
4.468460477420075350e-01 1.392835479576118862e-01 9.440119376812649010e-01 6.743369800164052963e-01 8.491129580699129376e-01 5.843723618454070845e-01 8.421813704960079416e-02
7.115820360359699226e-01 7.316138414419791625e-01 7.705932270280704266e-01 1.484586023961308454e-01 5.628372429983879988e-01 9.055466023894197525e-01 3.964977932445437059e-01
9.684897099137083076e-01 8.838004774074998959e-01 6.143773827685431455e-01 4.253879058988968564e-01 4.761994637069233427e-01 9.877387662737386886e-01 4.981076333420351165e-01
6.167480598824577331e-01 3.771011901193637161e-01 6.800024363414994832e-01 1.736202183402751897e-01 1.239183924896025690e-02 2.370813048855883176e-01 8.929766066554740700e-01
5.566759634554803160e-01 6.782626069588537643e-02 9.026320540929546610e-01 7.406102564919324616e-01 5.644298785670460727e-01 3.848194507958710986e-01 4.003525790890293257e-01
8.441722410274294930e-01 6.666613659109649204e-01 8.640782662612714882e-01 7.087942162534366375e-02 8.641086313798255203e-01 8.622460243888588893e-01 3.895960995316262165e-01
3.660445104967221530e-01 9.707327106192588095e-01 3.348956359482506695e-01 4.535727748510739454e-01 6.842804298076621272e-01 4.211776178983515084e-01 5.137858789292722994e-01
7.367470810998761888e-01 5.411652712966716905e-01 1.628952964259170466e-01 6.633679500088651704e-02 1.421965277876715561e-01 6.523815404719268685e-02 7.184873181013262666e-02
8.406312002042309883e-01 7.381183833474831424e-01 2.041613050034596366e-02 4.805846699645996978e-01 1.772037852431833649e-01 3.690142833599290295e-01 7.392094326613940503e-02
2.729040318661279940e-03 8.993055709265644904e-01 2.355774733769256946e-01 3.791333596272604689e-01 8.007248550726564496e-02 1.458403727164208075e-01 7.028062060221044183e-01
6.449916203657835023e-01 7.902840812662753622e-01 4.833937748338867912e-01 3.067301739465708721e-01 4.167374922555906469e-01 8.014627700471161909e-01 4.285677564189834809e-01
2.140805064367922173e-01 4.432172629585245938e-01 4.042143680239709269e-01 6.599487821731637727e-01 6.735394684184337066e-01 1.520425605523695323e-01 1.603856761209879744e-01
1.337472855235644076e-02 8.813265961115424041e-02 1.197780057019542932e-01 9.701266851739197561e-01 1.663647113226388585e-01 6.839302349098099754e-01 7.956285087731296279e-02
8.918935179515771194e-01 5.092023915158365721e-01 6.112815239833875314e-01 1.777990637031859888e-01 8.073011995043439804e-01 5.794242536551295064e-01 5.533664144377083982e-01
4.985430216879920273e-01 5.781144231051379423e-01 1.622789969210316485e-01 9.776115824570330570e-01 1.395257036794024241e-01 5.960802227957735511e-01 8.977730006195122625e-01
3.004571443366855776e-01 6.679343132319303100e-01 3.961296725649572359e-01 8.259556435233894600e-02 9.526370306173230773e-01 9.899933643759133428e-01 4.590120957035384031e-01
8.773938978300468428e-01 5.594599052924202898e-01 8.425259255852379781e-02 7.949902682716382118e-01 9.637407970177491734e-01 2.558921609588316048e-02 4.884404979255649870e-01
1.951299963380079827e-01 7.976902383911489425e-01 9.896324238794388384e-01 9.670097944106040844e-01 6.554444584872320956e-01 5.913305704104043770e-01 2.418598848708710669e-01
4.208246762717587908e-01 2.021231555189111351e-01 3.394644988627820714e-01 1.556001476426022156e-01 9.726401751993585254e-01 4.684172967682649347e-01 7.053220843975956944e-01
1.666410399367950212e-01 8.149870020870642051e-01 9.260220131316532211e-02 2.642973737459258787e-01 3.704307493387881678e-01 7.323853521851718673e-01 1.343988935180866484e-01
9.762379188750189840e-01 3.827842234602015781e-01 9.478171562088849589e-01 7.879679030883810498e-01 7.462200208707900906e-01 5.694405821497739995e-01 7.745860811032468929e-01
4.969003054239725659e-01 1.881040329313021786e-02 6.733918300127705869e-03 1.520506687640045262e-01 3.990612172084813114e-01 5.592249648947472673e-01 8.672606460192787692e-01
7.562151831659243983e-01 9.239012668704555953e-01 8.544572684393711981e-01 5.524901026991333453e-01 6.656708204493393399e-01 9.754975172955315799e-03 8.406024804939316031e-01
8.395902533314920646e-01 5.581640824449533023e-01 9.096268500362093556e-01 2.710543039120004716e-01 8.672231447689461303e-01 2.196527449993811443e-01 7.124409010991575864e-01
6.858041170606731241e-01 4.751604426677351611e-01 5.451532856946637029e-01 6.581707010663196966e-01 2.002994121294732199e-02 2.418711781524885973e-01 1.579599335704735541e-01
4.561377635023383670e-01 8.404521185052871157e-01 7.843531519346103043e-01 4.105669403607358214e-01 4.902540035686924202e-01 6.463704693715961458e-01 3.591544266382743489e-01
7.785634095606043248e-01 9.364337984974984153e-01 8.651400301530920434e-01 4.560595452909298464e-01 5.494479612910777577e-01 9.780320922995411337e-02 6.250503176366682956e-01
7.783385178915529501e-01 4.358158301181969119e-02 3.922008435870982801e-02 1.214878461125048492e-01 6.309512413553717280e-01 8.562882670504000648e-01 5.736001772576889701e-01
2.573274902516630158e-01 3.138059051437995794e-01 7.345265884491075647e-01 3.995017340407693851e-01 9.127760614344399004e-01 7.238484223859331657e-02 8.132308001192145586e-01
7.258583405393470578e-01 1.801865279306671397e-01 5.577981983119683074e-01 2.702566271314283952e-01 3.054890927101382436e-01 7.153401721242643729e-01 8.214404451148025199e-01
7.852637318529178678e-01 1.373460062878584242e-01 2.683942140014273781e-01 4.344220140318388879e-02 6.411860638709692140e-01 2.149333017909753618e-01 8.072434872118988691e-01
5.218193840113156678e-01 4.839677376625658445e-01 3.576416798893786719e-01 5.901521562209993688e-01 7.941137250319112439e-01 3.692226931958575431e-02 4.765278335822351607e-01
7.157379569733004487e-01 6.816438167400024062e-01 8.612293582309756834e-01 2.758103807662671825e-01 2.893517153272618936e-01 4.954888346824030121e-01 8.638126619102922676e-01
5.547025312994158242e-01 1.295108326525540310e-01 8.808076170083612988e-01 3.928296956914336668e-01 9.116768270382031858e-01 3.289842408235630344e-01 4.053464493207508124e-01
1.425123923931091996e-01 7.471543027596312392e-01 4.964641871846333654e-01 7.233035897913320245e-02 9.644342186201044775e-01 1.474242568879247095e-02 4.947765799931519437e-01
5.845775352148963044e-01 7.330664217269247107e-01 2.557274890458296479e-01 3.318053844087764936e-01 9.733710009480516234e-01 2.337433391762896440e-01 5.661872665853534548e-01
6.497562364456266337e-02 5.015317577110739444e-01 6.465899585734804500e-01 6.698886028593734610e-01 2.192441993614113738e-02 3.555050652501442476e-01 4.423694022316458918e-01
2.042980107440645066e-01 5.200939534793259655e-01 3.330751772171520741e-01 3.333703490950007398e-01 7.537695411990641414e-02 7.019781916096324847e-01 9.569818104918813573e-01
4.182558217801630729e-01 4.033225247896718990e-01 3.295308479062766249e-01 9.444651818192155712e-01 9.297515654744861191e-01 8.866058653999560057e-01 9.631917097415267914e-01
7.284719369674907963e-01 6.158272520858559806e-01 2.189469663596455007e-01 8.113724230487970868e-01 5.110442917875073210e-01 6.914455527343454921e-01 9.820216452645328387e-01
2.254172536747564015e-01 7.686529597987685758e-01 5.756056874359840592e-01 9.002667190542952280e-01 2.124434437769401329e-01 6.690067757142217353e-01 7.867505988640196568e-01
8.199077028959398383e-01 5.535230362725833686e-01 4.047843450449806202e-01 1.835663106238147879e-01 4.015814301790933127e-01 7.260166495011270982e-01 1.276787020911679393e-01
7.303453559221236846e-01 3.126418708768717858e-01 7.327555573438396808e-01 8.379834409393071004e-01 5.560328103316958259e-01 7.315459639257612112e-01 1.072758612762961805e-01
3.922288739183755757e-01 3.454002706259751143e-01 4.556440441941895791e-01 5.442776026716247273e-01 6.443860010781862213e-01 6.542899391930295794e-01 5.790922064507497691e-01
1.391374581915879594e-01 6.504224509247712449e-01 7.616918164249678602e-01 3.465038636746374801e-01 8.208123880154228891e-01 6.937441975988763998e-01 3.808243993335843625e-01
8.784428088083354735e-01 9.886946835486627450e-01 1.213069770479728859e-01 7.826242322444031396e-01 9.078938547813201199e-01 5.927753486175282305e-01 6.255238246539347458e-01
8.049978246630529188e-01 3.644786003677962238e-01 4.695226998173126498e-01 7.006642865763110795e-01 2.432617454922005873e-01 7.846980203664244424e-01 5.232644817886589195e-01
9.530301183074336713e-01 9.703267045636533306e-01 7.446463354778783961e-01 1.016977803772012301e-02 3.167660546727009141e-01 4.821278932428898489e-01 4.948059226496139829e-01
9.214684258611559597e-01 8.834327259827821077e-01 1.542280289440630670e-01 2.231098220765674878e-01 2.205093098405670471e-01 3.753343761693610503e-01 6.336128362217297028e-01
2.333410240076316811e-01 6.814408186794000954e-01 5.248084104694750174e-02 3.745467807753504186e-01 9.174404575908350346e-01 4.312792877323512464e-01 7.444516413464306037e-01
6.023575460874321941e-01 3.052841121550936565e-01 6.242195093122324678e-01 1.980149301128691919e-01 3.803261515257471137e-01 7.706840109465936672e-01 7.326360122194546243e-01
2.998007272734333206e-01 6.785330866931262861e-01 8.941355246610838137e-01 2.104561276313983154e-01 2.730448566899080776e-01 1.480512251184029626e-01 6.372016978356218608e-01
