1.951811684982907025e-01 5.192049578219631867e-01 5.109720479705757157e-01 9.612060701562807896e-02 1.892354189161804534e-01 4.133249313010088910e-01 4.003472881977367948e-01
9.508932301846240165e-01 2.347853148778548116e-01 2.121682579335979479e-01 8.064820646246899649e-01 1.056334105140005475e-01 6.893821996695560506e-01 3.785777511548895635e-01
9.065345382827771914e-01 7.441306881376090754e-01 2.983689457541229828e-01 2.294701434987952426e-01 3.977711791786296969e-01 4.334313146394710436e-01 5.168976403132363728e-02
4.464882262975000682e-01 6.605408206951481898e-01 2.790477956325307929e-01 1.639340522664066713e-01 9.422561549588102103e-01 9.188200566285676940e-01 3.457298626233070715e-01
8.121216225354922491e-01 9.921279865209507998e-01 1.093630974921786514e-01 6.225064317765169886e-01 7.220122646304809599e-01 2.670856793966794873e-01 8.093148912757193170e-01
5.479621650984267678e-01 6.941076997717953168e-01 5.652829553034455223e-02 6.911332910371262850e-01 6.724509031306894480e-01 4.631773390305627958e-01 9.500541465663793206e-01
2.681588606210006942e-01 7.555332184080152391e-01 9.649583291601996349e-01 5.819247479946247914e-01 4.751526300256172508e-01 1.696043095196024808e-01 2.075935429924576914e-01
4.565676199726882434e-01 6.110202751044938596e-01 9.291620285986923466e-01 4.861473286663875459e-02 5.766780109069166160e-01 5.329241379228861764e-01 2.161146461528425933e-01
6.146331280152128596e-01 9.721548023360505608e-01 9.296299414954890539e-01 3.114305394726990528e-01 1.083461638583831377e-01 9.766182231370291733e-01 9.157123962657580662e-01
6.843242665862250274e-01 4.799027156941582106e-01 9.849839732562331029e-01 3.436203593600714035e-01 4.336192022636836674e-01 9.848305134355537227e-01 6.871065089325579800e-01
1.470949131278549427e-01 9.361247965841353880e-01 1.446589832629701089e-01 1.537326079132350642e-02 7.453375478736709026e-01 8.184005101396097936e-01 8.123425010183392692e-01
4.786093512551166107e-01 9.960312252098990626e-02 9.498536366481002968e-02 2.692692949074063646e-01 6.242136913450095914e-01 7.458465751699283608e-02 4.138370021038523250e-01
3.290054668733534138e-01 8.736997327059975449e-01 5.376364895449537995e-01 4.002887700218304978e-01 2.845871942970975566e-01 2.392304863142094007e-01 7.445865689106089258e-01
8.301727949166656240e-01 3.060605047802223977e-01 5.729710273219846828e-01 1.771699840839217055e-01 7.480940053968443415e-01 9.605136562425079516e-01 1.271309862925873446e-01
8.382310180665880628e-01 5.220872536605716263e-01 7.833979568574334085e-01 2.588683051650166878e-01 5.279611957633394415e-01 5.778365051556919596e-01 9.005475502953604883e-01
6.577365659796715613e-01 7.038530188900913309e-01 7.785051928827203538e-01 1.021432955545085175e-01 7.412418258659747572e-02 9.543176708408976916e-01 1.820104666122748238e-01
8.999045601783469683e-01 8.182203482199802425e-01 5.767251008325808836e-01 9.839484831181704028e-01 8.638189190214831115e-01 7.210192964130317517e-01 2.348505976785147942e-01
4.915212553898100634e-01 9.539243208362602200e-02 2.076280730079239634e-01 7.868946526582721868e-01 1.929364411697959136e-01 9.876680639745460955e-02 1.508044536203686503e-01
2.847526417400427778e-01 9.332024131385311394e-01 4.791538487611873842e-01 3.906718501074776251e-01 8.522824383031695206e-01 3.506554623780705482e-01 6.276012308606429002e-01
4.204181625434988412e-01 3.068038833126420784e-01 5.382159137157579432e-01 2.082713226156728270e-01 4.549779252601833246e-01 2.392532835010424686e-01 8.960664814790803012e-01
8.260396421643607656e-01 2.548557113298177690e-01 1.150813780647506057e-01 4.981244503668903478e-01 4.030315432685260824e-01 8.042688803267242781e-01 2.203549032156082443e-02
1.952754107927390237e-03 6.679148959514978889e-01 6.893085323417335042e-01 8.520637238074902919e-01 4.053453745028654520e-01 4.540220314575547089e-01 5.334646808727251388e-01
3.233096089390848915e-01 9.393960907507794555e-01 6.317068739384459342e-01 2.144201426862105686e-01 2.138912511312847098e-01 8.062242937822954314e-01 8.126070630658285276e-01
3.917738278596263335e-01 6.870363223121345175e-01 5.361674647057687038e-01 7.879728079706255217e-01 7.793045300344716431e-01 7.289897179543793904e-01 2.487141492643644147e-01
3.649399914697192271e-01 3.953757717002113203e-01 9.422890597534568924e-01 4.463516102085604009e-01 7.201679449735696181e-01 6.706266867395340725e-01 1.600651007189447528e-01
9.892133263961588874e-02 2.119602165763984081e-01 4.294482389955697199e-01 5.552095044724635331e-01 3.177276145413634456e-01 9.440646136304329250e-01 6.831556833867907796e-01
4.322292152720536018e-01 8.566198584242606939e-01 4.485143366267940745e-02 7.956504534840956877e-01 5.507458189707562513e-01 7.486817935928524737e-02 7.223024542251071933e-01
1.562435890945907957e-01 2.703684498838896388e-01 3.499938864380212067e-01 2.632270268324666818e-01 2.883256232236088845e-01 9.425710052725846388e-01 7.035307211573385011e-01
5.547550615921237327e-02 1.408427147640946009e-01 9.433975870079125414e-01 8.552218102134612199e-02 3.033032512811479897e-01 8.281381862917022163e-01 1.095904715193918300e-02
3.240483903574750135e-01 4.018608305203492659e-01 9.954575679422983381e-02 9.593569316783175926e-01 7.351972251177864015e-01 4.192422159009820959e-01 9.257756364048679298e-01
3.518789977460087259e-01 8.374554310243200739e-01 1.878570852049268325e-01 3.488105547654152261e-01 2.443555261551277891e-02 8.938453585879578833e-01 7.660850482235075365e-01
9.966872350342703690e-02 7.925031842328856824e-01 1.591951299829387212e-01 2.973853521339717698e-01 2.679358047837471224e-01 2.548869750229818543e-01 7.290878493348595946e-02
4.670996452546427591e-02 3.571144838034456814e-02 1.516240953168581651e-01 3.049161122505440469e-01 6.006265368455629972e-01 4.822215131519878017e-01 8.724044870893568060e-01
1.539642289814087128e-01 5.301074719533079849e-01 2.825534416615019806e-01 5.881708559568274985e-01 6.705603175631373869e-01 6.152982978973731143e-02 1.749559429495434193e-01
3.910176955195894255e-01 4.200422027634297395e-01 2.812793302878857649e-02 9.404271406791904209e-01 1.837550457624762545e-01 5.319998992364635138e-01 7.241322448899972786e-01
1.143592306241029144e-01 1.358314131129411129e-01 7.598027053638760631e-01 4.208022101216098987e-01 8.080471607479078333e-02 9.550676681290840575e-01 1.937819941556451209e-01
1.472898811995554391e-01 5.232633975036237173e-01 5.957986715106847742e-01 4.512829444641129895e-01 6.132605666261001787e-01 7.013508909882656406e-01 5.089421686841724135e-01
8.645236876760773459e-01 2.921894612258977286e-01 3.263926039202301732e-01 9.203159513034753214e-02 4.855226649805386430e-01 2.990466632440855754e-01 8.334773868430892518e-01
6.778003324514269012e-01 2.222099174928383603e-01 1.903872015947271068e-01 9.109173805475918595e-01 5.677957899586111301e-01 5.069400485922942456e-01 5.995554563907379286e-01
1.879693306684238063e-01 7.588140379614837228e-01 9.730567819221115355e-01 2.040521100747637595e-01 7.492230058328523956e-01 5.700443792063591975e-02 7.246465092593756818e-02
4.368298476852512380e-01 3.913329343868565680e-03 1.428896531003250869e-01 4.526574998008211503e-01 5.613058620522667352e-01 1.178038088812917161e-01 7.283324853754373773e-01
2.989005351924621801e-01 4.188949350842487984e-01 7.942305091191026456e-01 8.960239442162549750e-01 9.576111989550292192e-01 2.858652321381532913e-01 8.087291689516667992e-01
3.151899953636039253e-01 9.081131894635343649e-01 9.455104368731837017e-01 7.217635489183490405e-01 9.452393711154841727e-01 1.933376818444324519e-01 8.197116428828077339e-01
4.927953992356440827e-01 6.110529910336569559e-01 5.326398617807941438e-01 2.986745430030824933e-01 5.309033537776491896e-01 6.773251521401514319e-01 2.886959499874919288e-02
3.725667393078325729e-01 7.240102839786098921e-01 8.345585206641192855e-03 4.883780498428174077e-01 4.662147770824751625e-01 3.704629511046675372e-02 2.739313975187476213e-01
1.562918430151257754e-01 7.223966065576620244e-01 4.816671580206801639e-01 3.106431479933748907e-01 1.940827227323241866e-01 9.200998033240969098e-01 8.532968059884692424e-01
9.236512949389820148e-01 5.359623807204583201e-01 3.210107868856394431e-01 5.392206124829831415e-01 6.238402227346762086e-01 3.449046911632387413e-01 4.194121755475688218e-02
4.331120273179289715e-02 5.256182996222320547e-01 9.600096058714936431e-01 4.476655946446105316e-01 4.954703741374351100e-01 6.127069562904193800e-01 3.644266766734849394e-01
1.842384021955043583e-01 6.931700302030866512e-01 4.530956978039216709e-01 1.542065614693722830e-01 1.053053417286851090e-01 3.921216547189750878e-01 9.774519872569502610e-01
3.659962659000529639e-01 5.290098970488908980e-01 3.971967331303692950e-01 9.232198462157217289e-01 4.276107450970386692e-01 8.898300635266357395e-01 5.406202271927140757e-02
8.900771651528166517e-01 9.405748392678882075e-01 5.766549987951231637e-01 6.669468440651069585e-01 5.174537482726564441e-01 4.293157297317846677e-01 9.524514612224146415e-01
1.549303515159214939e-01 1.208060622620755753e-01 8.399030822709785404e-01 3.328452037444584732e-03 2.951662750469631336e-01 4.592463702990666752e-01 3.923540564197395275e-01
8.563389883092537014e-01 8.501839332517083792e-01 1.936943988172774578e-01 3.396209866746653372e-01 5.622133354169464026e-01 9.236860435302211014e-01 9.119824219265937337e-02
2.004715636340201890e-01 2.107478747682949294e-01 1.092619982953191293e-01 9.236353133304320284e-02 5.133735277951743114e-01 6.617213477185313053e-02 4.225354543681537622e-01
5.601137259176399708e-01 7.959083816376650855e-01 3.739933281239875562e-01 7.887685248558605755e-01 8.733440784669583845e-01 7.446541924012120006e-01 2.547606109591132872e-01
6.300129046770363006e-01 5.464140593015529568e-01 9.948154297625820819e-01 2.476136001322534197e-01 7.019915784678298909e-01 3.354147114333864144e-01 2.395591320023985338e-01
6.811560754184948774e-01 3.242857622891304192e-01 5.445944519599658085e-01 1.776308948468966475e-01 5.230603655942080987e-01 4.323435536565143344e-01 6.372806300252221723e-01
1.747814053250902333e-01 9.064473809535816828e-01 5.807328040448214157e-01 6.423617195638354760e-01 4.910418587920516442e-01 7.759494876497640137e-01 9.653922317524170627e-01
8.858097907961821615e-01 1.284080692527718170e-01 4.153972283702335178e-01 8.888964510409145259e-01 5.084212034380338752e-01 1.129236546591294577e-01 7.161252551928062315e-01
6.381639644677614687e-01 9.246292258981106960e-01 6.177164474208598488e-01 4.017510445447975975e-01 2.009245581744429909e-01 9.197000210341021997e-01 1.498558238552101241e-01
5.674933703335827140e-03 7.963030793322668499e-01 3.870345432985525802e-01 6.279543492994552611e-01 4.639664608035465321e-02 5.822340346594194749e-01 5.822198914891039134e-01
3.771770422328444283e-01 5.433189962622054781e-01 9.351273006506508612e-01 3.863236557877045563e-01 4.800652355570490526e-01 1.882340897048142558e-01 3.527137092360140835e-01
6.384577041041510359e-01 2.083830474560025570e-01 6.711366757589213305e-01 3.610627414684097758e-03 9.485553039950275211e-01 5.229939178392125632e-01 4.871152009087253987e-02
1.621211988051862729e-02 8.155391536148329790e-01 3.246508626343415083e-01 2.937753503807032374e-01 6.343063057449337405e-01 3.148375996345864625e-02 8.740655775842113284e-01
7.625525533177573978e-01 3.872263462545179058e-01 2.305300583194214159e-01 2.189753877263711512e-01 7.795104843524296445e-01 7.195919516158957308e-01 9.013506190187097200e-01
5.269595335879285747e-01 1.477531056331310433e-01 4.233824952210338832e-01 3.878014875894275626e-01 9.887106830979675021e-02 7.582847084783439495e-02 5.984581104592036072e-01
1.500464789521600562e-01 8.418964864196591957e-01 4.654924333752864518e-01 8.321879432122557541e-01 5.578753314786470963e-01 7.822030318244556080e-01 9.228098038986926044e-01
4.352242368218108837e-01 9.127682355614120668e-01 5.785467496286084144e-01 5.968370233792972268e-01 6.881081430643981589e-01 4.496182211578018117e-01 3.000253844050542185e-01
6.188205385607825626e-01 8.586024818767116207e-01 9.523846836667324567e-01 5.175045992681068796e-01 4.688587624317963609e-02 6.805237180542789144e-02 2.630886565067217520e-01
1.768841867851606020e-01 9.099679431840351773e-01 9.068242100293629759e-01 3.964143376950685083e-01 1.334305154864379173e-01 8.799131285667838309e-02 2.312230459328341592e-01
9.057703913220017666e-01 7.271895093517644071e-01 2.359417681758068097e-01 3.065115904054440676e-01 9.512830392014918202e-01 7.965138689258950411e-01 3.428511728857461804e-01
7.201375084929220183e-01 9.994060602161520812e-01 7.939732249255506691e-01 8.860790950455168513e-01 2.534695573698246829e-01 8.270616138020678854e-01 3.161131346896560723e-01
4.490735092989517341e-01 9.562730380306118105e-01 8.793477063319118381e-01 7.299069586104094398e-01 6.302997777188987794e-01 9.011119465685302199e-01 6.643807370386635158e-01
5.228170863980748928e-01 5.163112700339582695e-01 4.865583113379458036e-01 7.476665403147317868e-01 5.930020296152543890e-01 6.205557534425170108e-01 5.559974625937241788e-01
4.494924336028961465e-01 8.218659486839621220e-01 9.555478739103320240e-01 8.141798760964613635e-01 8.744124371646244676e-02 9.499558612670446767e-01 4.166973577002472950e-01
2.774216726652442011e-01 4.454708664771289683e-02 6.033464158380100750e-01 9.650074425874434203e-01 4.875808046003947682e-01 1.350001052714874250e-01 9.950712099883238793e-01
2.923781749310544464e-01 7.909485517593006776e-01 8.512292425040722810e-01 1.853307373619956788e-01 6.724307397433407774e-01 6.848019318015948764e-01 7.380800718326896437e-02
6.482682980573145626e-01 3.615224159425354244e-01 8.947572395438180282e-01 6.927295795094741138e-01 8.829853605580095799e-02 2.969763265460990675e-01 4.983280597832763226e-01
4.550931293663545985e-01 2.516840451770375742e-01 9.447358400137466639e-01 4.893963729084395142e-01 4.568010145753284013e-01 5.199479266074910067e-01 4.153047206445149575e-01
8.024520360897430260e-01 5.144642005461406153e-01 4.931401737633267501e-01 2.153624324315388527e-01 6.421882404968319857e-01 9.384496362048130313e-01 9.996144483491220534e-01
4.237722925283543551e-01 7.015396005002058066e-01 7.829559081713999280e-02 2.016152038671754632e-01 3.292211820748148776e-01 7.635268992851929060e-01 5.384887446944106593e-01
6.837548261134960281e-01 1.359797611194932809e-01 2.770290393881184032e-01 6.789188551697613594e-01 2.849594341129290109e-01 8.536733624639528673e-01 1.660163624028440088e-01
4.712514322816725443e-01 7.670503664737027272e-02 4.028024981684320549e-01 5.689799505939993063e-01 8.925197825496179460e-01 8.639315256767639006e-01 3.799410877946851617e-01
2.359424671055955214e-01 1.152218487554009796e-01 1.944214496641805123e-01 3.565962918728217135e-01 3.983691420139892081e-01 3.359837291506488910e-01 6.403934242814339761e-01
9.713874977981711289e-01 1.042074022004608747e-01 1.607753288183609852e-01 7.271501550038971251e-01 1.643533281397994150e-01 5.797967299291763021e-01 5.788652777503588975e-01
6.838395977603739517e-02 7.972110879788183446e-01 3.672259323728986891e-01 5.600834862256370839e-01 8.380847546897991496e-01 4.651449205338195059e-01 7.772213326839445546e-01
4.556448730836044625e-01 4.173422969329365628e-02 4.417200646499322980e-01 2.965622904917617486e-01 7.206442393099967703e-01 4.658407581299538469e-01 3.514012429342382449e-01
1.137859424484369830e-01 6.425603462442408542e-02 6.590014888454194253e-01 8.477903383820197813e-01 3.256097886149430520e-01 9.938809005784764450e-01 3.752498871249885237e-01
4.753050570326412538e-01 2.915851718924600267e-02 8.769295396243256269e-01 6.515905816563472008e-01 7.706674289052584115e-01 4.503681261316768714e-01 7.276961011661942091e-01
6.283734098830667802e-01 9.371914658324626002e-01 4.479356146059088051e-01 5.083132490156347938e-01 6.615739223695027427e-02 2.694884997134753268e-01 4.916405002869328467e-01
3.569540233259934636e-01 4.279096312039250005e-01 4.195051799831819306e-01 1.950057563054531373e-01 3.871811046490825081e-02 5.769356205035806040e-01 8.142388078332085666e-01
3.215365190689177810e-01 5.810992818266190740e-01 3.433109402396472554e-02 9.843334405757953043e-02 9.289263923529923472e-01 1.864862212629418980e-01 7.591839044831975025e-01
8.674192001399607665e-01 4.753395546219706391e-01 7.609938644978677669e-01 9.576403212374728913e-01 4.553954002304360094e-01 3.080729549242586796e-01 2.269945140273559314e-01
8.589557336724346071e-01 8.885007102704867155e-01 2.436513289337515209e-01 2.160239335638310942e-01 3.402693026179216540e-01 9.157447510707301674e-01 6.410538649464503358e-03
9.051191745517651599e-01 6.097481793104567727e-01 6.671354809913535577e-01 8.559325325810532847e-01 8.529630825942582373e-01 8.031685161525650152e-01 1.454929384476234544e-01
4.278703214546912825e-01 3.648675889769914527e-02 3.644366724316374651e-01 2.278846656371789070e-01 8.138747792226568301e-01 9.710949711439292864e-01 3.521298070784386613e-01
6.015787139637585046e-01 2.969657407336177002e-01 8.577377145721959417e-01 6.361601626750408300e-01 3.611415997344775697e-01 4.322658812754966995e-01 7.795169001122431718e-01
1.382700312094197193e-01 5.907239031475614022e-01 6.743120813352644349e-01 2.479096131823164129e-01 5.009181321577498291e-01 3.655390493093519932e-01 8.284204639018825089e-01
2.516282433559707821e-01 8.043348236096184989e-01 3.148541319761652968e-01 5.506729006317211406e-01 1.705591373089208052e-01 4.432972433175540461e-01 9.826170252516176484e-01
5.883477676880163321e-01 3.371649677267195555e-01 2.508544853893387439e-01 5.957532738590396448e-01 4.616282257499951802e-01 5.058215299955752808e-01 3.935097383152079686e-01
