3.474582420056303578e-01 5.993317682229412080e-01 6.219717796420645151e-01 1.036357655859048155e-01 1.503073760055227970e-01 8.876962740609348756e-01 8.760071187661987446e-01
9.524854580531931791e-01 3.587680025207001799e-01 3.613098584239587963e-01 5.388775855841448914e-01 6.503358677675216137e-01 6.815611543489767943e-01 8.194809958536648509e-01
3.525470392769930461e-01 1.263570544141413565e-01 3.817702112796050873e-02 1.648805256923124851e-02 8.114340954023092634e-01 6.781448229136526340e-01 1.085358152409248156e-01
6.731822744448404672e-01 3.013769304290910833e-01 1.974785815754875884e-02 1.061942552152134178e-01 4.138506721751293860e-01 3.391774401579930043e-01 7.059666457243330973e-01
5.878437295820093667e-01 5.545794942396597982e-02 5.227226356025982401e-02 2.168225664558861565e-01 9.563222054218804002e-01 5.211464073755206483e-01 2.591158063080798435e-01
9.205403751567283743e-01 1.176552308648864953e-01 1.598087829520098424e-01 4.303708036942798243e-01 5.581016311297055665e-01 5.112597987133324917e-01 1.389930104669502287e-01
6.803344811889431298e-01 1.152302425280712361e-01 8.871447144874523572e-01 4.170842915665077255e-01 1.533806466097930032e-01 6.965484281141570699e-01 6.008789238402054700e-01
3.412177201690128614e-01 8.002836486157092200e-01 7.870473229367921375e-01 8.583736741935387160e-01 1.032081206955426378e-01 1.085441392671560035e-01 6.041768080982087286e-01
3.931488876060643678e-01 2.212199426980352435e-01 9.750611779682427649e-01 6.210488218257649295e-01 7.670056923962931261e-02 7.696912401990576580e-01 9.120990023001818159e-03
8.370525417773931887e-01 3.385142673645069600e-02 3.773510307065029989e-01 2.874037443498639322e-01 9.448708773597477295e-01 5.669186446753038400e-02 8.290290685725814068e-01
6.204226208532367393e-01 4.512974283092485717e-01 6.889209072153398283e-01 8.787423701749633720e-01 4.237661168662866240e-01 2.671440153540678430e-01 5.978518197657652911e-01
2.279817679106668216e-01 7.450103744969753805e-01 3.839356302598374571e-01 6.302689919316435407e-01 5.289970825835618173e-01 5.294087427191723760e-01 7.492187854180072382e-01
4.029825422537178792e-01 4.788248693948815582e-01 2.873246456353633072e-01 8.993497185781553771e-01 3.490491841191105671e-01 2.118653486057299196e-01 3.135006354150390306e-01
6.863540073208640457e-01 5.685654857169211152e-01 3.494031311477985291e-02 7.347757984848801716e-02 9.924849035035695488e-01 3.984865192197341033e-01 9.519741002289133780e-01
8.282378661171866385e-01 9.477934878160692023e-01 7.410043278074699424e-01 6.859158008041109644e-01 6.282971119053688547e-01 2.205127946256505433e-01 6.496482361264707128e-01
9.168677670853625505e-01 1.553797295778306387e-01 4.971862635130546160e-01 3.008952392392381103e-01 1.995763859147058339e-01 3.622863195082719479e-01 2.095996007011630136e-01
7.146101969488589667e-01 4.439735442711123525e-02 9.346452912381303380e-01 2.929347355332436731e-01 9.792568190780782666e-01 8.140174501921411121e-01 8.718207357205420838e-02
7.946872909423372544e-01 3.502543033884589763e-01 2.428250972823434717e-01 6.126693167633729953e-01 9.812628895199226875e-02 9.193435245046862603e-01 5.862567026123475245e-01
1.708646099953843311e-01 8.195327542294013057e-01 6.881463479339045008e-04 5.743504501768056381e-01 2.040626661665513319e-01 6.534529839632198245e-01 8.579412377680694091e-01
2.359060710155497231e-01 6.997135905938793865e-01 5.157773940613897823e-01 3.290282117083872526e-01 1.837075693363384721e-01 7.523953191620907921e-01 6.978471161909921561e-01
3.439857882795727129e-01 9.875077713793427581e-01 3.267099545850165043e-01 9.307593115258969707e-01 6.609377402263787449e-01 6.705398720029349668e-01 5.741649423887741355e-01
9.814753675406203692e-01 2.718331602750440057e-01 6.883829695895505862e-01 9.865325689072054205e-01 2.854339352173114186e-01 9.753778703399141881e-01 7.378739978647343989e-01
6.900002205312261161e-02 4.760655241205098420e-01 3.732474553082110180e-01 3.564001771888081205e-02 6.558890474201687359e-01 7.372551286300342843e-01 3.260085319579164587e-01
6.992530755675391285e-01 2.040648533512571250e-01 7.956609400742312710e-01 2.473873405876696463e-01 2.659761101392412730e-01 7.868399791542988186e-01 3.535968459359983829e-02
9.258687824669721289e-01 4.486347207783893953e-01 3.440522498414926300e-01 5.607059960421300060e-01 7.176317015599874560e-01 7.031137605157224968e-01 9.533697390183514253e-01
9.851806876415427627e-01 3.571506324127695642e-01 8.772905550731457947e-01 2.980101017752145864e-03 2.460733598126568777e-01 2.830046577365208371e-01 8.949777629832763592e-01
7.891218799278985063e-01 7.243755928291748525e-01 2.959975517951505264e-01 4.125028716265024542e-01 4.464084140101879372e-01 3.880683932811823666e-02 7.786349474308978946e-01
8.008748624945074557e-01 5.443975576469173294e-02 9.762659529531425573e-01 7.935897369350121133e-01 6.043357579570234339e-01 8.356317290305345091e-01 1.281172897174241987e-01
4.670866508572437681e-01 6.098061249337897172e-01 6.571900283116605124e-03 3.190814222145732515e-02 9.234378297018863702e-02 9.129511164563168801e-01 6.332302409654784192e-01
4.508805092858730879e-01 8.643472373307858891e-01 3.257205331583999941e-01 3.375046731151117863e-01 4.900033331687698723e-01 2.661553356312678087e-01 3.769500364838015427e-01
4.414824831772004021e-01 2.942334170296500018e-01 3.897329390139767646e-01 1.456332860311915223e-01 4.295561035288109064e-02 2.700573509376066328e-01 8.174703032196376506e-01
4.146647313046303296e-01 8.566957679043925022e-01 2.320969352768171845e-01 1.887558396079063172e-01 8.406551157663725293e-01 9.789055328064122374e-01 7.896781179053635746e-02
9.762017127253741489e-02 3.053315986575617647e-01 4.456090134171497574e-02 9.757402410566814455e-01 8.098525960383153866e-01 9.425080250064965526e-02 5.170231579878659112e-01
4.275026754141282304e-01 1.498673563964140198e-01 1.265082452225181342e-01 1.166101234483639670e-01 4.754307876717771553e-01 2.499636362909407605e-02 2.632215824166633800e-01
3.476600629653785468e-01 9.896489787208977429e-01 6.089346643388580116e-01 6.978163626535960340e-01 6.937552533829878243e-01 3.218720492708476710e-01 1.598728157507496306e-01
7.124308447760171470e-01 5.531639464398756534e-01 7.611934668034193718e-01 5.098715458724550897e-01 8.727267598923484915e-01 2.951505462730621421e-01 4.001388189439085696e-01
2.806750889976254992e-01 1.239603832130402594e-01 8.917891256490585450e-01 1.724802461818086829e-02 4.641467611179138641e-01 4.058014013529107622e-01 5.001316765412057164e-01
4.606944499865833764e-01 5.590202091806952822e-01 8.476894667807510775e-02 4.926982679560432121e-01 5.194237800642287350e-02 2.230830674274493219e-01 4.607258463444618979e-01
5.255112091215353720e-01 5.147070774912911872e-01 2.248493547311564145e-01 8.311779282613043218e-01 9.289105725973169081e-01 5.615869475999644145e-01 4.024363395458009363e-01
2.416851365529244511e-01 3.417920727004826187e-01 9.003716566458282999e-01 1.615270957950700748e-01 1.074249389616703798e-01 8.878744729847791728e-01 4.946297668754136012e-01
6.960974638922294844e-01 7.916114999974699362e-01 9.970486026773195398e-03 1.680538342073002456e-01 5.411236208703378292e-01 3.626534952611388807e-01 9.723871115365212425e-03
8.497263374691270688e-01 4.089191933183866645e-01 8.409492818960919713e-01 8.306795440409839859e-01 6.452381195073441100e-01 2.505910188699751462e-01 9.231055537361827490e-01
1.912977291313000539e-02 5.318374619201555742e-01 5.495150558728194579e-01 9.991306769714385361e-01 6.068279878917914871e-02 3.194312088683294304e-01 7.435590694646154741e-02
7.686392667492112363e-01 2.935760981504524914e-01 1.003168835771180989e-01 6.472643292584059349e-01 7.282542903095696740e-01 5.062059032802409542e-01 6.385871768960301731e-01
5.937747255748846431e-01 6.118676748935483189e-01 7.444188902648278816e-01 5.394656339451067151e-01 7.612189135915923277e-01 1.311427630435298974e-01 4.182072779677008523e-01
3.296552599419764196e-01 6.799584012014946444e-01 7.852037279461573371e-01 4.193170394466411155e-01 6.688425973747469389e-01 7.576041912785425048e-01 2.485435978915909727e-01
3.460861364558236453e-01 2.967960234703033162e-01 8.960320392769143272e-01 9.128506570301220258e-01 1.927500054639568194e-01 1.570629009193087455e-01 9.718078869432666966e-02
6.494823624873798940e-01 3.057628329701910230e-01 6.854385957669755225e-01 5.493163627324969545e-01 7.078777291312460251e-01 9.347571808535407589e-01 6.078709059060908304e-01
8.606618922742397260e-01 6.245925453604599387e-01 3.184027100612191186e-01 1.957836157240809838e-01 6.690650792901211563e-01 6.246629626429601734e-01 9.455310689122797818e-01
8.838416689769582613e-01 3.412146777361565464e-01 4.507981568217797053e-01 1.474215376541291311e-01 6.024185211817376651e-01 3.581835365868624166e-01 9.052533353409749628e-01
7.875561719609640576e-01 1.715088675682497898e-01 9.982690417182916720e-01 6.257636731966558230e-01 6.295420795674571135e-01 6.653235630307381410e-01 4.601154869580297291e-01
4.242209173703610503e-01 8.015306486418873888e-01 6.703702282290832093e-01 2.647134145104620417e-01 9.145604589144262775e-02 8.324135851960220434e-01 8.045039643273206309e-01
9.978176252741670638e-01 5.517785020383059180e-02 4.356788954156139981e-01 1.612616771803037086e-01 2.485565444696320458e-01 5.605929870097480228e-01 7.733866758414623677e-01
3.597905220875463606e-02 9.546835167344076556e-01 1.029942778648992308e-01 5.071206259871998689e-01 1.584619772144910677e-01 5.469977411265146694e-01 5.446179811985326635e-01
8.148347642849945727e-01 1.317508651887977500e-02 7.113532074634609792e-01 3.278866359574731382e-01 6.719883901355426792e-01 1.929555519119811047e-01 8.345428865520393424e-01
3.773804476761344340e-03 2.730386346557382993e-01 4.614945785450935700e-01 4.214919967837236214e-01 9.502767909596998575e-02 9.210305031476886395e-01 7.401800037880157390e-01
8.287079760610479573e-01 3.322128148254633873e-01 9.884861573386357625e-01 2.066778374358294590e-01 8.697820540672244194e-01 6.259340992907719281e-01 9.112087894920392062e-01
2.204985792671619871e-01 2.052476837464451975e-01 3.402277368027782911e-01 8.153321071111797602e-01 4.384937464544478303e-01 2.262178453933277877e-01 8.792424149343945894e-01
7.641302681312066580e-01 7.710954807077644579e-01 8.080080675326196671e-01 4.380903832024746203e-01 5.601648473337257350e-01 5.391926865766999422e-01 3.871360164779477087e-01
9.483722982378141042e-01 7.663851843919622375e-02 7.421322687734076551e-01 5.381308696315195705e-01 7.903947541552835965e-02 1.849036718152533565e-01 6.937192707880091014e-01
8.964824433008909965e-01 3.417415695252090657e-01 6.116815377628667116e-01 5.510117930762564731e-01 7.757942541627844690e-01 5.385696481556119242e-01 1.587263380834059712e-01
3.541188786552338374e-01 7.848490898246557324e-01 1.041573711240193489e-01 7.816980255216599005e-03 5.886550422688261452e-01 8.717912040653608141e-01 7.782758362285835396e-01
3.597296518530224141e-01 4.178730843015109331e-01 1.664538206773702456e-04 5.818901716596958096e-01 6.681953542347318642e-01 5.625555110843679651e-01 4.595368427492955155e-01
8.897684088148416492e-02 1.394087741245397805e-02 6.642712720108472357e-01 7.080237731595282469e-01 1.063741822735386755e-02 5.745723197021286310e-01 3.942321502433591141e-01
3.761005746513432779e-01 4.216120507215824764e-01 4.216189392233070654e-01 7.241621025742840390e-01 9.670549536812909075e-01 4.633319091656240563e-02 1.395308397535187650e-01
9.406586949632578243e-02 3.307644067041608515e-01 2.885527715072440103e-01 4.589720547971506415e-01 9.908707305575937818e-01 9.544873338808700369e-01 1.142114964412375144e-01
4.765918022112932695e-01 8.373022824039045853e-01 3.613469622601346298e-01 1.677614574496478772e-01 1.407904502222827592e-01 6.985821667411229452e-02 7.801129270272433303e-03
5.831856677286142432e-01 9.483922298751013003e-01 8.892090969119450516e-01 1.051714481968972770e-01 3.827346863542031574e-01 4.919307226760082363e-01 5.455957048257148445e-01
4.966282184841885883e-02 4.699799803733019088e-01 6.234823648110000560e-01 4.948439159590800607e-02 5.118693100406519481e-01 1.243444449110552297e-01 1.690975023026465296e-01
2.569418694391745195e-02 9.358552203108301271e-01 8.228586698872147887e-01 6.564771814365031322e-01 2.406025436510994542e-01 6.262167434502400321e-01 8.994464125312239267e-01
1.968869568644685542e-01 9.436015780395818897e-01 4.812339776927969659e-01 6.558567942347229840e-01 2.393270885398387504e-01 8.383872323087608880e-01 2.184632336278453657e-01
9.164547209725626420e-02 2.003614308099337382e-01 8.184462810220157758e-01 3.697042478687309064e-01 9.842542208024002148e-01 8.552796053089615214e-01 6.136745337534027511e-01
3.835889429854042465e-01 5.764754706679382501e-01 1.377745481420792339e-01 3.087995567396984997e-01 1.184697233026238417e-01 4.718697842578626345e-01 8.295043266121947534e-01
9.882462286009165986e-01 1.639800741886351387e-01 1.270883961264329676e-01 1.770532228938517250e-01 3.895779935681841222e-01 8.948611823985422875e-01 4.344717962054166494e-01
6.563172169300796055e-01 7.028015356501882138e-01 7.247846476017624218e-01 3.492532839168456249e-01 2.953590270381539762e-01 1.513037794708569361e-01 7.750465718038747065e-01
8.919518617536466021e-01 5.941345204700951843e-01 5.647414856210918321e-01 3.462492003214618919e-01 6.052156836223853142e-01 6.549971735151223218e-01 1.983970505231827941e-01
3.795654630518660033e-01 9.955862179144198132e-01 2.960220400209712110e-03 7.539294037044493857e-01 9.271930898386991915e-01 9.710472904741888067e-01 8.306930996779411380e-01
5.779846983669387761e-01 4.543032310043715327e-01 9.501968987385452925e-01 2.482494855221355490e-01 7.798930826806195205e-01 4.235116876627184057e-01 7.659149484758808191e-01
8.386807703511311995e-01 9.591143645027305764e-01 2.550003177454065462e-01 9.264696432130329340e-01 2.647167760897426447e-01 9.835967149639022189e-01 6.712770883753803597e-01
9.762991649670909045e-01 3.272718055272931803e-01 8.199660816902746285e-01 8.147920906762837756e-01 8.056326527093008449e-01 7.610380851921595413e-01 7.917798165376382924e-01
3.152552489452566942e-01 7.324079035912932634e-01 1.245859995307682100e-01 5.735547867453318904e-01 6.858912211091703348e-01 4.473970250578056529e-01 9.739627787015856519e-01
5.595858015057088020e-01 3.897666186629950014e-01 3.163797468604496732e-01 2.081292177515597919e-01 4.625400602168733277e-01 9.874672379248344845e-01 7.396689638910509679e-01
4.793570979481263095e-01 8.821898599668595020e-01 5.378777738485965854e-01 7.029428099079912950e-01 5.171781274893935132e-01 6.893001141180684632e-01 7.078033296792018980e-03
4.070949679803947951e-02 6.354334860191866996e-01 5.607575518935026260e-01 7.453015785545463734e-01 8.687276597079844898e-01 2.397265962467420852e-02 2.239745073192151992e-01
3.710158410905650683e-01 4.999311794129044362e-01 4.314650519846604526e-01 7.919805335457408280e-02 4.084534229997544008e-01 2.244079014785304027e-01 7.551034373035936387e-01
1.906132973756405891e-01 8.199498594841775345e-01 8.825523710050703352e-01 2.018689458874312059e-01 3.202299546553366572e-01 5.306022530990017749e-01 7.400336210577902474e-01
1.685857741059545445e-01 1.690236261681452579e-01 1.586469533001941823e-01 9.000916802102163494e-01 2.473091971868831562e-01 5.073442996637933522e-01 1.384758452530631123e-01
9.940147574932605146e-01 1.616604634215214054e-01 9.466157290205501340e-04 7.423116421358202377e-01 1.146025450469242424e-01 1.274507703313921825e-01 6.194350235930514703e-01
6.354127390532030573e-01 1.309952852667320977e-01 1.356479302361647266e-01 2.561864333348610190e-01 2.709593250650113028e-01 1.261911887805107213e-01 9.952054477306786495e-01
1.714922844935333757e-01 5.324337383080777197e-01 3.038250782053648624e-01 3.094049215666073716e-01 8.300363789601583608e-02 9.179127544637368796e-01 2.829773362098292333e-01
1.283180371941631259e-01 5.312386272895526229e-01 8.672015003931248245e-01 4.504860986767793563e-01 5.405961049319522038e-01 5.853042470954216148e-01 5.812972578494619569e-01
5.587086114480436239e-01 5.182487602367349400e-01 6.744813400294900063e-01 9.139362726119574232e-01 3.515640989636769076e-01 1.410892337597496882e-01 5.322708078245804719e-01
3.312876996396254548e-01 6.659800698307820621e-01 3.713369308298677396e-01 2.584265573766753032e-02 4.247380160675845451e-01 8.527938761660985856e-01 1.816357976591793655e-01
1.946371198869295549e-01 5.506585534552365102e-01 6.956140110869277748e-01 1.421724262102670444e-01 5.689682989750454167e-01 4.341271522084818590e-01 9.621160762472521499e-01
5.365668340632931965e-01 2.591153881295512607e-01 3.188551229172473800e-01 1.768493766445479176e-01 3.513834711181500481e-01 5.226359880409759961e-01 3.458519046384056495e-03
8.159382557690545434e-01 4.143317195195708180e-01 5.362040512489434363e-01 1.603836234469794286e-01 4.558076276937358395e-01 3.728781013870136052e-01 3.494866936626351839e-01
6.275526700277411773e-02 2.988565790658885835e-01 1.251565689415710114e-01 3.965673269774128151e-01 5.726457552464592204e-02 6.601631637437022082e-01 6.797401637250114481e-01
2.008570141860540614e-01 1.627898610969042981e-01 6.142006746408583684e-01 2.846827757532921499e-02 7.390203964555226435e-01 7.836868020329572637e-01 9.165190023706903943e-01
6.957012624947498391e-01 4.408565890097239093e-01 4.403414850821418813e-01 8.254522025985068234e-01 7.434372656631620391e-01 8.310474556355819109e-01 4.596809490701525558e-01
2.318504838358566023e-01 6.917168987421558057e-01 4.354104351806665774e-01 6.232067797569441625e-01 7.480985461812110771e-01 5.388201785657430465e-01 7.253348144445954659e-01
