4.921449755206551702e-01 3.247720013209993706e-01 3.989095806705432734e-01 9.665600915113650160e-01 9.805380382445052501e-01 4.959972052475658533e-02 5.065979980177166553e-01
3.149007750966161812e-01 1.659030261581483368e-01 7.731234270798849062e-01 3.101188890040061930e-01 2.307037581210629185e-01 9.789739858475406953e-01 9.306240771365976716e-01
6.947900887510122248e-01 6.781662320494289409e-01 9.116102970507289349e-02 3.716920513937944648e-01 1.961056794430773298e-01 7.213282449334447177e-01 7.106231752142865288e-01
1.090858561736522958e-01 3.191913681163158767e-01 5.042774792410813500e-01 3.968680507063928609e-01 4.516047954657885777e-01 3.596656845397327995e-02 5.979095157770991653e-01
4.061452015486426426e-01 1.959433473026924721e-01 3.061460717177864055e-01 2.461878849014957904e-01 5.826782679906261642e-02 7.042802201740164803e-01 4.742593422930301283e-01
9.653260441462001573e-01 4.865788554163650304e-01 3.830087917223722327e-01 2.371742321004410847e-01 9.153856607015402602e-01 3.317370075962692288e-01 7.036222830620788571e-01
9.436782157476377719e-01 5.872253062656517253e-01 2.772904310523319760e-01 4.179425575470251397e-01 8.759922072137839022e-01 1.530989204301652640e-01 3.912332382149007470e-01
4.519809777823677877e-01 3.853056908808779601e-01 5.270640074427445088e-01 9.718157647126530740e-01 7.521215203386910630e-01 9.360239121672591089e-01 1.755429650455017088e-01
3.780220117342186770e-01 3.695394948189827389e-01 9.200984167753983867e-01 7.899307045735045607e-01 6.994989011395247314e-01 9.326663649010018542e-01 9.445044920107769082e-01
5.148154303466213610e-01 4.968656260255488455e-02 1.619290081027863204e-01 9.465854312147092831e-01 7.150602426432118852e-01 2.163118273454506246e-01 5.591859482272130144e-01
5.888459255225501066e-01 3.467848307070889868e-01 5.018967668691639572e-01 1.483064482894691505e-02 4.889220239058376105e-01 1.538085468490035801e-01 3.449214769225688038e-01
8.060606428736745155e-01 3.299442874881116650e-01 4.869800993313384563e-01 9.484491514634122433e-01 1.536277078787759987e-01 3.816221110637286751e-01 5.138146049509511037e-01
9.301652499552831577e-01 3.292027250374019998e-01 9.817248758539834919e-01 9.121748907869323686e-01 4.966264996199654114e-01 4.037435716430600730e-01 4.241538979028969258e-01
1.235996579671125861e-01 1.388946031508263568e-01 8.987586238193265853e-01 3.458413842496885771e-01 4.238515996259015761e-01 3.990132307518721166e-01 4.623866993402317993e-01
6.142090033979674679e-01 6.888382351071822285e-01 4.145742082325526434e-01 9.357032658843783546e-01 4.375812621900501131e-01 8.726521475674219319e-01 7.690506763663740308e-02
8.482310750318110548e-01 1.885505707071828407e-01 4.487088702537200824e-02 3.573039659126924228e-01 7.670639603370290605e-01 8.579396039062847645e-01 5.028441492731341445e-01
7.120119115791286868e-01 5.586361001885071786e-01 1.197766544665447297e-01 8.453852976590759960e-01 7.969770086124876585e-01 7.760698075496214043e-01 9.389876432622102920e-01
7.048755737226741758e-04 1.549695684742025126e-01 9.430697262923840585e-01 9.560592648174818242e-01 8.588093893791037825e-02 5.738182999367755777e-01 9.520932594632687263e-01
1.198705415372313121e-01 5.748192926903963329e-01 8.847195212677007037e-01 3.263988329690079571e-01 8.098996522973178624e-01 1.267252298925555243e-01 8.402067804424305786e-01
5.560444548012606347e-01 6.963493881029906296e-01 8.182497556503091074e-01 2.171662007520565041e-01 9.048078627142495112e-01 4.510267514086813145e-01 8.033261758260905605e-01
8.578890891626920201e-01 5.545603770190151716e-01 2.808342570022174245e-01 7.726670818777181537e-01 8.497499986299597019e-01 7.174758656590703998e-01 7.007040743455640319e-01
2.486148770252650797e-01 7.469325546448231101e-01 9.300183917459386995e-01 3.116699457558963493e-01 2.244367535733050589e-01 1.725199264860425297e-01 2.408451558894819655e-01
9.190242328817327389e-01 4.640363484725402721e-01 7.187043202363173622e-01 8.194674955588920895e-02 6.119201500870954380e-01 6.942760870640989346e-01 3.078150638330867661e-02
6.745702092721033161e-01 2.996010239541199160e-01 7.986981258733438782e-02 6.561202622171152798e-01 1.332614495927202380e-01 6.206816657536140536e-02 6.658102198711677300e-01
7.078908469465621245e-01 9.899863225736049710e-02 3.000994198742849006e-01 6.973469815037980357e-02 3.968675479750520818e-01 2.670527084200431389e-01 1.120413267232919230e-01
7.641971148144275361e-01 5.065807047736351487e-01 7.629569680172317847e-01 1.975259453043736180e-01 8.045716790855731437e-01 5.930968597979905388e-01 7.028636933662939512e-01
1.253099403516739763e-01 1.597394313162887602e-01 4.962416926578415710e-01 6.470790360739574476e-01 7.131213134427754063e-01 1.448853740969803239e-01 5.079869669771632790e-01
9.398456428805447294e-01 1.802770337910375442e-02 7.518343196433648901e-01 2.565929233625086070e-03 8.053917539261984393e-01 2.990947397099582572e-01 5.631694201516891374e-01
7.166926325580142976e-01 2.129981326052068358e-01 7.804085923069018493e-01 3.492264499400531408e-01 3.309741494634764747e-01 1.466391292766373589e-01 4.799885270674286719e-02
7.349332854553484173e-01 3.525547680994060018e-01 4.681565417349691227e-01 1.004633586390922817e-01 6.858033117353061758e-01 7.854035097821279177e-01 5.678561462786581027e-01
8.523082791603875386e-02 8.847679001783773645e-01 2.841732667887943986e-01 8.106173831010315967e-01 1.058152468439426119e-01 5.198891175077275939e-01 9.783856659100571562e-01
1.686828720996762510e-01 7.196726573756250245e-01 8.473635005133629550e-01 3.401376446238594253e-01 1.199256441185216904e-01 4.125386463204133713e-01 7.940257336008120781e-01
1.131937313306532467e-01 7.868906642230127924e-01 6.683221294556765946e-01 6.409711004323934702e-01 6.706777324712888122e-01 4.425968408725913239e-01 2.460341200315951937e-01
9.948247845702271608e-01 7.781837399197226723e-01 4.602902604953929000e-02 8.126594258392870751e-01 7.580946334568900991e-01 6.454617307749398458e-01 5.191023427989603922e-01
6.471784807004954398e-02 6.741999218979777275e-03 5.078366907344492587e-01 9.801974507780597534e-02 2.885360569683155241e-01 1.823503303880644744e-01 1.735106636009348113e-01
9.402786134306904131e-01 1.939859009011578594e-01 9.266868059120971779e-01 5.397904572296727821e-01 1.929315138487707193e-01 4.791990945743554997e-01 4.682172628626541933e-01
5.144099075840011803e-01 3.952328990294842193e-01 9.063569928317846136e-01 3.086737235704293258e-01 4.103431686820254720e-01 1.382523067791255889e-01 3.033979179017406436e-01
5.392179708021087592e-01 5.584972288375017468e-01 7.624320451560632206e-01 8.192562956310184274e-01 6.296368396819477242e-01 4.252414868847638196e-01 2.395712148697081156e-01
5.501482718925920778e-01 5.195473856376511268e-01 7.848204327012539006e-01 2.594953215277758796e-01 4.801475766965942471e-01 2.048023182776880224e-01 5.293253324905854429e-01
8.500335609783760127e-02 2.534358997012662318e-01 1.056508029231379986e-01 5.016775996780975522e-01 8.542980625537530681e-01 1.859863191480060074e-01 9.167306681993611095e-01
6.305817711753652910e-01 4.185645464259867277e-01 9.089359690269228631e-01 2.189984170515107964e-01 1.985764850097506695e-01 2.339889338435658939e-01 2.635540583335825859e-01
4.753576262024857835e-01 3.430837885689387301e-01 3.374871568775094088e-01 7.080868295527436018e-01 3.236042977066255766e-01 6.601627628107121781e-01 2.733173820302503554e-01
6.586217859135490293e-02 5.712123311165896444e-01 6.362313936913277512e-02 8.921722151838823445e-01 2.628520256849335990e-01 9.113268922147721440e-02 7.362664406333462308e-01
1.647601132716176586e-01 2.374192201431597482e-01 7.052086540351931720e-02 5.229720831131214887e-01 4.998498978036969298e-02 9.379452013328760662e-01 4.642957134747194292e-02
9.740214969271263623e-01 6.760321913755458212e-01 9.166924181510949232e-02 8.892808985367595120e-03 9.570822527972301375e-01 5.761024229054383383e-01 3.074712813062296934e-01
9.295275037160156684e-01 3.385788780904238626e-01 8.292434533535824048e-01 2.740391348240034386e-02 8.952446500038948596e-01 3.172661118326450813e-01 7.844871704585244521e-01
6.425174762473062628e-02 9.507364907538591314e-01 2.913762429885262684e-01 4.364209323579254507e-01 5.692679230813280089e-01 5.720891699773089645e-01 6.383683335306090667e-01
1.724050828183627537e-01 3.948701724800967039e-01 1.902674949952175565e-01 3.562027195257225776e-01 5.537979032035111882e-02 8.100268042515230693e-01 8.449929121491858153e-01
9.669181053891351407e-02 4.721042359959048973e-02 8.597502083876382706e-01 7.316904588786155017e-01 3.493857439618089922e-01 1.778466240182097202e-01 9.347509392153956487e-01
6.900515301593551643e-01 5.101286918404397408e-01 6.105066373015616277e-01 6.798400117879211946e-01 4.880895373419235073e-01 9.120906733954441403e-01 5.878166990350528476e-01
4.855009899671760554e-01 7.175236190039441242e-01 1.140635857841229006e-01 1.489565295163952641e-01 8.783665456354314838e-01 8.237965300825622617e-02 7.056201928082328489e-01
5.184769840715064415e-02 8.877287677589011938e-01 7.514893495136153456e-01 5.358462075185946860e-01 7.157575884838205393e-01 7.228585518010474109e-01 8.949532221676514965e-01
1.005822814569812262e-02 1.159771231998337759e-01 4.535209769100636557e-01 6.685360172069830798e-01 4.254213955370186317e-01 1.021315012182416604e-01 9.417984392536984384e-01
7.222177877437657711e-01 5.191766711316976313e-01 9.968908942658712968e-01 9.821123016884014678e-02 3.536073181372028085e-01 4.693403662791503228e-01 3.700262697420581004e-01
9.011481467279931490e-01 7.095921749645617282e-01 7.017412039882021668e-01 6.565011539538245788e-01 6.463418817330882638e-01 1.536442732368359376e-02 4.072104780560870108e-02
5.808791555506775950e-01 6.335684781492855189e-01 9.632669233522290764e-01 3.773054217482563200e-01 7.204625027725313213e-01 1.630262526379627763e-01 4.510840264405205913e-01
2.768483029326361811e-01 5.441118205755075543e-01 8.496041651135024519e-01 1.315298445052073273e-01 5.615988212298927973e-02 6.086857648930639186e-01 2.025459408976237885e-01
8.204205508950996872e-01 1.641007703593483358e-01 1.878479896589581033e-01 5.967858501986489372e-01 7.360464550272909356e-01 6.151985761480573967e-01 2.237804144092910841e-01
7.690330953772820388e-01 6.254898384583478244e-01 7.029736313266599090e-01 5.993538327595631099e-01 2.939905493855006213e-01 1.207710447726110248e-01 5.530566396293321585e-01
4.636611954832702276e-01 9.738734082369315814e-02 2.951254990200132822e-01 3.671039141131686723e-01 2.666276631571107281e-02 9.918593194263987112e-01 9.911483508815986943e-01
4.609973800314461911e-01 9.965501400884355654e-01 5.664446868346728614e-02 1.668028901947740117e-01 1.887188519199745063e-02 4.724706043336379668e-02 3.110822771649146556e-02
9.279100179559273132e-01 7.954720403002428775e-01 4.675509209363359897e-02 8.387986767260270371e-01 8.773090386835153964e-01 7.045081552423837490e-02 6.928470607522412283e-01
8.466035571968748563e-01 3.554569895476921149e-01 9.418071449709607412e-01 7.272046237111051692e-01 3.792203995489475954e-01 8.991803144788446112e-01 6.231863031534338182e-01
5.390495635533716356e-01 7.864488905096176374e-01 8.184104786687795841e-01 5.183596891707692444e-01 2.152834398163027130e-01 7.358359733006890613e-01 4.792043226447859627e-01
7.203704468971894315e-03 3.925960385713077594e-01 2.790749708379735017e-01 4.835948369198126429e-01 7.383070588664863987e-02 9.315700653939538167e-01 4.544437943834677140e-01
2.830338768998345023e-01 4.917866392895298144e-02 4.331945610377674338e-01 7.883368257742272567e-01 1.928631400710493216e-01 3.857293916717627891e-01 3.079978853511958770e-01
7.022728480841109455e-01 5.412234374333118048e-01 1.756711498277849781e-01 6.825659338913103724e-01 7.453511337786168367e-01 8.071354706971646253e-01 4.071796239054938926e-01
2.195148964448693230e-01 7.898497121176826230e-01 9.019770278433369981e-01 1.412560470143587876e-01 3.376834719912674698e-01 5.100530758446519819e-01 9.125539457559235235e-01
1.085197990049469041e-04 5.115146840459019462e-01 9.144482165425750209e-01 9.221790866686396804e-01 8.732187899351760985e-01 6.885996445752686768e-01 1.991721988774641794e-02
9.709634537207962879e-01 3.650107919475953366e-01 7.529690104243671467e-01 9.689570660049016126e-01 3.560255806819997426e-01 7.355787775085129709e-01 6.850495421394356965e-01
3.871385003644367551e-01 1.070576682730445262e-01 4.645899294711479666e-01 5.609409916826209042e-01 1.429309213328822104e-01 8.743572669971974021e-01 7.469195746059748009e-01
5.059924732135503422e-01 1.452877930171424525e-01 2.290073022887617604e-02 5.926133831221475079e-01 7.440745081743470601e-01 8.023795554758983428e-01 3.296399788144307452e-01
9.243774770449163514e-01 7.415569087189699538e-01 5.511732100485939867e-01 9.813048824647827573e-01 2.331359106289532246e-01 2.021909815010881628e-01 9.985829499974885337e-01
8.339062003032017278e-01 4.883492912294675747e-01 2.998018481930542212e-02 7.031284053290272062e-01 6.776214454897699913e-01 6.995315100355137261e-02 6.339403441915093529e-01
5.341514068817790895e-01 8.375630628103812869e-01 7.078091324750598323e-01 3.920160920798010373e-01 3.321803901149315008e-01 4.237394603765196610e-01 2.164134601940929103e-01
5.509667936741783345e-01 9.620885323218638652e-01 1.746102662466841871e-01 1.496313069263981443e-01 7.688564871861116590e-01 8.180345272059179607e-01 2.002518376319369908e-01
3.134194029508754475e-01 2.607881704960435254e-01 7.742843428078409751e-01 8.535085680801397512e-01 3.255373423971460456e-01 2.343525707495299759e-01 3.735009643160820403e-01
5.130945900786195724e-01 2.903630086664893417e-01 8.205992747566792644e-01 3.100730081254091663e-01 1.058798155274609520e-02 9.071268162973415983e-01 8.913995438051562914e-01
9.138189260419427029e-02 9.728177668644161225e-01 3.762000351893650674e-01 4.474203253364001931e-01 4.830661032655885201e-01 4.839555621210821501e-01 9.980339873084725921e-01
9.274149218283732621e-01 8.962123316334840162e-01 9.557866295733902229e-01 5.521583002146198682e-01 6.135750303184318577e-01 7.504215770735253033e-01 2.070122067161829227e-01
2.696229113369936758e-01 7.197719563545613708e-01 5.726561850462108527e-02 1.946118118727974133e-01 9.731912273715298545e-01 2.332141848808549911e-01 1.781487673842734321e-01
9.042299128479048820e-01 7.050973956469691606e-01 2.274353646870262979e-01 8.920352146891546985e-01 5.440800395167590953e-01 7.645072594859092519e-01 9.044929880611531914e-01
5.942302426672726456e-01 6.134586448978165407e-01 2.599848979613643696e-01 3.528770589373252387e-01 1.133113363483067015e-01 5.951207775693633240e-01 3.377087759627002139e-01
5.584340635099095396e-01 3.427260452677606262e-01 7.680567631459360722e-01 1.317111032627082956e-01 5.893132594787737766e-01 4.579854079039158421e-02 5.435835490211917698e-01
8.523980049056074648e-01 4.514062752627979735e-01 9.841833005482599761e-01 3.031195062189488976e-01 1.775081885433400508e-01 4.505174047380855473e-01 9.425239261082349884e-01
9.981056569980302218e-01 6.764122954569364854e-01 6.302698257101185808e-01 1.176702024513994749e-01 3.442307714555093989e-01 5.561975374067510414e-01 5.577104607823779592e-01
1.182937945545963210e-01 6.073483005610551544e-01 4.980896474632325877e-01 7.147378695707201635e-01 1.205504883743533373e-01 8.105683056365742267e-02 7.614254554499311212e-02
6.960496370939656119e-01 6.179313464939650835e-02 2.777229922209587532e-01 2.305099270903179232e-01 8.859501915092105051e-03 8.138459982101502455e-01 1.875321909286777888e-01
5.912117516856153498e-01 1.923352613266871014e-01 5.426667557720840085e-01 4.455751267884822120e-02 5.405714162900175923e-01 7.801351266151148600e-01 9.188534520907909453e-01
4.713266361802348481e-02 8.481334420721980960e-01 8.971177325339376729e-01 4.101664271253433469e-01 9.474113822295676668e-01 8.342520857382420552e-01 8.052513311690174813e-01
9.996267089757063795e-01 3.340512139130380476e-02 4.284656480289564806e-01 1.695495613446543759e-01 7.838775910407669301e-02 5.307600714979732182e-02 4.252535958325768251e-01
5.298335112715704120e-01 1.349113854350050268e-01 1.112235957869578407e-03 7.340769393207710047e-01 4.999851811396248680e-01 7.215581748156933983e-01 2.040799770803510826e-01
5.311919862322574959e-01 8.643231344733482979e-01 9.968906231238494620e-01 5.306288365880788005e-01 9.138014524177475728e-01 7.252234087669148233e-01 5.562436597647346659e-02
5.269201920874122536e-01 2.065083344572680168e-01 1.439523918857460449e-01 5.408103446236748324e-01 6.296410220654069523e-01 2.723292282447545842e-01 6.814888471211834053e-01
6.663162075758796155e-01 9.884626483954651599e-01 3.935729945931195628e-01 6.085396268656322327e-01 6.478410305317593432e-01 9.646946127957691797e-01 9.029758564482293082e-01
9.587102218936014442e-01 5.386565660978993586e-01 4.514419164199404699e-01 6.759793398575955070e-01 4.752857863957963280e-01 7.482379225702047165e-01 8.351824694012320860e-01
5.822029090710690857e-01 1.802029735704657742e-01 1.548041276158762525e-02 8.906455521084897242e-01 3.311876802532968123e-01 6.014906657597812734e-01 8.937868388611664994e-01
7.315519999844600774e-01 4.330605909492413197e-01 2.705119569979118621e-01 6.562054672351158580e-03 5.616077637177960824e-01 6.324866268942080927e-01 9.326855264336249007e-01
3.383751666819920789e-01 3.889370283311281984e-01 6.579068931539505671e-01 3.719360841335817014e-02 5.065430694341099827e-01 8.083334006298737995e-01 5.552490677478549852e-02
4.342553267559258190e-01 2.959807881960737630e-01 3.617433729222003791e-01 9.153693270794146519e-01 8.202958427394081431e-01 4.001601562216188235e-01 9.390000303771969259e-01
