3.584428129430903276e-01 6.251755589107178546e-01 4.522883216651085725e-01 5.432659072820139601e-01 6.280841219664029529e-01 2.840901942450948514e-01 2.620881800350307600e-01
8.581252859141845768e-01 2.996471928337015589e-01 1.190325914549903441e-01 5.273262180234763452e-01 7.159233691659000476e-01 2.587819458150552032e-01 4.517419956724915142e-01
2.009253039769318683e-01 8.938912927598551272e-01 6.523122498331763719e-01 4.253739990104026258e-01 8.665046654438663953e-01 9.749938174473810060e-01 7.100337524094811892e-01
1.318225983433922721e-01 8.308966537657960227e-01 6.733210366610474784e-01 2.587792483942809030e-01 7.653965167015996940e-01 6.926307225746547447e-01 3.021797738610612072e-01
4.379957433869209327e-01 8.924502667887451723e-01 3.944853053793471176e-01 1.349596314632406369e-02 1.568759927485102734e-01 8.983224591764078504e-01 2.532166967077316144e-01
7.421183814563391268e-01 1.194288372796381559e-02 5.485294029702766361e-01 5.937741177720522456e-01 7.759285811969037772e-01 3.155001840444522365e-01 2.154453557137604447e-01
7.803184739630840694e-01 1.878878443166479562e-01 5.998994860635370463e-01 2.923580994369745500e-01 7.230722260309822014e-01 7.486615400293432643e-01 1.640228914940515814e-01
3.120655946748825960e-01 8.015933439828444307e-01 6.039446304623156125e-01 7.193199866290775901e-01 1.877526969370822973e-01 6.896729485297986573e-01 1.754032236491299690e-01
1.841853196897536016e-02 3.599855854989764126e-01 7.309653906213746666e-01 4.554197857745123645e-02 6.043067134579546140e-01 8.247669454093277119e-01 7.512190138606389400e-02
1.082977272823258952e-01 5.493245656887779660e-01 4.738194519856838705e-01 4.037730379907336076e-01 8.864871302696953892e-01 2.973976492876664324e-01 7.678846938272771983e-01
3.999327198924402804e-01 3.223723122595579804e-01 1.979761395917556399e-02 2.432000579060300538e-01 4.006544184579149404e-01 4.545457656724222195e-01 4.862524711530675781e-01
3.439505892831291600e-01 9.855775965980917430e-02 6.052202651909085462e-01 6.730319701243907549e-01 9.236498871973767288e-01 5.952702059971171078e-02 8.971341113782431709e-01
8.918220021935673314e-01 2.214959621083223418e-01 6.820579485622420002e-01 5.674433595010803799e-01 6.154400898626208871e-01 4.458665820559256643e-01 3.124480064191036410e-01
8.874323077980306174e-02 4.318565911448315475e-01 3.065820743530398573e-01 7.622825149781100595e-01 9.663095973531815597e-01 3.942033793413439735e-01 5.076563417619843754e-01
8.004616839759237656e-01 4.657993886490322533e-01 9.570693551394582332e-02 4.177514014737093717e-02 6.284937332250749575e-01 8.268927036806386077e-01 8.674277955161422415e-01
9.949539412972108199e-02 1.267922209620385710e-01 7.543058917804327246e-01 9.201778577200562248e-01 2.055961798100983673e-01 9.913997846637436773e-01 9.674656147287880037e-01
3.751035765359066465e-01 5.676813534206127665e-01 5.182676034236920470e-01 5.568150076484033040e-01 2.639249243427573832e-01 9.160495493778699760e-01 3.379855273401977112e-02
3.681248025455798878e-01 4.120392743061054297e-01 5.502077528906190729e-03 2.937580387710068131e-01 6.863955260335783404e-01 2.599619252741717235e-01 6.637175983108429822e-01
2.568162989437636767e-01 7.340756817280305047e-01 5.366787105009440673e-01 2.550610376742201701e-03 8.516323596755199787e-01 9.752927745643367174e-01 4.743653366451804354e-01
1.346250385603667832e-01 7.291402434492931794e-01 6.725445476918322507e-01 8.804147041863378265e-01 5.120448728440134545e-01 2.007703327374341651e-01 4.778224160430769585e-01
5.954622631438802882e-01 2.642952011411973112e-01 3.734460181884479146e-01 6.157369092616424844e-01 9.000176089238656196e-01 8.683271048498938383e-01 4.482953430508693771e-01
4.406496359438283328e-01 1.790430624119007108e-01 3.783109361935513837e-01 7.858095405294718283e-02 2.721114046210325599e-01 5.359036495138829181e-01 6.402811242586229357e-01
9.411032542225135078e-01 5.061178376832164982e-01 3.830959467116800132e-01 9.491989823981361596e-01 5.948455245276176306e-01 7.686641074682944996e-01 3.842450204287962690e-01
7.274584632726188715e-01 1.704234585338035846e-01 8.188880001031811906e-01 4.342331408057054087e-02 4.756234985349939715e-01 8.838928122170871537e-01 7.046543975145214134e-02
7.587291050845620388e-01 9.362593611162375318e-01 8.838086309581995037e-01 2.973591608119762197e-01 6.926962445403893609e-01 4.427588011032770332e-01 2.198042515729391466e-01
2.354698893188975628e-01 3.008646473289185996e-01 5.151325940607753839e-01 9.934633718717345019e-02 9.996447468364444422e-02 7.994852075576075467e-02 9.720266494066254204e-02
6.340678132668621236e-01 8.317350453082276163e-01 4.530665702618171808e-01 3.621831879350587702e-01 4.964666406194221393e-01 9.670931255839876339e-01 3.290371693300402356e-01
5.220834152470950063e-01 3.958120090330141672e-01 4.359408435484439792e-01 8.452576468193628845e-02 2.309849098639871201e-02 6.685780142487592892e-01 7.433034527286181969e-01
1.977813000692729695e-01 2.256388279489106585e-01 5.816753073030084265e-01 3.623081660929694525e-01 6.032819353905356508e-01 3.503181847841511098e-01 9.270908330691863819e-01
6.255501703051776774e-01 8.157660646261376547e-01 3.784613977339355007e-01 7.852141357429265334e-02 5.407452163693018399e-01 4.599121750654356910e-01 6.764821818033719403e-01
3.805247222422362130e-01 7.735697708244307913e-01 5.177858642509951537e-01 9.443493122721282607e-01 2.646536311080529558e-01 5.991270332272441435e-01 1.132447234052801344e-01
2.142547135554160320e-01 2.808605174276719296e-01 4.266558911205120541e-02 9.509842401082254648e-01 4.509200493573838342e-01 8.405063661451305235e-01 7.881132900092471250e-01
9.846713286584103386e-01 8.374587732485624381e-01 7.358591347700892404e-01 6.253779388869065148e-01 3.053193589359269877e-01 2.692995619964755338e-02 7.651469917873439108e-01
5.760830948233781612e-01 3.425335436725427396e-01 2.299610589149468920e-01 3.418476135491861356e-01 2.780957251732878444e-01 3.352038951495438512e-01 5.366254069436020568e-01
5.003870130104696168e-01 6.442047365364667044e-02 2.046609538746972934e-01 3.390786800455775074e-01 9.004184588817120138e-01 9.157182328177304598e-03 8.607949959528826689e-01
7.224328655008173117e-01 7.208583714125570419e-01 2.577291091850603122e-01 6.789486050896276215e-02 5.911229354711198258e-01 4.595694253934849982e-01 2.189972509134469059e-01
7.679353425563107960e-01 2.545366748870743212e-01 6.455468309645420177e-01 7.046180446478663706e-01 2.603023752993689488e-01 3.938655886547005602e-01 6.336834991437055864e-01
8.530952599216454768e-01 4.836317573330222164e-01 8.761377394710840871e-01 9.252676651331719349e-01 7.406840523961125689e-01 9.015294192911510462e-01 8.829611996080393155e-01
2.532096079466477079e-01 6.401751986434529584e-01 5.611764442600896130e-01 1.549004361680946795e-01 9.977772476135209345e-01 7.882071325242043791e-01 4.241708553680355598e-01
4.752718198056964383e-01 1.553969226263409720e-01 9.851179508157571485e-01 1.731355002071300886e-01 3.835377763294700593e-02 4.429496731863579173e-01 5.896148017918875217e-01
3.035315930011776020e-01 1.837591960048133854e-01 9.592638776158723957e-01 5.719718983072910046e-01 6.905854419030645897e-01 1.427993048511561058e-01 5.821977813802625690e-02
1.904802990456093692e-01 9.203165983162566732e-01 9.418526103399571525e-01 3.824442404781990268e-01 3.238423242493514431e-01 2.564164990811522715e-01 6.705830125626650595e-01
5.466933777176554710e-01 7.599610819927039573e-01 5.525690272825067861e-02 2.018689822046823013e-01 8.735218054354586537e-01 3.681458671092949775e-01 2.658455901823557621e-01
6.540587865062231776e-01 2.242565321480110008e-01 8.606149028172247473e-01 1.069276990308716258e-01 5.730268305466101886e-01 5.607395009832503163e-01 2.742521662317031206e-01
7.828878522690705388e-01 3.536910280650098493e-01 9.513032750547985028e-01 9.327583788713050827e-01 3.193602424942741935e-01 2.022031135430921722e-01 5.382005850479507636e-01
7.257935590034620965e-01 7.442209282845844154e-01 4.887266725341909979e-01 2.842824692965983946e-02 4.339244342142121180e-01 8.285133787804987993e-01 3.052398591390514948e-02
8.179138477956087172e-01 1.942184866206707605e-01 9.002027532361889239e-02 9.396649945883979171e-01 3.804367115729949678e-01 7.762520064745017656e-01 7.611016882904982905e-01
8.502842538794302962e-01 1.264933550605380486e-01 9.190466053876344965e-01 2.407537970993135490e-01 5.318521553823811754e-01 5.934857336105181513e-01 8.584420095232239145e-01
7.523554098351714625e-01 8.020883957325237734e-01 8.841244198101250173e-02 3.302815949986047661e-01 5.937808338774593908e-01 1.802379391873525361e-01 5.609422359057436580e-02
1.938307593569394971e-01 3.963337034206375620e-01 8.547569557393177586e-01 7.004210336580207752e-02 5.717661898820367572e-01 7.878367013057490098e-01 7.238851839858573278e-02
5.422324190524422383e-01 1.869675505440654417e-01 5.917649010406514920e-01 9.555133197105524223e-01 1.867574289487191619e-01 4.325658679751093194e-01 8.560049145575177043e-03
1.258430943327485396e-01 5.259062203504135669e-01 3.394380843283352212e-01 4.344878286859163996e-01 4.017308928681210256e-01 8.617250587198266309e-02 7.848859752206180929e-01
2.317045828931323381e-01 8.499614593900709503e-01 8.836610063420682337e-01 1.290460898460443762e-02 7.803907189916073905e-01 2.511634011596525218e-01 7.585280388273905050e-01
4.254059052145818809e-01 3.536256637885529797e-01 7.611733865983429936e-01 7.420363004899812598e-01 4.417896914054117996e-01 7.626687923299120264e-01 1.758672993301479970e-01
4.928252589137227524e-01 4.542352165660735741e-01 4.870912303350352079e-01 7.385856690897085741e-02 1.235808076237999709e-01 5.401283285057802974e-01 4.306566892746830355e-01
6.891406510336719471e-01 5.761241914623832505e-01 7.124534883412452224e-01 4.141552079219869009e-01 7.263829480556445173e-01 1.040598649850640323e-01 9.993191648275933092e-01
4.440680650366334303e-01 7.951733491638117712e-01 5.983859720005050287e-01 6.444693852806944179e-01 2.611935353482179867e-01 1.566402502088178883e-01 7.491218644187428444e-01
3.420611904129808867e-01 1.041114147533330758e-01 5.132859001553840006e-01 4.862972080323115787e-01 9.746220024541951688e-03 7.725928229964362792e-02 8.408005933998872194e-01
9.218977377927243255e-01 3.961383880863902363e-01 2.576195392412962137e-01 2.768836970846403345e-01 1.794257934761231965e-01 6.716862256544644527e-01 1.138093325819465873e-01
3.100001733412770522e-01 8.686114364790538112e-01 5.731390749770015614e-02 9.056403042403347037e-01 9.864717624725354295e-01 1.922256770951530358e-01 2.099027541783160533e-02
4.592214643029923771e-02 1.695276858183882851e-01 7.422746422297825664e-01 5.760468476102529323e-01 3.726944413485363539e-01 8.121511952598258199e-01 5.957823740691532421e-01
3.308890696367096096e-01 2.922810167636976653e-01 9.968277649734147428e-02 2.751216950170575215e-01 9.424334462609262886e-01 8.426015132635388261e-01 2.362555145614040342e-01
1.577597622241642128e-01 4.451203361105160461e-03 1.616134933934139095e-01 5.333104179256965560e-01 5.854495410387777765e-01 9.862637423594506902e-01 6.043716871274870117e-01
2.731433476544952166e-01 6.974653825784781214e-01 8.577751643310510543e-01 1.136601997115730400e-01 4.218401068184097769e-01 5.753831841310845796e-01 2.560923814265418930e-01
3.650933003780054698e-01 1.391048561042600440e-01 6.481328163015992461e-01 1.426378680709540214e-01 8.789433949999092555e-02 8.018975672985555470e-01 2.842626888701348387e-01
8.577775410258193789e-01 4.392603362927819388e-01 7.964048572267926618e-01 5.249043454084963978e-01 5.174874222935841317e-01 6.041703231346495784e-01 4.789599649590695618e-01
4.314538568498411664e-01 9.504014608973325728e-01 1.862835546048358104e-01 7.159279627638951427e-01 6.492531552914634352e-01 8.394786316309017504e-01 4.998744621703711255e-01
9.514036292460497091e-01 3.437937159752901817e-01 2.603579341152569837e-01 6.592553748504514921e-02 6.965423687211427239e-01 9.616407682344285668e-03 3.004086941955731449e-01
5.722561072128126147e-01 4.468299151288451787e-01 6.495371552409170413e-01 3.321612376460524318e-01 4.506699906315551063e-01 2.974328614812025151e-01 7.839721826915637681e-01
4.480995488648480407e-01 7.851918877827087639e-01 8.844739553292364498e-01 1.186325092073353682e-01 3.551341223106379008e-01 6.921421095340629659e-01 6.734796251638237585e-01
1.942552889875571731e-01 7.958122489443503200e-01 5.228499080978928903e-01 9.335629820211860386e-01 1.067940151995530051e-01 4.735224949120598881e-01 2.882774549908823092e-01
4.236001909473335880e-01 5.799205725519848142e-01 3.937148227692117697e-01 4.692812932970997775e-01 2.621829879317419953e-01 9.180064475682589986e-01 9.199951774060942666e-01
6.690046032628921280e-01 1.656258297882609032e-01 8.267475185737183097e-02 5.465547316053656068e-01 6.515306985384274885e-01 9.280275104045614398e-01 4.613821434895888363e-01
3.965743061558406612e-01 6.629146082845083221e-01 1.500970491091343506e-01 4.914602143850377303e-02 6.326054436233665701e-01 6.075374939036927158e-01 5.940306909553766390e-01
7.993296411626880094e-01 6.956047614237325094e-01 3.926974310792895606e-01 1.285297460071781472e-01 1.874015111957730850e-01 5.713424390507672035e-01 3.106718291545962352e-03
4.986661581760907236e-01 1.220973470488729840e-01 3.140194899978339116e-01 6.300716409479435454e-01 5.622184126468522392e-01 9.651236583634259514e-02 6.814395747074420973e-01
8.910317239062222061e-01 6.525932509187537534e-03 7.843181124440946617e-01 1.459692661516251988e-01 7.516263522177654144e-01 2.077673123028974667e-01 5.685236314436294958e-01
4.015051521887230690e-01 6.877608084667370392e-01 1.854830659151573968e-02 5.261914167550901800e-01 1.728139359402734998e-01 2.514405610331561514e-01 6.074710172909908446e-01
3.348175197396766611e-01 3.808018611450165736e-01 5.059048491615878440e-01 6.212713091614953109e-01 2.870527655980833481e-01 4.979671058435374276e-01 5.203622938279887089e-01
6.192535971012537166e-01 9.423783591761955014e-01 5.584223854472826210e-01 1.785765889988555344e-01 4.769647238701942848e-01 4.291571679504957437e-01 7.271105109108677578e-02
5.637978400096049780e-01 1.660070033045781823e-01 5.980127461251971699e-02 2.113845120082300522e-01 9.369767064823248948e-01 9.818947062943613746e-01 4.592534757782453791e-01
9.381078141429340933e-01 6.709637603904510250e-01 3.771229432820966121e-01 4.786683351829956745e-02 7.752966515151340499e-01 9.445841736735460792e-03 7.006135818104328727e-01
9.605799665593207637e-01 8.256647513763406554e-01 9.472631034192646737e-01 2.400705313564676091e-01 5.594842913518229821e-01 8.518306291687686160e-01 3.919906448484848926e-01
4.006227279645357964e-02 7.377565115242828986e-01 3.448165232779845102e-01 7.197899190293930438e-01 6.812065066926290546e-01 4.771043377143746600e-01 9.394881562269452591e-02
1.428097326001824818e-01 7.933259256247118252e-01 1.858584587585394576e-01 5.621668810137195882e-01 1.655290714671815433e-01 4.209629954400095908e-02 6.185320923932762227e-01
9.930627542580862110e-01 9.230587472668250193e-03 5.323724233768545311e-02 2.143707863895039090e-01 3.750400739308347164e-01 4.288482619087277126e-01 1.785475591686552788e-01
9.917155186140382828e-01 4.277950215709980242e-03 8.449460447012602238e-01 6.994717652241591033e-01 8.646138746829706845e-01 1.768982644154136752e-01 2.007913224343427228e-02
5.855426664283680527e-02 6.862253747750883814e-01 9.614307196041893544e-01 6.989827547484661618e-01 1.000849293612290358e-01 7.715293300414701738e-01 8.177844954085541351e-01
3.842051549268294952e-01 6.688645563390692717e-01 1.984022361041036797e-01 8.848224082754962971e-01 1.411880268826334328e-01 7.035643670646885006e-01 5.473584683535497319e-01
5.643672591299319086e-01 6.192513621401422030e-01 1.259812892869481837e-01 4.306951125965483573e-01 7.579680185217837485e-01 4.570742651206549656e-01 3.868549936809972944e-01
1.148904141871798235e-01 8.195425768678308298e-01 2.380009029194785075e-01 1.507003699975628663e-02 3.507039988913819295e-01 6.332630210550151961e-01 3.617170141072667544e-02
9.843072491150550718e-01 9.485539965873734936e-01 5.051081116370925717e-01 4.248423006511488076e-01 8.936964457416862739e-01 7.707057902675068517e-01 6.316910399432373868e-02
9.860348911646210635e-02 2.482580732725755412e-01 2.710223038394262707e-01 6.050180172247422439e-01 4.767721856803087688e-01 4.474876683084366702e-01 6.236073195777540601e-01
4.129294378593159065e-01 5.604178058642578231e-01 8.454893511004479834e-02 7.267089530863583002e-01 6.183485594088079518e-01 8.374470777456790582e-01 8.413947684571460028e-01
4.336498105373656209e-01 4.151555976851054597e-01 1.042147912486446337e-02 8.397785689205806703e-01 4.928495914616437545e-02 9.700554289266084540e-01 8.414432833016459723e-01
5.860730081629745847e-01 3.977994587631770163e-01 1.087675894240587304e-01 4.866804132845327091e-01 2.980308194289983392e-01 3.633669217269472895e-01 4.854858787525604402e-01
9.400437163865290602e-01 1.420925457144877058e-01 8.744845990206480124e-01 7.528833075710996692e-01 1.049233210564894936e-01 9.694035635226174730e-01 2.570903294655643156e-01
3.690945959037206237e-02 2.142650047800378488e-01 7.318405463786235021e-01 1.989566990382823919e-01 9.586535573573773394e-02 8.402152559791364883e-01 8.432688397113184964e-01
6.113592223267024783e-01 2.178936483780891109e-02 6.370763338217241278e-01 7.523007137082479145e-01 7.858156928677203501e-01 8.962094649640379718e-01 9.567464843946629216e-01
7.653130289153304844e-01 5.924641761040565502e-01 2.488002065906680382e-01 5.620453679063671659e-01 5.371085206713507310e-01 1.074988230524592803e-01 2.413659713083700087e-01
