2.191531483244927303e-01 4.453189521444813614e-01 3.148468173657649194e-01 1.159947113586037304e-01 8.056659125719090042e-01 1.762070764170593495e-01 6.601889524912291085e-01
8.023955586598482403e-01 1.848732627119469285e-01 6.637027682342026003e-01 2.944801178087503857e-01 1.399231082032493800e-01 3.945931432718158272e-01 5.206063363282523726e-01
5.389200512328802262e-01 8.702441019567727087e-01 3.374452313473288445e-01 5.952904120126140119e-01 2.423416722929095934e-01 3.685353037444594193e-01 7.614541782727076713e-01
3.799454407728088956e-01 1.580286823704746269e-02 7.193993481800442513e-02 5.445878117395097640e-02 1.276449865910627146e-01 1.152111395833500529e-01 4.042360610838710011e-01
8.483007744284720708e-01 3.534510219669880771e-01 3.434643181112827515e-01 4.257274544396667526e-01 5.457519710532350299e-01 6.129084400204715122e-01 1.167462635134545179e-01
2.511304571043930789e-01 1.391024192864883657e-01 8.251810638294987399e-01 9.606616053246676001e-01 9.785350817289056868e-01 4.612877006985885986e-01 9.418002195584360692e-01
1.150577805775521156e-02 6.881135484747586961e-01 4.102071358142911350e-01 5.727263872204284567e-01 1.064086130581123335e-01 3.413692369570546781e-01 6.436183156058442600e-01
2.449879171348341433e-01 1.392322915200874256e-01 1.600352088722863941e-01 5.382263497547614683e-01 5.185212619854259186e-01 4.048224692435747896e-01 1.882692871172850779e-01
6.521653598934786800e-01 4.405920316681443127e-01 1.216917268948456421e-01 2.108755371214436902e-01 3.969974940260490026e-01 4.538432118693025430e-02 7.246623279050651290e-01
5.787307666399350570e-01 1.267300054143085664e-01 5.696796202855805014e-01 1.156962840455503239e-01 9.126185243825222226e-01 2.696854936356704036e-01 5.288512769575328676e-01
4.669397364494664027e-01 1.944819390331874454e-01 7.446453677679657490e-01 9.050118619576421608e-01 4.145573112441338637e-01 3.313979139657197148e-02 4.090116504327494518e-01
5.001220045127074965e-01 9.596784502358224334e-01 3.543138050106229286e-01 1.233744954742517219e-01 4.013313868786630989e-01 7.849182978054036752e-03 6.521783179694058408e-01
5.046357472790515830e-01 9.961377037291858638e-01 7.911210760107222351e-01 6.882841551587935980e-01 6.209716306438715083e-01 9.372936197398111791e-01 5.597621996234701802e-01
1.408402738542673394e-01 7.965760133822346045e-01 3.521760892304446333e-01 9.468487868703350241e-01 2.423624869765640399e-01 2.628828962782016054e-01 3.130733551874507192e-01
2.254074454030030594e-01 9.076058866218639221e-01 8.381015726666218857e-01 7.465902057464358643e-01 4.048765616549137025e-01 9.870401265570865057e-01 1.068936502154149704e-01
5.172680714745625519e-02 1.958955748390022178e-01 7.531127294287054408e-01 6.092339838325795398e-01 5.820930977758214109e-01 6.961456436713722162e-01 8.465781121771736029e-01
3.495663701208556740e-01 7.981736044248819439e-01 3.856993182670157561e-01 2.519749099534990266e-01 9.284338562490150881e-01 8.175284086973004793e-01 6.624147071179579127e-01
5.577292674295445396e-01 5.342444235565798616e-01 4.655273050518148326e-01 4.031288075878525223e-02 4.787126461426493007e-01 5.770024452761245426e-01 3.865365724276487169e-01
3.123828173307298117e-01 8.359785661220834330e-01 7.278190402256738967e-01 5.522434503718872678e-01 1.589620403236692292e-01 6.823486243195832079e-01 4.297998454069800189e-01
8.638573592462429618e-01 9.353897870543121940e-01 4.808980876129645976e-01 6.972148233695295572e-01 8.112878311468925130e-01 1.730096755059736813e-01 5.427113213428439442e-01
2.444093466280583549e-02 6.805784613781519221e-01 9.425327536385857963e-01 3.158951147231511269e-01 3.070250309721986870e-01 6.726314172959193538e-01 3.042177095630699268e-01
6.013722691409798538e-01 7.119023449891722644e-01 5.885627269294704256e-01 3.415598858133853666e-01 9.004261230664474258e-01 6.010095266780695056e-01 2.479551875280334716e-01
7.225173762338484851e-01 7.046821054448864086e-01 2.291490031117168202e-01 9.248054177877512716e-01 2.931213129776399917e-01 6.118088034105808592e-01 8.768013037439864599e-01
9.227973834113452067e-01 4.913447664944790017e-01 8.680080095919037175e-01 3.475181052672682291e-02 8.723790257858802244e-01 2.467326630779319574e-01 9.530679803988332255e-01
2.324726357981179437e-01 3.376621701392024111e-01 3.361803590528167351e-02 8.259957706394923660e-01 2.015526976086982058e-01 1.079132718090010101e-01 1.883078067747506745e-01
8.889578892515668240e-01 1.324362022430615182e-01 6.384308437272039338e-01 6.738653264571112800e-01 1.568181585684048640e-01 4.567977294853096115e-01 6.967367407728075612e-03
2.456282080594266448e-01 2.434699924500461909e-01 9.508667535221115852e-02 8.808906310554626140e-01 6.944494104074320218e-01 1.877556175777563841e-01 2.247316134358233741e-01
5.216498810002063724e-01 6.692625817810204936e-01 1.291283916071891413e-01 7.224506728174523440e-01 8.874693333960541608e-01 4.604991607279568244e-01 4.471182061546331576e-01
1.545500531044721182e-01 5.068622201995325316e-01 8.253854887080680491e-02 7.182135495425006066e-01 7.725601707659741635e-01 3.835338968904218326e-01 8.267723043950819806e-01
6.573225743829558265e-02 4.589587055418210548e-01 9.264281431891276952e-01 7.389819473997492061e-01 7.534243235322639620e-01 6.669611785040641116e-01 4.687275491232267832e-02
8.409035710451191470e-01 7.476692315280137890e-01 6.450909283496849556e-01 3.311383696671742483e-01 5.872316814006852681e-01 7.168984493796195512e-01 9.344454253768640362e-01
7.986499584307196198e-01 9.040518006683806451e-01 1.580697409087666871e-01 6.179646412899801877e-01 8.007156608536174502e-01 2.894274316287337445e-01 1.025555870865969554e-01
7.189814400411908002e-01 9.279924391928724425e-01 7.452581146411224600e-01 4.615319926847651910e-01 6.535091783681666877e-01 4.006740745474888232e-01 6.155185175938798769e-01
2.902398025483137189e-01 3.863830708531317271e-01 9.575645832054513473e-01 9.973904391127813573e-01 3.587112884603309571e-01 3.150103419094373303e-01 5.726429098856505862e-01
1.530555213939477355e-02 6.440396615343879638e-02 2.406439901182073626e-01 2.827167863255540814e-01 4.221157497304122153e-01 6.301862327036642508e-01 8.631568593827422253e-01
5.837306172111011993e-01 2.280990215739420179e-01 4.126161065759126334e-02 5.965786303506901422e-01 5.801426238945375236e-01 1.106339928035634523e-01 5.771315144846900225e-02
9.615401801068418353e-01 7.059345802391893132e-01 1.289582004290321660e-01 4.081412493473677294e-01 2.456010086943984927e-01 1.844611988432143246e-01 6.710838894762471973e-01
1.486706829283661602e-01 1.589099096535596667e-01 6.436298813919850703e-01 6.325136886373539102e-02 6.990296987491878555e-01 1.255239401962534584e-01 7.596888924071942828e-01
1.150048428903315267e-01 2.057900201485466374e-01 2.355288528270710335e-01 4.129088274198093877e-01 8.576412186850660424e-01 5.971611726554471034e-02 6.182005057852486551e-01
6.665697658852673957e-01 1.748261113660485311e-01 8.907292464628890905e-01 4.097786204987574621e-01 1.498718995715442315e-01 7.527217061465614201e-01 5.650048010817355637e-01
6.255114703742854498e-01 7.941740824210987704e-01 4.491335539256425813e-01 3.772523943389058942e-01 1.301394142902502216e-01 2.135954897353764537e-02 5.976850760331491319e-01
6.925175501928556576e-01 8.056012474201891260e-01 5.180909635908605981e-01 7.636256445650979607e-01 9.055715615414852149e-01 1.654634666612457838e-01 5.282150953333026866e-01
1.592539830547468060e-01 7.030315663604624898e-01 3.054030283420172687e-02 3.981054635937693043e-01 9.986117182162865813e-01 3.807792402438499035e-01 2.256706444657160526e-01
6.818839991025985592e-01 4.237291001096625820e-01 3.972285836217732680e-01 4.720374960938854558e-01 6.036711155835527975e-02 8.080842585559404601e-01 3.610727793171407685e-01
5.465373425024189213e-02 4.800853653430849910e-01 4.743050658261760422e-02 8.123552005370867635e-01 6.358241300458644663e-02 2.589027761464264277e-01 3.382346416775600106e-01
4.831285865989745076e-01 2.863843809430199894e-01 9.662383981866055072e-01 6.177420961410479139e-01 3.441173379207573824e-02 4.342534378358204883e-01 5.153995970978879626e-01
3.699580679232057356e-01 7.177415378102879329e-01 9.415608200689763452e-01 1.324362514408349289e-01 4.075271016854812300e-01 2.311108129172878556e-01 9.234986884036611166e-01
6.363461142024668948e-01 2.443819013389891825e-02 9.097896825873935667e-01 6.952347673057557298e-02 9.633596312637888737e-01 5.760899581283955850e-01 9.444289889246445524e-01
9.750860433189479926e-01 7.419191026764851982e-01 8.274514843406933773e-01 5.994410649015783354e-01 5.172913592924598403e-01 6.691299702164088536e-01 8.399812008406817299e-01
2.678540034563345884e-01 4.063898543246404760e-01 8.038961404906131980e-01 5.377888755020028277e-01 8.307723109866987921e-01 6.288285180992780887e-02 9.992884981248364440e-01
1.521590477190365442e-01 5.978311263512007256e-01 7.861265164229396252e-01 2.825481249726488064e-01 6.200737964616533926e-01 4.538908020231293694e-01 1.050783753806975307e-01
9.013170358151902928e-01 5.678007032709486701e-01 6.211957608024624156e-01 4.921101069152299390e-01 3.718543129469198405e-02 6.774584168220624258e-01 8.272745669530344736e-01
1.179626876615109676e-01 9.906996104640257705e-01 9.509893879059174715e-01 9.595036138948103144e-01 6.796081066456753916e-01 5.101852178818665484e-01 1.438548837305336781e-01
7.648260923246821275e-01 9.226195962853203092e-01 7.863986484220274464e-01 9.884617079659558936e-01 3.963556951985420795e-01 7.553909228388655528e-02 3.615466776556436335e-01
3.656190383398224553e-01 6.016494513909017572e-01 8.834143431595898877e-01 8.747070566566581551e-01 3.966201899305308309e-01 2.701384611540625924e-01 6.368050261372937282e-01
8.475509272846077913e-01 9.237803444902731309e-01 8.493113487655984395e-01 9.859818085035619850e-01 3.634031286500555291e-01 9.417330504624438214e-01 4.257467223779267673e-01
9.741171880857716348e-01 1.972630881812055259e-01 2.778103961432162317e-01 3.141464276173350223e-01 2.701652209897528190e-01 4.280847266365754855e-01 7.005683001789138054e-01
1.445905809715922752e-01 5.993024498454925242e-01 1.407462377544248522e-01 8.867707421898856079e-01 8.350858966373735370e-01 3.034863929316655717e-01 4.514816271501196354e-01
7.932517942966300639e-01 4.751498659089170573e-02 3.792291306319537370e-01 8.343998012665906350e-01 2.285057333323715634e-01 6.869263603134840857e-01 1.128615117322350203e-01
4.567342714770972201e-02 5.864694870899161971e-01 7.581338953191933960e-01 4.459840418413589802e-01 7.687776587699123310e-01 1.176877334232531158e-01 7.755556838434182199e-01
4.669491908668490510e-01 8.454875569226452114e-01 5.635692368753073556e-01 5.731969898251965123e-02 1.535454916515252011e-01 1.735497574062823123e-01 2.196949781875464636e-01
4.719310258698139471e-02 4.203053643665876082e-01 6.054618354300539407e-01 5.810074471740547253e-01 3.447608875877107293e-01 2.769218083280189369e-02 5.488772508155657093e-01
1.332544562071861227e-01 7.693300130825342364e-01 4.929104897983410671e-01 2.164735174700846976e-01 5.917261159932505343e-01 4.123120062668192976e-01 3.545496401580769952e-01
6.842811481579277322e-01 9.806571446116736368e-01 4.217915723805013561e-01 2.097236235678393568e-01 7.380447454301115595e-01 8.601986577687004143e-01 8.997056482617793449e-01
2.969838716176604887e-01 2.690315167553025688e-02 1.792337007630262491e-03 9.100518431403457065e-01 1.279606180274328597e-02 5.169219750636886435e-01 3.863969223441837686e-01
4.014711799066414954e-01 6.080979269700832468e-01 2.635024078082096599e-01 3.959909818473826837e-01 3.923603298711934029e-01 6.432823548423791671e-01 1.355084419451499933e-01
5.116448706852988471e-01 5.922578871933245059e-01 5.244088581331960430e-01 7.287051949832767939e-02 4.523984225330368592e-01 4.730916648177407868e-01 3.759953674178252436e-01
8.070620302192887952e-02 1.471154799174742012e-01 5.485173698636340855e-01 4.029079658680856380e-01 7.833766191587696603e-01 3.451259717740885469e-01 3.777738098407782408e-01
8.116697129083506601e-01 7.504604362539895046e-01 1.743387821792604653e-01 3.484742767164137334e-01 1.814016468467047893e-01 7.204983589610957084e-01 2.592709242830998351e-01
8.566738933761307573e-01 8.441919678580580566e-01 5.605494546590172877e-01 6.623371470694745522e-01 7.568673619619400439e-01 2.647347076750324879e-01 3.126348999382968508e-01
8.527312687750968623e-01 1.168731051231962637e-01 9.631587798298302250e-01 7.050165735735111072e-01 5.593468345787705465e-01 1.272760930343652674e-01 2.388448250400194706e-01
4.512809629176667281e-01 3.749257476805963885e-01 4.958221288838881025e-01 4.176498280905590610e-01 7.120401495596824226e-01 2.637759318298260602e-02 4.944080866235808225e-01
2.774930720254098482e-01 6.974931495812023430e-01 2.494585554347472645e-02 6.477611687119971817e-01 5.748165088157356495e-01 3.896536953217182297e-01 2.503490990132961613e-02
4.825162831950309261e-01 9.874980687005163738e-02 5.674044659088081088e-01 1.550670498702229061e-01 9.397665567643637141e-01 1.046847330613802640e-01 3.172409289907196506e-02
9.648837187727756781e-01 7.566247872644075168e-01 5.119558692109866804e-01 1.807915730086026018e-01 1.642666961660991243e-01 5.156526451951363166e-01 8.640540515558773338e-01
2.139735647619256387e-01 5.300220914853541743e-01 2.311701341487332195e-01 9.788948328860622716e-01 2.311300706098162738e-02 8.979406165210468416e-01 7.445668654246633267e-01
9.872421592268522117e-01 7.504307735328934470e-01 2.721734590213522598e-01 1.379820363988825127e-01 1.803016677000632839e-01 9.157641722733967926e-01 9.719092401165326800e-01
7.117418908980792658e-01 4.082020454313060043e-01 2.443922115323562405e-01 3.515617750603731162e-01 5.257110698116973513e-01 9.105370185602987831e-01 9.507632823031074709e-01
6.676426842846516774e-01 1.672421719416291586e-01 2.498606248275146990e-01 7.170670209320834099e-01 1.998043408006030530e-01 5.754543379808322312e-01 6.997047344369622390e-02
1.716716418281054590e-01 6.853102790151996970e-01 9.646953016210469967e-01 2.766734200694440649e-01 7.467494536661914983e-01 3.639211334496779138e-01 2.220247362523355417e-01
3.486676230324659009e-01 2.851574346381302583e-01 4.301969661165638836e-02 5.829144682742060102e-02 1.482318041181173163e-01 9.833085384562304521e-01 7.975982557760131764e-01
6.684113836906603323e-01 5.549183025009861714e-01 9.930927933143293140e-01 5.759595709462168589e-01 5.086938860590859424e-01 5.179511748174071561e-01 9.230915753994672901e-02
6.030492200608617015e-01 5.132418874747013415e-01 9.586061329205750603e-01 9.193413644425416642e-01 9.240407002469086528e-02 6.475053491238713654e-02 7.818813961026420678e-01
6.646229174522558791e-01 7.973963152342786742e-01 6.901993940603704525e-01 8.184710614586502286e-01 8.836663436116501957e-01 1.695678825606894424e-02 8.330611931946446669e-01
6.402259342419519550e-01 7.307128130120565945e-02 6.321084680318522775e-02 4.735564930169759990e-01 4.558179437444209725e-02 3.766031218986731766e-01 9.006516753201256886e-01
6.622590143323742184e-01 5.000040850778858514e-01 3.638434705941678837e-01 3.411469106935598461e-01 1.263617468831634838e-02 4.727303017987734002e-01 7.629440653520482840e-01
5.466685167802781686e-01 7.837228352357527017e-01 1.129138095540996867e-01 6.382539184737884286e-01 7.553324569915804698e-01 3.649532204407032188e-01 8.478518236723792123e-01
7.390575481563402827e-01 4.133168375668819783e-01 2.173945772562499990e-01 8.426893135371151811e-01 9.045168958475469090e-02 6.332690880836709946e-01 2.203358218743838304e-01
6.012962413165927611e-01 9.105786106276635428e-01 5.487961317660527971e-02 8.383097985665444174e-02 4.665925742085124117e-01 6.375805777866003776e-01 1.161113925133532288e-01
4.431954527851430514e-01 2.777132431417754788e-01 9.355523851472842267e-01 6.925912744944444643e-01 3.072831811341216746e-01 4.082085470662877302e-01 7.576482011596452626e-01
4.919372351004669408e-02 4.514807255651281936e-01 1.571927426391150906e-01 5.560353393625481200e-01 6.992702427128302256e-01 7.178626027846169988e-01 1.306964723570203102e-01
3.016001150523697216e-01 6.979549132412210533e-01 4.313889477625828528e-01 3.843242406765556840e-02 2.995141445806648317e-01 8.639918848848208155e-01 5.495995965943031303e-01
5.102401814798374069e-01 3.737327796038438787e-01 4.572197624913414415e-01 1.618726228312211690e-01 7.783127405324374859e-01 9.635851019729336775e-01 7.361588948453069436e-01
7.308870260837705413e-01 1.577594716924792806e-01 2.401120045572113781e-01 8.407804255581619035e-01 9.783071609476180486e-01 8.312481642548078531e-01 2.053949988693798412e-01
6.163495275928612127e-01 6.214547754761146070e-01 7.717808411975152216e-01 9.118878931931446719e-01 8.854423414718930463e-01 1.494752719180862943e-01 9.826055875473108658e-01
6.976052182669031376e-01 1.372913160869302374e-01 8.666756046398795821e-01 8.347519829713411221e-01 1.550681239153350877e-02 4.546504738741050655e-01 5.772560820863070763e-01
3.498079622066745387e-01 7.373436756859056418e-01 7.809915286278306112e-01 2.931821891052212026e-01 7.686662122198184566e-01 6.885048349421833969e-01 3.618932139209886101e-01
7.374528536370852372e-01 3.412506089353972705e-02 9.920999785059995135e-01 5.647207314145519241e-01 3.714114451752323909e-01 2.118520983756397857e-01 1.427035646218660636e-01
6.679835374807707726e-01 9.155420313679273336e-01 9.106473292223098426e-01 7.688331507971922774e-01 8.441123632871683213e-01 7.518986367169600005e-01 7.826881303905969256e-01
9.532870139930379461e-01 7.615855598365828261e-02 1.020377177306708294e-02 3.944906692752644384e-01 3.303648828612772981e-01 1.060318462160249053e-01 8.227032484951520841e-01
