7.096258760115408126e-01 4.508109031968202673e-01 1.587344252691482716e-01 1.638551961973186977e-01 6.819274001268710306e-01 1.773979202309680092e-01 7.110995131465244201e-01
8.626788331917421004e-01 5.829444226394904227e-01 5.837832947551147011e-01 6.731275136180120411e-01 4.022034534252835192e-01 3.283371545063216157e-01 4.112315598409378437e-01
1.966438776298413682e-01 2.359701058663301598e-01 1.159265423283960539e-01 1.653578662262515930e-01 5.212796600597758845e-01 4.846373796899703379e-01 8.154573588804447937e-02
7.630528300094512328e-01 1.755466641195569943e-01 7.860696348296899449e-01 8.242365248983922754e-01 6.638904882550735742e-01 4.866056262361736495e-01 4.306656454748024609e-01
8.928000735414320932e-01 2.252096102228463570e-01 9.184559596781041169e-01 3.471102284885256850e-01 1.818791870631807361e-01 1.194529867028955028e-01 6.405991797325443216e-01
5.951637784300795042e-01 6.082583004111709046e-01 9.196191448382906586e-03 3.419931214306940470e-01 8.935571972192833945e-01 6.836833456982506219e-01 6.499605203513334484e-01
4.169090306637738275e-01 7.301199700301519435e-01 1.602811351160029485e-01 7.417399403459201679e-02 9.485774650450695678e-02 2.595584903159500190e-01 9.168455746427363051e-01
4.952705794301973663e-01 9.996949677042203941e-01 5.827558157766533631e-01 9.314095729200896345e-01 4.719908685033074036e-01 7.915272439086409317e-01 1.304292784035865349e-01
1.070304362521777852e-01 7.737730184522118027e-02 1.917285757913052002e-01 3.566350482341912320e-01 9.122046416443221339e-01 8.222784201564786732e-01 1.702693513403783498e-01
5.188329870545929090e-01 4.324837795692756393e-01 3.902353196516485934e-01 3.899191492314633134e-01 3.442465847945633817e-01 8.503241748633127983e-01 4.077745909259606893e-01
8.196113013132189096e-02 1.916799028218246770e-01 3.206296287751078111e-01 6.458113863021252010e-01 9.776498168956153645e-01 3.936220558241049217e-01 9.899276047431888603e-01
9.059902475725183368e-01 7.718758930358646797e-01 7.273339859922401951e-01 5.770093354427909826e-01 1.991333613637237265e-01 6.056196436689563756e-01 7.102458840322537492e-01
6.315534790178326530e-01 4.365228456592787909e-01 4.506420123435790348e-01 3.764696128731686020e-01 7.250863005863757982e-01 5.047453827789413205e-01 4.275721644512420205e-01
9.599735821977140038e-01 7.370247898603559111e-01 9.118926017172621634e-01 4.648406383134806585e-02 7.035216681256574178e-01 8.712333038382928940e-01 2.801852589819298078e-02
4.988811493586260415e-01 2.281941566354085404e-01 3.187029511700392170e-01 6.897287043444542132e-01 5.641438633309298067e-01 6.451610415771650286e-01 3.552081811358143160e-02
3.261464282615568200e-01 5.438663048843350722e-01 2.326583103655023299e-01 6.998039858853145612e-01 7.849365620422577017e-01 9.955539524148322439e-01 8.208630115790158666e-01
1.682769333893158192e-01 6.865929780234385493e-01 4.871725380357064816e-01 9.337953370520438723e-01 2.938250997020088739e-01 6.035109899510954223e-01 8.412392976100308006e-01
2.244839745055372537e-01 4.140833987409182626e-01 5.596134853782368523e-01 1.858727116066629659e-01 2.186128788648340482e-01 7.239967896695453931e-02 1.803995662741716410e-01
5.475221951039317414e-01 5.257688848328161413e-01 4.912739558476680868e-01 3.593247148731160134e-01 7.644162261974229988e-02 2.495773464022007504e-01 6.709980311335395076e-01
9.669258504191486914e-01 3.120746249296977304e-01 7.391868313526002154e-01 3.422732829475818583e-01 1.062605996098731076e-02 5.006608803439013267e-01 5.887515820237462227e-01
1.857431548169092839e-01 9.302189018835006484e-01 4.898753427694089169e-01 3.235323060054485778e-01 1.428519098950538080e-01 7.290068021055432501e-01 3.988093268692602944e-01
2.852932969525261431e-01 8.187438358894191248e-01 4.572120459113959701e-02 1.632518972794275713e-01 8.378153619015979992e-01 5.090360999686890375e-01 1.647874289736938058e-01
2.226236365664834294e-01 9.470256532863348120e-01 5.059832112869842025e-01 7.112477156348910867e-01 8.691311045979153160e-01 1.036563523920297492e-02 6.149848538556434985e-01
9.727226822157578612e-01 2.479065829295236112e-01 9.167104302117159431e-01 5.213420483082159551e-01 4.218611125856551736e-01 4.944578034104109010e-01 9.478048398661342855e-02
2.442771881896315112e-01 7.003600357055216330e-01 1.216914717040498140e-01 7.597815354438427482e-01 5.074285923824132238e-01 1.164280134761511709e-01 5.378497134025961302e-02
2.601808162573526761e-02 1.241727293977779034e-01 4.268724361234873532e-01 3.945328478003684580e-01 7.518609094550118277e-01 3.767727838880116087e-01 2.142781013721652972e-01
4.222143075691634495e-01 3.980042364458860060e-01 6.299869828597558508e-01 2.428202006649204936e-02 4.466205490028402059e-01 6.416112252596123389e-01 1.099950728526460919e-01
1.540038869577089464e-01 1.978886738897107644e-01 1.897746482286297720e-01 8.122775368401434770e-01 1.423389999728104094e-01 9.656563703963024770e-01 3.377963160291689304e-01
7.035922759091798317e-01 4.963416669283168270e-01 9.986034581261438170e-01 7.411192895797957814e-01 6.146457005819244701e-01 8.491219273489785113e-01 1.611355834018081135e-01
6.295098867685857691e-01 7.203064006285649912e-01 1.786110633537207892e-02 9.622494216430568237e-01 3.966159411041204619e-01 3.234870031698540149e-01 4.620067535517137225e-01
1.519441139344137603e-01 1.492619415330255217e-01 3.031523456474761735e-01 8.068641468959112384e-01 9.790578944394272565e-01 6.134969305581424726e-01 9.976828833669812990e-01
5.822969088408513905e-02 2.640950458585421545e-01 8.802129525004542820e-02 8.406814156052064835e-01 2.706580548467047986e-01 1.578825675736503786e-01 9.399834150687680356e-03
5.550134605909856633e-01 2.229847474477383296e-01 3.092888843969132662e-02 9.760341402985538428e-01 5.420733659327382492e-01 2.087099091854183186e-01 9.131214637940486822e-01
1.187611779872100870e-01 9.733134400191401081e-02 4.253652441267263828e-02 4.421043258994846736e-01 8.430769344512873964e-01 8.475627105422340879e-01 8.453435153534204494e-01
2.746790159662964026e-01 5.400807084733330043e-01 9.701332009332083173e-01 8.607535608452411280e-01 1.758811245666384027e-01 6.865446729843193152e-01 8.261998399981699270e-01
9.913703369672277610e-02 7.148988432265755977e-01 1.497238579671542613e-01 6.735243390988564505e-01 9.500761161881021710e-02 7.208468908768720373e-01 8.749252309594784949e-01
2.670827506805460994e-01 1.556311469612915444e-01 3.378965686970295534e-01 1.462075572558735326e-01 5.408500345282520883e-01 4.911871438099750797e-01 9.177458863984617743e-01
5.602668480509607196e-01 6.432025041484956684e-02 8.981997574698222797e-01 8.650394596284830540e-01 4.310486324629257959e-01 1.092643502045491655e-01 6.906261184863482505e-03
2.622357200430613933e-02 8.207652961140098347e-01 8.538354532293459531e-01 8.210322700286063480e-01 2.484679502230978665e-01 5.187706248212788918e-01 5.853844427454690802e-01
9.716482102280236122e-01 6.295021242053752131e-01 2.030821186984124171e-01 9.731933716254993483e-01 2.622617661882056250e-01 4.906831050604893996e-01 5.190556326203638049e-01
1.869804306041544795e-02 2.302103152990361279e-01 6.767557585745731519e-02 3.367562377345655333e-01 1.020143263633821462e-01 6.414883142694988161e-01 4.546388788748122467e-01
6.706884410274259745e-01 8.734157075665077707e-01 5.989386797904945325e-01 8.666564170429207348e-01 5.009194948803584735e-01 5.532011266740367583e-01 9.536869155081901805e-01
7.728081699954327810e-01 6.017323482596129702e-01 6.375507625863585659e-01 7.376845825138560464e-01 9.441062585125397089e-01 9.906618410840593025e-01 8.193045163877108461e-01
3.079685960389710875e-02 3.344306829421557214e-01 3.233903415695259520e-01 4.676906043692165005e-01 1.105889626871263687e-01 1.415523216274193752e-01 6.643119318909916915e-01
8.407145347521871592e-01 6.576353407584819566e-01 7.865516301342676542e-01 2.325027541472630688e-01 3.982719432917030122e-01 6.338719656938209823e-01 7.027516194383360837e-01
9.851920984131057324e-02 2.256611545054023615e-01 2.508178606554822831e-01 9.296834931527613310e-01 5.740695540484068715e-01 8.343202601566069854e-01 1.075753517833532014e-01
8.403025030638422432e-01 1.559814391547703627e-01 4.465386401992565979e-03 7.724069219235887296e-01 6.716541626380162500e-01 8.430454705259896597e-01 7.727341614684485327e-01
8.576597709515756396e-01 7.827900543628590890e-01 3.753394727372142414e-01 6.616263139208344857e-02 1.450770457274478398e-01 2.700112608207743126e-01 7.158358674799458754e-02
3.160513513405923680e-01 5.957503853342596134e-01 1.795548202915255853e-01 7.944214685898590700e-01 2.729639462934070337e-01 7.588652014263181922e-01 1.246291895901422420e-01
4.573054581362956394e-02 6.006391603721183969e-04 6.476584971988669226e-01 2.474400605129503106e-01 8.180982143821943220e-01 1.491949105037884138e-01 3.474847744212334888e-01
3.410415772185494410e-01 4.537208681803894805e-01 3.763391737052057540e-01 1.970393436185747804e-01 8.245574214833084614e-01 2.963452795603646051e-01 1.006570814574381245e-01
7.597828278704207294e-01 8.990416191605805629e-01 7.720552367595195919e-01 5.038666470727946045e-01 6.265725457477305804e-01 5.588848901687356596e-01 9.715763593440224222e-01
1.345512274825739762e-01 8.695575244031618078e-01 5.141599607702912467e-01 7.991685805735355697e-01 9.843417272779800831e-01 9.388570773686608639e-01 2.742606931981286245e-01
6.838085327604557229e-01 3.907246514082547417e-01 1.705427039154672197e-01 3.806096618019011446e-01 4.663011000065552247e-01 5.280033029724596760e-01 8.430144948837290375e-01
5.698272752389782481e-01 3.286029623327335614e-02 9.196407918222393452e-01 8.581406011376686571e-01 8.484613707863305487e-01 1.171529980257621784e-01 6.417969176930056197e-01
2.044169721136219753e-01 7.365649050653221286e-01 6.896417601349378312e-01 5.083584356632604440e-01 5.047362755572856186e-01 9.719650696265985657e-01 6.634860340366133258e-01
9.474829894437131195e-01 9.381099805247975487e-01 5.897364147632513376e-01 9.743714665988597590e-01 5.475453211078034066e-01 2.827594146233662897e-01 1.434385846319329305e-01
5.642772105320558174e-01 1.034039518142731984e-01 8.837773378198643393e-01 8.078697229512751266e-01 1.014962579251371677e-01 5.227371932759333761e-01 1.802203150729152492e-01
6.517328992623979689e-01 5.825162886160026865e-01 3.011499472125163113e-01 6.860815469422774093e-01 4.513404413241076663e-01 5.126780412997801184e-01 5.612997488748856512e-01
5.867441177592008783e-01 6.802011346146912274e-01 9.591163058394410745e-01 5.277402307348403321e-01 7.465037536885835712e-01 8.224418957720420753e-01 2.740003646816759897e-01
4.612920484369724683e-01 7.102576434680649697e-01 4.797693631534503123e-01 9.803920278689378653e-01 1.075419832432924494e-01 5.722503778977394706e-02 3.988757985335569245e-01
8.294130298018912439e-01 9.336514890589830973e-02 2.044441646004860891e-01 9.377904875768133808e-01 6.374138486247611368e-01 1.984074397669699508e-02 5.637481174854693800e-01
6.324996203350743418e-01 7.027484459862212152e-01 9.385578464780721664e-01 9.654294125634871326e-01 6.366909923888561806e-01 7.270026532221529614e-03 5.744914128803872977e-01
1.333580794575230932e-01 1.475542440779614717e-01 8.202857302723653987e-01 9.596032932337401622e-01 6.346217398435070045e-01 9.846675048370964189e-01 4.612534975319069197e-01
8.109057494981317671e-01 5.914129373146258528e-01 6.150175443537407860e-01 5.820431563451792245e-01 4.502274824270153797e-01 2.090566880022378671e-01 1.668578607521991053e-01
8.930754966719934851e-01 2.189165143777391798e-01 4.518721165097773218e-01 3.963201233100475118e-01 4.579958885693149462e-01 8.835760170370409172e-01 4.094245103352422976e-02
5.856921240761601144e-01 3.352207278573269278e-01 7.380726952733333013e-01 7.443091413056456274e-01 5.346339778863611336e-01 4.028853000326904077e-01 3.333526416267943437e-01
7.578981355212905946e-01 7.567127155431730978e-01 8.362217535554427039e-01 7.292251420022635156e-01 1.852419697972493839e-01 3.598618308121783738e-01 3.489661957517076196e-01
3.836498978455399333e-01 5.712100985345458515e-02 5.407830359457933556e-01 1.289586288651742851e-01 9.009129309445514933e-01 6.696336866544991828e-01 6.027780654477037370e-01
7.298206212339893861e-01 9.474271244476812903e-01 9.523454751494458970e-01 5.952298344534888708e-01 4.572059038630649219e-02 5.338698391095086926e-01 7.653125376021246984e-01
8.865788033215326047e-01 6.800885843474324677e-02 4.032038139600890858e-01 4.837997098889216252e-01 3.214934501513122544e-02 8.917898129214729686e-03 4.787617613006689421e-02
4.211720416711410842e-01 7.719383960531434052e-01 6.845802702073522372e-01 6.566385650502776228e-01 6.435105594998643541e-01 5.618495630082821490e-01 3.968949751911232671e-02
3.213528722474864319e-01 1.593216610880975326e-01 9.821679492876895790e-01 8.692074461576665412e-01 3.350425412161883720e-02 1.884324151803599134e-01 6.789503220001610329e-01
5.046851043204163556e-01 3.612755158806928435e-01 1.229104518366398446e-01 2.942537042071169395e-02 2.284918629356347264e-01 9.139733989188454366e-01 2.509292958846363053e-01
6.095270598972701848e-01 9.982491740113895728e-01 5.043322934967870985e-01 1.154250481523771965e-01 1.453110857666880529e-01 9.010911236709988614e-01 2.039510060399007951e-02
1.764481752109132717e-01 3.219037029229555591e-01 5.853781504474113717e-01 2.102217777581973923e-01 8.981833233355973611e-02 6.010633666475136971e-01 5.961855193864883384e-01
5.270453570372368723e-01 8.339465664008454127e-01 4.471910658347769685e-01 6.298959199578973989e-01 6.074226329152135895e-01 5.974776682978788500e-02 8.290828968364807317e-01
3.938191940757775900e-01 5.100797521484607966e-01 3.042787638359003566e-01 1.595835270414693863e-01 5.019071252955499274e-01 2.267758984036879477e-01 5.697870327359273457e-01
5.012426525534972033e-01 4.355765513551718149e-01 9.676438959257581685e-01 6.877071055014569723e-01 9.883854193876711047e-01 6.968272664012711282e-01 1.938055534595967133e-01
8.427211185066436627e-01 1.115633527577969408e-01 7.034115014712815084e-01 6.830862151922492131e-01 3.876072491366635564e-01 6.489011796901759110e-01 1.047297082594720319e-01
9.889408381838210582e-01 8.626418057949247764e-01 9.074921503086754715e-01 1.565055428560391260e-02 9.861700674329517691e-01 2.261878812013372597e-01 9.016355895137850851e-01
2.213021466329647691e-01 4.190274778623043206e-01 8.085336758490019315e-01 7.886272064477205523e-01 9.691287705711183476e-01 6.676371490115394769e-01 8.399288675905871582e-01
1.825952107749273523e-01 7.028017944529928451e-01 9.488325152621035485e-01 1.644391370647816375e-01 2.509834677764188893e-02 1.227569144508781074e-01 7.753028149424384674e-01
4.133608844879037569e-01 8.709943082826453464e-01 6.305215932789864919e-01 5.538026781455115399e-01 5.038339629233667960e-01 8.714126284631334984e-01 6.480601839383487439e-01
5.567154611207920656e-01 2.696089716099341338e-01 4.728118230645306230e-01 8.709926475440201710e-01 9.283592364763497695e-01 3.427697999469386803e-01 3.711470139794239564e-01
1.598938426563343285e-01 9.413104427940592878e-01 8.306393036286310316e-01 4.294606761936847761e-02 4.275431394762794213e-01 7.937496244993746952e-02 8.274231617614260514e-01
9.656568167060076702e-01 1.769030049674812366e-01 8.009816742287879654e-01 2.036817935690040660e-01 6.001522659311934182e-01 9.934268205898943993e-02 1.225729710929220895e-01
5.131136422296729283e-01 2.185426784674219247e-01 8.255158806894247192e-01 3.238625889030615213e-01 8.862546486758404729e-01 6.668025716464313080e-01 6.076855955563600364e-01
2.221658560085405520e-01 9.505248594825163044e-01 3.866305791768027689e-01 1.398192816289901552e-01 1.884756814702351901e-01 3.372952432799971589e-01 6.998346782618973805e-01
4.818129825291006529e-02 3.787152010981453820e-02 7.532917183243315051e-02 4.814237271953409891e-01 7.437995513216404397e-01 9.415360393709524267e-01 6.572109472680254250e-02
1.047830949036253623e-01 1.488654776771726196e-01 5.214637390842816744e-01 4.396188199337351943e-01 2.303513508378759456e-01 3.017439374709091071e-01 4.586356447772484968e-01
1.897023342792578671e-01 6.945368049019443601e-01 4.979393156396216824e-01 3.640634310391779316e-01 2.034221427597833198e-01 1.023909996578720172e-02 8.294833354787889412e-02
4.094986381540979270e-01 4.736914760719442841e-01 2.377368833519583058e-01 6.808369868530078639e-01 8.170059865352342632e-01 5.008745071313649433e-01 9.051773246678944673e-01
6.937781692062328087e-02 6.717323048327100699e-01 3.873032458821124013e-01 9.123333445527358476e-01 2.446849281119862773e-01 6.172124795611777515e-02 6.381993225462836428e-01
9.580791257913179315e-01 7.660045267508998057e-01 2.360730123787151413e-01 5.383737313689489490e-01 1.399751468657983722e-01 7.761555351454013651e-01 3.682392263816054445e-01
7.445343622853973775e-01 9.969457484192948415e-01 6.605415702776586961e-01 7.463600760917992183e-01 5.496387000041947912e-01 2.892435067895738898e-01 1.700054923570966103e-01
8.252773076763730842e-01 3.608781537883504198e-01 7.631005471566379983e-01 4.307759199201792732e-01 2.665245100287959579e-01 6.279524721574848423e-01 3.731470099448582767e-01
5.964420508568285539e-01 4.674663543567451063e-01 4.699017388826479680e-01 6.102422124167818929e-01 5.918899542068687403e-01 2.744648455239072637e-01 9.871089358080645804e-01
6.533652579402959848e-02 5.573772302260799894e-01 2.752478170404379920e-01 8.426023985170767450e-01 1.332649461629205057e-01 5.680415205227919984e-01 2.195753872965209297e-01
8.916064169817515817e-01 4.088519573498482496e-01 9.364169958529278137e-02 2.902222980664633800e-01 5.181644254215184153e-01 1.362969827255628985e-01 8.659902325550133950e-01
