7.917018692930898327e-01 7.947112172225306859e-01 5.311708708116673616e-01 8.657430421530742937e-01 7.970223896880526127e-01 1.863850235809200173e-01 8.621514636086459182e-01 5.552829857709029593e-01 6.659228740502840527e-01 2.317088752956353304e-02 1.787353563465838846e-01
6.586764242012537185e-01 7.141239516464208403e-01 9.240396200499615409e-01 3.137478088082221728e-01 2.754961759368419472e-01 6.236360029373866354e-01 4.868861653021737679e-01 7.644702749062536329e-01 4.339610611778629279e-01 8.517802654652550931e-02 7.339350957889242411e-01
8.977705156611524018e-01 7.830508851370581169e-01 2.787839014100450541e-01 1.489567646047608163e-01 2.594206940150078911e-01 7.835292329926638599e-01 7.400513018657610687e-01 6.293638637092747734e-01 6.806196879285912882e-01 7.469757713424307610e-01 3.731122240204901575e-01
4.970676853000758344e-01 2.937929623131952939e-01 3.448758761919967775e-01 5.065972394105433541e-01 9.786742597326684168e-01 2.654895907399947852e-01 2.888678905390109630e-01 8.014799012806752554e-01 3.680252220800184215e-02 5.213269169225753785e-02 2.845077087217414702e-01
7.030174716597179518e-01 5.932634341518892018e-01 8.578758060802300633e-01 3.548386373830891838e-02 1.373599076687243015e-01 3.300664398116160969e-01 7.701751802655187884e-01 5.389425826179451429e-01 6.329867033045963876e-01 3.103501018386863874e-01 4.529447579554846115e-01
7.632019407036080283e-01 3.738931697802123644e-01 9.302523427212933127e-01 4.950506171952504531e-01 9.377751267291012383e-01 5.129596207879220104e-01 7.374164918775991673e-01 3.651066081342693170e-01 9.425975659891788760e-01 7.394608697129856356e-02 2.793612670844102253e-01
2.726182812998513283e-01 2.186723811327963007e-01 2.645631236399049735e-01 4.603406221971334533e-01 8.409970158660164952e-01 2.532354514417360924e-01 5.958683712411794176e-01 3.907621434793674409e-01 4.625998064579117663e-02 9.521270558209998791e-01 6.785573022243085450e-02
4.062769718163355970e-01 8.046893183164636199e-01 6.551403397983289745e-01 6.514508708412466431e-01 8.496452872971993475e-01 3.820349374721355717e-01 1.044905089141567878e-02 4.196759547030189941e-01 2.847760922181546972e-01 5.573217262243056469e-01 9.512938220064034445e-01
6.571859840782277029e-01 3.492384423485054290e-01 2.162403996220497726e-01 9.842964308800953299e-01 5.838393180796561666e-01 3.528474900927476288e-01 4.190631360674180739e-01 5.913179361557135971e-01 4.020301367297824946e-01 3.045398619173423915e-01 6.126283251050269607e-01
7.368468990762438997e-01 8.336323515225529945e-01 5.531326705934689336e-01 1.563861868885885187e-02 7.682409536505563352e-01 1.320608961037414986e-01 7.155757197091716648e-02 4.844084518242171011e-01 6.065566827146543494e-01 6.204084703227148445e-01 4.654270695143385428e-01
9.316182191653151756e-01 6.647117805335243101e-01 9.365427700459583171e-01 4.357903058961100085e-01 3.670171131030499634e-01 4.788119536117021457e-01 6.845495358216014958e-01 4.791174224337877430e-01 6.535462949137444966e-01 2.768005240536794975e-01 1.672075320054626779e-01
8.548502392409074169e-01 4.911090070652823769e-03 9.815504761323360361e-01 4.888155803797760157e-01 3.086733871406668328e-01 6.928506320088224646e-01 9.457117945909133683e-01 3.692232730176889799e-01 7.317188582775291383e-02 1.582363921106155757e-01 8.919219634996363721e-01
6.800992345954158802e-01 7.455997445896282994e-01 7.604325796187214603e-01 1.859423892873285356e-01 3.851309875303444707e-01 8.142036166300408162e-01 9.043351356274750286e-01 5.516550921539993269e-01 5.452600247658480059e-01 3.307933110684754263e-01 3.980649819167731973e-01
9.895867042141992531e-01 7.564707046892361619e-01 6.452436491682659314e-01 6.285130371159896034e-01 9.776052781978508133e-01 6.124899696661588733e-01 7.158704074109696336e-01 3.072131723584079488e-01 3.614685215386885808e-01 2.574493889446187733e-01 7.231321747321990401e-01
7.647428110244131050e-01 7.999919278266787170e-01 9.949880032206154246e-01 9.409808604730718340e-02 6.414019220275407607e-01 9.407615011130001648e-01 4.408404755095969296e-01 5.600830444166005062e-01 7.628303476177987763e-01 8.413045551119125998e-01 5.573795502119438527e-02
1.885579234164633800e-01 3.874117875114235776e-01 6.704875024246692572e-02 3.636539481985761046e-01 6.810431607248843555e-01 1.842577998865260192e-01 3.233352148698037665e-01 6.230002099812915750e-01 5.648992732426413310e-01 1.941299465410414316e-01 2.454087521314455289e-01
7.219195949705888848e-01 2.623734662006091956e-01 2.619035958943157771e-01 4.234570279004101767e-01 5.128359358797829337e-01 6.489144481388391394e-01 8.900758698809936309e-01 1.848666360522044361e-01 8.249958683151050742e-01 5.064132548705821968e-01 7.723221422505784917e-01
2.512970621109045233e-02 3.125369279804539602e-01 7.281532323509165572e-01 9.298374719349632445e-01 7.279968222743983253e-01 4.669193198818227808e-01 3.422323743600883539e-01 9.797672978168350255e-01 3.956939229188066731e-01 8.034670236958292300e-01 1.237651079082214833e-01
1.224828132152920857e-01 7.374878213217673784e-01 2.351715445538982152e-01 2.318673987702766226e-01 6.045729675138550308e-01 2.979529113996792766e-01 6.241694408164887298e-01 2.762232299745259745e-02 4.457990817160054631e-01 8.781171209535009181e-01 2.829338260761393720e-02
7.720423079853260262e-01 7.844568956056218179e-01 7.995078979869303382e-01 5.159448926992197260e-01 5.512688355968582421e-01 5.418471583607837871e-01 6.618735613345008151e-01 5.487088955492597231e-01 9.209570771407121770e-01 6.524455546375669268e-01 9.664012458635684588e-02
2.131292784471636725e-01 8.788353452164010537e-01 6.898739193504432876e-02 8.935865178970212597e-01 3.247695137826857037e-01 9.138960394494501926e-01 6.624959561530818775e-02 6.550131277264987784e-01 7.610523483927483790e-01 1.587817944200503595e-01 8.512553842864887255e-01
2.841557894717595678e-01 9.351634066350944519e-02 3.430900335503171972e-01 8.781039765811152753e-01 3.286619347505915778e-01 2.847431859057465431e-01 3.337407186224694566e-01 3.070243316071658013e-01 6.229302482431078314e-01 7.800513380677817077e-01 4.936817043948404926e-02
6.907627358610501922e-01 9.774861217766506183e-02 7.878248507563968550e-01 5.764934387817649553e-01 6.497421787511450386e-01 6.353017599976734653e-01 9.010457434413611244e-01 3.700100955706505657e-01 6.927931825773501195e-01 3.371427785645716435e-01 5.633989073257109625e-01
9.361564439756031586e-02 2.951392170912845447e-01 8.995636296438068724e-01 8.910292670893734668e-01 7.312323310795164621e-01 9.497259475835624354e-01 9.744813436665367146e-01 7.877234326220058369e-01 5.030441286475395568e-01 1.723837178663928382e-01 7.015068058032090104e-01
7.075673845796861539e-01 6.883390364208996637e-01 3.340353637078981031e-01 5.469880130569028109e-01 8.577149898982883158e-02 8.575620620135121497e-01 9.031867102716724105e-01 7.144389341003020144e-01 4.624032954929929717e-01 1.779044134652999487e-01 3.960281716648624828e-01
4.712864142707279269e-01 8.662041392386929939e-01 6.370235389078785504e-01 9.635618819356159825e-01 6.007262773906284492e-01 1.084274140841530176e-01 5.098953479694305901e-01 4.806862921710580716e-01 9.770575499468375780e-01 4.505983855572304186e-01 7.648443989802140575e-01
1.236784645201373101e-01 5.603962931669338454e-01 5.192476902512764836e-01 5.858970700075090132e-01 9.278815444483260455e-01 2.754557269413343557e-01 1.346027164210558125e-01 8.988709395289212756e-01 5.563573398265418968e-01 9.185389245790775981e-01 6.165195076510070482e-01
9.187121279721093270e-01 5.641233908663570995e-01 9.326616232027197251e-01 7.491313698406498744e-03 6.929284126282067025e-01 1.637676255974137574e-01 7.028694131297452685e-01 3.254904093095901674e-01 2.802746243833806883e-01 5.018948667921824258e-01 4.417602848661151826e-01
9.430548787097390306e-01 5.310600073022301304e-01 7.005049941150160997e-01 5.310030150657774062e-02 4.202069076944581205e-02 3.130918387191578001e-01 6.467579594994347092e-01 9.827055242676454583e-01 7.946475500256235946e-01 6.468346813381534721e-01 9.834359152228665524e-01
4.470397125118406034e-01 1.857361178019285575e-01 3.167321635701406679e-01 7.817612219400942308e-01 1.470239335191572128e-01 6.767734192346538391e-01 6.481122284602405248e-01 9.907028704898525051e-01 1.355307117721459287e-01 1.221763250818379554e-01 9.875579397688628580e-01
9.201242501061848156e-01 3.995996926801101967e-01 1.403214206538319075e-01 3.721356512761090363e-01 2.983278904421383659e-01 6.438954511420469373e-02 2.469070087827516247e-01 7.100053284144470789e-01 1.842012875183596243e-03 9.870940030792655362e-01 4.450707193556456831e-01
4.832093241591342014e-01 2.056669326061673075e-01 7.523595193641477996e-01 3.389503240917599580e-01 9.555254375709332226e-02 2.681365732279188396e-01 7.752467829947365940e-01 5.035094117857199514e-01 6.150353545943321176e-01 6.203045043930046631e-01 9.505332601236422541e-01
2.219516739507916281e-01 9.876315766341789981e-01 7.979581751736313233e-01 2.371792536382545391e-01 1.469268458014602041e-01 3.618969567854110059e-01 4.141857136440073583e-01 4.286018717719559668e-01 4.996773864975979640e-01 1.857447568169344754e-01 4.434472229360024720e-01
8.345229684866414255e-01 5.967198029679594562e-01 7.995756610289490585e-01 8.126114977586806898e-01 7.012811436981020163e-01 1.491189237313060856e-01 8.246936145327777856e-01 7.845460099502408191e-01 8.684041791312483438e-01 1.433541034109501178e-01 1.357642367411631135e-01
6.073451603597764814e-01 2.338084970514480165e-01 3.249159274762930538e-01 5.218494274954577072e-01 2.769148098648943623e-01 6.487570097482999731e-01 3.618984004007651523e-01 1.319056857371747604e-01 6.624619854784908890e-01 9.043098648983767252e-01 6.615297377490358954e-01
3.619645053179975092e-01 4.486206232465472787e-02 2.741425962070109801e-01 1.993834175484600069e-01 9.839901370839819750e-01 5.872775020545777380e-01 2.718890451802055130e-01 9.417085279239822970e-01 6.345404639463673169e-01 6.308956669884372426e-01 8.937423816801652876e-01
5.108191336189270571e-01 3.312989948585192135e-01 6.411180862759568999e-02 4.841236903588935769e-01 2.950281060141156653e-01 5.274180300230402185e-01 2.651836274435108720e-01 3.641630187895487092e-01 3.087804313311568460e-01 7.255833082112095322e-02 2.879985337148608382e-01
7.150973674843489336e-01 6.815523692165891267e-01 2.510835683433124688e-01 4.998704657329402501e-01 6.039550558529735991e-01 6.652314721091656669e-01 3.222424756271374813e-01 8.381083286052671832e-01 4.982502548295741907e-01 9.877295501767371366e-01 7.356755761662020499e-01
1.032703767593465827e-01 2.299915383789294943e-01 6.101396924550034351e-01 1.247166960160994709e-02 4.021789575676281148e-01 7.783392201675646271e-01 9.444171277203394776e-02 4.674621585827880565e-01 2.555529731090195877e-01 2.738718643037933997e-01 8.535813280739198428e-01
7.079688348531216757e-01 3.235817942351715271e-01 8.873600727970276658e-02 6.585743024258144951e-01 1.286403933723275772e-01 6.068416441668240680e-01 6.173476853156870670e-01 4.181820288014759246e-01 2.426539047147078243e-01 5.563922667364465946e-01 6.075509568128921734e-01
7.950739120057511711e-01 2.751887793720286801e-01 2.167568318723014364e-01 2.915580265166948237e-01 9.586558981714055072e-01 9.589608840931744815e-01 3.779272336744723404e-01 6.237861889747664534e-01 7.351606071492318151e-01 7.122499251429292855e-01 9.970158835537811237e-01
1.421753448014458909e-01 1.141653489804453914e-01 5.518048537890561933e-01 5.854898470353716577e-01 2.093992728611445697e-01 4.166260285413252440e-01 2.708756338070639202e-02 2.084449559414536246e-01 5.397453100839033624e-02 4.653096824903714124e-01 3.132824698219458526e-01
5.418839533227394201e-01 2.160212454813836835e-02 5.740334452036006674e-01 7.469060196268205720e-01 8.551631820732018552e-01 6.998721780326548902e-01 7.642332678441208227e-01 3.694453400551264144e-01 2.020333701460254039e-01 2.489969955512993938e-02 2.901127807357781752e-01
2.086099942750931913e-01 1.088897078276928054e-01 4.266846596195827956e-02 5.741805670794072336e-01 7.708879545731781580e-01 5.924500682299757015e-01 8.014079716930206931e-01 9.710452695110390886e-01 7.335644879946986441e-01 4.826273346321593438e-01 5.038985304614278515e-01
4.306041155028388356e-01 1.058362403001076313e-01 6.014431281430290266e-01 4.836086069197774728e-01 3.409053801675170359e-01 9.125327612307587710e-01 3.324678461496644033e-03 7.428001192376970652e-01 3.227645333707579445e-01 9.579213741493397549e-01 4.527968677365122874e-01
9.124291480090079842e-01 5.859376255524648691e-01 3.638459210116544718e-01 6.098485890012572685e-02 9.435225375236032663e-01 5.575828535708245992e-01 7.459293616775957148e-01 5.161891278748531597e-01 4.794234531921439668e-01 7.024587400167917606e-01 6.036002912069919901e-01
6.945125558739484450e-01 3.899249032027088946e-01 1.736516424819879445e-01 8.243797442751321647e-01 8.265803030322360634e-02 4.712768804318406834e-01 7.642081915498530886e-01 3.551848758175962795e-01 5.001153996009910507e-01 6.754560814650608647e-01 4.094881526732537802e-01
8.164472350994618211e-01 1.254564466600175399e-01 8.541313428025014698e-01 5.051173743533743377e-02 3.708860855398186107e-01 7.181588701071054404e-01 8.297206859534461687e-01 7.228026452482368969e-01 7.027909628631345829e-01 1.823227025406024548e-01 6.767242202068268764e-01
4.930783129196684156e-01 7.838299368351175911e-02 1.945666981934599526e-01 6.788305743485156807e-02 6.856902766540078353e-01 9.049507889924085502e-01 9.480196910979040714e-01 8.840368196797379063e-01 3.959437046204616895e-01 7.844870242368137125e-01 9.262065729085026122e-01
5.884691890684680127e-01 6.395071379559402747e-02 6.474359881403720651e-01 4.286636939045802563e-01 1.870502420438420188e-01 6.350973875144277914e-01 6.079984111922940304e-01 3.872722883664280191e-01 1.000557799114966118e-01 5.361095874897284785e-01 8.201824073991476061e-01
8.328581886921022637e-01 9.127189757972743456e-01 6.290990072016804380e-01 2.014108294006613509e-01 1.392981442703241646e-01 7.902649177404531544e-01 8.710249361655303391e-01 8.275616417930504731e-01 7.154583738293824879e-01 1.133417501102171876e-01 9.447641983764555329e-01
3.634282112916433771e-01 9.623108913984579349e-01 8.074740860029839817e-01 9.498937225950830898e-01 4.630540095912706322e-01 1.478007312293919684e-01 5.035182469144887651e-01 6.394525591097163231e-01 1.083024244461768815e-01 5.706480084411897913e-01 5.378849323773682300e-02
1.008921259058808140e-01 8.564567514446647101e-01 1.877565152238911406e-01 3.679878813082718692e-01 9.465278938818333376e-01 2.567316876718021001e-01 5.425647705849185876e-01 9.883936068796285168e-01 2.247359881500006207e-01 3.909937375273307980e-01 7.839391016920072008e-02
4.067928842003527556e-01 4.929167875346577299e-01 6.738906335423898719e-01 1.720946879757762060e-01 8.044794288844940855e-01 4.492199151909181953e-02 5.108892177112616118e-01 7.833378354204445504e-01 7.045989140931785411e-02 3.330401655527414073e-01 8.242440339559827800e-01
5.462703272302753543e-01 1.092448370941268010e-02 9.922827428518193882e-01 6.401439611388425321e-01 9.213874730328163176e-01 1.037904857641794854e-01 1.705757463294637066e-01 6.926819442644160940e-02 6.246166625098840131e-01 9.489752770456888475e-01 1.705302155584268453e-01
2.905038069406882251e-01 4.771238007076908927e-01 3.779799891093751363e-01 5.995709543918830153e-01 8.623350774314227918e-01 1.940584643053108183e-01 2.421710365314433400e-02 9.095574422216038402e-01 4.027175145846332294e-01 2.232995325571439649e-01 1.741797360014392115e-01
3.789747130806006004e-01 6.268891770462863278e-01 3.855998633362553996e-01 8.352520823511941916e-01 1.344994079098960071e-01 9.347735296344368283e-01 7.000398634887399218e-01 4.620905777434325401e-01 2.418496241682971393e-01 9.916331308839718695e-01 4.250046095218040776e-01
9.201535520162600346e-01 7.035622549897371236e-01 5.491693157216791521e-01 9.148242595763924623e-01 9.339200558854039436e-01 9.751963882374103942e-01 5.286717599877368556e-01 2.756029462163342991e-01 3.382473408073763954e-01 9.201589012098431164e-01 5.308688828588896680e-01
7.545534334509594876e-01 3.236466945866950384e-01 8.480360484687571310e-01 3.999707179370370902e-02 4.994361715741300056e-01 7.962922059356407622e-01 4.921925792076965456e-01 5.424157519663396210e-01 2.285683320862410550e-01 8.446697650095532639e-01 8.307908771016356830e-01
2.916646928353705537e-02 4.649936909366957360e-01 8.578831847054987358e-01 2.408484382975359939e-01 3.437375091408404471e-01 5.163483729286129087e-01 7.504709372467740502e-01 1.340132788287465848e-01 3.004774527504363579e-01 3.329554960917280315e-02 7.101724550131709446e-01
9.283238210027427995e-01 2.617353326082992870e-01 2.482394623831236657e-01 7.814248571855344494e-01 1.543232036728851009e-01 5.720687250204097296e-01 2.792945362040892832e-01 2.259786476528619081e-01 5.627601418547445444e-02 6.996175263120770760e-01 8.292843327920418339e-02
6.502719901651721202e-01 7.582237547954325807e-01 4.593703026646730470e-01 1.106227431763960878e-01 6.952774770481963129e-01 6.288649247918539631e-01 4.446150854508645889e-02 4.124728546642661975e-01 3.820642085271690469e-01 9.164392456866695680e-01 3.949147136701981475e-01
3.209097876784924308e-01 8.821238530365915764e-02 8.487285264192430123e-01 9.088232672245841748e-01 4.452519995636761152e-02 4.671287713256451202e-01 9.030249855208694054e-02 6.858400654340750524e-01 3.512276934483075097e-01 7.936113376509924544e-01 1.523089058765492165e-01
3.624380840165495332e-01 2.701249995491954436e-01 3.976154067418200544e-01 8.153565431187195234e-01 4.427774779413896633e-01 3.523732086716574452e-01 6.856539505377037269e-01 6.957799530096768770e-01 2.373686752474429840e-01 8.744379251477354398e-01 4.695782163104526008e-01
6.699668134401940423e-01 8.531013765933928017e-01 9.387679537134807628e-02 3.431875247826847719e-01 6.856070553147423086e-01 8.024426221435996265e-01 9.085591539829730445e-01 6.778556854973548651e-01 1.358792914204256519e-01 6.437874671331045295e-02 3.756937089400120833e-01
6.968026742598824042e-01 9.396010842430487786e-01 1.131128626760524725e-02 7.662791952243153126e-02 7.964223686791505052e-01 4.853691904336959739e-01 1.102059383678142268e-01 3.158375558354512558e-01 6.819896778130603021e-01 5.271861756646935016e-01 5.630721961462444858e-01
9.832833990288301074e-01 6.797692452649439776e-01 2.544704192738195259e-01 3.704407263648401560e-03 3.635854514996184061e-01 1.833170517776738784e-02 6.318516722344584835e-01 7.167115331820034241e-01 2.692144716571837071e-01 3.363407406857330528e-01 9.371061081170104501e-01
3.209571451044040957e-01 5.221387624090229052e-01 3.241941055421270201e-01 3.083794540225581748e-02 9.737810490763628701e-01 4.830642747968059147e-01 3.732703640917428567e-01 7.676373339836111143e-01 2.199173419669648855e-01 6.928780337393433131e-01 3.340994960909640099e-01
6.858802912431251064e-01 2.850727631590246336e-01 7.881512508969664710e-01 3.176987117719038967e-01 3.809156191723421792e-01 8.325747489162944603e-01 5.425942650209004681e-01 3.453833798597714111e-01 1.825755508137953953e-01 6.654906104406914658e-01 2.363721159443664677e-01
9.821986545883518716e-01 2.816216836603052665e-01 8.064624025907983773e-01 7.497202629737249602e-01 3.567219819552813753e-02 2.284186226219770965e-01 6.574090049859446783e-01 8.821725605820391891e-01 9.583697559539187116e-01 7.179399584917154353e-01 3.308366702194979192e-01
1.224536517966545723e-02 1.065028825984669636e-01 2.602867224099748578e-01 4.330318955968339711e-01 1.275260286652090125e-01 2.499667626959668487e-01 4.391868364433328953e-01 7.428472008005903016e-01 1.020169921090574583e-02 7.970361538400112522e-01 6.072417276684298759e-01
3.954840079051891166e-01 6.858351041320067676e-01 9.161529594632278339e-01 4.389430750218203947e-01 7.933752520651590201e-01 2.092862863002646900e-01 5.633460177227717081e-01 1.964107922980240506e-01 8.390172316438073707e-01 9.804046200243006215e-01 8.738853448604422258e-01
8.745900754472518690e-01 7.004384163813315300e-02 9.635849227623168867e-01 9.074213158531081458e-01 6.364375662579218051e-01 2.594680499666081053e-01 7.219579402179220340e-01 4.510530909199191862e-01 8.028421519110928717e-01 6.545509399210061030e-01 6.578621156786949031e-01
5.298141028891170112e-01 9.576350711453113229e-01 3.291839925370263487e-01 7.061928869968804312e-01 5.620130781915930740e-01 3.986890508222952212e-01 7.782344140356594053e-01 2.306430625223078179e-01 5.478971216103872832e-01 6.397173380831954193e-01 6.019659449704528598e-01
3.381996776230983270e-01 6.275044301452177287e-01 9.455117777948111035e-01 5.089052133060621985e-01 4.652310968956507864e-01 8.485748672897562850e-01 4.935161896296176298e-01 4.294802861244606529e-01 1.178121607115140135e-01 1.421553982087788714e-01 9.534384064277469095e-01
7.866520012213165103e-01 8.705034303861831635e-01 7.448086446323473053e-01 8.265755895258245500e-01 3.420392163342312886e-01 2.706745650456635621e-01 6.158920388773736487e-02 4.906390877474977597e-01 3.759615430194342967e-01 4.674381628010271239e-02 9.104617178888473328e-01
6.128237170410599788e-01 9.824214466412740654e-01 4.163955355400968950e-01 5.908513070102401343e-01 8.700483931800554460e-01 6.320107593849211280e-01 3.888829457168092585e-01 3.664541138463162095e-02 6.558011449914749047e-01 9.676361268985668174e-01 6.077896680016575681e-01
5.177637661378883260e-01 2.445137848094870447e-01 8.589891501104590654e-01 1.898060379702034561e-01 1.367115528692527393e-01 2.882144422529125949e-01 8.511063692078171261e-01 1.297426004373967157e-01 2.136542821708520279e-02 5.340138021184154260e-01 3.168235020594959428e-01
1.916128453988635849e-01 7.678913746340720881e-01 2.848814659717500142e-01 6.117252401354726921e-01 8.250545918057398120e-01 3.236410419594591970e-01 8.725374508276835250e-01 1.301952845313383289e-01 2.001847844545997512e-01 3.613174715190736741e-02 6.136100943389837248e-01
4.757445033729529316e-01 9.093525052340238890e-01 8.050703048993095301e-01 5.496816539742275243e-01 6.210729355358047821e-01 6.545209544989385453e-01 9.090769319106404289e-01 6.115115968776397848e-01 1.165139570996287510e-01 6.748213228146878739e-01 7.130134916589178085e-01
1.462011099445394979e-01 8.811289526471322020e-01 1.392899766943733741e-01 8.765450738712535772e-01 8.713124634316715689e-01 7.473252528054414867e-01 3.511469984508340803e-01 6.495435758533414372e-01 5.632637272816201079e-01 6.090505889308825971e-01 4.826361299839732055e-01
6.235331891675096605e-01 3.919621939932086407e-01 5.486971587356489488e-01 1.918096610482113995e-01 2.666894432586288666e-01 8.069492729235211437e-01 3.090331562700037171e-01 6.270624081579789788e-02 8.763773354325721243e-01 3.935955504469528243e-01 8.708082749713476067e-01
6.384614044933412114e-01 4.722605798886265749e-01 2.394430985487037145e-01 2.217769094049080181e-01 8.152864704548447028e-01 2.944560924634620491e-01 2.014823822752933591e-01 4.846947548869185995e-01 2.683608870438473071e-01 6.394862506012103376e-01 2.266133568438429835e-01
1.689143808203160679e-01 2.069936614017003906e-01 5.750788734250500411e-02 4.009034769620678507e-02 2.329692647654847404e-01 2.666394755520455906e-01 8.511635800574538502e-01 1.186485496687115226e-01 4.354972541422423848e-01 2.177427205725854797e-01 6.782506391171650995e-01
6.102375168370256509e-01 7.074995671738034675e-01 7.834064358384595916e-02 2.146916007228232282e-01 9.180112659808489228e-01 2.245490002189517442e-01 8.972356899793570983e-01 2.895220940509392049e-01 2.847184070248617305e-01 4.483135884200906141e-02 9.521398403768071006e-01
5.494358930295423216e-01 8.741976568134579573e-03 5.391387656099332348e-01 5.684975812665222783e-01 1.982837479812245007e-01 3.932612350223916309e-01 8.623141896488586422e-01 3.333664341053886870e-01 7.334400986816194123e-01 3.394981201644774460e-01 3.855746775988153630e-01
1.145797195577791250e-02 3.040073421538441734e-01 3.821269585818659609e-01 6.538377692223006354e-01 8.512338271214849872e-01 6.739173318276032720e-01 3.511794414598727876e-01 8.873547718500018888e-02 3.877217817638966002e-01 9.388515270007964375e-01 2.203190201189878517e-01
8.708774577618314527e-01 8.534415334618783433e-02 6.946687835312169712e-01 6.809162369555891159e-01 8.991528034298735816e-01 6.286051330929282033e-01 8.346471695411175062e-01 8.872359530986284604e-02 7.103931868208948064e-01 2.683540770389205576e-01 1.204662549703036101e-01
7.827864496963266028e-01 1.907995353253510995e-01 2.486001328064946225e-01 5.221793987334000242e-02 2.977318892077462920e-02 1.470241195396140288e-01 6.975468500718500220e-01 8.570472410088808557e-01 1.557999286686984064e-02 7.658879692481792567e-01 4.567842745285881634e-01
6.932249891106163631e-01 8.224117381557797257e-01 1.781862688415838392e-01 6.858908311748640463e-01 2.075187396097155634e-01 7.728449546677933490e-01 5.109285948084310025e-01 4.414780358466156018e-01 4.240974378802505607e-01 5.326522347690407777e-01 2.927413928158817402e-02
4.120112477585023969e-01 6.017975709699554532e-01 6.296755862157074057e-01 1.675566567787255545e-01 1.104157946823947078e-01 5.207797665621165528e-01 8.468071269615462526e-02 8.785606656068277731e-01 5.550017348023336128e-01 8.878387156988111206e-01 8.159782508110356991e-01
5.240026059660939373e-01 8.783744354062816839e-03 1.496560194468421479e-03 2.332596092780734320e-01 3.451844706111188987e-01 6.195132652391843742e-02 3.101171979907627607e-01 9.446016577937009773e-01 8.476289133081996718e-01 1.226643126554801677e-01 3.742594788471342859e-02
8.532614375469316226e-01 1.821586944766108163e-01 9.714088732061949560e-01 2.161799371929283842e-01 6.138763467469462443e-01 9.564901587379740500e-01 8.889423932372357839e-01 6.003139511041509779e-01 8.660585890087544314e-01 9.528681191040333509e-01 5.630368219566272980e-01
8.994893359948741285e-01 8.141695543474790631e-01 8.504609198964718786e-02 7.536678841779560489e-01 1.278751940920395125e-01 5.702892216163544248e-01 8.162601134050383456e-01 3.013782542756171523e-01 9.736526425343943192e-01 5.255281903163971924e-01 3.305403661790631276e-01
9.702605037090605844e-01 8.893088707351816113e-01 4.078972380617661431e-01 8.491710511493826274e-01 7.268635026172229896e-01 8.648254202483004471e-01 5.459089967628131257e-01 3.161870597191425158e-01 2.822911151471209079e-01 4.275271698626549322e-01 5.412806930773483849e-01
3.460295179704614421e-01 8.237609650410703255e-01 3.419662926709546857e-01 6.585389810205710681e-02 2.403378889281241326e-01 7.501891763076905528e-01 6.226700525222893523e-01 9.298301263875619060e-02 9.817940217528415836e-01 2.523495142717073758e-01 1.210291287550612216e-01
9.560451719854762276e-01 6.220150232113134114e-01 5.634379072695927526e-03 3.730839319708540991e-01 7.493136394812560663e-02 6.140708921113173790e-01 6.944362122702435469e-01 5.637853432249315677e-01 6.900233668608968252e-01 1.877809880452243618e-01 4.146233650336583754e-02
7.068157288955757567e-01 7.486187974159034253e-01 5.810509051823182780e-01 9.036053500548804074e-01 2.466910247083528018e-01 7.313169916351334177e-01 9.111574813904355086e-01 2.547669300112135327e-01 6.959524575717712658e-01 3.197037958040783723e-01 5.412313288450015802e-01
9.930602032777878785e-01 3.515164862106381349e-01 8.561249202509436662e-01 5.093510444928200931e-01 9.685530168237224125e-01 8.289835775063117973e-01 6.277274128118039975e-01 9.872556840717199300e-01 7.881761624019829604e-01 6.279290156480799023e-01 2.040354828492493278e-01
5.562275059045657111e-01 3.190394789573400836e-01 5.595697687246850016e-01 5.716649207904050956e-01 1.819168227489380563e-01 7.013963574612500640e-01 5.753973804079287602e-01 3.937224040770566091e-01 1.647479637701931843e-02 3.636090932749260762e-01 6.707865036335616260e-01
