1.849319364623145390e-01 5.141716111992564731e-01 5.343089841808555951e-01 3.764115424332346027e-01 7.039649819506142991e-01 7.010803335175761486e-01 3.814603833054892590e-01 2.506885109571860282e-01 8.925423879044340758e-01 2.190010407743349097e-01
8.621524834668568005e-01 6.415805316770774036e-01 6.562176184226061748e-01 4.711821879681008518e-01 5.972716757426761447e-01 7.213584840298389311e-01 9.217046639668348140e-01 3.332122619349647819e-01 8.325745763894009110e-01 6.617451138768968288e-01
1.531108587700320545e-01 5.276918319642240895e-01 4.603530898560291851e-01 6.047910273483833032e-01 7.447818258707384897e-01 5.658782538609340440e-01 6.771711576393248944e-01 2.751499077463164245e-01 1.475764783815874948e-01 2.248897240339898795e-01
2.875527461375119165e-01 2.994705889795938880e-01 5.949964268076570750e-01 9.992060621791682973e-01 8.414916886543953867e-01 6.030602037282477568e-01 3.702809418150739829e-01 3.723606136918020670e-01 7.968290058878831905e-01 8.843488539065802456e-01
3.825603930795079544e-01 1.229283547522630471e-01 2.753516522860710580e-01 7.475330628726252202e-01 6.243229595702900481e-01 6.052300039547213739e-01 8.822584530816545145e-01 4.648298600515522461e-01 9.501959161476728477e-01 6.851272680115583213e-02
6.295280102141600498e-01 5.092594382776050033e-02 6.238470260103987641e-01 7.694697535818271206e-01 3.552493413426899282e-01 3.446689037510348719e-01 2.933455700560479995e-01 5.777245428847206377e-01 4.201339210753128883e-01 1.979228161703805444e-01
2.688103727415029898e-01 4.634404584051108333e-01 2.673064249782823865e-01 2.121531717780746895e-01 1.648535046779270319e-01 8.016807457719108410e-01 8.343563941192426725e-01 3.398932099963842823e-01 8.315947969718862076e-02 2.202058855661399583e-01
4.325220087377505962e-01 5.744397041333260123e-01 5.098693298314725952e-01 6.563923962931215161e-01 6.031131328017245163e-01 7.996235679916732231e-01 4.203914690372158036e-01 7.991119778175812538e-01 5.628400833182372054e-01 3.218191813745773233e-01
7.046893159985674338e-01 3.517374770130471395e-01 1.695899196203514148e-01 8.255159009752008892e-01 2.337891643176293055e-01 5.077335815462628021e-01 8.135868835441867342e-01 2.338089115463442003e-01 8.631380150458560774e-01 5.697648840723397168e-01
8.069356488658169235e-01 3.873712745532306156e-01 8.173525596128555781e-01 1.849500039746618807e-01 6.790512329005434777e-01 4.393713686896032478e-01 6.701174165259288218e-01 6.530995353899878841e-01 1.235798164785949504e-01 6.122761532548531838e-01
6.473636118319758825e-01 7.615635594255878438e-01 4.901677401083580632e-01 5.818682532676030528e-01 7.404728423563189388e-02 5.880511995122517099e-02 8.381946682340909449e-01 8.540292720809794513e-02 3.288514601922148950e-01 4.886399687720347496e-01
1.878921083818975157e-01 2.631449437398946101e-01 8.612476263754267336e-01 8.061649093135395683e-01 3.315901418168187842e-02 6.446434495628681205e-01 9.042885881827424921e-01 1.111403876023044912e-01 6.526006218656478230e-01 4.332865739748434919e-01
6.491031740000018369e-01 3.553604162990767756e-01 8.023062685888044943e-01 8.617180959044485888e-01 7.318511024022839040e-01 1.448732779399438675e-01 8.729583387919560566e-01 2.780533530583320090e-01 2.338578088963741974e-01 5.972812478409145198e-01
7.555571677718513346e-01 6.633842038138912933e-01 2.834975298553085166e-01 5.719651012511899335e-01 4.035935479897310163e-01 1.253999080410262978e-01 5.653001760792570884e-01 3.788116436874366943e-01 3.925000211324193300e-01 3.270240808713221758e-01
4.263947934462316569e-01 1.853427628549318973e-01 5.551476268470278974e-02 6.632150506541063528e-01 6.762764350250738410e-01 1.610942172675599027e-01 5.053243313905260159e-01 9.596569683516267268e-01 2.573875035431127944e-01 6.155716290551468406e-01
4.135601198055568473e-01 1.918508549378055150e-01 1.581628195780578894e-01 7.693383901945748393e-01 8.820468511762572517e-01 5.410044358597221326e-02 3.686472643848188735e-01 3.976240381907636401e-02 1.087302544788038006e-02 3.630141336121612827e-01
2.331579860441580498e-01 8.853567378239624031e-02 2.593317985124378167e-01 7.051921646435005409e-01 4.435711668641790784e-01 7.853477730877729268e-01 9.777841210144707640e-01 5.488576335392602035e-01 5.079197238806809622e-01 8.444768281101820984e-01
8.357954859911224110e-01 9.355092194483410895e-01 9.736987499647652422e-01 6.477467302809805094e-01 2.994002499451615673e-01 5.054801882015452774e-01 2.346545689191651407e-01 6.471724575749726593e-01 6.195640340653523204e-01 1.634651403359314026e-01
9.564914610886268154e-01 4.888988600935297857e-01 7.044008737282877464e-01 2.743312635971986158e-01 8.425125116662580682e-01 3.316558279986818736e-01 4.193187268375554444e-01 5.821036039248097538e-01 5.685306664352136607e-01 7.629845298104174223e-01
1.583512734395901012e-01 2.439571266854085874e-01 2.666393653928429419e-01 7.166786342713459268e-01 1.124237813584353374e-01 6.289963402289636685e-01 6.445464896235210128e-01 5.810277671016718104e-01 9.866187627054421316e-01 1.228469916732314315e-01
9.893595845961465907e-01 5.150626112304372839e-01 8.110015100899099494e-01 7.773440969034379755e-01 4.924963566489171107e-01 7.837189999497078396e-01 5.981051960820952251e-01 2.209303242975524384e-02 4.923694006754449903e-01 3.440823673499334712e-01
5.684489324180497238e-02 8.245128791084632702e-03 1.587183065343711341e-01 7.093697508415446329e-01 6.523817129221269884e-01 8.976709831525175876e-02 1.081714533241372456e-01 7.273004628944225169e-01 7.831017160823458001e-01 6.979063898334215699e-01
3.116265280866028498e-01 1.822031761450736420e-01 2.825010129786351687e-01 1.409542981701344955e-01 2.808845963387872624e-01 6.509372956665971932e-01 9.164989846502837878e-01 9.834682072012841392e-01 4.150914413799012825e-01 3.759922823438816009e-01
8.503893161842057680e-01 6.791265808693880413e-01 8.539778360277023861e-01 1.563661377202046898e-01 2.302455004525547633e-01 5.808674395465919238e-01 2.507574768896027040e-01 2.437100335008857144e-01 1.425570461903360453e-01 5.176318210750636695e-01
3.090531339156564750e-01 7.878395641315463216e-01 8.891477404401219031e-01 2.425943618562611537e-01 6.058413754809320872e-01 5.309059033517989912e-01 5.762234078670519510e-01 8.752022295638967053e-01 2.327771469017532180e-01 7.424830925057854802e-01
3.441483456850019662e-01 6.011340553199049364e-01 7.722831438266920534e-01 1.024300104339243012e-01 7.077706485467240016e-01 8.264366653685516484e-01 1.245087281255157219e-01 1.181341247907313763e-01 6.536774676592209676e-01 8.333041026472474133e-01
3.862145378321735212e-01 6.377046164435387077e-01 8.512135942608023420e-02 8.641069681835805705e-01 1.985806851139862994e-01 7.950686397195120270e-01 7.919202121394175453e-02 7.558367892871915572e-01 3.172031151285878980e-01 7.693793936767168162e-04
8.757417818641164420e-01 6.451125114661016013e-02 7.284767606908441051e-01 1.401464246215686771e-01 8.933764676275677274e-01 6.668728196594173596e-01 6.782860524492719811e-01 3.062999870009918135e-01 8.800401495328705748e-01 7.388110647662543551e-01
1.226810911969531404e-01 2.694833877356672680e-02 5.275713897756763027e-01 2.183512202257924528e-01 5.611246311870801140e-01 6.110601897867672383e-01 5.742660089992255301e-01 4.164042656283977184e-01 6.407049739705052982e-01 7.156449227764194454e-01
3.940274079284085129e-01 3.942151808490226284e-01 9.124507723270601778e-01 6.260454788384386404e-01 8.978683823894861860e-02 2.919330303393273818e-01 8.636158717099722271e-01 6.157904243724665605e-02 1.890886706839483011e-01 4.227502511241421068e-02
7.100367658202807464e-01 8.943339579318139165e-01 3.079329427912669281e-03 2.995153900102540678e-01 3.053180847714079826e-01 5.608909709402297716e-01 9.149136447785352066e-01 3.773811132039648353e-01 5.895439649960972917e-01 4.175898732835255922e-01
6.131519200626285304e-01 3.332927575387236718e-01 7.118554883304173408e-02 1.997016883963382838e-01 9.136327754515657373e-01 7.435610450303158370e-01 6.340236020072507195e-01 3.330669420030165639e-01 4.459281971849005100e-01 2.765966770857462009e-01
1.986091768340788599e-01 2.440356701151480401e-01 6.869255977188154505e-01 9.373418376070591362e-01 8.175725021318696051e-01 9.163396307341126201e-01 3.263990533941392158e-01 2.944681064816201399e-01 1.472897857778260322e-01 5.677106817744556055e-01
3.554181521581831760e-01 8.770677786418747957e-01 8.599748941342818531e-01 8.337032429562781788e-01 1.636127391386067442e-01 1.360810484138915699e-01 1.108243206026771066e-02 4.619554785363116922e-01 4.994857514459638548e-01 6.432232052712705261e-01
9.029315610057576658e-01 7.004747844387975153e-01 4.751311633353257902e-01 1.762845252188413037e-01 1.108725885653983889e-01 8.158169296808237547e-03 4.219433661493422472e-01 8.939309443038654379e-01 8.596636178313743493e-01 7.800674012786683598e-01
7.146924897527684450e-02 2.934739840066067362e-01 7.174687058788473681e-01 3.678890740786803226e-01 3.670304746870132195e-01 9.038167547300884896e-01 6.785895787469684581e-01 4.078787572795401495e-01 6.687913799342635190e-01 9.656029487122560484e-01
9.782226748146671813e-02 2.860249798288277967e-01 3.063782063617556117e-01 7.988766919438307079e-01 3.126255131624536832e-01 9.053059533660751113e-01 1.648363662705167876e-01 2.432406747790798462e-01 3.550800988504015931e-01 4.723775229049937963e-01
8.986629315984119293e-01 4.574297486464228291e-01 1.160107557448185611e-01 4.424613549228866294e-01 9.022275235422111406e-01 2.171050019519902285e-01 4.816353330058587012e-01 3.204415008519775343e-01 8.100811770802831546e-01 4.699679551609307060e-01
3.473337844393936669e-01 7.623545014040574719e-01 8.252237823249488624e-01 8.221022424207100610e-01 6.983896847388276763e-01 7.882784207906816665e-01 9.446643308688476015e-01 5.571864124792524908e-02 7.674498962955101922e-01 6.368147858456223442e-01
4.926416308508517750e-01 3.221423337956305089e-01 4.173037470679524796e-01 6.383698852442883931e-01 9.554780311032842199e-01 2.209598495667637330e-01 4.557305731887106859e-02 3.349768393872544214e-01 2.255355416768857202e-01 8.127499838722962444e-02
2.705382507082848553e-01 7.494933951847427833e-01 9.481136742691373964e-01 4.090831579165942200e-01 7.008412032687053594e-01 5.199507493221524612e-01 3.048474709894636314e-01 6.015860806167865338e-01 2.669608858800331941e-01 1.826654086637968799e-02
5.180647872506821683e-01 7.469211116060744393e-01 8.863986673218614554e-01 4.420883467489888918e-01 8.994173041723311224e-01 6.005771493768563563e-02 2.646668916970279506e-01 3.155641843272770641e-01 5.577392016661034679e-01 6.196906369290314798e-01
2.597614304812957409e-01 8.232400626465825599e-01 2.763547624862296992e-01 1.402972743423880342e-01 3.126164773434166877e-01 1.051158533927137873e-01 5.328893038243369684e-01 9.111806657249166275e-01 6.401198486075114769e-01 6.944180606124230604e-01
9.700705119684450706e-01 9.391123591668799619e-01 9.991556403910423212e-01 6.195195257935407485e-01 3.423617215061879326e-01 4.770689453778402811e-01 4.820841928992491976e-02 3.659101428462664396e-01 4.236634808337811364e-01 5.888887524049771782e-01
6.658009656358913064e-01 1.320112171301313087e-01 5.275691741715574645e-01 4.755607508181226573e-01 4.656150654345230233e-01 6.249870814140078279e-01 5.186037412407742409e-01 2.114412521141233459e-01 1.855243336661713816e-01 7.304339265377622903e-01
6.157121572393859932e-01 2.767035801207679002e-01 8.994888341087797778e-01 3.740164693543233110e-01 6.642139614600082176e-01 9.830344641107747750e-01 1.797325091041279688e-02 8.161267322862840734e-01 3.264373921441313664e-01 2.778871369595227181e-01
9.971526335947618058e-01 3.634380671929614559e-01 4.765701739865569886e-01 7.569512722923010806e-02 6.024157650762123062e-01 9.150325240292628282e-01 3.892223851826522862e-01 5.223026369768877242e-01 9.284352208324373468e-01 1.174048536431503420e-01
3.728491922923652391e-01 3.688915902136630232e-01 4.127696760280726851e-01 9.916979954148749110e-01 4.968078194841010209e-01 1.137143649758155517e-01 9.529503885563872512e-01 5.901490658598610439e-01 6.725118648445235214e-01 1.259405066945300522e-01
1.270036423519337321e-01 3.990527733810885769e-01 2.914678988820532668e-01 3.574742497212318737e-01 5.877646786215188213e-01 9.217828536506141868e-01 9.329209618203606613e-01 9.618622774204547143e-01 6.457055453147417801e-01 9.277309697352790208e-01
5.782887027434834293e-01 5.612271542665832058e-01 6.896409879532108267e-01 6.543490497964519204e-01 6.435603018863588209e-01 3.202906485099926703e-01 7.677487434420996459e-01 1.105483457627820520e-01 6.488433865196371331e-01 6.982002180930717561e-01
1.963307579832429539e-01 4.530552489501437075e-01 9.787361746928743278e-01 7.686803455995289136e-01 8.081896417777748587e-01 7.313320953950908088e-02 2.829698046999200578e-01 7.331875645641816597e-02 6.473128486056366482e-01 8.734126501582395452e-02
2.518399265641015905e-01 2.659851289186025980e-01 8.102474227253230188e-01 6.392612136743323070e-01 3.502684937217365180e-01 6.643093437870213336e-01 4.669067576811017917e-01 4.165370605449913999e-01 3.410782961836378302e-01 2.431365819929472982e-01
7.304199439512942815e-01 9.789310746896230375e-01 7.482594570765369602e-01 7.941629073801182992e-01 4.202779561415489473e-01 3.095557346222266304e-02 4.493259713385899801e-01 4.773194000924640967e-02 7.546116075132246470e-01 6.619794143997126401e-01
4.986268542133823756e-01 4.954329765386011886e-02 1.410921314493331913e-01 7.255686802313454642e-01 9.275548032425916523e-01 8.110162110912294553e-01 8.638609846839750972e-01 9.927262596539965234e-01 3.485002588465340168e-01 6.679052282493257442e-01
7.040413876613631494e-01 5.722051607336031687e-02 3.052658888176568164e-01 5.506966713837352367e-01 3.119330194762488517e-01 5.948221311663220989e-01 2.154975578848193907e-01 2.872316337996182467e-01 1.425919843862650804e-01 8.192609168360607264e-01
3.074147472049083563e-01 2.503325746669101681e-01 5.289485748091604655e-01 8.258634884251599972e-01 6.260018459804008728e-01 4.255954085982073254e-01 3.410292556621846716e-01 8.899531803448407219e-01 5.278146515511717984e-01 1.014826587406187919e-01
8.288819295442350077e-01 5.121636401138296435e-01 7.972711585268619228e-01 1.013030713512061975e-01 2.801197376836027653e-01 9.873007711836612188e-02 4.247731512468722048e-01 1.215577602662519796e-01 6.931840595105881464e-01 6.610030525151892045e-01
3.343192651870483534e-01 2.380758686714490313e-01 8.149476752765891785e-01 1.051071552727400604e-02 2.814464383556815053e-01 8.973636426844608938e-01 9.811489710295207001e-02 1.176490165178084579e-01 8.462485915146527038e-01 9.491203135889432208e-01
1.654896166341492947e-01 1.236696060539185238e-01 1.562421891332596013e-01 1.174227675247836444e-01 3.069949751935494575e-01 1.175847678407181407e-01 3.042976844562582661e-01 7.513042108202945268e-01 8.548240564241015305e-01 4.433530890226041743e-01
4.117418697213448553e-01 5.304980403648779097e-01 1.167501380182170978e-01 5.910721127948949105e-01 1.204026269680760208e-01 3.693080232265287810e-01 4.258927895170889766e-01 9.445638166483599774e-01 9.041997446628955437e-01 6.547590860487199071e-01
3.306032777252433386e-01 7.984956978952770790e-01 8.425436571124703677e-01 6.769215053270828397e-01 9.975195769699178872e-01 8.651243844756790757e-01 5.824186494289640414e-01 1.434499755166800394e-01 2.613369880817795199e-02 8.275842658457963630e-01
2.880347688452519206e-01 2.828578329598974150e-02 2.889317273836300437e-02 8.936802324819526078e-01 6.571582688320958265e-01 9.155604901284020158e-01 5.003004694662943619e-01 4.788210277787143809e-01 5.342318336405461610e-01 9.759769797082121778e-01
9.544031553708637317e-01 3.449612154282641896e-01 4.951624004965108350e-01 4.630945491450418894e-01 6.505203562410898366e-01 4.281537630272714834e-01 3.092272028563716191e-01 5.532461594848997466e-01 5.400941810900905526e-01 4.580113664285011543e-01
7.815990219654364024e-01 8.745267534191821790e-01 5.659737035735260546e-01 8.672343214918850629e-01 7.299152246825417745e-01 1.954151044834537831e-01 7.241358110419134908e-01 4.642240418040132210e-01 8.737565753387999123e-01 6.245839238199401011e-01
9.760565561273935042e-01 5.413530002294668630e-01 4.810201738770425450e-01 5.488789306781568511e-01 2.627591581664520115e-01 2.206938199682507706e-01 3.644753656400634423e-01 9.456249285449647157e-02 9.171537401437105386e-01 2.474273715825258124e-01
5.645787509952084893e-01 7.661053045120674865e-01 1.721350010487882054e-01 2.496349460332213388e-01 4.804311607286260166e-02 7.797145644587719637e-01 9.898996036784615260e-01 8.199035164191552649e-01 1.383440852876499649e-01 7.219205932118089031e-02
8.544213393746695751e-01 5.996061051466448077e-01 7.953869784860819747e-01 5.706296192970062853e-01 9.352681864117267097e-01 9.193318107504490078e-01 7.216717197104449699e-02 9.581730657079863267e-01 8.460354304177899465e-01 9.822616985967613790e-02
7.084388053267280938e-01 6.659234442463332071e-01 2.397055946320839626e-01 5.470586879483642084e-01 8.651770755074137398e-01 9.701638992237023862e-01 7.072338707020050519e-01 3.967143772883684472e-01 4.938825950674753384e-01 5.350724014201835299e-01
9.376039390907870974e-01 5.020028067799264804e-01 6.752033461264441705e-01 8.883426999310084504e-02 4.742992558584835372e-02 2.610613579361342751e-01 6.793899564916182632e-01 9.861987668871469159e-01 4.733679427527809347e-01 1.508452957848672726e-01
8.370867898826239717e-03 5.181659997486186553e-01 5.142427761763890270e-02 7.980807041984800954e-01 9.970877596207702309e-01 1.527621713799258707e-01 6.309822557817891253e-01 7.348446393075841465e-01 9.956910334744850655e-01 5.083506310649168469e-01
3.986159976813002936e-01 8.591300759616751215e-01 5.070146828721758814e-01 8.699411328687208789e-01 4.448613552280833439e-02 8.459149791363695936e-02 9.932799414087116752e-01 6.108554483089976284e-01 2.042867677241808622e-01 4.946244171194612571e-01
2.695979189791686270e-01 4.132103524396044669e-01 4.736101879423733063e-01 3.180706244320387066e-01 6.674458376796694736e-01 2.129611085165507012e-01 8.560104085716720990e-01 1.089528466930468342e-01 5.103321575753294592e-02 7.452608443743173883e-01
1.157787687659952436e-01 7.001284444211230973e-02 7.319663030375498369e-01 9.155932947259443067e-01 6.927852800859590765e-01 9.483738420003378078e-01 3.009189272906899193e-01 7.554729264235798825e-01 7.348809431827463268e-01 6.376266715929581608e-01
9.192936197322133518e-01 2.631343551947517012e-01 9.359489890426179182e-01 8.008983835553229458e-01 4.735772780499601931e-01 8.012763121265863431e-01 1.764836853511070336e-01 4.152272714499258832e-01 7.215176120476811672e-01 5.761859371545037245e-01
8.155347899294796976e-01 2.622495721062615415e-01 1.298713630291982168e-01 4.137473693352523574e-01 9.825625039986640719e-01 6.478606112052764932e-02 9.066733917659021147e-01 5.087422526479367102e-01 7.340225470823623644e-01 4.128196967791892824e-01
5.129847356489475318e-01 1.282281517775959445e-01 2.092048890885819246e-01 9.286988050787674531e-01 9.456207004945524908e-01 1.906252459549743206e-01 4.236766864125672827e-01 2.573463065234669056e-01 4.095094604052949006e-01 4.680859323218584667e-01
3.657573498026882586e-01 4.717548334135749366e-01 6.975040755335665255e-01 9.159350536127583986e-01 4.467913846231430508e-02 1.894892894059029276e-01 7.654812658699431394e-01 7.159310155908994444e-01 6.098354828004109995e-01 9.938233831489629022e-01
4.204494291496664315e-01 6.261743567649626918e-01 8.866784712518577249e-01 3.846219656419318511e-01 3.359954442361086091e-01 9.875075159452377793e-01 2.083912189583777552e-01 7.988421953066725534e-01 6.686937976087412583e-01 4.782751492555215034e-01
2.825713672311119806e-01 2.918965744320876077e-01 8.690285672268330819e-01 7.718666372541718168e-01 3.097802015893353911e-01 3.753520554110540974e-01 1.483438311792535380e-01 7.206367604875671962e-01 8.142901142118459390e-01 2.272655229497841933e-01
3.576512310287833785e-01 6.360072235943076135e-01 9.948501695305418391e-01 5.525395419441858635e-01 3.439064417992820921e-01 8.494963637937559264e-01 8.690963692991537926e-02 6.893085128412131946e-01 2.933655595856630161e-01 9.073936621555148685e-01
2.085586634668997741e-01 3.361841002440039139e-01 9.748757802814692619e-01 7.207147219620725354e-01 5.537911975645922746e-01 4.896039630330827341e-01 6.252667283568815737e-01 2.643575941609512814e-01 8.038888282203350277e-01 8.258949147100930199e-01
2.813450018764751537e-02 7.211045261631606751e-01 1.558681582209477945e-01 1.186263514358348869e-01 6.150523979162506594e-01 8.989040525738023479e-02 6.716328104740271199e-01 3.043269906573112804e-01 2.034521348419351394e-01 7.026842866403675281e-01
2.034634500191717654e-01 7.611783135630991737e-01 7.006665876981218455e-01 2.908092990785454690e-01 5.933430224341240677e-02 6.764846747440866892e-01 2.136532721504614818e-01 4.471319864828918744e-01 3.402703375097263505e-01 3.255578576385719236e-01
9.985404583909595067e-01 5.789885341623932646e-01 6.130938338735794080e-01 8.309730661959701115e-01 6.894419747558515610e-01 7.769430467750101377e-01 1.466052105405771799e-01 9.155629702583161222e-01 5.132459860776239502e-02 2.647722784293635723e-01
5.474379739025252434e-01 6.338011618651439028e-01 1.820173487849029437e-01 1.448040289746376219e-01 3.378516510263873673e-01 3.254991270506849554e-01 1.755452690331593679e-02 6.356205408595787532e-01 6.711572858012725407e-01 1.284838683180272723e-01
1.454716169955180272e-01 5.852820649940905229e-01 9.961782710264024399e-01 8.702381916709782672e-01 1.495424265544923470e-01 1.842371078814041274e-01 1.951080764856467642e-01 9.580057977668319236e-01 3.736870465967736532e-01 7.976466200278468088e-01
5.757621248900494093e-01 1.346958862354200592e-01 2.077373103354420714e-01 1.182833620205129277e-01 6.777561895199457620e-01 6.199737661041193615e-01 6.189353203654630597e-01 2.973586550115168148e-01 6.896915169490647202e-03 6.861385946165280414e-01
6.494796522230456004e-01 6.982284240800303854e-01 8.894198252362305324e-01 6.002647092492452430e-01 5.584936979119190514e-01 7.823962096537717681e-01 2.348217268563767002e-01 7.571705310748848561e-01 6.442023048359635240e-02 2.687893315683150819e-01
1.025429023832006292e-01 3.223805676608083592e-01 1.207992834360007706e-01 5.811877470906644527e-01 5.333301924734503707e-01 9.167756783349749750e-01 9.757128430479176107e-01 1.953074035113999685e-01 6.396821395278466937e-01 3.769935634404993907e-01
8.236423530628157463e-01 3.240179355935667305e-01 9.231880095771284322e-01 3.218425105736189007e-02 9.931594173849668250e-01 8.406236238312276843e-01 5.099184280531771085e-01 7.981981762094317867e-01 4.447364320060742671e-02 5.642912763636022122e-01
5.828505535481798283e-02 5.808322422712434152e-01 6.056946241968789169e-01 9.067118966471490182e-01 7.327876025315546160e-01 7.354484984084251886e-01 8.018110862449295828e-01 4.826671202571441999e-01 5.529915526629496370e-01 3.022392335122744411e-01
7.992318408334943003e-01 3.371140810387801556e-01 8.170583762634492375e-01 8.873353222380767624e-01 7.641116924795553489e-01 9.232408993633686167e-01 6.564952125664870186e-01 4.380608642188694724e-01 7.914597140297520150e-01 9.892915224090339521e-01
5.721545922546161789e-01 6.873506296343145916e-01 9.627976228016820182e-01 3.344388004897386191e-01 9.638140968506808681e-01 3.791771790503235540e-01 5.565690180552083088e-01 3.495204726810438034e-01 8.524537996317205213e-02 3.618490791606437940e-01
8.048497567654852025e-01 4.397810206033285763e-01 5.246603057497912781e-01 9.859375069432977368e-01 5.591157977001920409e-01 5.394554998531264633e-01 3.207335859448751103e-01 5.248988117984021429e-02 8.306696322843808433e-01 4.717881517636778321e-01
8.434157423946346821e-01 7.393971577653036809e-01 6.122611483934824461e-01 6.705167532083233795e-02 8.277202617823717912e-01 4.345899452970198862e-01 8.989714252511726844e-02 1.434817130025121124e-01 9.662466787041270599e-01 8.367920713700236490e-01
7.979096517698218705e-01 2.740662136964844287e-01 9.304678879548172743e-01 5.484085737489926560e-01 6.089683001655247230e-01 3.825476522227100329e-02 1.856886125196812731e-01 9.248378040130810218e-01 6.728083900255862337e-01 8.990000116208154424e-01
4.904928279692171156e-01 6.430648634379267925e-01 9.202301654802458319e-02 1.486635372698441593e-03 8.228402810716662907e-01 6.986108663297682098e-01 7.846268435536263297e-04 3.588681947421219487e-01 4.265548673301389204e-01 5.240530798221149089e-01
7.633412587547133699e-01 8.183191898230892658e-01 7.486443994558765747e-01 5.526627367883764075e-01 2.572396163282320014e-02 5.619107734326015402e-01 9.071230167632782226e-02 6.582947160345072879e-01 3.317335251669540908e-01 3.669190738489036541e-03
7.024324436899220814e-02 5.339556503483435801e-01 3.732568767811306198e-02 5.559817570110969775e-01 5.522140478878071468e-01 4.299836486211996434e-01 8.393531133467433403e-01 5.688094176506516275e-01 1.398764237887879514e-01 1.763953177545922735e-01
6.085883681323607242e-01 1.289807405956068243e-01 5.208790383168747651e-01 7.149117200290032725e-01 1.181830973334010437e-01 8.110695465279071925e-02 4.464073849037221153e-01 6.825885889296244846e-01 6.036784734686606591e-01 6.525817086704960301e-01
