5.635838046772517762e-01 6.514316428132850278e-01 4.798953187484046312e-01 5.579892275286059133e-01 3.764040613577042116e-01 5.009463159120585152e-01 2.166229449807103302e-01 1.776929421234043627e-01 7.806422843030191849e-02 1.447684295090844175e-01 1.694809398567735936e-01
1.624422511634266986e-01 6.625779601876213842e-02 3.092700689671884495e-01 3.169044859840223216e-01 7.679961387577143306e-01 8.752314372921481400e-01 2.368008843487822146e-01 1.183691414215208848e-01 3.592994663994522053e-01 8.859426523227612593e-01 1.601249260354277171e-01
4.801981540263623449e-01 3.959027581325891276e-01 3.959730930702440865e-01 7.705922634444131170e-01 4.754749244565086297e-01 4.373914906230358390e-02 9.656429694878554404e-02 3.000801202701086634e-02 9.968625090814260403e-01 6.533364443097035013e-01 3.320435373991456052e-01
3.230949679355794579e-01 2.100863841135920396e-01 5.695235807572339715e-01 4.099392662073662041e-01 9.625076243105896712e-01 7.232009001155923489e-01 3.176130543087446467e-01 6.481595956488894750e-03 2.420589477001511280e-01 1.040368968583536002e-01 6.926206307833310261e-01
7.059730880800946240e-01 3.396000342132253769e-01 2.036777314382185455e-01 6.468670868396197982e-03 3.755218195460048314e-01 7.802080165635123521e-01 8.208485100936386836e-01 1.067568170610266876e-03 4.495718913829154229e-01 2.969799404870047121e-01 1.805620336874469434e-01
2.059897711589061542e-01 3.751682367778341742e-02 2.941971796616141832e-01 8.287518242113832700e-01 2.568016953896203880e-01 6.791780147063664064e-01 2.443904003698749161e-02 8.833185967179566500e-01 2.779869117367156361e-01 7.515370269808401282e-01 7.135553249108419482e-01
5.730555672177309878e-01 2.408229030290186534e-01 2.056931689909023975e-01 2.953445499578880584e-01 2.648566198218863521e-01 1.844436192151993614e-01 1.883068120271944590e-01 2.995990890204436319e-02 9.660346581139501732e-01 2.830083119770836486e-01 7.804312691741488450e-01
1.382054492806551460e-01 8.587663049963605300e-01 4.310880261234522060e-01 1.678041133606223978e-01 7.022222993712216033e-01 7.862328153315367718e-02 1.507985728703565842e-01 6.600104321114256267e-01 5.166860311574107412e-01 3.051810819174284317e-01 9.190446665556651906e-01
9.606595441726822893e-01 6.426063910552762826e-01 1.587628158048193239e-02 2.294753926593839921e-03 5.193075270591631654e-01 2.642515895838903894e-02 7.249427588182888460e-02 4.414864093111010579e-01 7.139889298092443326e-01 8.541977303534741273e-01 1.213943440139371166e-01
4.025138612392369364e-01 1.041643991875785824e-01 4.082121592671561494e-02 4.977273485113992146e-01 7.325617900276701899e-01 6.728633565669194239e-01 8.303976244540057783e-01 6.840064000885810458e-01 1.430403505777128048e-01 6.858807655196503816e-01 4.414408995034989625e-01
5.937952841465895526e-01 8.863882863746683771e-01 7.413993897103143826e-02 2.444345644631358283e-01 2.444217076317617421e-01 3.864326210602351264e-01 6.397990018969569315e-01 7.229623437108718687e-01 2.571443947550380305e-01 5.461762315249906186e-01 9.394277439004321550e-01
6.943920652113999559e-02 4.920780768007164685e-01 1.407769500835764909e-03 9.882374684685250044e-01 2.045832355257007906e-01 2.031924102568236634e-01 5.933461257635062047e-01 4.029058526446253063e-01 8.856828581435471914e-01 4.106422223611236877e-01 3.093093691347128527e-01
8.480666230310803799e-01 1.921620373219441458e-01 1.305611218873397039e-01 1.445289752001170935e-01 1.280518739190343869e-01 1.701969537341111449e-01 7.467051634500023738e-01 3.370518264058877111e-01 4.488275862765189750e-02 1.987379258199121201e-01 8.363191557680622612e-01
7.061300119978894951e-01 4.818204874648116531e-01 3.388729592577007788e-01 2.914581606360080457e-01 1.609306848515300592e-01 7.486753639289780438e-01 4.511672699957075539e-01 2.100359081809599626e-02 3.970907019496778823e-01 5.633560835693107727e-03 2.669939407804864384e-01
9.058669092313628157e-01 7.333524938271618332e-02 9.803047216519986673e-01 5.321172857395399802e-01 4.333397968997123595e-01 3.558310197985656842e-01 7.786702565295565703e-01 9.961017338346330741e-01 4.019553600640733970e-01 3.892709743527653643e-01 7.494991950916706225e-01
1.084306480943865170e-01 3.515535870544251873e-01 8.638885863331158266e-02 5.226108014360665299e-01 3.474926167084274597e-01 3.835322566508666542e-01 9.454897897989313904e-01 2.982637424415846006e-03 9.542555168681978728e-01 8.670373311635408697e-01 5.598971567510901970e-01
9.860887522987445974e-01 4.621157294866783394e-01 6.066454212596545936e-01 6.672252499457353991e-01 3.832282299925210411e-01 5.331810112893456965e-01 8.358319174278847630e-01 4.937209893933962590e-01 8.267910996123852829e-01 1.506838856628889278e-01 9.354930051805739888e-01
9.691471461303083901e-01 5.990825771927771326e-01 3.754718598316859612e-01 4.184657183185030993e-01 6.856890988385868635e-01 5.719183776944796183e-01 4.808067521284585810e-01 4.216284190454526737e-01 4.275732674434125080e-01 9.461942988138619670e-01 1.226472292547384768e-01
9.439121341945455601e-01 1.350663157153847438e-01 5.309096083707873781e-01 7.920761883137521497e-01 4.280733208318499017e-02 5.045024337332625342e-01 3.122750166567995755e-01 5.118571807351698366e-01 5.564707279127260042e-01 4.428208911897746347e-02 6.494627138950409551e-01
4.447392059037291734e-01 5.949244653650999082e-01 7.448873159575638558e-01 4.458623948541390325e-01 6.495374745178295051e-01 9.169702592468864655e-02 1.016844174577044013e-01 9.440422410691211574e-01 9.993790222645817511e-01 1.833609407559838589e-01 6.850980528447128126e-01
8.823596539464588773e-01 3.790440201898434003e-01 4.170714557282366730e-01 7.782128125699890875e-01 2.591027727992800678e-02 9.364769632138085775e-01 3.108252695091756612e-01 9.296558056055470587e-01 2.307503534763488684e-02 6.525127402615668037e-01 6.944950866715617899e-01
6.212405343683133907e-01 6.174963707951253156e-02 6.085306928369856871e-01 8.386526057311141091e-01 2.730343999635055363e-01 3.071284714107883618e-01 8.678000758943585913e-01 1.175040763359175289e-01 7.131264066530157431e-01 9.993515445318228441e-01 9.958531078876317055e-01
6.231017598642307753e-01 1.996052036198516788e-01 5.925075713417811141e-01 2.151465972162670548e-01 7.623315838238252651e-01 7.174383540272326609e-01 3.420065555565695581e-01 3.807608356240843595e-01 7.668467247279626697e-01 7.350142692113669218e-01 2.518528484637782006e-01
9.347572689033519788e-01 5.250665831860160671e-01 7.168543922267187618e-01 9.966110910085084207e-01 6.462389983973557683e-01 7.861872752706029477e-01 5.326287462567175224e-01 6.388952039930428928e-01 1.491695319275014864e-01 8.541615580451078493e-01 7.104669534980303514e-01
8.650765743242249117e-01 6.751959427054849971e-01 8.831298708913138951e-01 9.236060260009881784e-01 2.011916616757526421e-01 4.731023189711218713e-01 4.596293076236223074e-01 1.744105640052218131e-02 8.708823350525117801e-01 5.646550981176715611e-01 7.452559321803856607e-01
1.529341604370026975e-01 7.717134980750255391e-01 6.234110449035129564e-01 4.566113286914297298e-02 9.178528866758697280e-01 1.814897937355419710e-01 5.227384798732515048e-02 4.240928080469941186e-02 7.074901763771113128e-01 5.118474915630100153e-02 2.485252484797262351e-02
9.294116069618496567e-02 5.262966509067913412e-01 3.970224596850255860e-01 6.635009562651303927e-01 4.928695589353147000e-01 3.727678861610221883e-01 7.604331674562840870e-01 3.085251681022314063e-01 9.133340688404285590e-01 9.265750164577113424e-02 4.875539546772776900e-01
6.556974109544794205e-01 5.928857303718052529e-01 7.001333949349246577e-01 3.021512749978042534e-01 9.721465664826075548e-01 8.498942253571397654e-01 3.153567573429320037e-01 4.008901780635000245e-01 7.972623127071897242e-01 9.361519043146326879e-02 8.407963382318577317e-01
9.166558572132847971e-01 1.289299736916761363e-01 9.067643551369737320e-01 7.306218148764824782e-01 3.055544755639653109e-01 2.146467960897989746e-01 3.827013595480798225e-01 2.927236866908505819e-01 6.171021098226844304e-01 8.072933481161275182e-01 1.804375450901787303e-01
2.430041154947043536e-01 4.345537233164296076e-01 9.623608585691895145e-01 4.936336470583992941e-01 3.206479008570880529e-01 3.063253619980410569e-01 1.311923542777093665e-01 4.982950773876818618e-01 5.018189549547416028e-01 3.730177056089889476e-01 3.844185706995891794e-01
9.805676529264045760e-01 4.034488660494695011e-02 4.594709531748897291e-03 6.366245563671533159e-01 3.872629177224713448e-01 1.028542629408604192e-01 5.055149989081053619e-02 6.273112505221218882e-01 9.072546813562848422e-01 8.728184131563295756e-01 3.037808485853369378e-01
8.727934383400137719e-04 4.120106155306824114e-01 9.299387942120765915e-01 9.012474999021212740e-01 9.290372324135687254e-01 3.895233285365207188e-01 5.498458159951854496e-01 3.918057529885397017e-01 6.992764851405214310e-01 4.753209991721463190e-03 2.586820041970784301e-01
7.885874118313384029e-01 5.864611636891536861e-02 7.547554283115269769e-01 9.759821314885848142e-01 3.926807531584586286e-02 5.581349913330010404e-01 1.155774912033336044e-02 2.513723211605878305e-01 3.700427963044283786e-01 1.770280144034364067e-02 3.416395909829882394e-01
7.482289376137531978e-01 1.014464873715041904e-01 6.600968387755234978e-02 5.240747144301975968e-01 1.987155771240727287e-01 8.752719448198261754e-01 3.311893738281223021e-01 7.943145471913019007e-01 6.912864455252246687e-01 5.409167148064175645e-01 5.953201305112584274e-01
3.329031895585272682e-01 9.500235352736059458e-01 8.519816405204464482e-01 4.296798703926599794e-01 6.219903352199214197e-01 4.631226461626178903e-01 1.799384109755211014e-01 5.152881460914302547e-01 6.624152256224196123e-01 4.823824506989745631e-01 1.907399902320660035e-01
4.010671323604164673e-01 9.231214441771272705e-01 4.528121507869605766e-01 8.484537467550390399e-01 9.814832764575978086e-01 4.392738564880148688e-01 4.848140379110201792e-01 9.075847139552495335e-01 5.909985680451248502e-01 1.522776566401762288e-03 6.732037675778002050e-01
7.338981447856207652e-01 9.734978727000155319e-01 5.974923348790938116e-01 3.159788333997881615e-03 5.071684676153022098e-01 5.742644974189405893e-01 8.360199483404785470e-01 9.164002185122438471e-01 4.431882092386395522e-01 7.274985852397064523e-01 5.051442910208755466e-01
3.632707852440328899e-01 6.206911350097583657e-01 5.075472918504614350e-01 6.396819996388738438e-01 4.121402494703254593e-01 8.406095256771556334e-01 3.511519880438080943e-01 8.994864157424872220e-01 7.149352625981291176e-01 4.705876296874280662e-01 9.239307892189274618e-02
4.116532284366317684e-01 5.030661323420362319e-01 3.034768151627307287e-01 2.510047535469323021e-01 4.139112642919734464e-01 4.427495267806007551e-01 2.603351853157681584e-01 4.209532981236617788e-01 5.182238947911790294e-01 1.531724752457795935e-01 1.557104849687691583e-01
3.883967173328418676e-01 4.820403462394732275e-01 3.537841207965882750e-01 6.271601928201392395e-01 4.890286363579221529e-02 7.029144819426502711e-02 7.237733852938746937e-01 4.298636327178901873e-01 6.435713678324557208e-01 6.356922883102678057e-02 1.459969501349226428e-01
1.868403812741307179e-01 2.172154346929286994e-01 9.891841571774760977e-01 6.806217110016626881e-01 6.691262338327883530e-01 4.173893077178387756e-01 9.585662358659642335e-01 7.673192165068662973e-01 4.770628786700382706e-01 9.061784752469528303e-01 3.718918787721926522e-01
8.350600324010976072e-01 4.551182126285173712e-01 7.393152807243233982e-01 5.889601020933550313e-01 5.885091689879071719e-01 4.080673075291358920e-01 5.180434175631180027e-01 2.757362462145952486e-01 3.487007948824443204e-01 8.161622834547556105e-01 2.773704583968777948e-01
7.081511511931526393e-01 6.859537809093927407e-01 1.066206356164245417e-01 3.854398214213905494e-01 7.782242247860571283e-01 4.578938532935180605e-01 2.447932507157598581e-01 1.292690440203606572e-01 3.804044087336930779e-01 4.055212230834437381e-02 8.754113424768763529e-01
3.378584521360972204e-03 7.667727647342277297e-01 5.422363456830313622e-01 2.580603544122156423e-01 5.589019527059503334e-01 4.837423432183527439e-01 3.238574055690688347e-01 8.229759935208570409e-01 8.224924502881154620e-01 8.933834378490153050e-01 6.806757055506392762e-01
9.838839215427226392e-01 9.353515558653014983e-01 7.992045250888776264e-01 2.962407153371433566e-01 1.125696117579962907e-01 4.264110870630410943e-02 1.528013114771133996e-01 1.409596253932138277e-01 1.786443277012073061e-01 3.699394662282593504e-01 1.201604291950469916e-01
7.222031276523566135e-01 8.321120527792066346e-01 7.868468759495754750e-01 1.849025558111673240e-01 8.468187296546937359e-01 9.179721858998823869e-01 4.956083764753727028e-02 1.676359470042497746e-01 9.038297458726995970e-01 4.383867943048320726e-01 9.048887061967225698e-02
9.496914583835299739e-01 5.252357128453911672e-01 1.624638977804983009e-01 8.078586238498428607e-01 4.397025318543448247e-01 6.514863340813402681e-01 3.955101816240469415e-01 6.894708230603447952e-01 9.768080402091594561e-01 6.042768944269152342e-01 3.279747475018586211e-01
4.021315519264926364e-01 3.557392342746086289e-01 7.565010789654920131e-01 5.074341681749904298e-01 5.281618621142156744e-01 9.028697522571726974e-01 9.381021913086968755e-01 9.606969265411677839e-01 1.937058535196548581e-01 8.070794905317479895e-02 8.379930490214924088e-01
1.172950513254455984e-01 3.503350186113740605e-02 7.054164137834951775e-01 9.209798068016898931e-01 3.826309305983156550e-01 4.390832778034010619e-01 6.532495599386541896e-01 8.316065767749462045e-01 5.003765291627511047e-01 1.499175541391676303e-01 3.980133476138325577e-02
5.414806553379492016e-01 3.727215294727705963e-01 3.255405924498532277e-01 6.996571989492661459e-02 2.933178775472152777e-01 8.856506795091015904e-01 8.630204642091344747e-01 7.543170560692261661e-01 8.881217517647228554e-01 6.069992039548451901e-01 8.925065494208985761e-01
8.986851110292881639e-02 5.069016550438387725e-02 7.065240989480231493e-01 8.645535070437022629e-01 5.660604420008146231e-01 7.422543258299296731e-01 3.041682337730698960e-01 9.367365774170972603e-01 1.730705722040488670e-01 9.388748189044631154e-01 6.125564336258646492e-01
8.618480171675395596e-01 8.774985303764804012e-01 2.431858908442587897e-01 2.611818203644161729e-01 4.404807100213440352e-01 7.297686496214592644e-01 2.076980363343906566e-01 5.647440029270739403e-01 9.344921863168285103e-01 2.694038209896109093e-01 3.565852430307520082e-01
3.136107974351454164e-01 9.082606759284916897e-02 9.921522687519085393e-01 7.365586984523279090e-01 2.916266608567574803e-02 3.009818286356050754e-01 6.074596851517195528e-01 3.755213408413076159e-01 9.050716958770884668e-01 4.155398831997446640e-01 4.424123027620506798e-01
2.884632829557154388e-01 5.997306906206467669e-02 9.484537325827931964e-01 4.226123844223492743e-01 4.877087939901061375e-01 8.348267406243061739e-01 4.098488211043507246e-01 9.187514421728421032e-01 2.224854668196943885e-01 5.035416051639941548e-01 1.324619750865274614e-02
5.052070794543884746e-01 7.406800006940631453e-01 5.219556576597687014e-01 2.737526910061219843e-01 4.935603691178525043e-01 5.991387958836420502e-01 8.381998176726054295e-01 5.716101826437648414e-01 5.203966280250259535e-01 7.580906310824587768e-01 1.479581442035667882e-01
3.885836600582449618e-01 5.073123960520673492e-01 4.546006248852715315e-01 5.482461061330281549e-01 5.144796302539311750e-01 8.285526389727522201e-01 1.709040533461234634e-01 5.044629360262719020e-01 5.191819505220506281e-01 2.392485131486394856e-01 1.456199456513849189e-01
6.044886154117411481e-01 3.422568409418977886e-01 5.193878015623332178e-01 3.180629542566364432e-01 2.854637921514094900e-01 4.920457327471849940e-02 5.849789528343944944e-01 1.492931387427867129e-01 3.740856541188287698e-01 8.522200840119750209e-01 6.486684650116084638e-01
7.169647456445479294e-01 5.273957143674333770e-01 6.438959152071388470e-01 3.388147567919299608e-01 9.844701568431322158e-01 5.097416471648661407e-01 9.199064542284788315e-01 7.592476568164279183e-01 4.448314817470699900e-02 4.870641868116456497e-01 6.776624442897556388e-01
2.955057418209052766e-01 7.758821082392188817e-01 3.455694606541036551e-01 6.140464562840397544e-01 2.519923678358867436e-01 6.318171716079948874e-01 1.734994077641840438e-01 6.116050795760108461e-01 7.359561281222348761e-02 1.680361806763955856e-01 7.085429513089892550e-01
6.763810700109336160e-01 8.973837863974298834e-02 6.634389606202278911e-01 7.522621796015676043e-01 4.894276974355327159e-01 8.370534684108925649e-01 7.847288301762010976e-01 9.664352918663232650e-01 7.855578325094902947e-01 1.348117205402824537e-01 1.996659760491498181e-01
1.663105623999717730e-01 6.575103877466875746e-01 8.372518145051305316e-01 2.689536296978348728e-01 1.183477192746509310e-01 7.505551481231119704e-01 5.130255622564006135e-02 5.282976124692466691e-01 5.416689469475003404e-01 8.342810699079677983e-01 6.926237703079028973e-01
7.498405014129101431e-01 6.284727330753343555e-01 6.062285176223346506e-01 1.831032277726293289e-01 8.592588444430425687e-01 3.618905411424644392e-01 1.699389463319117555e-01 6.489194886324703981e-01 4.654161121651447797e-01 7.296132291900437883e-01 3.612076610977776880e-02
9.725913673989912134e-01 1.390330076521510971e-01 5.687720410896190959e-01 6.082395485341338670e-01 5.562339931012688643e-01 9.618399752817995418e-01 6.904159156798080899e-01 8.287708530904326354e-01 9.521262859947277057e-01 3.674619732858820376e-01 2.933167877034785764e-01
3.821789556370306373e-01 7.047972163948389435e-01 2.541157691591532375e-01 3.309496986850690714e-01 7.852217923903738184e-01 2.082532460939224839e-01 5.146925273120794841e-02 3.815370667272839356e-01 7.653578191558295662e-01 8.758870113647699851e-01 2.511415057894250680e-02
4.467382594436509757e-01 4.704807476311390069e-01 7.421918067499890803e-01 8.758736372722685237e-01 8.051134660506125140e-01 2.763198799371052727e-01 2.992032721356203684e-01 9.480389497962482537e-01 9.219224030828117034e-01 6.013288288935174641e-01 6.445395982930817169e-01
6.238041855070559638e-01 7.137146913184717612e-01 8.187743734506780502e-01 7.914551545332904059e-01 3.163652457052630318e-01 8.606835868443136750e-01 8.438457402977919131e-01 2.489461711752831707e-01 6.633792889209889632e-01 9.670524673745002353e-01 8.139403585880751191e-01
3.766693781637020511e-01 6.868937182823201537e-01 4.152940995658560563e-01 4.581029309728983367e-01 1.429115642042853018e-01 3.602280205477026431e-01 3.984146745745416052e-01 5.082720067075686687e-01 3.045982355653823470e-01 6.615521868226345026e-01 6.044510783557460742e-01
2.114681407997954787e-01 3.245907841311679309e-01 3.673707395947145571e-02 9.083051338969413413e-01 2.526689167633044963e-01 5.236378575756061027e-01 2.269197308641718314e-01 2.364447750319084163e-01 8.702990633183579350e-01 6.890614952521494363e-01 2.271733630877685872e-01
2.909205190699982735e-01 4.225396108782706328e-01 5.171258203941815346e-01 8.214467481180686148e-01 2.342299449189860772e-01 5.872436983891217155e-01 7.831086224483194691e-01 7.983933662437958656e-01 5.284516342690848134e-02 5.423421467572101529e-01 7.312505039423247144e-01
4.610338754498275460e-01 4.070343497737050065e-02 2.889429907625434835e-01 3.798829877043542469e-01 7.228886497519891874e-01 8.183141846756704085e-01 4.000715150041067592e-02 6.365624266628019390e-01 4.518359109392854345e-01 2.083046116871053455e-01 2.036825438273707212e-01
7.679886448631332296e-01 4.960431237648351699e-01 6.208960654490688347e-01 6.264331004294182437e-01 3.193927469687390941e-01 8.726542824522383057e-01 6.476288428968657307e-02 4.672728815128354141e-01 1.983301402898965948e-01 2.627291237787883205e-01 6.271744714535278931e-01
5.163624941816368219e-01 5.620782645576031245e-01 8.176268789806160342e-01 6.437574985176737208e-01 2.509517417030993069e-02 1.035061208001294419e-01 1.769992904129175093e-01 9.170546738239238049e-01 3.367630450372105511e-02 6.526981229241491933e-01 6.227877934025016771e-01
6.885564940353752217e-01 8.383565253485844027e-01 6.624275300480064743e-02 2.858487812194523414e-01 4.032222244865130145e-01 5.439585880236708082e-01 3.044039167405653279e-01 6.568368613441865067e-01 8.290300121609475159e-01 4.430471242670205312e-01 1.558034064979514355e-01
1.379185675996515981e-01 3.462267584589509006e-01 6.762998429171138692e-01 1.966970428330592213e-01 2.137642960096595157e-01 2.822158605377722562e-01 9.733218697948029519e-01 2.855591957667713565e-03 1.248768598485833214e-01 3.442851506435358200e-01 5.343912109455521975e-01
8.939254985237204965e-01 7.053705052254133356e-01 7.898164369338601665e-01 8.768940070416429977e-01 5.906898573979724176e-01 5.973156274609797700e-01 3.183974562261812080e-01 1.863693134446463562e-01 5.712019964192307508e-01 8.732838163958450695e-01 2.541942581617347985e-01
9.120836396089706533e-01 4.747217451253852305e-01 4.127381207509909222e-01 7.547419427875550202e-01 5.082590874017877125e-01 6.375272811807436435e-01 6.143173034394746601e-01 7.637605206128429414e-01 2.322213070382250777e-02 4.572948062655650681e-01 7.281955928542390710e-01
1.575259300168955212e-01 5.717417706135585753e-02 2.341256363824365527e-01 3.078556186041353504e-01 3.796767243089016475e-01 8.278403684444102240e-04 8.285450260627823527e-01 4.491690009550062257e-01 7.341500428549077029e-01 4.665062853088900452e-01 8.350308389827634237e-01
9.807567321699873775e-01 4.653140615089407239e-01 1.417928440754538943e-01 3.858674115303418750e-01 1.196759690153700317e-01 7.302563861811751655e-01 3.270385363238423881e-01 9.389671164605934983e-01 2.775147485155959881e-01 1.884698113205489634e-01 3.721604981667341328e-01
8.575783966794072732e-01 7.398617327564285251e-01 4.374131375398851995e-01 2.752122888287189539e-03 4.227659897348385876e-01 6.527128509317002836e-01 1.361373789197266593e-01 5.291071462575051010e-01 8.842720330569914244e-01 9.515023188391558140e-02 7.119117082966824883e-01
4.841354858181313725e-01 2.483772011989252571e-01 1.512267489203065196e-01 5.181365273508165004e-02 4.677041512724755545e-01 6.693910616374969536e-01 8.046191999775459402e-01 4.376251454855548673e-01 2.605432593228493854e-01 8.309787823084624492e-01 6.840165287564319296e-01
3.752264030321661448e-02 3.563217470175644719e-01 4.003451136247310194e-01 5.174139360834169032e-01 1.350685400063683650e-01 6.256903075571405015e-01 6.894566856023827128e-01 6.441326104407526509e-01 6.100991406250528826e-01 1.495203293872591210e-01 8.853612217040905952e-01
2.144290671018770356e-01 1.206175344829342189e-01 4.225069663952074617e-02 6.384828747637724122e-01 4.351571138590260013e-01 2.112555639578698186e-01 1.551746719912383554e-02 9.157290035563258046e-01 6.840713716607841333e-01 2.705086143344314076e-01 3.969728924464552833e-01
7.162502222827693554e-01 2.043361437432820171e-01 7.807253796910288424e-01 7.949449548586566827e-01 4.451396072618851729e-02 5.336489739210159566e-02 5.466862817110709205e-01 9.435998330427728398e-01 7.310683093183580894e-01 5.674647678411677276e-01 7.199567657157338596e-01
2.883774557165362795e-01 5.828521980603883490e-01 5.397486800459592171e-01 3.926430225970890531e-01 4.793574663749960996e-01 5.274128408080772656e-01 6.076494748710253857e-01 2.106796095031790994e-01 7.391305716284091165e-02 7.805584609708050570e-01 3.501998534496074678e-01
7.939104431255539218e-01 4.136145557451214039e-01 2.055605081157386715e-01 3.322801525162638603e-01 3.509292729959792023e-01 8.633337216421337335e-01 3.113928806362477042e-01 6.840136655558559653e-02 6.282460444632791408e-01 1.074074178958909220e-01 3.897888394661574996e-01
3.661071914104211400e-01 3.099050063942563327e-01 6.918462532488801608e-01 5.504460376410779121e-01 9.342555993815556681e-01 9.841886402173902759e-01 4.837300746829320541e-02 2.020671037861455632e-01 6.054413934127371721e-01 9.938099510200482101e-02 5.750225900598707751e-01
1.700887628951265329e-01 7.135821823627946925e-01 4.100923749171436761e-01 5.606393519212948817e-01 3.243677193372705991e-01 2.556683839316900020e-01 9.853001038519566546e-01 7.763103634661997487e-01 5.078820706626833159e-01 9.203154943968814283e-01 2.616736251104613276e-01
8.442235770255885896e-01 7.165013174626800874e-01 8.009503187564162019e-01 4.701533134465899488e-01 4.486852429927014052e-01 7.381889073659727574e-01 8.625854199441076453e-01 2.657250899007836953e-01 6.515841813384066761e-01 7.028107767387904437e-01 9.058557790296203338e-01
4.412980909289268006e-01 5.048803622279938175e-01 9.968520390245628748e-01 5.335319405137539661e-04 1.367754306001749409e-01 6.423247172583861353e-01 7.137735393424281538e-01 1.909524658386019258e-02 8.735729376565325444e-01 6.697949227412582918e-01 7.973930867996259497e-01
7.376595739689290054e-01 6.700583958488141034e-01 1.633361445593917161e-01 6.312548966780006099e-01 9.173641792378051107e-02 9.242851699395671083e-01 2.603474550093146656e-01 4.077971067216858980e-01 1.704536599152738363e-01 2.756009647772550419e-02 3.563457815060298017e-01
7.804206708772501999e-01 6.431179416538529425e-01 3.563206600346864317e-01 2.683437861878371633e-01 3.736610822337252946e-01 9.682602861986663312e-01 5.689394497585279487e-01 5.460315338190500078e-01 2.573184629096170184e-02 2.412266674097052199e-02 8.390498571685477414e-01
7.789909632844042031e-01 6.344151868948189055e-01 7.642313254366543962e-01 3.796392223563342938e-01 2.689934979856498654e-01 5.495538602446543575e-01 4.519787897832794332e-01 7.982420430214715035e-01 1.108060451697280291e-01 8.039432021484786972e-01 3.414838577229700745e-01
8.158893549077486096e-01 3.533795664115813029e-02 7.841494263256909569e-01 7.972115136878578090e-01 1.044794609832399024e-01 2.243367226879812160e-01 1.586104940660970630e-02 7.791842510505341268e-01 2.903549053708802674e-01 1.651541575902327752e-01 6.651010986633568711e-01
8.678827767253154413e-01 9.141947531310594677e-01 8.522676340841250919e-02 4.489643987075104814e-01 7.125913015109103243e-01 9.845497908475741022e-01 1.961818125116987499e-02 8.765729063683761479e-01 3.772887590469207186e-01 5.328598944064455445e-01 5.044875310498444509e-01
5.187713788828632877e-01 5.163182362481041343e-01 9.772242581970258524e-01 7.313079535004696208e-01 4.322756582690890914e-01 9.512735636184537213e-01 5.883646039878206446e-01 4.872588588524440212e-01 8.631710968373773607e-02 1.840309211449665527e-01 8.584983074306733464e-01
2.511570306517226792e-01 3.355644626117327833e-01 2.484889769895737288e-01 8.067770204592098482e-01 9.087466274884554718e-01 6.905753861480417033e-01 1.299016443964641221e-01 8.865432362201636218e-01 9.973594128200646836e-03 6.337120287014262887e-01 8.901317892780813423e-02
3.391307753638481692e-01 5.214010625191221049e-01 2.551094645148526130e-01 6.090227620867227909e-01 6.509219235182163166e-01 3.152935314048951332e-01 8.160716962776967121e-01 3.731306467844978103e-01 1.795043528932174226e-01 9.252560605621553691e-01 6.698702453028948511e-01
6.601763568206375776e-02 2.309092438491452404e-01 3.006216588600220119e-01 5.218622267221404432e-01 3.195814265235850105e-01 4.462644579067586159e-01 7.789392662121817912e-01 9.373103789494197091e-01 5.454908667537661238e-02 1.138525139799295705e-01 4.342475425584702009e-02
9.248822603966803113e-01 1.469000343675126441e-01 4.352991405575927786e-01 4.104367031837615754e-01 2.919178994992748244e-01 2.181702793948266939e-01 3.862201123680861770e-01 5.975884741209067652e-01 7.342207239111873118e-01 9.604402676201206912e-02 8.020477893495392419e-02
6.909635337345647610e-01 8.854227691025399194e-01 7.680844097259188485e-01 5.403131459930329283e-01 1.917829431495621240e-02 3.001159292519398614e-01 9.459871914758904987e-01 1.944926875176723469e-01 3.432640066203798135e-01 3.027543363114260089e-01 5.863193713004879459e-01
