9.036054993715125772e-02 5.275170033061350461e-01 5.740730927863634259e-01 2.436728530907910084e-01 4.125515292974818449e-01 4.767033053628303430e-01 8.975772671936577130e-02 2.351552970483824501e-01 2.774918492245893598e-01 9.185930921573459695e-01 2.339037822984790793e-01
5.801184406682924344e-01 3.363040142637451213e-01 6.846010206094214068e-01 1.695904221977245774e-01 3.194549828157736693e-01 9.038994316700532661e-01 2.945646688753206233e-01 8.132196318646832678e-01 3.477534384402173329e-01 7.642890085771952835e-01 9.984397940372842228e-01
9.296744041138288450e-01 1.684476384866928633e-01 5.925390546593876095e-01 4.653803870588276714e-01 2.238746301143421658e-01 4.060942388361304944e-01 8.418014480873282634e-01 2.126840589753213884e-01 5.542565449546653644e-01 8.223873945203753477e-01 7.773554967986096020e-02
3.921251516149486527e-01 7.671224077502069028e-01 9.997411519124927981e-01 1.019070426799051354e-01 1.392706550910030039e-01 6.700546689821315072e-01 2.834229792605138520e-01 1.829620904307377449e-01 9.896656298987227540e-01 1.206261670982611278e-02 7.345624982645306833e-01
9.055492039227004408e-01 7.419858408986479414e-02 5.153678526666760629e-02 6.319545261111585432e-01 4.118074488936736000e-01 8.394914632907042318e-01 4.450744714275564062e-01 1.290894389237368101e-01 2.557174493736492638e-01 6.162923143355274469e-01 6.447061744671442884e-01
3.147285189225590418e-02 4.662551555654463886e-01 2.324729114897515769e-01 1.666177846278243946e-01 4.783796596936447099e-01 5.359418842639215308e-01 8.821824127305403218e-01 6.167038376401501321e-02 6.698007328770774205e-01 8.633720311907768785e-01 4.882970106302997326e-02
4.910819294446351346e-01 7.659127733681457828e-01 3.415655408618267774e-02 6.994845229667049358e-01 7.872205689365593395e-01 4.459988291408827354e-01 7.958135638615689844e-01 9.403645421309380081e-01 4.981618867190868993e-01 4.324241059827040878e-01 7.175706309916334291e-01
9.963998394897579658e-01 4.115872174576159503e-01 1.630086920036173392e-01 8.472505861881314271e-01 8.079628119566114597e-01 8.107575115475458283e-01 3.900313102195764881e-01 4.491831317930994327e-02 9.297244940289407511e-01 4.079950808662339279e-01 7.062505047809816139e-01
4.981240396818605864e-01 6.676088882099643351e-01 5.783474908294641281e-01 5.685425401474923923e-01 9.705321165938561867e-01 8.376339752844628173e-01 4.417474079944305743e-02 6.769025900414198382e-01 3.901796700843950250e-01 9.517324245228862001e-01 4.114239850925466291e-01
9.757879726663493125e-01 2.673962162416619881e-01 9.840553287856106390e-01 2.573281238994383768e-01 6.707348338850858127e-01 6.012849427586620665e-01 7.626789145998946751e-01 2.200315934712417931e-01 1.856703673424544565e-01 6.920168055452705635e-01 8.927602298975323425e-01
8.475556194257086728e-01 2.831354888294506100e-01 1.200135371257053940e-01 1.903403620319520373e-01 1.768641790762237598e-02 8.251301489964055769e-01 6.572612388722705035e-01 3.852042466950859056e-01 4.585116723088970003e-01 3.531743315165181141e-01 6.769579735274855459e-02
6.853543269620889777e-01 1.562126809941999372e-02 4.611831236862029559e-01 9.826450330654258325e-01 2.761703186868922355e-01 6.060909273191017466e-02 6.977662885399432691e-01 2.993695540935606969e-01 3.893534718757544200e-01 8.079892847980119086e-01 3.157211234593518823e-01
4.450820497779833795e-01 7.458178959611582171e-01 5.516255397158474905e-01 3.248925545232879131e-01 3.734954625549143925e-01 8.088117746395721008e-01 9.097964118200566608e-01 2.868355010101238944e-01 5.877274087308650419e-01 4.788177205039884088e-01 6.045270103786754001e-01
1.004023810259142557e-01 9.164730328487664668e-01 6.558336864034843838e-01 8.068898225711116368e-01 3.560062550958027483e-01 1.160768113939179003e-01 9.985374283258156014e-01 2.968589465054789489e-01 2.685236786340027271e-01 4.153311544819155987e-01 4.901674066816579245e-01
9.033157846468136132e-01 2.567963906595508439e-01 2.005374674511161137e-01 6.756655039828421971e-01 3.784611533514803394e-02 6.455680607516878222e-01 4.400304894997997263e-02 2.251953822954545492e-01 7.933029947692518125e-01 3.740686886005739620e-02 7.961465948683270621e-01
6.799604316031193640e-02 6.050956749083082897e-01 4.555001986716248341e-01 3.616165285820115427e-01 8.374060606612221402e-01 9.804436430383334233e-01 2.306506173138436200e-01 6.018361788219149799e-01 7.583214957427910630e-01 8.913964676832366596e-01 2.646158984157902516e-01
5.170098384561138127e-01 6.502055818560841249e-01 2.056043218570980935e-01 5.124171762684426312e-02 4.055262802725666527e-01 1.841085773943711423e-01 9.134683409045357694e-01 4.951437192052438041e-01 8.931367277052041365e-01 2.897838254229692101e-01 3.316673356753647717e-01
6.165437553697616924e-02 5.852776068772593820e-01 2.520017498960016589e-01 9.176883452434114741e-02 2.634055101811055843e-01 5.493048420318795699e-01 6.125673622764151727e-01 9.617836734269608057e-01 1.356566109479292459e-01 3.321728643249513002e-01 9.663765039060894235e-01
1.825186229579848218e-01 5.060406351629606059e-01 4.174611617044388101e-02 1.029582777418257544e-01 4.693284459762603333e-01 2.014351817211800233e-01 8.142160244379035294e-01 5.745594457694689350e-01 7.196280545314244215e-01 5.302326840943050179e-01 9.626679991222951704e-01
1.059580447982927387e-01 4.197510704471281162e-01 1.998055818857108479e-01 8.155318086145740830e-01 2.372886300243669533e-01 2.764948066200269006e-01 8.105122485522753273e-01 1.958872284284290943e-01 4.425521348952599077e-02 5.576675948437576080e-01 2.778805088379207033e-01
8.447990680490494730e-01 3.992262247903509698e-01 5.155117407814014951e-01 1.185566701152492852e-01 2.920922657516681342e-01 4.451344382116595444e-02 7.325315848115344641e-01 1.678318554522408856e-01 3.592735768065525859e-01 1.574854798660718647e-02 1.430961967189504636e-01
5.832482763097834866e-01 2.256379385932671955e-02 1.837929986096323853e-01 6.058664198105824239e-01 3.498320747250500684e-01 1.437590021711064869e-01 8.549482365274490014e-01 7.559898271956655424e-01 6.803387437086706457e-01 8.339129107901677163e-02 2.596895093108753105e-02
2.560771749437759093e-01 3.735473007234756393e-01 8.647628789295342955e-01 9.064750564929859866e-01 9.088069458064392814e-01 4.558060726003576590e-01 1.919456463494990661e-01 2.914968143691434310e-01 2.852314280362381327e-01 9.906838982146026762e-02 9.132084551955376162e-01
1.524954807571876625e-02 5.784851613175082674e-01 7.864922552915294407e-01 7.228781260169326872e-01 4.113584383614097284e-01 8.788325382894971449e-01 5.968784281489025734e-01 3.610254013955477292e-01 1.137249894862707444e-01 1.882108582475567893e-01 5.560264099768822410e-01
6.139158118274888887e-01 8.769484311992664649e-01 2.813476851025630276e-01 4.840707591076449656e-01 6.212992289109477984e-01 3.070394047916521485e-01 9.386742062059110214e-01 8.962258761903026949e-01 6.101366192802490929e-01 4.025914525234921548e-01 8.290751661168868081e-01
7.776827855586405658e-01 6.658509110705147505e-01 3.736363106415683255e-01 7.159992365663963021e-01 9.291046887019271949e-02 8.878345246855495754e-01 9.271594451704553430e-01 4.118537696451324281e-01 3.954055361047610351e-01 5.677532215160330242e-02 7.803693079684745904e-01
8.055764611251405860e-01 5.797249707439724453e-01 3.239833662835334138e-02 9.008905516983697348e-01 8.350709615190440305e-01 4.852030087831991079e-01 2.108577270849676388e-02 3.540984199384634712e-01 4.159459986965615697e-01 1.816032436112064996e-01 5.001666347232738286e-01
3.114081598523927852e-01 2.654128383072821284e-01 9.443237844532705871e-01 3.382106546461111085e-01 9.678728321901985954e-02 4.930348728200595332e-01 7.993714560168688754e-01 7.851222547132630236e-02 1.982918644201030478e-01 9.871903092889541265e-01 8.011416106614643873e-01
4.098327741385554557e-01 3.016785905125283218e-01 7.671193645360682156e-01 8.543319050270477000e-01 7.316613584349666022e-01 3.167053862919292362e-01 9.609041124863831884e-01 9.167731078231028397e-01 7.949578453768678665e-01 7.635709982766525350e-02 7.064925077818561272e-01
6.087349486579041180e-01 5.618676592807976267e-01 6.972538395191326677e-01 5.968264585616098739e-01 2.336128627014234516e-01 2.607585535345895433e-01 4.181708115368056866e-01 6.120890582946474368e-01 5.837685836478523349e-02 8.600076576317117194e-03 6.474095609549224140e-02
4.048774125240333088e-01 9.659057118414012821e-01 7.268766116737513938e-01 3.903816313305797925e-01 6.764777098675077704e-01 7.425146440305946394e-01 9.479803776027028173e-01 5.882089754177159957e-01 9.961088636095560833e-02 7.742676335984123304e-01 9.065192192169169161e-03
6.677345892543914418e-01 1.529536168912792871e-02 9.901825970993928250e-01 1.569915223274712668e-01 3.863479021434967908e-01 6.657072058151765059e-01 5.452975559997519373e-01 9.165123002125663554e-01 6.173140355524908696e-01 1.614288721235475066e-01 1.191178121035159077e-01
9.336044963114065176e-02 7.565861710755982239e-01 2.720423655681813990e-02 2.422245667222707732e-01 4.309432511426205537e-01 8.193331307480745673e-01 7.651682071503091986e-01 9.802378928575751216e-01 4.104746478594816228e-01 5.841409480167678581e-01 1.970197708516283619e-01
6.517211522987504946e-01 1.179524073302338216e-01 6.036934801858250266e-01 1.041530006758764060e-01 2.502211112395477111e-01 2.080304319644956657e-01 9.020108883478850093e-02 6.189451780808699066e-01 6.665087200316786031e-01 5.674816600262133637e-01 5.345426940859909770e-01
7.813109903282006163e-01 3.724962565856443364e-01 1.066290336609407863e-01 6.026599557878389302e-01 9.405094440026804392e-01 3.799712794273077954e-01 8.661609771803170377e-01 9.399192695384105400e-01 9.077274438732577666e-01 2.418516920422274508e-01 2.500953655717798041e-01
8.190189929835025584e-01 7.785489877561690975e-02 1.290199133422619271e-01 8.231573917143081287e-01 5.479774544080129317e-02 1.195999599398451796e-01 1.376906455386761596e-01 6.249968672154833094e-01 8.370503716843110675e-01 7.988672861019100457e-01 3.132055363882679799e-02
2.376126636635215172e-01 2.771505307856265699e-01 5.711926773176354555e-01 5.626229152392510091e-01 7.663181593553519688e-01 1.317232681915986303e-01 1.934236769643989939e-01 3.733732701061526216e-01 4.916060750160246018e-01 4.498149132747438772e-01 8.418769462858645136e-01
1.861470943026731772e-01 9.533695447062472406e-01 5.014062856770299392e-01 3.000331065169730138e-01 1.047407989928429428e-01 7.840623514304437824e-01 4.930369727749946973e-01 9.567007540604319793e-01 4.078048605577005992e-01 4.208479442092527556e-02 4.281596124054221075e-02
4.535833668618816095e-02 2.545586883629724628e-01 9.671889530778248201e-01 7.818809521762831727e-01 3.284381622931565881e-01 7.638757875136642506e-01 9.888284028490899047e-01 3.076506408160040174e-02 4.224392730740654800e-01 7.870844719912734044e-01 6.725339395587482949e-01
6.561569617467980509e-01 7.977921140811622402e-01 9.719392085393507852e-02 7.724349295886602240e-01 4.295306746842911805e-01 1.665754626590423282e-01 2.288263966010694039e-01 2.885393030485901011e-01 2.459936273602580936e-01 1.980289279128030211e-01 5.169493484573446374e-01
6.896339488784991589e-01 1.172996420523447769e-01 8.009849546197357339e-01 3.978974123034597632e-01 7.690167513022170276e-01 6.360002725622728725e-01 1.867007236295292749e-02 9.741543580273928082e-01 5.113967191026177472e-01 4.820962258368075570e-01 1.859298494381822486e-02
9.381275931270501856e-01 3.369168561452647870e-01 9.455848424976187605e-02 6.129728056287953031e-02 3.969743918556437601e-01 8.779302991246261678e-01 5.156206247815162680e-01 5.475102856701776766e-01 6.160697857946304534e-01 9.189003690626120768e-01 5.109648257982479791e-02
5.132528337424603349e-01 4.269415428530977108e-01 5.944778515112217887e-01 4.280032246938565432e-01 1.692730476663453221e-01 2.133300509003388523e-02 2.689842001042097586e-01 8.417947945203623217e-01 4.065825916997455325e-01 2.985646168510809328e-01 1.407317148334273904e-01
3.818393830345517825e-01 9.520182301720735429e-01 6.889449649506277362e-01 3.208606798506504765e-01 4.014559260012896535e-01 9.807128148946295809e-01 6.658739401522215662e-01 3.386290445522452952e-01 6.662248966595947230e-01 3.324482210454081654e-01 3.118155531291653126e-01
5.515984516454830455e-01 1.793861412876226469e-01 9.545887886790961341e-01 5.978366447716796372e-01 9.716183031016245586e-01 7.944837287148576177e-01 7.539502221137333038e-01 7.501799284444130578e-01 6.177926969782014943e-01 6.066976825947295593e-01 8.305319732872552541e-01
9.680074562481061351e-01 6.253824336580552368e-01 7.991817741291905586e-01 6.208714570953804968e-01 1.369261360674063344e-01 1.824279989877267694e-01 9.004290107554048239e-01 6.723877621183331765e-01 7.761956713112909689e-01 4.026139417663192610e-01 4.196334801098529077e-01
5.731451997625025552e-01 7.343370533547214363e-01 8.536701005944394849e-01 6.955044404601229413e-02 7.558804210575806870e-01 7.420547164809906393e-01 9.969976986716327927e-01 1.633886325836724218e-01 9.868735427024022400e-02 7.112565292471599854e-01 1.474007672811643577e-01
5.341383263799026615e-02 2.309506880126415140e-01 2.568235807336770593e-01 6.210760133649240178e-02 4.147686152252310077e-01 9.118197471161260115e-01 6.584305510146991613e-01 2.596555842831713701e-01 8.898657598802545143e-01 1.015502134120748190e-01 7.327441610093161639e-01
5.490256071699065599e-01 2.868680596256334425e-04 6.520422527688807257e-03 7.440128503535303750e-01 5.470136117377958351e-01 3.787190132659601360e-02 8.434419665253436449e-01 2.048731590397605551e-01 7.286277745508513703e-01 2.182241056643139387e-01 6.468945836738856370e-01
8.080349160854217727e-01 4.158731285793957344e-01 4.715849609918003615e-01 1.176463386208641548e-01 8.584214023749655587e-01 4.866954261562559392e-01 2.727877172557269247e-01 1.529315469895177193e-01 2.443449080508808269e-02 5.198410517464111535e-01 9.690194520593191641e-01
2.641197037685782956e-02 9.762553275396991248e-01 2.696998566602447633e-01 2.534101564616475510e-02 3.000818481444701424e-01 9.796253412523862059e-01 2.514063869772804605e-01 3.179807416225558514e-01 9.501893086145873912e-01 6.552504409317416734e-01 1.733776187821003401e-01
7.728285462089812263e-01 7.419652461470112037e-01 8.533277953617988132e-01 9.470240342519108401e-01 9.123788911699964865e-01 3.856178361673889832e-01 9.670094578282953934e-01 3.385700978220635982e-01 2.753451360879437537e-01 7.931945445325122579e-01 9.687773438230794509e-01
3.074530580220729004e-01 2.557513288664614581e-01 7.282590155096269058e-02 5.279591732185762165e-02 4.596804556816083132e-01 9.154982323994538262e-01 3.537759806113300876e-01 4.509526976925792852e-02 6.828406818709222836e-01 7.611221989979085611e-01 6.979407999712466948e-01
9.347669456623359796e-01 3.831530916690584210e-01 1.067393055646749245e-01 5.163637472933730876e-01 8.483031581860236425e-01 2.230206277106462354e-01 9.161146685567012060e-01 8.685820793900017600e-01 9.856900796431569134e-01 9.268299598486399171e-01 5.769761662572880923e-02
9.335787174572378611e-01 5.863889749432450449e-01 7.394408367047512476e-01 7.417130828426889977e-01 4.331301110113561226e-01 6.029813976225514294e-01 8.059250363689177687e-01 2.217235838292878070e-01 4.344673532274940797e-01 6.832068750296682591e-02 2.538669779127534776e-01
5.450492710692129705e-01 8.993419740025965226e-01 1.322285870793771245e-01 4.092444613350408877e-01 3.604230629758798932e-01 4.569197812301561967e-02 9.384130499879600462e-01 4.193277255086447219e-03 3.055413611814382646e-01 9.607404441931527428e-01 2.705525795495731245e-01
9.892178745040883792e-01 6.967915395360712028e-01 4.306493209435421354e-01 4.844707994276288288e-01 7.489308545089564673e-01 7.114986929593830611e-01 9.846974787680534691e-01 4.212355984847854229e-01 3.250130269349962298e-01 3.746417864834082900e-01 5.661976634031502531e-01
9.046828137404574477e-01 7.159147868898647626e-01 1.176669253251551028e-01 3.340097862404078910e-02 4.957250311269878473e-02 3.992953288025867797e-01 9.074014746852973046e-01 5.062800857481366545e-01 2.954171270635799207e-01 9.168264209556253874e-01 4.873174798629797966e-02
9.277243611834202763e-01 8.583131332696791738e-02 4.624331128496823595e-01 9.552732427055402598e-01 9.656916725232940202e-01 8.930348846650406625e-01 6.700426388221655261e-01 6.197848345922714053e-01 4.811035477177684205e-01 5.858581015004247217e-01 7.609825677278858613e-01
2.016975419046651563e-01 2.457201415154166568e-01 4.500418326636207444e-01 8.639456980055697510e-01 8.196583815594210565e-01 5.279109060848314883e-01 3.860144235015462444e-01 9.892261913405911988e-01 8.805320819823764245e-01 9.523523354406351338e-01 3.836603474583389906e-01
2.300710080310336414e-01 2.038164924785347276e-01 1.716662256059330316e-01 8.865883364786211196e-01 3.344402171272246038e-01 9.258038354729491992e-03 7.358290631861539310e-01 5.939454507854106113e-01 6.267779126151954427e-01 5.928226505969191873e-02 8.446892475248374277e-01
4.979853043525430678e-01 2.679239494476763905e-01 7.029356802435182683e-02 2.023760866667845271e-02 2.464664268413335746e-01 4.770717696321628010e-01 8.167858744119163017e-01 7.096634682019571372e-01 3.387752693706072016e-01 4.446447192073479382e-01 4.214209775173486383e-01
5.606985576138177052e-01 5.305847511011652085e-02 4.870863914288473540e-01 6.690804894783869416e-01 2.152486023558474182e-01 2.839630105059673948e-01 9.394572328371747494e-01 2.872934667485390614e-01 3.735770409788449209e-01 8.313354729717108427e-01 4.762019731865856365e-01
3.151584564917145892e-01 7.849939206137729331e-01 2.167394245000828779e-01 9.891843545157988915e-01 2.832746523890130597e-01 4.426856702653381159e-02 7.582127486848402320e-01 3.315273267430473014e-01 6.706823256436483804e-01 8.626107656640324972e-01 2.421323659503551440e-01
7.825847508514005568e-02 9.515965860084646399e-01 3.453074340384891805e-01 4.714099292586421130e-01 2.435575448189978287e-01 3.640632908618527397e-01 7.858661018657386865e-02 1.617649521122114242e-01 6.204147336113681188e-01 8.438121530030122663e-01 6.404625135534262048e-01
4.200809214569970473e-01 8.134477403137603257e-01 6.731481252429506457e-01 7.432214539435996192e-01 4.360068986651352008e-01 9.308804048448816593e-01 8.122628210203439725e-01 5.716400825349574610e-01 5.837712447146033989e-01 3.062911569812564183e-01 5.575179453873896351e-01
1.209049829755148853e-02 9.358485787095719433e-01 8.790007126311976116e-01 3.518270461362279500e-01 1.116362105536378158e-01 7.526512344559458390e-01 8.399024459852736380e-01 8.663628806080498901e-01 7.385968326783427518e-01 9.041827639550646944e-01 8.923792396459815368e-01
2.987139838138328507e-01 2.678188627254887155e-01 1.283847409044962529e-01 9.656720315898028595e-01 5.918803357674642385e-01 4.549782790522821641e-01 9.569981539668535042e-01 4.134950588734722654e-01 7.342720753835929592e-02 1.810594850279485524e-01 6.240054185266817877e-01
2.441691278196803649e-01 9.786989790324953642e-01 5.664150248486158334e-01 4.515163367221812774e-01 4.045478557624844207e-01 5.175873146291050109e-01 6.470353462706482928e-01 2.754400910501848543e-01 7.804763382247248416e-01 9.870748546352353658e-01 5.675493626770390376e-01
1.902564164882157849e-01 2.309485003346192222e-01 1.133761117148629483e-01 9.830322182939111864e-01 4.156056596699325700e-01 2.347703455031544539e-01 3.037194691905951149e-01 8.508678657438117909e-02 8.788022838144895488e-01 8.290575557644987992e-01 5.837272149885165407e-01
8.609361982798638957e-01 9.955391889034531649e-01 4.291601977061527684e-01 7.539492495194500821e-01 2.785441406551925070e-01 3.455652162528212168e-01 7.832951223593874746e-01 1.822095335555207196e-01 3.009968459357537096e-01 1.861700777047659017e-01 7.397163260431106613e-01
1.514461228485746158e-01 6.743019163174331920e-01 8.944914787355899843e-01 9.685152386191859808e-01 6.110097534948060183e-01 7.369866432630535202e-01 1.337234639820932269e-01 9.239207553338206758e-01 2.996548814945088068e-01 8.731203254066696173e-01 2.471959620785095790e-01
5.334727692694585244e-01 2.808391482507742731e-01 5.785377766478523309e-01 1.761687219739895838e-01 8.599728330071362281e-01 1.275865795597569408e-01 7.736849738174657043e-01 9.877920867504907942e-01 2.284212682422893659e-01 9.981160872951700958e-01 5.490553015932677638e-01
8.831230190563369442e-01 7.801955463649851152e-01 2.409259659865732317e-01 6.920319076439079842e-01 4.788114906227984857e-01 6.439310790778385307e-01 8.858182815264411536e-01 2.906781912697726789e-01 6.846244496825940606e-01 7.648833688593804636e-01 9.303889608288935520e-01
5.931170216700963893e-01 6.441970615213536977e-01 9.451624971505502293e-01 3.901298319031776263e-01 9.177161398593572939e-01 8.486293542177980598e-02 1.570063098882085173e-01 9.951842177688510205e-01 7.778192596090651723e-01 1.680977689410320108e-01 9.471046289684855735e-01
4.276730312926928512e-01 4.436921751505672473e-01 3.160432423984392836e-01 4.111730812202363250e-02 3.105085239909866068e-02 8.745195764908084701e-01 1.013638631458719797e-01 5.976392304796052102e-02 9.184252123771571297e-01 6.848685631116052663e-01 6.263797832454039982e-01
9.237160185489259323e-01 1.706577478088265876e-01 7.906525366662910947e-01 5.816193459296296053e-01 8.578644552571125237e-01 6.704956883666600698e-01 3.886932158324267750e-01 3.218835295981143929e-01 8.009073357424411066e-01 9.324236013401833167e-01 1.847559150953069773e-01
7.219554753549247694e-01 3.434509751066616712e-01 4.737942147278164651e-01 6.516639194008576608e-01 4.068951202259378785e-01 6.547773084334892468e-01 8.282604903833743482e-01 9.543744748720194293e-01 4.265250426076502288e-01 1.186774170131386086e-01 4.714107517061546515e-01
8.974613636929615890e-01 1.030069416367266344e-01 8.212447263718830603e-01 3.658491645617873989e-01 8.005931810972426454e-01 5.320268683049921288e-01 3.853875989088805243e-01 7.864463030661769105e-01 2.417827750635210826e-01 7.440101041582607433e-01 9.758284108053316697e-01
8.267273678594762032e-01 3.786186185778345203e-01 8.714620718051064863e-01 5.513432936140122420e-01 3.208004100856535201e-01 3.048253683885803200e-01 2.212014730407657614e-01 3.114426183133836012e-01 7.064145412213549413e-01 7.714155952983270392e-01 3.480919638883092082e-01
5.275473688411748130e-01 7.059360497357007880e-01 2.906850115685755132e-02 2.230088987499031505e-01 5.142865055193265311e-01 7.060415858549344836e-01 5.902488120841875574e-01 6.537614659170074560e-01 9.707153222287514538e-01 6.940905361371356719e-01 6.868160795216122771e-01
3.806200422275675121e-01 1.188000211152345775e-01 3.560042062462939194e-01 7.125453636576547511e-01 9.717809527776388734e-01 6.864839586121271875e-01 3.170189799321979640e-01 5.626001190811807939e-01 5.020413186882101142e-01 6.343663770914587108e-02 6.952529833728945396e-01
1.436400716937634714e-01 8.770295928802468444e-01 4.438524536971738543e-01 3.579323098644054957e-01 9.915446938289810275e-01 7.142849828516587563e-01 3.551891926948196332e-01 1.503490776668998663e-01 1.924371004377319894e-01 1.868199335102427305e-01 5.187551518181897636e-01
1.972628177225066448e-01 8.986853859130442546e-01 6.858405509455077764e-01 1.472558289168562906e-01 1.219284464142500468e-01 7.091158923751877952e-01 8.571144894640692069e-02 6.820874931283955611e-01 2.788795650232425150e-01 2.420958116843219265e-01 8.510596629325871687e-01
9.904222502958293095e-01 2.128160630473809878e-01 9.028289444891516302e-01 5.823901885418211188e-01 8.442434084607233213e-01 7.485568572126318765e-01 4.216357901776333073e-01 5.426852874884285916e-01 6.704477131108752541e-01 4.195504004573754608e-01 2.412955468446839058e-01
4.888230640744343214e-01 9.291365249051164454e-02 8.054781833999897778e-01 8.887971069608492369e-01 5.874712837578677238e-03 3.619673242941857660e-01 8.734354766190268737e-01 6.332487398578947602e-01 4.161424351822881063e-01 7.350651940414225649e-01 4.209489188704688134e-01
1.183156508438782950e-01 2.363594633886673124e-01 4.879844040204244227e-01 2.752118298514037997e-01 3.349271385030548887e-01 3.793591564742955224e-01 3.991074498321011133e-01 1.711889219796841610e-01 4.996005312820711586e-01 5.721944348570635608e-01 1.103836422482429303e-01
8.769170386688619478e-01 4.845220634336767640e-01 3.692895344520350509e-01 3.264533466844564691e-01 6.176016131422223943e-01 7.204365050162988560e-01 6.672360421744754078e-01 6.894011709139687971e-01 9.285916756838088482e-01 4.785101180671474941e-01 5.245463429012230394e-01
3.138001630611727544e-01 7.422728140963830157e-02 4.608040485701900835e-01 5.736354813948355558e-01 4.793123091078295150e-01 7.456253602500217958e-01 8.110160155376662239e-01 1.438951913577832808e-01 9.278475122300257061e-01 7.100703597844959525e-02 5.970068164386331810e-01
2.042273489778350104e-01 1.715180344990741013e-02 9.955379004184633507e-01 1.980606225044386770e-01 6.568900016855474533e-01 4.440313943643521277e-01 6.158453889175432572e-01 5.934040033144337700e-01 6.590852865918632730e-01 3.049217326431049591e-01 9.942031530403933060e-01
4.879600792317615454e-01 1.168363159240172200e-01 2.212083677799746573e-01 1.634439561964605714e-01 7.505219428109698443e-01 4.844013444517025757e-01 1.278254971330183842e-02 7.853868278228959277e-02 5.432211282716268297e-01 1.799526655941688924e-01 3.277935598078921542e-01
4.850146673820721066e-01 1.405460286814271820e-01 7.906442550820580450e-02 8.607154538894976614e-01 2.201629883163380708e-02 8.495147570833636586e-01 9.541367882587956650e-01 9.159815323477262794e-01 8.874108398949021037e-01 9.812729004576863368e-01 4.672184296487255084e-01
6.449961183919906693e-01 8.328037050063741287e-02 5.875609691678383983e-01 7.833234718994885881e-01 6.943458415704847342e-01 5.921386079790955659e-01 5.431287255487055043e-01 3.954734905155677938e-01 8.217742155288976225e-02 4.742891530219203178e-01 9.683735464537448490e-01
4.092495985740751685e-01 5.474639355076392766e-01 4.498685636990623626e-01 5.172148809875910525e-01 4.195896483385266329e-01 7.973414048888441963e-01 1.025401492485198407e-01 6.440790583989478568e-01 5.231800428514656875e-01 4.372538297698447263e-01 7.526390090146928280e-01
1.083861622355457577e-01 1.802804183551134365e-01 4.535481641520311413e-01 9.551353832877805816e-01 1.765606316354173533e-01 6.572094373082386642e-01 9.878821339189903794e-01 7.979886039773015360e-01 3.756578885302921389e-01 4.173730891508419250e-01 6.637724558001568687e-01
8.812074023494039787e-01 9.273328374461958790e-01 3.056899478263970238e-01 7.316853829812735022e-01 2.895316604864687227e-01 1.981765736865027661e-01 1.150675971556930355e-01 7.650829041706219691e-01 9.434309547633046300e-02 8.195599811509914900e-01 2.692689004948012332e-03
4.150160827950111209e-02 7.061760847212069647e-01 9.592292554498116353e-01 7.146671853935768759e-01 7.748016352836383236e-01 7.238438216603988451e-01 4.888680709233702570e-01 5.275968861595389248e-01 6.465348522738479931e-01 8.072453415034909208e-01 1.236570548198034913e-03
3.759871112400707815e-01 6.112578780535340428e-01 2.351168944400747751e-01 2.292403479939176814e-01 6.542570722379997816e-01 9.666698987033424117e-01 4.928973047130000840e-01 6.827013668416637149e-01 5.175786277387595113e-01 4.505955944630694043e-01 8.275702979767209921e-01
9.838213865643988809e-01 6.353943146267613251e-01 3.525123482847709599e-01 8.412405328943407534e-01 6.310906890856554652e-01 9.464575458479260739e-01 4.186898839374277870e-01 8.414948928792332916e-01 2.417052475203543827e-01 3.139116879931267423e-01 1.543295310063653725e-01
1.410948452395903718e-01 7.386498066081492730e-02 1.146550320417015767e-01 6.890522483322607528e-01 1.770831037442868183e-01 6.413565032899382068e-02 8.189097532686312464e-01 8.166677876764589783e-01 3.033591208143283646e-01 3.264457285877696568e-01 3.251085668151685315e-01
