4.338144196352486937e-01 9.971383893204504023e-01 5.270290493949915112e-01 4.480234171085485384e-01 4.787589737378139532e-01 2.622413100793781204e-01 9.813331585043293392e-01 4.824147226730484128e-01 6.924580323633240386e-01 7.314764993749103272e-01 3.357635714253650594e-01
9.923176530315007682e-01 6.779195429162006015e-01 1.743839890106140267e-01 7.610206300083004471e-01 6.197201825026513733e-01 9.720689463756269078e-01 1.183260160839113562e-01 7.511380200844215427e-01 6.123475133847933183e-01 4.817334465339713212e-01 9.149865205293121750e-01
6.260389934025455405e-01 3.309744587361158619e-01 3.245512484838576350e-01 6.047810796897115093e-01 4.697644549866445418e-01 5.821827801147149151e-01 5.475397216672928113e-01 2.567912986508221751e-01 8.034466122219918738e-03 2.657629756772295071e-02 5.107053389200236770e-01
6.231703495819140848e-03 9.745078747937312436e-01 9.820729000350831850e-01 3.031091934185611292e-01 4.030024314303995991e-01 6.032957432357676231e-01 5.178465782858051591e-01 9.990254172201520344e-01 8.043244635912859541e-01 2.822714816201027377e-01 2.321145370806022568e-01
5.614799354883176497e-01 7.529619709360868551e-02 5.286547013132759654e-01 1.978394929137600178e-01 8.623212443787287018e-01 6.748694605206804198e-01 2.772406568932509474e-01 5.413551090447978886e-01 2.947498076339560846e-02 8.859063535511448872e-01 8.864691217789810729e-01
4.539294268092470830e-01 5.964719727701658369e-01 2.451761695977501265e-01 2.022115397387833635e-01 2.792577710060394347e-01 9.940376110689952416e-01 6.822857976485771081e-01 3.931396575442064334e-01 5.206751280683524774e-01 4.811899838993158873e-01 4.231510579250525872e-01
5.789762918145414661e-01 3.532654944946272968e-01 2.183309763125641512e-01 5.518229289733616039e-01 1.260718252661872096e-01 2.340688671427754164e-01 9.926572689162354024e-01 5.199423729338393807e-01 9.715612411548740779e-01 8.463249180126132254e-01 1.695313413750909604e-01
2.908939268305135162e-01 4.789460451841928146e-01 7.315355302449106922e-01 3.833673539278936726e-02 1.096525562820697131e-01 8.428314805894010497e-02 6.874864183631617109e-01 1.136155281521578075e-02 1.549045298437837781e-01 9.095144299476601857e-01 1.678101894188480658e-01
2.479463014357334849e-01 9.118353877205184199e-01 2.242793124015500794e-01 9.748517924320294625e-01 5.319684393233214958e-01 1.342181377430408107e-01 8.689887616096699796e-01 1.844893108545766491e-01 8.637376680448501931e-01 9.801151368285185850e-01 4.985923208821072539e-01
2.355250860284241465e-02 7.968513359738094159e-01 1.224795779775681437e-01 6.239044671678486420e-01 2.896975196427417076e-01 9.439607981296518346e-01 1.943458602900907106e-01 1.288639219644051037e-01 1.809999060361495715e-01 7.618097940093904175e-01 4.774951895484188524e-01
1.845547417455404293e-01 4.432805615805890387e-01 1.106989598913368233e-01 8.184992306615778146e-01 9.305353595069285610e-01 5.141756562532741048e-01 3.168668724948412452e-01 4.592709702760182644e-01 8.693842823277592169e-01 1.446989521385698696e-01 4.845479439047100101e-01
6.423246159276202460e-01 9.804576287065489559e-01 7.585213823651106857e-01 7.223006571574031032e-01 8.677520129585934994e-01 6.923425007463684944e-01 3.546354939986623434e-01 8.981338943932931640e-01 8.086717222426212937e-01 8.987908019646340119e-01 6.487170040159060402e-01
3.845484983194599193e-01 3.666140233416296246e-01 8.520172104572520944e-02 2.050275844738258524e-02 4.245645702411191547e-01 6.536560004803543267e-01 8.151284946798201814e-01 5.512793132096915905e-01 3.794064478152059383e-01 7.311273694854661942e-01 3.436648143248143272e-01
1.123678098470916042e-01 5.715159764725639135e-01 3.894506747621266918e-01 6.139239787321416619e-01 4.397302426418361332e-01 4.705186010368626048e-01 7.593710920886582727e-01 6.337468089991442621e-01 1.179830918994017042e-01 6.249959137104355023e-01 5.447193232994210765e-01
6.941195894151658274e-01 2.737649835261446452e-02 7.187908754103893294e-01 6.658807906572837831e-01 3.941594523257339056e-01 8.074637172323727574e-01 8.065295873035125407e-01 1.472166463337326592e-01 6.726954977406833791e-01 7.731182510590871582e-01 6.451379165017113726e-01
9.978366226457189292e-01 5.809365142861857567e-01 8.320942512949085490e-01 2.898815537284342714e-01 2.653257445366190570e-01 1.751443447458346236e-01 2.405203211238652328e-01 4.208309064703419367e-02 9.040237816952644279e-01 8.961826637244582061e-01 4.196537523725126784e-01
3.047015241751384051e-01 5.660431454884684577e-01 3.201163209204003213e-01 4.056208407818804318e-01 5.409286279090078642e-01 7.396978388890734779e-01 9.156592914561189067e-01 9.070946415738373458e-01 8.054557008207040569e-01 1.437456104533052503e-03 2.080869411743546671e-02
4.920357597087310353e-01 8.768890762096650526e-01 8.449876082485385798e-01 1.238433729319331489e-01 2.534395688552533166e-01 7.558579190082870269e-01 7.325538511555490517e-01 7.287318593589420246e-02 4.508085537986925573e-01 1.756997352190232675e-01 4.800665402010332317e-01
6.891912851479490287e-01 1.280186516819229459e-01 4.803465635608751283e-01 3.969863591056442820e-01 7.235049747171869994e-01 7.953127591836517407e-02 3.005487156471953192e-02 9.978515334117125102e-01 1.265363737511171482e-02 2.399785720307978654e-01 2.122569326715093574e-01
2.938833924738809555e-01 7.642652138669814299e-02 5.371271711907268376e-01 2.982246345495832562e-01 2.290708228678521863e-01 6.720319190970197587e-01 9.196904123907226891e-01 6.214053348078105721e-01 1.139978967373411756e-01 7.510010781843190486e-02 4.772224164154449388e-01
1.258321710019933981e-01 2.095909600325587263e-01 5.111898695500550760e-01 8.956995623942146656e-01 6.534634809478511164e-01 8.147416879374592691e-01 9.895460694409530245e-02 4.836115821455347907e-01 6.174652274579371936e-01 5.314040448808224903e-01 3.430658307320479938e-01
3.782946600140004723e-01 3.909373989307501907e-01 5.565671435972585623e-02 2.665959361512529879e-01 8.325109527314245028e-01 3.630721377413270723e-02 7.919435203244575838e-01 8.404572370223458710e-01 2.005792008350913980e-01 9.483465127959678220e-02 6.779939765862555978e-01
7.918624133870036941e-01 1.881544598484350406e-01 2.948578349457564585e-01 7.799608844452631251e-01 6.572150817218935792e-01 8.637879458106179076e-01 2.688068495161471949e-01 8.341330577359223897e-01 6.276295983684443414e-01 1.032403932306318328e-01 6.084988273387744728e-01
9.385561447920082179e-01 3.851014787930259198e-01 1.085493628498640506e-01 4.891342850805820985e-01 5.809267128672391811e-01 3.882938868174755642e-01 9.256755922225772260e-01 5.793705192499746248e-01 9.706084621971711179e-02 8.723974061066603891e-01 1.321326875469850393e-01
2.626385005841276321e-01 9.817056017190152195e-01 2.233904802884660867e-01 6.737547769448646307e-01 3.815805599921991975e-01 9.329136468577715613e-01 3.018445145769009796e-01 6.323911298095235001e-01 4.101716830105431866e-01 8.169954286315825875e-01 5.930804756398815325e-01
2.766986945433740352e-01 2.688426734984800115e-01 1.018120687133728941e-01 2.604804103332659659e-01 4.277545876207785591e-01 9.016427085191658364e-01 9.486935965485443489e-01 6.073039305432323953e-01 4.262252408550016858e-01 1.460020839693120243e-01 7.617224185470412579e-01
4.628517895991171027e-01 5.800513465852897843e-01 4.364031794524104724e-01 7.576160156157282222e-01 8.134735184745581771e-01 9.053024287318580665e-01 8.194806200702854371e-01 4.651957807334394790e-02 7.063050329266423732e-01 7.199341129744156742e-01 5.920494566088091437e-01
7.837465842083294332e-01 4.900950176319039953e-01 1.199172345927141947e-01 9.942490504474515989e-01 9.230595948824865671e-01 8.062118336145462916e-01 6.594053835902681238e-01 6.906382262952504014e-02 5.861734552445307944e-01 4.708721186105161438e-01 7.388835534911170067e-01
2.816886863841405741e-02 5.805329318401369898e-01 1.699557109258584831e-01 9.040446095029208706e-02 9.621115558214030639e-01 4.850702776936244298e-02 9.879754032837533284e-01 9.750420553642180632e-01 8.907686509555127197e-01 6.628456513272028561e-01 4.713971164777882583e-01
6.562522302358136939e-01 2.433920650206108371e-01 6.272387570471663620e-01 2.145984432432335165e-01 5.716776140233265080e-01 2.980137139650216316e-01 1.221505607052141285e-01 9.565961212354396892e-01 5.434391748374944875e-02 9.305686775146028156e-01 3.879461216100540399e-01
2.240887566434904832e-01 4.999967591872248596e-01 7.032373987597889675e-01 7.538712900158044405e-01 4.152878060741161947e-01 9.350578697807849782e-01 6.850437961061189851e-01 5.684128301959668894e-01 1.676934312549430706e-01 4.321546866824004240e-01 5.924593613940920545e-02
1.189414265510174706e-01 2.473491753898160450e-02 3.666984956039996968e-01 4.720905229745292475e-01 9.924377072286095780e-01 2.997472853358502665e-01 8.302101192558091203e-01 9.692191486253609600e-02 9.004201876228334900e-02 7.166822224672935171e-01 2.989269598523409677e-01
7.212488075224565698e-01 4.805637544171856845e-01 5.287858296450604900e-01 9.859378843915874713e-01 7.499297623485814412e-01 4.615558353040953854e-01 1.860394984273544550e-01 4.004018791715220349e-01 8.682767181615658192e-02 4.227207230435776619e-01 3.396323153089917390e-01
9.671353318613126193e-01 8.630460329245156492e-01 3.144580100667943023e-01 5.939604945590327700e-01 6.899445923878180231e-01 3.564567828440234898e-01 5.323501343696275256e-01 4.909740591855484837e-01 8.832513040773164459e-01 3.298885586946662674e-01 1.077487820253286710e-01
7.848948115954172966e-01 8.444208475449372919e-01 1.159040665790984637e-01 8.107915950329319665e-01 6.261590797675353759e-02 7.987024861063806158e-01 6.192936261745314308e-01 6.234628465850367007e-02 5.362048028042847303e-01 8.587989140388767595e-01 1.011751297651072301e-01
7.947880406337646253e-01 3.307416738000044099e-01 9.092684998096607352e-01 6.860517849075105090e-01 1.813275587388067933e-01 7.174551965971225354e-01 4.770013283116975034e-01 6.356809818657968014e-01 2.689042619262675959e-01 6.013408991953750338e-01 6.173307819804519925e-01
3.043690190218623082e-01 5.474062556089956955e-01 4.674309795232490794e-01 7.105185088369615487e-01 9.736372233831513956e-02 1.675971879248866481e-01 8.686178271259080708e-01 6.908716750152628094e-01 3.035861187218027446e-01 7.654604944359492125e-01 4.171502747716870907e-02
8.088365621514834736e-01 4.341438128943301278e-01 9.047996904347782587e-01 9.304451729446883146e-02 9.548740174735977915e-01 4.378961466377213618e-01 9.619006772683855733e-01 4.684519611586313026e-01 7.240397234391214853e-01 9.504422198373655428e-01 1.069995768532656655e-01
9.315899156798668201e-02 2.825605497886657380e-01 5.784367521760745978e-01 1.715026093478381197e-01 9.696813510663447877e-01 1.967622884053785715e-01 8.925010690866463925e-01 2.559750294100859858e-02 2.213776998416627784e-01 9.247815725704453538e-01 4.969287331964055143e-01
7.396530589243904830e-01 3.385560086224899123e-01 7.110981773517131010e-01 2.031351142723989422e-01 2.826866286998073186e-01 1.659995664227670309e-01 5.466867702408110263e-01 3.943267387992954731e-01 6.909005459800158233e-01 5.891540245069196713e-01 2.388656401758356695e-01
8.604253444674018203e-01 7.775625547818492134e-01 3.198544814218546861e-01 5.908938496852953470e-01 7.943774230336090314e-01 2.500191152766371161e-01 7.576226292039381915e-01 1.434182366109983953e-01 8.421823272101225388e-01 1.974361241869977412e-01 5.379040576285273323e-01
6.826613061927175874e-01 1.317083691816863800e-01 1.112764064389627494e-01 8.582843202329003551e-01 5.421100552489043212e-01 5.960673072817560536e-01 5.512846021555425358e-01 9.520686885903228980e-02 5.141927190323005714e-01 3.268784484656080958e-01 5.000654217214803854e-01
7.106702878318270633e-01 5.436086877681016727e-01 9.240897412053850069e-01 9.166875855475832280e-01 1.003281370760682467e-01 2.784971623290948273e-01 5.729475668135239896e-01 6.899872569015245150e-01 1.621230026179869554e-01 3.738165557904504777e-01 8.826255029974212629e-01
5.875978988374606082e-01 9.771543349179523386e-01 2.421115427804021447e-01 2.591412630345887314e-01 7.523862515727818279e-01 2.161013518827894497e-01 4.169071722938766378e-01 5.342529837566192263e-01 1.429824343313890189e-01 9.631703723137918782e-02 4.585078186525726185e-02
2.244238762597533521e-01 5.221095447437568149e-01 1.950500648783918267e-01 9.277548161957664963e-01 9.384398105830887848e-01 9.916965808627580259e-01 4.506442896793926289e-01 1.690478658801278788e-01 6.010167844032276996e-02 5.722145948912021884e-01 3.113399871315871703e-01
4.767648339829847481e-01 1.836137318396108276e-01 3.666979993453737263e-01 3.909828125344211314e-01 5.177870411856699828e-01 8.106190128172792164e-01 5.249392217987265408e-01 7.674539577643577637e-01 6.155869674941656378e-01 5.724337006620895396e-01 9.897579099915347900e-01
9.288615737034523478e-01 7.108089531094876623e-01 2.953017601020569982e-01 2.821434045952322389e-01 2.287989906796837891e-01 5.567064073576026839e-01 3.994957286471385594e-01 8.035579502345956415e-01 8.872077609643860274e-01 3.294329472148245230e-01 5.142957918544848184e-01
3.166911852845211151e-02 9.397194769002193970e-01 6.219705744410412018e-01 1.232181263258945725e-01 1.118106059048351586e-01 9.068406447575287910e-01 5.503953527655733868e-01 2.473339254975599477e-01 7.421841010996814703e-01 9.035819863707235111e-01 9.634692027212140575e-01
7.653982310069036288e-01 3.284446121677140340e-01 7.439371455474685924e-01 7.504795617440335187e-01 9.030370931733697759e-01 9.334984582598300218e-01 1.811634725619371000e-02 7.074246895804536805e-01 5.439884691140858264e-01 3.183621366879701986e-01 5.388235436204309448e-01
9.919994412057522304e-01 3.869501444255118994e-02 3.746014964436975569e-01 5.188210858566778549e-01 3.582077792156428409e-01 1.962518667713744058e-01 9.760185121941186148e-01 6.413233979195843704e-01 4.688099356976547227e-01 8.003163815893054034e-01 2.153220371305936132e-01
7.120951096338209441e-01 5.544274774924811133e-01 4.575936000467303311e-01 7.319136757464921317e-01 1.053637451914081202e-01 7.263850001743007434e-01 9.754893147647146767e-01 3.422848578347313930e-01 6.612981883442377029e-01 1.487887166884684920e-01 8.622522882305164726e-01
8.868945087820121476e-01 1.122848881776928875e-01 1.894035236208024831e-02 6.737906623871767753e-01 2.303219456185856551e-02 3.018994090048634504e-01 9.213488632562452096e-01 8.028750919710438971e-01 2.512287281019431884e-01 2.795547146845920317e-01 8.820225173122007156e-01
3.301070697584300717e-01 9.669793052628816721e-02 7.219858101858500632e-02 5.086759421005258019e-01 5.101862126056756486e-01 3.588817340279510937e-01 3.849620699870395235e-01 5.852762787386879273e-01 3.243011049897929210e-01 4.399431651122680531e-01 7.100289910780684943e-01
2.468817751134257943e-01 6.032282331419944743e-01 5.827448941185697784e-02 9.555099912953201047e-01 7.066769455446550996e-01 6.479604567245283997e-01 1.622240308863136526e-01 9.889162231737477216e-01 5.984202481996563350e-01 8.731897699495904108e-01 9.276398237416316750e-02
3.436528209335263373e-01 6.859843347265862645e-01 2.123711445313869461e-03 7.168340872656134843e-01 2.308456327213537218e-01 9.589806382453619493e-01 8.164591310224365017e-01 9.803555689546132879e-01 8.361361660262872642e-01 2.351436244535345388e-01 2.345416319782712700e-01
3.620477948942961710e-01 4.636846532777821883e-01 2.681808182393508044e-02 4.703575212994532961e-01 5.227237622299112374e-01 3.668147562298635922e-01 2.628743200177984241e-01 1.289803015474791925e-01 4.213755473156343134e-01 5.729567594720430534e-03 5.796526100585541741e-02
7.865191072794528448e-01 9.791336764127638315e-01 4.202924204590980928e-01 2.068920913361493863e-01 1.684911458754683178e-01 9.688291306319685159e-01 2.546262858298713461e-01 9.373289338961018347e-01 8.446899186016330052e-01 3.215231641188665002e-01 8.968185446830463370e-01
3.480024869047417813e-01 5.110973620663197270e-01 8.982674871488308677e-01 2.617970466239720739e-01 8.768243896897884859e-01 2.788256316149672065e-01 2.615571372572942366e-01 1.204361758493391887e-01 9.473174288785434216e-01 6.888808444094339789e-01 9.516525973412015560e-04
4.816219550847997688e-01 1.766179620292352981e-01 1.269502335642008761e-01 3.214920241133961687e-01 9.754418237223637655e-01 3.543262940885653078e-01 4.945371569584481319e-01 2.244084859676183097e-01 4.654277890849657373e-01 1.084309684307765975e-01 5.937624543693036383e-01
3.019930728782023177e-01 3.284362554799213907e-02 6.148427689875197721e-01 6.707260064005516886e-01 4.908349528622826252e-01 8.807936066447252799e-03 4.680139786561529069e-01 6.558604856607452849e-01 9.482028306473713197e-01 5.237212870910776807e-01 9.595242621834070285e-01
1.259333277134967455e-01 4.130669690774825265e-01 6.315202123680525581e-01 5.695643047655073454e-01 6.227923007287096135e-01 1.071014715299853926e-01 3.956892229919133364e-01 4.356263804605350343e-01 8.554446898662997345e-01 3.243342667918867051e-01 3.334393782055049549e-01
9.115650481259427451e-01 8.299283556477862200e-01 5.754787348660996837e-01 1.472822774786485267e-01 7.104186825043659059e-01 8.153381198826771259e-01 1.733818628625761749e-01 3.135476116269703128e-01 1.231298749089407840e-01 1.267271458563973274e-01 5.691462139702841982e-01
2.040335702762839931e-01 3.415791043657863124e-01 3.179896083465004741e-01 5.242333112090662439e-01 8.795638119633880647e-01 7.543790516931949686e-01 2.620813706130784571e-01 4.824292580549238707e-02 7.916119838355244465e-01 9.074458421613913472e-01 5.445673838691367230e-01
4.734963368825370056e-01 4.306321808043001020e-02 7.016427537261462621e-01 8.887629640311170975e-01 3.228824558046922144e-01 9.374300926497057818e-01 7.826839559524609857e-01 5.940796720555795440e-01 7.894262906452814699e-01 4.946465259790918667e-01 3.639302250862502808e-01
6.365719844550252748e-01 9.471498902534858377e-01 3.442899846316964663e-01 9.688647164071806372e-02 7.847778742602562474e-03 3.233083630026915012e-01 4.947931517612810248e-01 8.235736708452124910e-01 3.623250114981050318e-01 7.025165782620043098e-01 2.361222937730278471e-01
8.447359338898754455e-01 6.414308497023585298e-01 2.142512145301285198e-01 3.960997566113001467e-01 2.069038773371041362e-01 7.604311043518012792e-01 3.442549598224033947e-01 3.116142821228735649e-01 9.883026517210600215e-01 7.789868185278799873e-01 9.510287392893321812e-01
2.815621844978374311e-01 4.887212645964618130e-01 4.060765820627918465e-01 5.837981843779171953e-02 1.743538750140513072e-01 5.409611397726622473e-01 3.306797769423536204e-01 4.828038274929670193e-01 8.302335194397387763e-01 4.050271879146359888e-01 4.238206444513855642e-01
6.380023071606949481e-01 1.724912889776459846e-01 7.012166528920620312e-01 4.047125200822363489e-01 6.920192050848210652e-01 2.210271392691798287e-02 6.817718018403007285e-02 6.472970590875704033e-02 9.640259378325554129e-01 2.149513340561353125e-01 7.401728462857501967e-01
7.903901753052634538e-01 2.530220824374386224e-01 6.826473078528006999e-01 9.360866919498448402e-01 1.738279577961591160e-01 6.859319339220395495e-01 8.047238066673267909e-02 6.333671847204579430e-01 8.957749121844105211e-01 7.287979984993279148e-01 1.592819494764011745e-01
9.756692971928133673e-01 2.251220899862962366e-01 9.104480822569422926e-01 5.505133966944110169e-01 2.716081618092217598e-01 9.347267237462092426e-01 7.973302490250495644e-01 6.142265429378829245e-01 6.945897793129066633e-01 9.872215681997553727e-01 4.897657438231113325e-01
1.287394062390532223e-01 4.227204514005976632e-01 1.476770835081214761e-01 4.477032157780643784e-01 6.099476410305312291e-01 4.480642683254002501e-01 3.820938248778193991e-01 1.513258516720386027e-01 6.222681796808811061e-01 7.998315869653044308e-01 6.803044460615244038e-01
2.571975025624575473e-01 7.431561425884576355e-01 4.714952191861082609e-01 3.586544322037511501e-01 4.740373477102375332e-01 6.551049053240288744e-01 9.392987627447603183e-01 5.131344510127752168e-01 2.052682982893068164e-01 6.767874669652356179e-01 4.203163931660394148e-01
9.178314464987393784e-01 1.279611389357271367e-01 2.384960253182403234e-01 8.745384597092603629e-01 3.253291846319021907e-01 7.371454043452351224e-01 7.636098294551899590e-01 1.266256028979630965e-01 5.061270999192633013e-01 2.069759145814125123e-01 8.021189251086382477e-01
3.502075443673310362e-01 9.831500101867676200e-01 9.422244358418535581e-01 9.832418714717735542e-01 3.533589908107914734e-01 2.119880818479271678e-01 8.495648145270321416e-01 9.589236018451015031e-01 5.379763097923313531e-01 6.813269737098970324e-01 1.637644082575406834e-01
2.984450996556486935e-02 4.964002546865919907e-02 9.390297848561083294e-01 1.415675180307166547e-01 6.084837841893255828e-01 7.090412000393959691e-01 2.130551997912808471e-01 9.124090984804316129e-01 4.878029286789343777e-01 2.360307649400842367e-01 6.011592530383856881e-01
9.662120526328833447e-01 1.287867116242030763e-01 5.074543768599333315e-01 1.041363163453321583e-01 6.905834927626459674e-01 6.727675162550073029e-02 1.510268671942537333e-01 8.930494844510354913e-01 7.258160309296197710e-01 3.476845074416941017e-01 2.050202320096228270e-02
9.836486045717121041e-01 6.663126602182530833e-01 7.413775514176897952e-01 1.244516759565459374e-01 3.893235339605765066e-01 5.907317987547853200e-01 3.736208214860464727e-01 3.053409718509578763e-01 9.543365663579950198e-01 5.650353160412024955e-02 7.963672313128772329e-01
9.207423774760875590e-01 1.479106398544379752e-01 1.069139710198658832e-01 8.008229154067496580e-01 4.557488633738250305e-01 6.693220858347109781e-01 6.855960476233896594e-01 8.551359127731525955e-01 8.495035697435362465e-01 3.939325141131284624e-01 7.434976551745187123e-02
8.900924519639611399e-01 9.368763375807258598e-01 9.747652820527548112e-01 5.059402398972941972e-01 6.008559915658595596e-02 8.308782561143928103e-01 2.376748229482423813e-01 7.472029136666250571e-01 8.056922458976292223e-01 5.082567150170459458e-01 2.702436972043744667e-01
8.943985786286082762e-01 1.909976373318168497e-01 6.127836576510331534e-01 8.891648877396005624e-01 1.071245067064311440e-01 8.037138396601805068e-01 6.307395320157479501e-01 2.125544894438343713e-01 9.693373877327282617e-02 6.435349854542758985e-01 5.552232623030085579e-01
7.757776225670498516e-01 8.554854727277833026e-01 5.180743058334069673e-02 8.243911134026200571e-01 7.010782977959192364e-01 2.707740922331026701e-01 6.851983598396684805e-01 2.814203291254216976e-01 1.503001158655029590e-01 4.137187660713835813e-01 7.917434761508830299e-01
1.489479281834823476e-01 1.073049399767880274e-01 7.109637322272099880e-01 3.045308399882791228e-01 6.989973710633646808e-01 8.946801418227757763e-01 3.449292878553957831e-01 2.026417717421499232e-01 1.006314130311014576e-01 1.831613212382944278e-01 6.138963270606335731e-01
8.771427014930852639e-01 9.571146234272535080e-01 6.335002170377200814e-01 8.921678593390952594e-01 7.701573642930731323e-01 8.188981585251359219e-01 2.060108195226736383e-01 2.484060655069501022e-01 6.716957002769308183e-03 1.472755795091387210e-01 1.803137768685642017e-01
1.906130968255813629e-01 5.501328237075207017e-01 2.461904763487170467e-01 2.109556181315297430e-02 7.850918044196725232e-01 8.694252162821124452e-01 2.122929409053161409e-01 3.608633239832925721e-02 8.640972575606549189e-01 1.885258132284295396e-02 8.745680242877048594e-01
1.269200608886990045e-01 1.520836859740903879e-02 4.002787123239363032e-01 1.761142526486059179e-02 9.785016436132857320e-01 3.524418650625503746e-01 9.364660715505966904e-01 5.711020989822752636e-01 1.458495540254715062e-01 2.859687271367749029e-01 7.718633213382674052e-01
1.951330658419896391e-01 2.919080030931648917e-01 4.605890726824037884e-01 9.400656858377869352e-01 5.905541857923368720e-02 2.783946514773777414e-01 2.874512894421354936e-02 4.701764146044634662e-01 3.980839408474693419e-01 9.744032691891973963e-01 9.867759336664050362e-02
2.281480888889235725e-01 9.004125153448720997e-01 6.574792093803227822e-02 2.614135221917007756e-01 6.870646118635511668e-01 5.677193311382134899e-01 1.682911051544550007e-01 7.126920418774913557e-01 4.131415263886305533e-01 3.849716063364391205e-01 5.000529953478928258e-01
5.070462967294394607e-01 1.705655047699883298e-01 7.965821249614638555e-01 2.977658736272495998e-01 5.774804522811263219e-01 4.457726071706847870e-01 2.545997977375269450e-01 3.997045999908488412e-01 6.117552922488289635e-02 4.731285562042829573e-01 6.022985919477330530e-01
4.268923283666653523e-01 5.138304177166475029e-01 8.283807647006957708e-01 1.380844196578756566e-01 3.566996529708525987e-01 5.323552853443722643e-01 3.118407545859713803e-01 3.087820478633794830e-01 2.039155086924860916e-01 4.112316117370391488e-01 3.815009630147614406e-01
3.846995530335420854e-01 5.253072775840372799e-01 1.725852085123380508e-02 5.426137138167478335e-01 7.271110058615759542e-02 7.339366186541212977e-01 4.229770127500188659e-01 4.173826899939638846e-01 9.239161086543777879e-01 5.831288338556290807e-01 9.786050014865776969e-02
4.462066748470405742e-01 6.743239537217928792e-01 5.923089320628029952e-01 1.007988239535284603e-02 9.299326286340590109e-01 6.072910958786779112e-01 9.321619425297078543e-02 1.498481331995804577e-01 8.849255419464784334e-01 4.582376610724641086e-01 9.249006623936070204e-01
6.186817513087417009e-01 5.668734650647943019e-01 4.849379077413931149e-01 8.482872404915671183e-01 9.727107591019451549e-01 2.674925017290892271e-01 5.571797492999244206e-01 8.463528975603952231e-01 5.298953041229129690e-01 6.647438163620572604e-01 2.946717697188481200e-01
8.811487845336637426e-01 4.548234614321463587e-01 7.894072003105139235e-01 8.078678970032244777e-01 5.894276860378089289e-01 1.918717380518675242e-01 4.875672300540834225e-02 6.349721420522669302e-01 3.095689720179914950e-01 8.059620734133530195e-01 7.061003447508862330e-01
7.583237116772607589e-01 9.279212003151756649e-01 1.307698513144398555e-01 9.098983227752088787e-01 1.384485410558300433e-01 9.685963685039331583e-01 4.856741689649197724e-01 7.659829877423167677e-01 4.198049588288429446e-01 3.400851812228801174e-01 4.144271023567945855e-01
7.963927705273123880e-01 6.128659754663385861e-01 2.900615467631412203e-01 8.325355189019127966e-01 6.851413882334616012e-01 5.452835310394000823e-01 2.542370457304781173e-01 4.478894769279918586e-01 3.326928854250758016e-01 6.378788764016042334e-01 6.649611479520756152e-02
8.394290603910525839e-01 3.092592952839783305e-01 1.650836446363722620e-01 6.524521873304922615e-01 8.227540538802370351e-01 1.205761914746865671e-01 5.021321893955962290e-01 2.238866302187559887e-01 1.450087810928102350e-02 9.873797000147294112e-01 2.062797811258566538e-01
1.185097490442647006e-01 8.749898316148650990e-01 8.449727566441247451e-01 5.602251174680739076e-02 6.485279363300416877e-01 6.798646812594868472e-01 2.560048385627193834e-01 7.609829713607695334e-01 8.088825997324661232e-01 1.493244842351425516e-01 3.442368650605455160e-01
4.381355378290630043e-01 8.102861154140625910e-01 1.188233830010122505e-01 7.179676043262446239e-01 5.098760778778864688e-01 6.996573436551594138e-01 7.977620505708987730e-01 4.378133639011450029e-01 3.425149139300780465e-01 3.403320936109119899e-01 9.952095431071020792e-01
1.495556502504052920e-01 5.325665845418183775e-01 1.704771798923920834e-02 5.930501040297205817e-01 2.731274683612499032e-01 3.226224527013943355e-02 8.403023289334221602e-02 3.327320826625183026e-01 3.069259463439929503e-01 6.859428764559717395e-01 7.443092263676293063e-01
5.590140287568368116e-02 1.913059710659084089e-01 8.709230759890662643e-01 7.291148102846212176e-02 3.263098326239187719e-01 3.293875587345977962e-01 6.468757326780253392e-01 3.265578639831859808e-01 9.016600737885780426e-01 3.954663252095661496e-01 5.949947055513202798e-01
