4.651225710192793406e-01 5.954444312289202124e-01 4.190787487095277708e-01 3.041706107332475817e-01 6.877889016684193280e-01 5.825292593230080307e-01 6.179287673693106830e-01 6.326953825705761147e-02 9.504842434225304615e-01 4.890511161342602220e-01
4.278483341760352943e-01 2.174669565539169014e-01 5.977169666031123541e-03 6.475323663969537735e-01 5.302621527767218401e-01 5.532250847720621145e-02 7.904214709520296367e-02 1.322994853578071117e-01 2.586499522243431715e-01 1.142668021075594620e-01
7.275604298717179841e-01 8.014528156082908472e-01 9.179558442103612492e-01 5.870497872334156098e-01 5.349478911732399311e-01 4.850112043045691212e-01 5.161059241250498530e-02 1.189726275207312334e-01 4.633952303014725604e-01 8.028270740289840113e-01
8.663572276932568483e-01 2.143643752092370125e-01 8.200175590834206663e-01 2.640225675087986001e-01 9.017908727258070467e-01 4.834055548391770207e-01 5.383899087690510177e-01 5.306800597710049638e-01 4.803338950323328138e-01 9.935332490631402225e-01
2.785486203949572026e-01 1.836549859540679286e-01 9.622651783356095390e-01 1.514863625809170777e-02 1.262140664545963187e-02 3.807846004832230458e-01 1.640357454569929541e-01 9.263197299704165610e-01 7.390972612650759110e-01 7.325174059391741377e-01
8.407028589794426354e-01 9.172907747447310856e-01 2.021558988077316599e-01 9.614328155163243128e-01 7.448572941923967683e-01 7.379366226587912303e-01 4.243408811486337751e-02 2.934220025320343206e-01 5.992062817607914926e-01 5.745575822700264013e-01
3.694087291989511801e-02 4.437391839516795500e-01 1.085365095994469398e-01 3.030974654501604748e-01 4.769645631355788895e-01 8.185897233670853534e-01 5.661922457419715782e-01 1.025875313216652041e-01 8.872843064048987483e-01 5.305228677703431872e-01
1.645733475821988812e-01 8.170876727832490083e-01 5.430951718286913810e-01 5.046489198220849293e-02 8.456571463444571002e-01 8.221330012600760462e-01 8.528860571232201870e-01 5.945897635488328614e-02 5.989037594617387938e-01 8.142902036411739930e-01
6.574364655027609139e-01 7.195102210322400493e-01 5.456871060255626960e-01 4.207477920457414200e-02 2.617224113738014779e-01 4.264291988485914286e-01 6.634245006874510686e-01 2.229695583729252029e-02 7.417264182141379836e-01 3.048556447428869554e-01
3.442524285050108102e-02 5.464660941095332847e-01 8.407101813075520402e-01 6.913155692610561953e-02 3.931813344930923382e-02 4.111153882635613099e-01 4.962123267489305656e-01 7.787659843490620792e-01 8.308811321178899423e-01 6.973493778894341855e-01
2.817809891836864367e-02 2.031372674439680948e-01 2.919916676038174508e-01 2.906741827879910645e-02 5.915668413195619424e-01 8.294884268085565004e-01 7.207224612794361773e-01 3.578528061550210193e-01 1.667330586354913713e-01 4.229578810865363137e-01
7.903504368210206854e-01 1.172432038604764859e-01 3.288309686743432492e-01 4.337792831060746090e-01 7.362058060190642683e-01 4.378396536892271707e-01 4.666756306834092261e-01 3.552590450738468686e-02 4.784012634959846633e-01 8.626420560531589121e-01
1.039320145975316523e-01 6.125118645324351130e-01 7.648077231802777876e-01 8.736458146921902701e-01 8.866030839954928133e-01 6.607186493516115089e-01 2.502109652126777162e-01 4.199079099569598128e-01 2.912253194702950632e-01 4.787280867057446265e-01
6.731321034931577740e-01 3.492780798320974656e-01 5.668104491411946055e-01 1.133512206611486661e-01 1.622852121109894519e-01 3.567920358407790093e-01 6.136605187549347695e-01 3.573899069706606424e-01 5.872047663832898889e-01 8.533695262967664341e-01
7.156803128508703038e-01 3.605738985241710992e-01 7.215942237693449002e-01 8.585061933142319468e-01 1.157347849059855438e-01 5.715751049712549658e-01 6.021896028494720943e-01 8.542501409666274359e-01 3.992619208571230871e-01 6.442272776464769146e-01
7.239254993574022468e-01 6.613052848242545467e-01 4.442282114297506634e-01 5.093155926896308916e-01 2.810119068494224548e-01 8.318437063890175009e-01 7.122493075337221757e-01 9.328614305395407369e-01 6.978205562349503177e-01 4.895289290004228855e-01
7.495818450591137383e-01 8.732482849693760096e-01 8.940314184246533902e-01 6.239384114646279178e-01 9.652256008474174864e-01 4.590986567570340959e-01 9.790043113654985918e-01 5.318995787045829315e-01 2.581179503347308390e-01 2.492044439656975197e-01
8.702657547983825292e-01 2.732877104677825519e-01 7.786409463955308308e-01 3.826405590425713266e-01 8.740580713231638210e-01 7.452647006073827018e-01 9.860895831382088250e-02 3.925653146861349807e-01 9.890840264148605954e-01 8.250722165676799280e-01
1.627439355277331412e-01 6.067570288624931640e-01 6.450661101538890385e-02 3.941336966360277083e-01 1.756122007289359077e-01 5.178123372981989769e-01 1.969974052492176053e-01 3.894061389476088930e-02 4.478584514416350526e-01 2.270609037751700754e-01
6.679422331345797881e-01 1.296165642668839491e-01 9.095709382387494601e-01 1.775571076280021421e-01 8.222308355619268871e-01 8.517500195065653701e-01 3.200109348733471970e-01 2.423834888740665772e-01 4.770310645470206001e-01 8.613842984308279771e-01
4.087095196491837834e-01 4.601451612146484349e-01 1.455134283015321328e-01 6.333801928973784579e-01 3.829929799843516669e-01 6.312377509009008403e-01 5.739316400577108013e-01 6.702079722825905472e-01 3.589721133677565845e-01 2.263591510191987899e-01
8.895503194498290966e-01 2.671937598985772988e-01 5.247943091710356445e-01 1.157204418259107914e-01 7.163402240927575493e-01 4.784992842178740213e-01 2.125636320320464234e-01 6.948558561025226510e-01 1.818377187908961634e-01 7.796502598251465743e-01
4.549017469616385423e-01 1.136856409601263440e-01 3.329764785482399736e-01 7.732260507175287012e-01 5.661201357306128168e-01 2.736261658569548727e-01 7.210979235812274846e-01 8.874712078954483108e-02 4.822478190011343369e-01 7.764815725966516258e-01
8.437353464864080221e-01 8.574318408654221235e-01 1.272161333019754537e-01 7.186315711220669922e-01 8.142240682306003396e-01 7.451683964804985960e-01 6.254897615901094943e-01 7.062779709825657282e-01 8.473488963909100447e-01 3.980902087121623856e-01
5.823569664420199521e-01 8.166295051652721071e-01 8.027883757832255940e-01 8.042899515950843181e-01 2.726523486492181680e-01 2.996222960238816846e-01 5.705661947730643613e-01 8.340154890626805262e-01 1.455614172098366188e-01 1.707724171422999593e-01
3.131892986443883808e-01 3.242499727991031699e-01 3.641203038944763604e-01 6.984849097831971054e-01 7.340906055073367353e-01 7.927205950041196214e-01 6.035976075627591531e-01 3.306580007272503785e-01 2.785315110240220715e-01 7.435929816094164480e-01
4.564900922151180485e-01 6.257689651336911796e-01 2.918548552201840618e-01 3.199268161719266423e-01 8.454065488803658157e-01 4.043132040320978060e-01 4.932554221344462864e-01 3.958484706733574887e-01 9.257775761903400680e-01 5.836956327553212143e-01
7.187145119069082710e-02 9.340559513283813731e-01 1.252386789859453176e-01 8.408131421639033487e-01 2.922464089154047651e-01 3.770622567615510290e-01 4.483577250286411298e-01 1.514425169746803634e-01 4.698803035951700791e-01 3.892993021068947845e-01
9.574286917771812622e-01 9.223545802500527913e-01 3.842258097842243814e-02 2.213360766864137519e-01 4.043724139840743081e-02 8.711866636917570128e-01 4.830478028759025433e-01 2.033873931599476936e-01 2.537153797302095226e-01 8.258292731137454323e-01
6.932068133605029381e-02 2.091089045122832557e-01 6.755884561845776348e-01 4.425896079690117002e-01 8.693398191809714737e-01 6.540480458544450926e-01 4.822316968360964573e-01 7.592335804679368749e-01 6.726225025628629339e-01 3.534926030867654445e-01
6.530837948546663885e-02 1.266407404357843269e-01 8.673311682801361222e-01 6.383028036017296403e-01 7.552401092724253528e-01 7.325472524897705950e-01 9.661624644652535565e-01 2.778310978744635840e-02 5.365379217323043015e-01 6.783934642833506778e-01
7.770852830141478096e-01 6.323043810502078088e-01 9.549499057778192412e-01 9.529776978515316355e-01 1.774671980075023248e-01 6.727962677705585648e-01 4.289615219275340063e-01 4.795065642197103850e-01 8.913376749738027849e-01 2.525738861386285228e-01
2.244363232605053327e-01 1.660779929303694002e-01 2.038667686560047265e-01 6.397746601513447651e-01 2.785455921421431391e-02 1.186390628388624968e-01 9.359276769606776902e-01 2.443391626558183427e-01 2.459647392243424768e-01 3.867800783157179234e-01
2.531516227419171594e-01 4.233202500289896530e-01 5.283965796193172970e-01 5.477463670733341283e-01 1.657316667909691787e-01 4.659923823659194442e-01 1.551489222760165099e-01 8.378684682743708922e-01 3.695407651724611497e-01 7.635782458490153468e-01
5.709083530874565771e-01 1.874497025242185533e-01 7.499725122891961471e-01 2.522616493372191737e-01 4.993681837414198910e-01 6.290810116894808290e-01 5.119098663979488872e-01 8.474916600914169651e-01 2.300577511954567944e-01 2.611057937265137685e-01
3.716047138777297532e-01 5.533444210381279760e-01 2.171726063126167006e-02 3.269066983176264207e-01 3.280287157643535512e-01 4.921790966390560129e-03 1.200401414685281498e-01 5.694248367549561429e-01 9.519208163676469159e-01 7.130185590973016074e-01
3.531540696146794334e-01 2.279616202635305067e-01 7.748226843600192204e-02 7.946961391695019916e-01 7.724389207126695078e-01 6.488441383935027451e-01 5.154045693269717621e-01 5.515870962384813447e-01 3.895833394891999868e-01 1.136427998797843175e-01
1.812413081024882855e-01 1.000417386559383504e-01 2.214934068613620965e-01 5.551716743094422535e-01 8.148582227067353578e-01 5.845029129319829764e-01 5.500995801517954975e-01 2.342804046286144359e-01 7.665267697243790535e-01 7.227948694029044940e-01
3.249846776953113636e-02 8.515601296454091695e-01 3.142076767837024276e-01 2.124198976398034011e-01 4.809720477533461214e-01 5.683723941593968876e-01 2.569148520008455172e-01 7.698722821683785522e-01 2.037999411512838588e-01 5.721721496640616023e-01
2.195193382984073072e-02 9.161738275569871748e-01 1.231620380594903308e-01 7.142977797668393913e-01 7.659609337624364578e-01 8.665413329403849341e-01 4.860657833652132220e-01 5.506781246653208450e-01 3.656673898930375977e-01 2.239780113515849047e-01
3.464431072773591636e-01 8.741925146580410422e-01 8.656529175714829938e-01 8.666884018075389218e-01 7.164597057390945656e-01 3.801852623371992923e-02 8.235079062660189964e-01 4.018386796031067076e-01 2.763500209912213013e-01 5.825812142872611732e-01
1.503348033623779223e-01 4.666596307564643276e-01 4.695539980938477909e-01 4.756926645629242500e-01 2.538784267472128375e-01 2.855779053886919883e-02 2.204993122495735314e-01 7.379101250797023281e-01 2.164367205301664931e-02 9.178722360840123606e-01
7.355951393884119227e-02 9.306339582539152611e-01 9.759985565040931732e-01 1.848559070255563208e-01 9.711592510380819832e-01 6.133068840429886093e-01 6.764448663810130880e-01 2.852957082730450677e-01 6.815225321195189645e-01 6.911097373203205496e-01
4.416900803605885439e-01 7.346087773886820216e-01 4.569273463229491794e-01 6.174372152303618799e-01 5.721914958641217686e-01 6.936011782373352474e-03 2.129549790594987835e-01 5.175853380164606721e-01 6.328213742281121323e-01 5.751798622985215825e-02
9.850724146085740873e-01 3.423898863159370309e-01 9.867851192046083186e-01 8.139888515659321477e-01 7.776218611454943641e-02 9.378999087929370537e-01 8.301329819097488238e-01 8.617810870653035416e-01 2.904221417650414416e-01 2.928426256102647507e-01
8.064227434977736531e-01 2.249982505542943434e-01 3.321416870070259542e-01 5.733233253266478702e-01 8.613214232999242270e-01 5.936984804015055239e-03 2.944944941151232953e-01 3.394072871728583962e-01 9.752004796536350995e-01 7.230224316703449672e-01
4.550697167725575865e-01 8.075661171994470422e-01 3.725916381106394448e-01 4.871875037276727216e-01 1.258802429701891823e-01 5.800336392229992200e-01 5.844295898011743207e-01 4.314285755630444807e-01 5.405649828510757926e-01 9.917937948149527783e-01
2.596257622046231894e-01 4.593360937057893167e-01 3.301831206240145589e-01 4.247465384136895894e-01 2.030421994620145165e-01 1.652220370862075294e-01 7.753213035436481437e-01 9.680957440196568120e-01 9.354430338916005505e-01 2.971741471321117656e-01
6.320559126251881210e-01 5.602333677670613410e-01 5.830484939361091357e-02 2.054601459010038100e-01 9.096683883715847019e-01 6.918425486649959488e-01 7.766282663508519146e-01 9.609805088679435059e-02 6.105159578375642937e-01 5.197133339797430640e-01
3.690872788219816680e-01 3.445890442477478333e-01 4.419386491194569055e-01 4.541219142979128209e-01 1.663886438825006309e-01 1.513318843092756882e-01 2.678079465956308969e-01 1.526466869818392524e-01 5.900007865833982734e-01 9.019429050351718269e-01
5.175625813318089907e-01 5.049371561083846327e-01 5.990656589359306672e-01 2.635269472554495618e-01 2.687403753953457874e-01 2.618517054345810280e-01 9.484585623423665846e-01 4.169045393943839883e-01 2.113581050516153415e-01 4.106665756552019264e-01
7.976761269528998000e-01 6.029462171624878630e-01 5.746110594731022037e-01 8.313881747112675802e-01 8.685589065906481610e-01 1.490316589395335178e-01 8.937985721541746864e-01 5.784566802086690274e-01 9.429195040170591513e-01 4.914853189119748889e-01
1.947445412321547886e-01 8.973368711628429972e-01 4.362670150062630814e-02 9.067866381646794149e-02 1.188662509871850625e-01 1.568296231650989636e-02 1.382842388069388528e-01 7.221309059652059048e-01 8.809400468050664346e-01 5.839957674331369697e-01
1.712598113072816286e-01 3.389522604937844630e-01 9.552754937503360466e-02 2.421697397921085404e-02 8.426338045353062300e-01 2.563540667256388739e-01 9.240889472986715258e-01 6.381477121472499681e-01 5.034353929972107400e-01 3.841839365847622423e-01
3.584671728706674276e-01 1.521626587424917965e-02 5.621426488915695074e-01 5.539130142130885837e-01 8.446243605156255052e-01 5.390615874340310976e-01 7.165417418751486300e-01 3.668017550304467633e-01 4.169047655891067183e-01 1.133649759727048956e-01
1.637859561926497953e-01 6.108129697864178587e-01 9.892994080063677309e-01 2.823326886935394464e-01 2.388326460712308918e-01 6.220314927294701146e-01 8.843089466178872815e-01 6.542501802441282877e-01 2.291210907861087609e-01 1.931624922073479356e-01
5.604260215228541453e-01 1.402757967067150835e-01 3.165995421417436839e-01 7.248072712944159113e-01 5.294514984843472494e-01 1.343594606730134089e-01 7.804126208749885274e-01 8.147691062724302657e-01 8.512225514566108542e-01 4.662143587643265974e-01
2.111684486435574382e-01 3.217382909452496387e-01 2.924792253331323089e-01 5.487193417809020923e-01 3.402092914737347984e-01 5.236833068889231724e-01 3.880730826614385842e-01 1.044671181355414369e-01 5.004138862586645642e-01 1.778682453252272699e-01
5.203082440995955293e-01 4.523317987504086313e-01 6.255387248726618221e-02 9.805931417724911281e-01 6.083947429481393332e-01 4.161591564141009503e-02 8.713816948076753555e-01 4.713310190231152497e-01 3.331269062839098405e-01 4.768712035474877986e-01
8.095780363855160644e-01 1.420859150115071357e-01 8.543086371951680302e-01 2.251619380494054301e-01 5.133504265512085496e-01 6.599938570477399402e-01 9.654743201562600019e-01 7.283042482036050647e-02 3.376567849567673196e-01 7.164362806973858522e-01
6.918112781257931276e-01 6.731716478423672712e-01 1.462384587798694069e-01 4.276799819492982380e-02 8.282503434725587699e-01 7.272918233428896650e-01 9.140776403644904624e-01 2.592582158974869877e-01 7.881796342046095694e-01 5.304054302290812650e-01
4.121722025299038306e-01 8.660110868623251967e-01 8.413668198319091962e-01 6.353178525626906881e-01 7.447158133911301325e-01 4.051563900101939897e-02 6.882265092146897523e-01 4.643454306074863425e-01 3.519707213500695708e-01 4.030957070260028363e-01
6.745135400013996252e-01 3.105655420929371857e-01 3.218272029751828578e-01 8.607939523821178662e-01 5.064565847903312878e-01 3.570567095316102835e-01 2.526372168802448748e-01 9.322264096765917607e-01 3.299271624146926651e-01 8.305970698570768196e-01
7.394744028306243777e-02 9.283082862475047214e-01 7.503278557391162007e-01 6.935030178074412799e-01 5.874081677110742916e-01 2.776705877761724839e-01 9.780829330165996538e-01 9.980762946079058118e-01 3.978595996992349004e-01 5.001568147020640787e-01
6.083796988981841070e-01 7.060276216223585477e-01 7.288527280034979849e-01 8.382118485254639317e-01 5.581731263521364506e-01 6.384321574906541841e-01 6.032945428243908781e-01 6.685519325987436812e-01 4.079222154067254635e-01 8.374368131300071738e-01
1.480448708082549025e-01 7.043527697659651698e-01 2.688501415949584583e-01 2.876647233586138164e-02 2.569673234024644204e-01 5.413430042146974985e-01 9.091706816329373497e-01 8.908395448659114368e-01 3.490547229070771751e-01 7.496108933514549211e-01
5.585164325909052208e-01 2.942745797671331154e-02 3.111963531443820985e-01 4.014931093841354048e-01 4.006882093158152802e-01 8.782659488289927818e-01 4.508525835155940964e-01 9.258984033193308205e-01 2.917297147923947342e-01 3.511169491553975952e-01
6.273210137025505562e-01 2.950916514938118906e-01 7.948820439153589934e-01 5.408750830896308370e-01 1.908172617842909258e-01 4.855365586486952711e-01 3.357144811261792983e-01 8.929294383007697622e-01 6.473672440248584570e-01 7.149608702162102425e-01
1.199242344176022490e-01 4.469342760101902012e-01 9.700428368417474134e-01 9.013053129315444778e-01 8.403270411156955610e-01 8.115984713056532129e-01 4.808644879856477372e-01 3.640587175378471319e-01 4.055002675311090155e-01 7.993909769090487005e-01
6.189901610268555565e-02 4.594948629302811893e-01 9.985666906363536155e-01 2.052454910117640363e-02 7.058085599482918360e-01 6.694399887541838678e-01 4.627853327223744317e-01 7.768229297055201377e-01 4.174894442710955778e-01 1.786783981268785793e-01
1.204465877861595757e-01 1.563284024134644623e-01 4.035716446063485341e-01 7.279099901186991683e-02 9.335691975212492277e-01 4.118975312872682482e-01 8.466406728971299644e-01 8.389312415992206118e-01 7.869666228266317676e-01 8.916049230631321043e-01
1.056486590807832471e-01 3.559429107642065881e-01 4.445904388148027575e-01 2.602534508173576233e-01 4.713327102352771192e-02 7.345962495096218792e-01 8.024954043360682521e-01 3.354514134949174720e-01 5.378120933436669748e-02 9.462763411493932963e-01
2.209554273203788721e-01 5.881298875846364682e-01 3.489829506024971773e-01 5.452661066099917520e-01 4.095600132888557177e-01 3.587012920203660471e-01 1.092026752118476773e-01 9.214064689750822712e-01 2.559593818910332885e-02 9.731914314352111406e-01
8.688141132238269559e-02 1.434819957374829924e-01 7.001112722059438243e-01 7.289229401935312103e-01 6.968122509171654766e-01 8.368987317564294814e-01 4.897450991375833507e-01 3.063332150647171126e-01 6.241368933340204483e-01 3.586629366490837745e-01
5.533828902840292052e-01 6.355033266801052294e-01 8.750040880522420572e-01 6.023657101015877924e-01 3.018944022306299102e-01 6.948846539043066484e-01 2.080838218733755962e-01 5.423239488066571301e-01 3.307266892827909199e-01 5.008370163010209541e-01
6.755683969273229561e-01 6.193238658550646036e-01 2.341063517996067045e-01 7.487558819212614125e-01 6.471608270903463911e-01 4.233047353826465686e-01 7.952126394961270828e-01 2.451571764486402127e-01 9.653462481374153192e-02 4.629032808867034055e-01
6.055271959265310366e-01 1.666012109404818586e-01 8.662011093747511437e-01 8.521689180948093245e-01 1.396169684907753172e-01 3.659188103021560057e-01 6.113515362108411511e-01 4.697896374217508386e-01 3.877337988749354203e-01 6.680889111602869024e-01
5.657386393378086575e-01 4.308317725473788107e-01 9.489930547264039395e-01 3.010204728678129715e-01 9.387334487961696006e-03 5.271573601647238094e-01 6.942634552616739896e-01 1.797483289426337061e-01 8.126845564863217630e-01 9.096239566272783517e-01
2.022577169441082123e-01 4.124667202732748006e-01 9.894231247468688872e-01 5.804019944341985981e-01 3.259980556184989275e-01 4.832656700160387064e-02 3.227352351597773117e-01 9.249818156864220153e-01 3.086741394977737807e-01 2.448690611563532071e-01
4.417030401314809840e-01 7.939411110264831262e-01 6.636823007537850927e-02 6.751327430887601455e-01 2.630739538700221924e-02 4.539195767975121587e-01 2.071940006902620590e-01 4.343298104463824139e-01 5.221846280140407526e-01 6.962904716882682976e-01
6.268514616017863972e-01 8.119793511448128998e-01 8.977688801814391883e-01 6.633962067903608206e-01 7.613129280313437608e-01 2.892380661881761572e-01 3.379276089463045807e-01 4.507085024835899567e-01 2.220895856869173901e-01 8.638261802406472789e-01
3.387999065190034909e-01 9.477226608698892107e-01 3.951033824085115054e-01 9.106601277534329686e-01 4.538426494509872899e-02 5.159015550222253443e-01 9.667679812713529941e-01 9.677272407986197145e-01 7.678459479410081334e-01 6.063914418279213736e-01
9.808569584262438745e-01 1.986834059695834487e-01 8.113248977681756235e-01 2.709342778519271411e-01 7.946238184271724458e-01 4.005121004284075692e-01 1.957699809208948150e-01 5.934714017773949912e-01 6.497855430388759235e-01 6.049056804498748052e-01
9.113277112458231244e-01 9.197273478521725831e-01 1.181233163653921947e-01 3.794931010081651346e-01 5.415821363268311650e-01 6.273860030915650032e-01 5.206889643363817877e-01 2.760934411375715047e-01 3.261369381101688614e-01 9.011914575800689109e-01
2.670719469419075009e-01 5.231822489757564920e-01 7.356649981545564376e-01 7.433666017629871892e-01 4.990528745482396555e-01 3.403421541304940678e-02 2.345512958612705479e-01 6.755135232038875781e-01 4.136722742876107750e-01 9.883578855644297168e-01
8.059640748898676543e-01 8.162278726364701198e-01 1.252603721580681784e-01 8.232992531670235703e-01 3.807128915824082860e-01 4.025383814103585811e-01 4.317614884366037797e-01 2.996752361183684377e-01 6.609386776097970762e-01 3.803979766874663326e-01
8.701671166705013949e-01 4.743840076227673341e-01 7.793694370652668457e-01 6.434774057712120410e-01 8.885125472195835039e-01 3.284682601224386822e-03 1.712382214733095820e-01 7.789296441031188234e-01 8.830869880933311933e-01 7.322765194560614255e-01
3.663780849177781240e-01 1.466667097031233435e-01 6.324679144978566647e-01 2.351640959721434943e-02 7.050279738199187740e-01 5.407692761310631813e-01 7.538396444517259098e-01 7.118147983779569143e-01 5.589643579287073560e-02 1.927118562731073848e-01
1.050286133565028202e-01 9.940427696818006087e-01 8.220660871778134871e-01 6.002887204493128070e-01 3.934427193783052168e-01 7.809671882876703108e-01 7.172288481258946025e-01 5.190662077725468615e-01 9.303197424527215320e-01 3.844256198283240167e-01
3.348392918357560033e-01 8.893680361172292548e-01 1.289056626733154909e-01 7.681753058868304729e-01 7.977481235520310632e-01 3.380871020199450738e-01 3.945143071032124471e-01 3.796554392499150721e-01 1.831009737612346866e-01 4.519947790989242709e-01
2.103772168463869940e-01 6.751184275667732049e-01 2.235311097165141314e-01 5.283318556009493072e-01 6.789971041491092985e-01 9.966829208480108004e-01 7.241698606936163296e-01 1.969654121199138075e-02 4.163179876027520709e-01 4.323669361936500755e-01
7.362849546080179053e-01 7.618173855114873660e-03 9.342887941618023273e-01 4.684353961554242884e-01 1.433637151500030127e-01 3.274316305904216851e-01 3.494358715139801452e-01 3.359766978604469267e-01 2.817652300777244712e-01 7.215186612469304261e-01
1.853799155166602208e-01 7.138289195237316198e-01 3.648948992417971882e-01 4.111651529493418611e-01 1.509721284122685914e-01 1.322715211537995872e-01 3.100808343308379955e-01 8.744163064560880327e-01 1.895479709824468006e-01 4.065317995338882939e-01
3.302147126378152109e-02 3.980938863379664960e-01 6.027220735864055046e-01 3.109526469926239267e-01 6.423578320331000402e-01 5.357595758991803292e-01 8.492503953742347456e-01 7.962525237469129102e-01 9.892754531635034043e-01 9.802646300061089724e-01
3.242541336642054128e-01 2.197585543052197332e-01 1.042011184839942706e-01 3.304483707812956306e-01 3.669384387765989297e-01 6.543280993416367153e-02 4.289642408769861470e-01 9.887312938426496833e-01 9.110133758998044673e-01 3.339247997186497452e-01
8.703549822420344473e-01 3.397567806558219328e-01 6.493794051276317036e-01 7.835832459248319726e-01 4.676975903795477230e-02 2.168045024914078134e-03 3.447678515472388794e-01 2.274527650242754717e-01 2.302814981098387781e-01 5.512050035783934154e-01
8.012483115742455864e-01 3.523389581571270135e-01 3.676864367622184604e-01 5.108540659645571802e-01 1.779956957614287072e-01 7.534553643805200762e-01 2.201860898958261092e-01 2.225890038131221882e-01 6.364002026385451316e-02 5.093799299598683605e-01
4.807662988183110109e-01 3.529044893509067915e-01 2.992488838467910472e-02 5.496102705540428790e-01 1.687386850539381866e-01 7.524904324369176001e-01 9.205525425980410903e-01 9.659562635534493236e-01 1.318259586944027228e-01 1.637508774731272210e-01
3.993362469995488384e-01 3.236408420741616609e-01 7.697602724012342357e-02 4.759515312825651767e-01 5.378810445876780477e-01 6.987331451849655428e-01 3.296209012654696124e-01 3.176848835140253513e-01 4.653907723253566386e-01 2.774786307817478370e-01
4.917064666036494724e-01 6.624829361492434732e-01 7.335715703935267173e-01 7.690872881994826882e-01 5.852746093459479937e-01 4.732818439487433970e-01 5.893468491622708694e-01 2.620696578419441369e-01 4.709182338525823575e-01 4.141934958275826917e-01
