5.101752849959239056e-01 5.127478946225068057e-01 4.113695166252203661e-01 7.667048669628470092e-01 2.863710001815844564e-01 7.757902528028188804e-01 8.412017426174382972e-01 6.442334793642128243e-01 2.870756522186840298e-01 4.168291913146744410e-01 2.654677829257545696e-01
9.069429856176931537e-01 3.088006361137927147e-01 3.571329129698425087e-01 3.411506492394564827e-01 7.880938237075029162e-01 7.584187353625354566e-01 7.610176224188281990e-01 8.148891798421959987e-01 2.373294306748013893e-01 7.713030611701736650e-01 5.442220325705049433e-02
5.203728381230349198e-01 9.481756615990599713e-02 5.136014909318484811e-01 8.564375482690026464e-01 6.417215952015240532e-01 3.856143875147739486e-01 1.595326176521457695e-01 2.267747783264052464e-01 5.205759947572822233e-01 2.165454820385467327e-01 7.898221161313446759e-01
5.133409902742228637e-01 5.562506779785251210e-01 7.443027137509539148e-02 3.372766701991347649e-02 5.423863017637284845e-01 6.932668433028470467e-01 9.027331876382801434e-01 8.615144970183915563e-01 3.596656133110576192e-02 8.771787033931637279e-01 7.071765304789099371e-01
6.742836704262495928e-01 6.132436600837433138e-01 7.995110704760772791e-01 7.563786637511197286e-01 4.618358815207540546e-01 2.507490592479826308e-01 8.359767201182699559e-03 2.402046035379075128e-01 4.630522845416600308e-01 4.801578787956839456e-03 3.754209520660324317e-01
5.047418942395436314e-01 5.839846050866508431e-01 4.787362543040941665e-01 7.410181656766018365e-01 6.864521264921236154e-01 4.980996490391580434e-01 4.266641429436034416e-01 7.282525185341770513e-02 5.240334590457887964e-01 2.077980928258019722e-01 8.462423076984951775e-01
9.109353144130890589e-01 1.309418465328084924e-01 7.914017779529138874e-01 5.026727284501645299e-01 4.095899335474831870e-01 3.230132396954168428e-01 1.492391722758931172e-01 9.703006641658885600e-01 7.709905565363530666e-01 9.746792368676604479e-01 2.330812808902694711e-01
2.073440726039983417e-01 1.894641489506138088e-01 8.247666476364891031e-01 3.690290835640064326e-01 1.651722869141799555e-01 5.018834555159827904e-01 2.565865563955712636e-01 7.361637195512352738e-01 1.577159721436877104e-01 9.461304133419278228e-01 7.044791940132536512e-01
9.771277237809378180e-01 6.260326630924506475e-01 2.180501132230435735e-01 2.798612433449598758e-02 5.050252117794977735e-01 9.309687235897807778e-01 8.158187280416642206e-01 3.422198460766778805e-02 1.791412958808221711e-01 9.437658073180088536e-03 9.055210421344760396e-01
3.502231928796578631e-01 6.544532575318458001e-01 8.518140912502365492e-01 4.479676596610816519e-01 2.614333931280773404e-01 7.269684780616422204e-01 8.008620369248429238e-01 9.266046168404318273e-01 2.771556086013967635e-01 3.663328512302200801e-01 9.603099325920655405e-01
5.875430135321879632e-01 1.162888311502847660e-01 7.501109112683610469e-01 9.303938919868316448e-01 1.354188454504067218e-01 8.724254972850181700e-01 4.057712018536315801e-01 5.571166580513750022e-01 9.057977168147149927e-01 5.491667325171377678e-01 1.393992805672706892e-01
5.827253681267561269e-01 3.713966304892275527e-01 4.145073442265986285e-01 2.282398374369942751e-01 6.101080495550437188e-02 7.860243608896150258e-01 2.208785543296364340e-01 1.098947791756973436e-01 5.373188515817090005e-01 5.176820097787653285e-01 7.811710017909975212e-01
6.013862571404317015e-01 9.918800461576217087e-01 7.848655841480139950e-01 7.272249086462835299e-01 1.788346884088806155e-01 9.964139493895352029e-01 1.287758520245164684e-01 1.181710338755418421e-01 9.991347393510996433e-02 8.441397454306838188e-01 8.230395930521757775e-01
7.927401560987956675e-01 9.860840201060884214e-01 6.391742381715289634e-01 1.813431740902025080e-01 9.502040937832018086e-01 9.630154085675024511e-03 9.899337150877796088e-02 3.782500354375883944e-02 1.528767730028566252e-01 7.981732913901349313e-01 8.276759062100190745e-01
7.920852614219573429e-01 9.856595399436612892e-01 3.422598669249770076e-01 9.941832399250229990e-01 4.022261818995169769e-01 3.035187927981316536e-01 3.864559430575101873e-01 5.357464394169101363e-01 7.992196983491239859e-01 8.687485842321959195e-01 1.000311309630927958e-01
6.390973602802694220e-01 2.644630941197785301e-01 5.094157252621874798e-01 1.161483884341008022e-03 6.182761064456214761e-01 4.117470195134144140e-01 8.389955144043603763e-02 6.391434957531227923e-01 8.426065608869843793e-01 4.434624781055420684e-01 4.828368370512543528e-01
9.066744221327317499e-01 4.469465979193220084e-01 5.696084338065203756e-01 1.998959846839483134e-01 1.445644172849237519e-01 2.926858519610939791e-01 5.259909421640937000e-01 7.937217538590746191e-02 5.475663380512374445e-01 1.787471289479553027e-01 9.543083212981759988e-01
5.227602519178577989e-01 3.108190547593937536e-01 1.659989272707492747e-01 2.596504751551295120e-01 4.614168221517009894e-01 2.801364874331441213e-01 2.412686222484717868e-01 9.349781776969863234e-01 1.132280128553577736e-01 4.643997658582511567e-01 4.816586818805183023e-01
1.791341172603724274e-01 1.328550755243869119e-01 6.513056423629771663e-01 3.767398972985361860e-01 2.978295272247436509e-01 9.941926341393977351e-01 8.181550678408073818e-01 9.271025653641455921e-01 2.661648408466160687e-01 2.131501342216735040e-02 9.703447478395819115e-01
2.018007942962192214e-01 2.172747855038218434e-01 5.550967424816819484e-01 5.364037649356167003e-01 9.051102451029308105e-01 8.836705451249643462e-01 8.334101460423832819e-01 2.058576433219815316e-01 6.577558853347187373e-02 4.021027282625787569e-01 8.917898302469522420e-01
7.037043245722952589e-01 4.370829020616434635e-01 1.476367520153221147e-02 5.065832979656100798e-01 8.386314949947757391e-01 3.966404172410964435e-01 7.219107509776899745e-01 5.423038684052401415e-01 1.032052937016193495e-01 5.809071104778783523e-01 6.625155712132082542e-01
5.928919656543426564e-01 6.149415717373551971e-02 2.546588551667794409e-01 2.466039520234875049e-01 9.017162796493827237e-02 1.880148605576315024e-01 2.156142372147085151e-01 3.944167044314055293e-01 9.381700376143767839e-01 8.557386360339631626e-01 6.771581032262181665e-01
2.915630309779929652e-01 9.434743197132732240e-01 2.635456756825221847e-01 6.222281469569792556e-01 2.842266301092820635e-01 6.468822007897923054e-02 1.724006573800349607e-01 2.808149387896552440e-01 1.088831975810966579e-01 8.303754142706475383e-01 7.194071868759471799e-01
1.467302270376859008e-01 3.880748752526521628e-01 6.560160085191150126e-01 6.450419273374647933e-01 7.635823176260752021e-01 7.681968800823575361e-01 3.470719430162847452e-01 6.569755219159294501e-01 9.667509959066937775e-01 3.960613285154334084e-01 9.622541715220269687e-01
3.680242198728670422e-01 7.639454703485268894e-01 5.944652886724749452e-01 6.567876168744356535e-01 2.546903809451085410e-01 1.356942619386909410e-01 8.763000906769654597e-01 9.086024295411058160e-01 2.771240112424332436e-01 7.987593618171424659e-01 5.843601440503136679e-01
7.324823089145429122e-01 9.445130307091355037e-01 6.496168203603689406e-01 7.017167123116668792e-01 3.054794281271311363e-01 1.269163816150897794e-01 7.386476563626297454e-01 6.489726007772572691e-01 2.650350379691068792e-02 3.637033640633841047e-01 9.902270692932158003e-02
8.076493471933487989e-01 5.708296937066192900e-01 5.927198287372396068e-01 9.840620470503130823e-01 4.843479713801667197e-01 7.756244628294594046e-01 9.320661239865348779e-01 2.085856507445431607e-01 6.340160905558420712e-01 1.480542881560797941e-02 1.167616479515506400e-01
8.397596172279623294e-01 2.548905600663401438e-01 4.774104835801253888e-01 8.148264284651609568e-01 7.002022149137597795e-01 2.225722788585019485e-01 7.280310613998539626e-01 4.885215259257920106e-01 3.269998365289311648e-01 7.858910703172402590e-01 3.317172030511410519e-01
9.509588756869253867e-01 1.545822928107141170e-01 5.396919184697182015e-01 6.578124668031737343e-02 8.525815641131981870e-01 9.590037216175210100e-01 9.532346096448728323e-01 2.203948501262065207e-01 5.967102607249952229e-01 2.252597876883967176e-01 6.601483866231515618e-01
3.018132622352571737e-01 6.801852163922764705e-01 4.334187968343882202e-01 2.247999282461303761e-01 3.561160121718147664e-01 3.134885639981941363e-01 9.217085818941761488e-01 3.124116968454715426e-03 4.813361070736336123e-01 5.800986653071116272e-01 8.404702737302335303e-01
9.545220854358362761e-01 4.911937932857126654e-01 5.132261513232388994e-01 5.998121700065874862e-01 2.738939061239016315e-01 6.802096014458463014e-01 9.812824694075352738e-01 2.180184808922304152e-01 3.932000028128521674e-01 3.537187012516582740e-01 6.947042455071790190e-01
4.574980720837656945e-01 4.101983483137791042e-01 5.473539970395036036e-02 7.222055078365249292e-01 5.835532231144776594e-01 9.826143900681206800e-01 1.535455403257647289e-01 9.049821778372196812e-01 5.116376089681345940e-01 4.773858318602935968e-01 3.957365044586114156e-02
7.166947082007916192e-01 9.435881142568617319e-01 4.932279771571700389e-01 3.963947819269828532e-01 9.071881944934833131e-01 2.656223242431701159e-01 8.783005811422424092e-01 2.857440230746062237e-01 9.114215963147000998e-01 4.899175554793833154e-02 3.412273623525826638e-01
6.816960056998790929e-01 9.991896956110712935e-01 2.814106736072093939e-01 9.528319913988614331e-03 4.804352908902178587e-01 7.124391729945320773e-01 8.964993416888289435e-01 4.941731969860604368e-01 2.136851210018684277e-01 4.837445719743858064e-01 7.322868713964898468e-01
8.548511590921785697e-01 9.800003613111623046e-01 1.250586063971910189e-01 3.603079133764157671e-01 8.147211629903973185e-01 2.715079755255969118e-01 7.578916705886085126e-02 8.032506379391006757e-01 6.798346128577387182e-01 3.256524950091255199e-01 5.143894662239359983e-01
4.058818071405659866e-01 8.945750540593482292e-01 3.666052632855912874e-01 8.732084314606411990e-01 9.676140060409997856e-01 1.185316090521439936e-01 9.370344142265231158e-01 6.357357766688763734e-01 3.889870663645500493e-01 4.654398886990682715e-01 8.922747557919048500e-01
4.688730489241275112e-01 8.049394186605546286e-01 9.080691206880960875e-01 4.490084409506411856e-01 1.268842775881998675e-01 1.291631361041949422e-01 9.652364501457164625e-01 2.526278339087341118e-01 2.780746637353390671e-01 2.880610868869420971e-01 6.158305350402509815e-01
7.840100767330672182e-01 8.273904437820319702e-01 8.436102215122871506e-01 1.107274685849168883e-01 7.334812589475124822e-01 3.252679504678538391e-01 3.445604685459103811e-01 3.652702377265851785e-01 4.182900588924031160e-01 8.449007235303077623e-01 3.668441005376898989e-01
6.143852365756102829e-01 9.239409410048279314e-01 9.402697136065493178e-01 8.236110557302421809e-01 5.629331491181145397e-01 5.923558039825977950e-01 2.809608383016387601e-01 5.251750381362124687e-01 8.523121621415411520e-01 5.532770750398446902e-01 9.806383017172730643e-01
6.793904222130366932e-01 5.017042924388174230e-01 2.919742720568057059e-01 6.478847668133568272e-01 2.535742929805541168e-01 1.076059665359153650e-01 5.126493825879446797e-01 1.552076550826194667e-01 4.836567946012210184e-01 8.303406961757731075e-01 3.155715232089928435e-01
3.397940956360729903e-01 1.704358151786600217e-02 1.372151008464734812e-01 4.020174822269283466e-01 9.746001036116951344e-01 4.360704461938504917e-01 6.817175901635910140e-01 9.090429959218615519e-01 5.913231703741028689e-03 6.835109465850068844e-01 9.306379362373795594e-01
3.849167638672282843e-01 7.099677463722215975e-01 2.438824654704183637e-01 8.938912122392961290e-02 5.783482457107735897e-02 4.399080433221662645e-01 4.789109118707768342e-01 3.901771847304886798e-01 7.070252753944012980e-01 7.274235385587805025e-01 9.943726247450637157e-01
9.351549752788441694e-01 4.198750561088595568e-01 3.476679079033803133e-01 7.805809671576762199e-01 5.940561117223284171e-01 9.827714509832559120e-01 4.021012088795983264e-01 8.840968971199395510e-01 2.340918843951990125e-01 1.728812558753733963e-01 5.254403766194279957e-01
8.008674837489258014e-01 7.846755753821557100e-01 1.675717525088303850e-01 5.074842346517064451e-01 2.103164132093852112e-01 4.931724235120110711e-01 6.528421202112215660e-01 3.036443997500845038e-01 3.973023734341406543e-01 7.130795052162930414e-01 7.366193483489652527e-01
4.747130135150189334e-01 6.185309692977699614e-01 8.150223218818597459e-02 2.228908343559499183e-01 6.856327444060918985e-01 5.590302116533779619e-01 3.619554767291113251e-01 8.193517203716416120e-01 5.681430029139082905e-01 1.046286730826732070e-01 4.484733416433414055e-01
9.421975734498921895e-02 8.022817787202543016e-01 7.505946132404602844e-01 4.789317427430529461e-01 1.807947353332322038e-01 8.781479776764595790e-01 3.829745993812584404e-01 5.956815494470208971e-01 4.028784648876542196e-01 6.100329801071746605e-01 7.938814975462542556e-01
7.386748121061328387e-01 5.204524337030465020e-01 2.232682852093802461e-01 5.614175712320546019e-01 4.686508500177318792e-01 9.197989836519672169e-01 6.979885527961148250e-01 5.393343487193582586e-01 6.689092400056484422e-01 8.841505421020336986e-01 9.404676539214418263e-01
5.955254306142796494e-01 4.144834934211941713e-01 3.044679598447151969e-01 1.648275856478875756e-01 1.192955478011472614e-01 9.637618640992241525e-01 8.076051072416570165e-01 8.622534512290576103e-01 9.992097119792342497e-02 4.663182764213967824e-01 4.701365761737079652e-01
5.870697547315731901e-01 8.531226008666319416e-01 5.781667616819158306e-01 4.489661481486263428e-01 5.780516040518167697e-01 6.348738267430545923e-01 6.795103558721424797e-01 5.784228968824213224e-01 5.828498938360837656e-01 6.481726459649467253e-01 6.753313192069166915e-01
5.530226289971085230e-02 3.931044732064647995e-01 7.068725400251411051e-01 3.944639450101944389e-01 8.300829243158740489e-01 9.908610891246198982e-01 9.485575322137960175e-01 1.803591602200440569e-01 9.850741715222973705e-01 3.086002258783894225e-01 6.809508020020568209e-01
2.320423367048296548e-02 4.287487966484738733e-01 4.808857550401183234e-01 5.142282400340983939e-01 7.247943316018800042e-01 8.837261156868038148e-01 6.127903003059449460e-01 1.422560585978717151e-01 9.635486921726191811e-01 6.496606983154169512e-01 3.250996831360477568e-01
9.259645972359370480e-01 4.774110408860416932e-01 4.061748328124830110e-01 6.279524003514652675e-01 1.567312548861525823e-01 8.151518699089570497e-01 9.524438209735416327e-01 7.979542310359792889e-01 1.633681349517084325e-01 4.856318092694341670e-01 2.251257060159610468e-01
3.461267145846410598e-01 5.038229277003032358e-01 2.522245273738266125e-01 4.307647280452455707e-01 9.754055607537355232e-01 4.692735362194193627e-01 2.781620330347400749e-02 6.398977811970576468e-01 4.098700074607749544e-01 4.572024589063228284e-01 3.081296379919415962e-01
8.715917790198915993e-01 2.325990546059022446e-01 1.952699912040698482e-01 4.687334269598074643e-01 4.761450255084347383e-01 2.355196964715268182e-01 2.402848106508680415e-01 7.279520652260841329e-01 3.027691818714121075e-01 4.780277873939435818e-01 6.309707170435160384e-01
2.062827189861393684e-03 2.558121662024628318e-01 9.212420843139533799e-01 6.628081721908105628e-01 8.190576027373974721e-02 5.047384677098879502e-01 5.115052344102168913e-01 6.432217059811398130e-01 3.041588765751059853e-01 5.646098230069321877e-01 1.009987334829776096e-01
2.714900899056325034e-01 1.083621291682379528e-01 2.161244477583712520e-01 8.016339841779829278e-02 8.115233839451375664e-01 5.143612347869197521e-03 2.456427106889269574e-02 2.190211297270371338e-01 6.883049872760744758e-01 5.331603844037590134e-01 9.793629247392720005e-01
2.831767322980884849e-01 4.952349423369708514e-01 2.277118855150092047e-01 1.178834422346308752e-01 2.186309550540576074e-01 7.258911939611414343e-01 1.804445189392778204e-02 8.768671200523906473e-01 9.439210591036961695e-01 3.778519030604049478e-01 2.734004991804145357e-01
3.201034970742694385e-01 1.623269265977600462e-01 6.899127431231566465e-01 2.694684155977575823e-01 8.122698257228222474e-01 4.914475605099517530e-01 1.946353206376190137e-01 3.423417446088983240e-02 2.430885828341605714e-01 2.222794470528322019e-02 5.408049282954568993e-01
8.702596954075745295e-01 7.239029624263482177e-02 4.363764446241810147e-01 4.617366973143347542e-01 5.036805117799192377e-02 8.014213536087311240e-01 5.539471739947420259e-01 3.470090030884798171e-02 3.801492112152216052e-01 6.371362123152640722e-01 4.807076414002853237e-02
7.168709786938264328e-01 9.732591448571696890e-01 2.742135974405044418e-01 1.276254291424451237e-01 8.805340548802003120e-01 8.975631592393392699e-01 3.256769755673921685e-01 3.949384720349347067e-01 7.004295788034453629e-02 3.690944738049740659e-01 5.902143913095565519e-01
6.199513530137175099e-01 1.855107463373053545e-01 1.570758974122778984e-01 5.086257594825953632e-01 4.295764842706221165e-01 1.174616264139412003e-01 4.667852530967566693e-01 8.475255170431605922e-01 8.783479398714366670e-02 5.114535749121535968e-01 7.371127041439966554e-01
4.592617979732688260e-01 1.562973829170779538e-01 9.398497866223030073e-01 6.931346009692155308e-01 6.193554618165715286e-01 9.119025790042692980e-01 1.315958046098443246e-01 4.660237194340750566e-01 5.390161687784885691e-01 6.209403472500705234e-01 8.497442212461508992e-01
5.506012090900960221e-01 2.884417708893793897e-01 3.598719355647022056e-01 8.454922257455951273e-01 9.811072058367313886e-01 3.163456539400028023e-01 1.457634371246312455e-01 2.429535125991433286e-01 1.938356511949878014e-01 6.002801282797788351e-01 8.747326461376158102e-01
8.943280879456733112e-01 9.271096124409574646e-01 8.503544384969284886e-01 1.368009431596647341e-01 8.131202422585215306e-02 3.022431953825323037e-01 9.969569824773905076e-02 4.005160094373256818e-01 4.523111608603389566e-01 5.110039326459958620e-01 3.479748534699493856e-01
1.086457271594829521e-01 6.429467327815774347e-01 9.065377235059273175e-01 7.422075118467094113e-01 5.399115854081513177e-01 5.464526114318836170e-01 1.451154674765475772e-02 3.849007976649974072e-01 6.438284631653287127e-01 1.135339994712314393e-01 5.700745824745695467e-01
1.970596585365699260e-01 4.709335551264117736e-01 5.242520287691159186e-01 5.966399254878321790e-01 5.590375765391829566e-01 7.025128122635496686e-01 4.234615902664110587e-01 6.068072969301561148e-01 3.070778555722538661e-01 5.545223782181664118e-01 2.576043299919852370e-01
8.600115370343657251e-01 8.589779463918554292e-01 5.570023105169119582e-01 5.942534459872512720e-01 1.097280723526765644e-01 5.311337991773372735e-01 9.593368235160182333e-02 4.673490894320574407e-01 2.641589110733506551e-01 9.826186158209494481e-01 2.672177914263529352e-02
4.715369803554095851e-01 9.979773620114424926e-01 9.549197685623492804e-01 3.114455879488100543e-01 6.681896107195482992e-01 7.063211648516265484e-01 8.029213964563840511e-01 6.103261810753970451e-01 3.886794464494335299e-01 4.505816647806002440e-01 2.275925013326396407e-02
4.712591747945222842e-01 1.739667919537078999e-01 4.966208909726431697e-01 1.825374924397090703e-01 3.524098190297993982e-01 5.685109325267726499e-01 1.585104699720796262e-01 5.041190941570145023e-01 8.543024653791163603e-01 1.195783283516158590e-01 7.424219522601568366e-01
6.643213992740303331e-01 4.631619621588226599e-01 1.046455532720581560e-01 9.346675330787392877e-01 5.314651221946438131e-01 4.119053322948303952e-01 4.692955898076730525e-01 2.654203698009146573e-01 5.356494672791377587e-01 2.934457017312198657e-01 5.512621220338833616e-01
1.743281077734266660e-01 8.201033510046639163e-01 7.486808293159975536e-01 4.642142614390234456e-01 8.307110081478976671e-01 2.692939484734535593e-01 9.335047089967579703e-01 8.779231712399242493e-01 3.878276276120011801e-01 1.102540772582885076e-01 3.280511071805646273e-01
7.441183506587203400e-01 4.102282279841513724e-01 6.603308953237226886e-01 7.096165146680698532e-01 9.450390116770154281e-01 5.891869148376037701e-01 1.826867242618486209e-01 4.202818287015260834e-01 9.817390608957881071e-01 7.703153129092504825e-01 8.987427503888090197e-02
1.112907203612597540e-01 2.920972799618545279e-01 1.453581112134129105e-01 7.101075422155294081e-01 3.036037319090333364e-01 7.237068350994273480e-01 6.175329009798610214e-01 2.520340492157246981e-02 6.249404161225099452e-01 1.768705437524782376e-01 5.604764082733776354e-01
7.731962371581541094e-01 9.046852251029573466e-01 9.132922929976586834e-01 6.572911132934314837e-01 2.837748844987801888e-01 9.022260127885569636e-01 7.340561196572648051e-02 4.050706556355644361e-01 6.611828188972531661e-01 1.810853626714538089e-01 2.285317191280933358e-02
9.891328989308224573e-01 8.438715098413420712e-01 9.665386886368272368e-01 6.012899927016512880e-02 9.037835240490812438e-01 9.028705599421297245e-01 3.018318485351189073e-01 1.980800234059397757e-01 5.796490394293951631e-01 1.772704512092637685e-01 6.585733644519690122e-01
2.294382593313526453e-02 7.500168439617695970e-01 8.422842626086629592e-01 2.024372959920829329e-01 2.645638391056104322e-02 5.219405556351353059e-02 7.058124399730394405e-01 3.817908754670029658e-02 2.757079111631886015e-01 3.855799858968825822e-01 3.150199995554465726e-01
5.976594325391009210e-01 8.078803784307884150e-01 4.624448128616762688e-01 1.719060350430891004e-01 5.391043402629437375e-01 8.420824759247831359e-01 9.352863195471061708e-02 7.092827517755586619e-01 3.331041939617691572e-01 4.322112211630826373e-01 9.927395829483902645e-01
1.227355801106879696e-01 3.870230570712697160e-01 2.117179504460997563e-02 2.285226553732230270e-01 2.706568252055160384e-01 7.787177337802970722e-01 6.430910670836339493e-01 5.514999038415276944e-01 5.289543629502624356e-02 5.702334409016682759e-01 4.410244437964184749e-01
2.799263867196736255e-01 2.804140718386458619e-01 4.324734675559059882e-01 5.210325847122659892e-01 3.633985305909723795e-01 6.426776156271818419e-02 3.594178637092815265e-01 1.013083018246053735e-01 8.439738359088333475e-02 8.700765098793757923e-01 7.562495699495530577e-01
5.189836957780915583e-01 3.466849115906602830e-01 9.875934883567477618e-01 4.401926939110966108e-01 9.363305489407924842e-02 8.270813721812909636e-01 1.723658575523256964e-02 1.646379166024859453e-01 2.109540644357305039e-01 8.994919444165891953e-01 2.281580500264909217e-01
8.485627739939114456e-01 9.076938560267193701e-01 2.650869756986734549e-01 7.541120705777852873e-01 8.166772906169864621e-01 3.762316544318761169e-01 4.014457649611250512e-01 9.968267165052154821e-01 5.503944692295559271e-02 7.135653197309379525e-01 6.457829700739348144e-02
9.019778614094373648e-01 7.485373098011522952e-01 3.647067918972149991e-01 8.826469582145259896e-01 2.664014549995447068e-01 8.354996349262232558e-01 7.933168093497613427e-01 3.340165622304044346e-01 1.786299635665242747e-01 6.876056924985798346e-01 7.372190775811935382e-01
7.782043600204043843e-01 1.143935819239755292e-01 2.835662128946530025e-01 3.737270002295861593e-01 4.609932048038855035e-01 3.689507210513998103e-02 4.442028603959693456e-01 9.039799195315163516e-01 7.691702970019698160e-01 8.691442100679188654e-01 5.577798456342356603e-01
4.842056795970991478e-01 4.874886323225814388e-01 5.890402602145176081e-01 3.812444312212126540e-02 5.002047414150843085e-01 9.328186684444030874e-01 7.507344191335063588e-01 5.352122329046025140e-01 2.760443625386878042e-01 6.898182901413968393e-01 4.640871010327152213e-01
9.964485054940190878e-01 9.682069281002247951e-01 2.022461886985934543e-01 6.971586886367769909e-01 9.445195069722526204e-01 7.118398458885688562e-02 5.403994523748781864e-01 6.313032471994191042e-01 7.563792838197024304e-01 2.726689233130923373e-01 7.680065376275514444e-01
3.474154440848281622e-01 6.290408959672599831e-01 8.484441271684330932e-01 3.289131981831796558e-01 4.800976095823439316e-02 8.274050139764751455e-01 1.451235971445363759e-01 2.819013942768328063e-01 9.804510590036611406e-01 1.343373948985701061e-01 9.382848024720367164e-01
1.422024117940214882e-01 4.172170117189155647e-01 9.920205142374872720e-01 6.708680833079483374e-01 4.637810581051845515e-01 4.984793732191056259e-01 2.631810829182001932e-02 1.474752886757736414e-01 4.124664322152263862e-01 4.896925179931668204e-01 2.934925302656037349e-01
9.140541855224154633e-01 1.295747106474405275e-01 8.083952956641288212e-01 8.367017392723711255e-01 7.297741621689304292e-01 1.277088773087498019e-01 8.967020512376596697e-01 2.301725080695127268e-01 3.290738543209098532e-01 1.584123530185890250e-01 2.729401877618150563e-01
4.845770724239039096e-01 8.976000228420448757e-01 4.922270526178995631e-02 7.147812267275943654e-01 4.290585427986294276e-01 4.765303228846613504e-01 9.516477122182223081e-01 3.588429116067779479e-01 2.111123664923122423e-01 6.855427429037940223e-01 1.235929381406439820e-01
4.726605842601925289e-01 8.395316939513161048e-01 2.237426765458184752e-01 5.885478158628221212e-01 2.868398981411509618e-01 1.353659949535529483e-01 9.011294130603807462e-01 7.713644888624071605e-02 9.094469284964949995e-01 9.824847882615842520e-01 7.324220405594420447e-01
2.597892259654381863e-01 1.636793403868421759e-01 1.189141258025566694e-01 5.644408604299122612e-02 2.450276465264739079e-01 5.977637960511630322e-01 9.544771106176246356e-01 2.053941907268304057e-01 8.508835244050231283e-01 2.175120167067747801e-01 2.078088702982189284e-01
8.070876821844297222e-01 2.649703196518290449e-01 1.868268637093352114e-01 7.985605797593394728e-01 8.822581021981745764e-01 9.798067463407231781e-01 6.440016633700279547e-01 9.787278512719319590e-01 6.121741648007932302e-01 2.762215923261401862e-01 8.945826577946658364e-01
3.444138536584741006e-01 3.025943498802230458e-02 3.994561978841593142e-01 3.275243932448187456e-01 5.358801963157862058e-01 1.223935538758280650e-02 6.730829783479324036e-01 2.751594338793873495e-01 2.838111311701430051e-01 7.783769609639989984e-02 3.600905365044656525e-01
1.488951282147686905e-01 1.417163799905973853e-01 6.616759074940319341e-01 1.066694068152542751e-01 9.444914215836104354e-01 1.362021323740111312e-01 1.926054958576284282e-01 5.460474226836784517e-01 6.719254128325553577e-01 8.444556598128100111e-01 9.288536390205178739e-01
8.219011553038113593e-02 5.476945440869929183e-02 1.629175210877951141e-01 7.886632710474527075e-01 3.112934859986207226e-01 2.022263889891777744e-01 9.457938644707902798e-01 2.463400727107717403e-01 1.801113590381950846e-01 5.926584657503504161e-01 3.681998363272549479e-01
7.044566702879353493e-01 5.559194225028464276e-01 6.519378203912018499e-02 1.301672594110175885e-01 4.735124513947187586e-01 4.259520899999729160e-01 9.641611750654619506e-01 7.942528723933749424e-01 4.459018669302936555e-01 2.532608362035873029e-01 4.909920121017996575e-02
9.876766795935897347e-01 8.912695870990304803e-01 6.418605348392278920e-01 1.407424407322778181e-01 5.773864097024410391e-01 4.776052310571390347e-01 1.714686664534081917e-02 7.122739199332708271e-01 6.003540846680398557e-01 8.240525449475617492e-01 5.157928626679318951e-01
5.210608839670902714e-01 8.525378416030711115e-01 1.432492589408290717e-01 7.962423652673715768e-01 5.360112056723086438e-01 4.774177308846161427e-01 8.999171217207314610e-01 4.638785577052593201e-01 6.403167410468546539e-01 9.267950960195435739e-01 3.716850326974985297e-02
9.072214468634380857e-01 6.000317370874500567e-01 9.648091687950659523e-01 3.459893415345236534e-01 2.351191217614601037e-02 3.165275683216250968e-02 8.895724250367245123e-01 4.702961485321288659e-01 3.023162786549826730e-02 3.174999646164746725e-01 2.224619019133577957e-01
5.062986705045502411e-01 7.821274608528571148e-01 6.649155989280629564e-01 8.224658862791089931e-02 3.140535871407716950e-01 6.138492948749162403e-01 6.272054986409952848e-01 7.713034289552297418e-01 9.361259313595287068e-01 2.711001968117943139e-02 9.839409392051955416e-01
