4.242006519886956095e-01 3.496943434518910987e-01 7.112508976990657983e-01 6.766400856277149378e-01 3.149627184334987673e-01 2.539177668991342562e-01 7.268099316638382268e-01 3.979945109657281321e-01 7.820079554048298132e-02 6.800833791015443719e-01
2.003288442270347858e-01 5.148892284595047997e-01 9.074227009169688607e-01 4.637478285364811104e-01 8.530693115655499925e-01 9.329760814303256211e-03 6.527890693939661926e-01 3.073239605830497823e-01 6.515110005306157248e-01 6.317921342064503065e-01
9.004931188303887390e-01 6.079291170081997375e-01 6.927875419557018022e-01 3.529018492148180419e-01 2.156351372307252490e-01 6.315287584066617832e-01 7.729819261750220383e-01 8.303257862156732116e-02 4.458986237886308768e-02 7.124644815524193708e-01
1.012760404967519845e-01 9.231099260106356841e-01 5.409139903897095536e-01 5.395033372343452927e-01 7.578366519291402925e-01 2.453989065574926354e-01 9.006273987145132498e-01 1.073573107925087644e-01 7.053396790538170036e-01 9.387316542220622839e-01
5.517815970149877458e-01 8.024221884770582625e-01 8.439284124659710562e-01 5.951507279219290236e-01 6.185738099575955884e-01 4.875488652766521991e-01 3.997660627250508858e-01 4.456730017582966052e-02 8.776711385847223434e-01 1.782414646812369163e-01
1.689726831894872161e-01 2.069950182909267022e-01 7.266990191033033675e-01 1.710724711652549246e-01 8.255791497826003855e-01 3.330588469825426223e-01 1.152416290641999908e-02 1.056502523189484233e-02 2.006406086976061376e-01 1.034322891473152817e-01
9.863931150989362351e-01 8.650577085686905754e-02 9.544704993654012926e-01 1.575561863913089722e-01 7.425335511248152276e-01 5.162386927480966392e-02 8.766820083870053848e-01 7.215144811012483839e-01 3.497642998027978845e-01 2.638076616934207363e-01
5.029179109050265772e-01 3.046143001371628412e-01 7.737948556318527960e-01 4.524751498868804234e-01 6.713883486869752781e-01 2.090638551343448892e-01 5.321763713775713445e-01 3.309430531248267471e-01 3.834031525169678822e-02 3.760540781864033510e-01
4.978323553847513461e-01 5.682518026890331919e-01 4.466505148547729176e-01 9.054221853654456087e-01 2.601986208799211830e-02 9.291880908114116266e-01 6.014661526252386148e-01 5.571721537886686892e-02 7.908824071294280333e-01 2.336926691738471229e-01
7.402701285242175855e-01 3.297781189908219890e-01 8.295496183150407044e-01 6.816834305591046306e-01 8.827377944359579010e-01 2.098711894497347075e-01 6.231715295768793794e-01 1.900657830930201353e-01 6.175375311195817618e-01 3.601566501482518223e-01
2.527908680762697147e-01 9.419739734769291273e-01 7.658819428532879225e-01 2.310538261218872957e-01 4.792388878538250685e-01 5.796739818796259325e-02 2.886486045782343801e-02 5.580500255452620628e-01 6.654256485336637050e-01 9.665233901862494426e-01
4.071009046690758915e-01 4.654988687778682799e-01 4.109061163523445304e-01 7.008147328373596219e-01 6.786290697539439920e-01 7.448850479102347988e-01 2.558791542060210311e-01 6.530304771728536739e-01 1.647549948244999563e-01 8.152926455295559371e-01
8.123689324053608996e-01 1.583248163165318356e-01 8.607154978808477797e-01 6.461069500969794932e-01 8.240177933243967301e-01 6.995518156867047699e-01 8.328176435642252740e-01 1.775449084815495793e-01 9.205682198583585718e-01 4.754779820482402108e-02
9.424379553947036525e-01 9.451972430420407800e-02 2.215187855285569718e-01 1.695631339386135528e-01 3.060248584839074804e-01 8.730208045267399131e-01 3.572628108107327449e-01 8.910350537795204140e-01 4.701995340949527424e-01 8.204108315475333590e-01
7.142227143139889822e-02 6.425172652105870519e-01 3.332698154908509958e-01 2.064127040311862782e-01 4.270397158209883193e-01 2.416862819504521642e-01 8.619582737000652806e-02 5.552495666940560071e-01 4.803726367595826385e-01 7.752980582503555818e-01
6.937540466928659999e-01 2.915068265451775664e-01 3.381664323538189354e-01 7.954877984488524234e-01 8.076408719192980090e-01 9.695930058169445198e-01 9.163371803049136233e-01 4.723355972651983592e-01 1.566385429878649482e-01 1.638377420943839535e-01
4.081066810723885663e-01 5.082512946351234184e-01 7.799025853073182635e-01 3.722185044126545828e-01 6.709399409513844281e-01 7.570490612723363988e-01 4.848991533174118462e-01 7.239280667784856460e-01 1.867205412350861904e-01 4.507890660229412205e-01
5.064733719467412465e-01 5.133139735106008184e-01 3.115919753733221720e-01 9.067714218762497058e-01 8.632496880744869872e-01 7.183432982793237498e-01 1.511988311623474468e-01 6.503359311453238423e-02 1.999872035475837029e-01 2.903736557415828035e-01
3.503457399055727173e-01 9.388820014225707222e-02 2.774140051004935215e-01 2.811500018527753886e-01 5.088275819728402816e-01 6.404732520870881629e-02 5.248093143566064933e-01 2.092550021925492221e-01 8.334184991306753387e-01 4.099631323704620023e-01
5.496409723275830217e-02 9.811708269599552779e-01 8.099524207990275171e-01 1.544982704250266181e-01 5.496218903657081878e-01 4.077074209091766654e-01 1.373896466643124148e-01 6.309380332722780427e-02 4.589662062092011441e-01 7.516770676736650447e-01
8.635097185725305602e-01 6.047669271044406880e-01 8.891750923909337301e-01 8.410862079244675327e-01 1.724277408810004353e-01 5.225104467062752223e-01 5.426713884567364587e-01 7.404633305225022388e-01 7.127092982761020767e-01 1.170922493441847179e-01
1.905757547075821456e-01 4.032487961150564848e-01 9.890556288708004518e-01 3.889453790147040513e-01 1.332635259915883053e-01 6.689492582334899407e-01 4.859681408584408668e-01 9.090798829257249469e-01 2.422914966681566362e-03 8.132658135851567049e-02
1.399097156664459440e-01 5.454172931997207652e-01 3.118996301710792451e-01 9.327028792944123126e-01 1.862320411512352614e-02 7.864673224675280405e-01 1.294335417855516646e-01 6.180440135806095636e-01 6.155997349831368037e-01 7.435950275857017289e-01
7.558448147077566626e-01 4.923252092559358140e-01 4.855128416398248881e-01 8.098935959753889025e-01 6.815294567812117954e-01 6.071258962525621916e-01 7.205054585390023858e-01 8.644245486038909521e-01 2.234968034087101429e-01 3.947492955813021176e-01
6.202489151815110402e-01 1.263636916424913936e-01 2.638940386369542646e-01 8.684425681811577258e-01 4.417918773085593998e-02 7.421398748382957988e-01 2.733719956490332503e-02 1.083661122968148094e-01 9.411913070676865001e-01 5.454550784289916576e-01
3.765977348425516569e-01 3.864525022217399908e-01 8.994977341155948602e-01 5.575275559823056337e-01 8.883579246350312708e-01 1.951072514946331493e-01 1.408168887101990396e-02 8.490817773994380202e-01 4.300737416542470548e-01 5.582769426119383871e-01
1.226613498474118380e-01 7.882284658811352651e-01 4.870455742314167003e-01 6.553227373286687474e-01 8.727577250157614319e-02 9.885658248442311669e-01 9.382735929451960777e-01 9.079655970699640477e-02 1.509251368593451659e-01 6.348531688648882954e-01
8.449155423401092380e-01 1.713596570578456157e-01 7.875859758888368312e-01 5.898065407117131231e-01 5.775401430366808864e-01 9.820722523179616914e-01 2.585463966102038436e-01 2.047687282351093874e-01 1.628830693015961284e-01 8.422331626229616619e-01
4.906461474714678417e-01 3.793744185068678165e-01 3.360977070661407273e-01 3.051457823242462730e-01 2.151507576012742229e-01 5.304581672333500419e-01 2.583473498508133126e-01 5.286145837169120565e-01 8.340003021934886407e-01 2.622994900167239241e-01
9.876992314257893035e-02 1.461742638619490942e-01 7.643810315894442597e-01 7.276844765105413559e-01 8.373875445344052260e-01 3.012044031485709983e-01 8.852063092241434505e-01 3.208551961097146910e-01 8.967326078944292123e-01 6.369820873499609792e-01
8.045453329668875719e-01 3.122645235443071154e-01 7.886253559001948910e-01 7.591813723501847910e-01 7.701261606974925122e-01 8.115290013296517779e-01 6.902573512317445870e-01 5.847514158532436390e-01 1.598638537039132057e-01 2.538388446192237913e-01
4.493856512696402516e-01 5.191119721134858089e-01 4.775314262555250266e-01 7.813014445533450480e-01 4.800049301183398898e-01 1.202725068732068969e-01 2.536126519971312332e-01 4.916926695323819985e-01 7.597198350610370188e-01 3.367466811970667440e-01
3.308712670892364205e-01 2.978619018920752870e-01 1.642299336145403021e-01 4.063202395956490021e-01 1.753322665900511890e-01 8.065598136822710318e-01 4.167505806648389433e-01 6.828321808641402146e-01 7.095605384336722832e-01 5.637732355589120115e-02
8.081647208236300006e-01 9.832746130015770358e-01 4.641885945005986835e-01 6.713678524017607785e-03 5.139554728136059847e-01 6.034535015672405356e-01 9.422610224035627979e-01 2.606763127846457584e-01 8.277988809770722156e-01 9.385159042159091358e-01
9.661698929676809655e-01 7.661090155868043317e-01 5.306745990598238372e-01 5.567960999945897882e-02 8.924335429492976646e-01 3.472415760127266493e-01 9.276066990283485802e-01 3.531253630540093225e-01 7.047065669167305035e-01 4.177275413569393470e-01
6.659205537331316371e-01 9.165300229576851532e-01 5.837505888837413170e-02 5.730887176215683221e-01 8.118111281237049282e-01 8.252543749468614909e-01 8.101247345134815481e-01 3.445306817921167664e-01 8.052745869952375735e-01 1.558352210239453139e-01
9.320290804389819161e-01 5.807576132098540844e-01 9.597956711495159166e-02 4.314069173601752238e-01 5.539463413761599453e-01 1.356281716870473275e-01 9.026439143211251181e-02 4.675752278623861447e-01 6.372792798417735716e-01 9.223416744392384237e-01
9.273898167241757529e-01 6.757098818160327536e-01 2.032621167968747811e-01 7.007825648139442976e-02 5.458452577505856773e-02 1.169909058025523363e-01 8.130738055310587908e-01 7.907563271649067360e-01 5.066439869054611966e-01 7.808649651264960578e-01
1.174603789661555764e-01 9.539975326012315460e-01 8.846448496193570765e-01 6.245361432353090381e-01 3.483284699858754108e-01 3.423773885041838660e-01 7.375980244874073000e-01 1.834508471809673802e-01 5.170552126875875842e-01 3.571640370462058067e-01
1.266826290750431294e-01 1.663744209131160501e-01 1.804755501159823750e-01 9.775190914950949717e-01 5.977833852465986864e-01 9.492368972934908111e-01 9.633530940023412592e-01 4.425763494485340788e-01 3.677464091810748181e-01 5.547631319165668984e-01
4.294448107275303794e-01 7.881058680261695537e-01 5.565084170512196726e-01 4.624478387181946148e-01 9.544366364351216658e-01 1.523565912523594523e-02 5.758110543486063548e-01 5.143455114211781254e-01 1.112656082821750214e-02 8.945841780405596744e-01
1.670116274554090952e-01 6.279287116506212518e-01 4.280448708737800700e-01 3.411211944809777741e-01 3.296475291610785341e-01 7.372988744337093392e-01 8.977669630134914591e-01 3.601472165246287771e-01 4.664797822979876996e-01 7.428996676028800650e-01
1.345426664931446137e-01 6.457450720836673819e-01 3.387983871931709023e-01 2.963903372695505523e-01 9.729430947566154453e-01 8.489212930980717386e-01 2.352441673735762295e-01 8.456240399464365343e-02 4.915601362190786805e-01 3.195965223300506475e-01
1.266695445706206291e-01 9.518891071123360970e-01 9.987349274211316796e-01 7.274125540148940194e-01 6.382334567245945278e-01 1.395341981733139169e-01 7.624723021258522637e-01 3.565130193896394184e-01 5.502312130234229270e-01 6.187119901063177219e-01
9.253295305238912194e-01 3.171737360735619182e-01 6.138848611770642005e-02 5.223243487946913621e-01 5.560602701564806294e-01 2.668819791183764112e-01 4.063066463009308293e-01 4.950812686939891627e-01 8.769941171897830401e-01 9.765039765691001517e-01
8.916995833768806001e-01 4.821267876516037720e-01 3.070821035556925427e-02 7.679117704136236844e-01 8.728198511322040609e-01 5.358585111264712042e-01 4.083430429529678607e-01 2.744582948636911102e-01 7.587165960300674694e-01 9.440948630958481136e-01
6.540984467335578811e-01 8.771715765353989003e-01 2.254747260062432979e-01 8.058884954470182382e-01 4.613424125250353836e-02 5.570462289623823171e-02 4.918832050362875741e-01 5.808022114436302008e-01 9.165219305017072715e-01 4.258629188916646102e-01
1.339496660542700557e-01 9.265011687534608908e-01 1.285739796395626300e-01 9.222883157787262753e-01 2.729969871311480611e-01 6.297382727827344207e-01 9.606741465706574168e-01 2.384278189555855132e-02 1.101301948661570496e-02 4.959969122971471522e-01
6.656061584990262681e-01 9.035491201110431581e-01 7.463009281895539582e-01 5.556141602090267639e-01 2.932858810570810881e-01 6.309663332360049282e-01 4.158658690226503252e-01 1.796495067004381108e-01 2.788331003558555121e-01 1.305713920852101806e-01
7.479164451713758988e-01 8.815192526960337061e-01 2.629633706046292652e-01 3.611615425437563198e-01 2.318875293257390835e-01 4.031046042761055048e-02 2.983666761345356022e-01 1.817479210745702733e-01 4.128715723939621052e-01 6.778594403808846369e-01
7.756767712564767159e-01 3.180663516494915966e-01 3.683091266260806185e-01 3.622003349964295627e-01 4.678759530884891715e-01 4.783325948208477785e-01 8.007880676725460667e-01 7.698716330405593888e-01 7.282287310802315616e-02 9.466982260058699472e-01
3.745274114747445537e-01 9.687781060864616434e-01 5.028915264810275287e-01 3.709635941222921840e-01 9.954857769973164405e-01 3.473592185596818815e-01 9.948750910231373146e-01 8.155275667660399908e-01 2.376111552349822187e-01 4.951001752207909723e-01
6.550155273529367772e-01 1.025324341229512104e-01 5.987548362232633092e-01 3.911235237995757119e-01 1.421203665111347991e-02 8.455071036281103236e-01 8.025279703885811466e-01 2.975613367193217229e-01 1.657380233159813088e-01 6.413240995334532624e-01
6.130018272768235077e-01 2.335249549100929523e-01 5.779836776168839618e-01 7.769667502742396703e-01 4.616389072344028177e-01 8.523573330650731084e-01 9.823670524858163500e-02 4.777014745597428780e-01 3.319666527327185257e-01 9.692630021352469649e-01
2.512873921802265542e-01 3.716518224907986445e-01 7.951919839374675947e-01 4.898081042640562988e-01 6.043414922686112245e-01 3.653999592336466540e-01 2.514648548620782575e-01 6.023680201591984362e-01 4.350078296460826444e-01 2.153848353838705432e-02
9.552527604861281718e-01 2.934175345991686390e-01 8.996920032125773625e-01 7.851712273758795213e-01 6.845182876520625737e-01 5.548554720907274973e-01 2.838081358667093879e-01 6.802270512332108110e-01 6.084159015947429028e-01 4.414684357027616191e-01
6.933969763583377466e-01 5.784147044387970560e-01 3.650475547787177533e-01 1.609100001409271563e-01 3.379479010098207503e-02 9.606574498796012218e-01 9.859892460370356382e-01 7.207195453322583489e-01 2.692945600160800979e-02 1.046617196678858441e-01
1.182328017456271141e-01 2.953336355902851373e-01 8.880838283032399527e-01 1.586107548672734957e-01 7.588282134776260790e-01 1.246054346064551233e-01 8.158798838696533773e-01 3.475640237670392096e-01 3.511730765429157408e-01 7.924232813059720604e-01
6.537562050436630523e-01 2.373387596420709622e-01 6.467769106958302094e-01 1.072169172497542400e-01 5.453508122362769051e-01 1.993431026967140696e-02 4.251184008042445672e-01 8.019545366168896461e-01 6.904027210752539112e-01 6.885657770836749458e-01
7.537044523848828170e-01 1.927981719718696585e-02 6.431900441002788016e-01 2.395581254367108448e-01 4.282145559656669320e-03 8.494061562538498533e-01 8.301388753168020829e-01 6.021970113931726098e-01 4.148594796809320639e-01 6.727574782679989207e-01
4.844079872002452491e-01 7.454030792132674277e-01 7.140017794570138188e-01 5.025103641289564438e-01 5.220685583372739469e-01 2.798948116814146125e-01 9.546084916758923455e-02 4.221970820897118504e-01 1.989093055935742260e-01 2.190234836760449610e-01
8.172772469462463718e-02 1.968539333467754782e-01 3.083481754121436547e-01 4.111931705502924750e-01 1.080555912621600223e-01 6.213647988197179561e-02 8.195902131162235982e-02 3.686755095918846648e-01 1.505654986716087329e-01 7.408840568983856567e-01
9.786630452827254079e-01 6.003282454520050271e-01 7.579301633226477319e-01 1.742961040403058215e-01 2.661641754327784826e-01 7.720899000074299412e-01 6.219239476434510472e-01 5.640736622607710471e-01 1.095288703345416170e-01 2.320120350842824752e-01
5.785397295578819099e-01 7.818926444098688311e-01 6.232095568480567893e-01 5.733180690711281446e-02 7.293515700535977420e-01 9.139271885493915892e-02 2.649808832800812919e-01 9.667932615694244669e-01 4.145862220127154441e-01 2.079673246495430394e-01
1.366778553052653278e-01 5.697579290087348980e-01 9.077800362392600686e-01 3.480926196754622337e-01 2.697439260609035827e-02 5.194996258528136179e-01 5.935522145347238432e-01 9.188982050631974152e-01 5.877028854844410510e-01 6.487215855714310031e-01
7.470839069517070108e-01 7.770050934329638670e-01 5.193900619441289557e-01 2.833438833604773333e-02 6.965470564203517512e-01 2.085369587376523226e-01 7.120115082540290352e-02 4.704907008434449089e-01 1.047056886967256961e-01 2.520562681586030473e-01
7.588631009610545819e-01 6.748507039831492804e-01 1.485323675019930567e-01 8.855484353718776624e-01 7.575834905674215802e-01 9.809310890717443110e-01 4.698257440576349975e-01 5.754977180624003541e-01 3.424509454890626303e-01 9.917070679872957983e-01
8.845442617838478183e-01 2.408423828872652273e-01 3.453307656545179238e-02 1.145637126464708055e-01 9.672427282848430341e-01 6.981327990880065171e-01 6.293937578654668075e-01 1.864929955155425478e-01 2.166964478064229427e-01 5.037548129610907033e-01
5.151266850949982601e-01 6.355366338342082200e-01 7.314796395015724650e-01 5.329629569960917523e-01 6.430759286475370429e-01 7.735258676891232366e-01 6.069083655239756458e-01 3.685718160924722486e-01 1.009541547116188376e-01 8.510908521822942996e-01
2.850661858914075308e-01 6.498720833466250513e-01 5.339069403539001835e-01 1.926855924070863813e-01 3.298081836712851711e-01 3.186697401599416501e-01 7.168679377454640900e-01 9.455782990520791298e-01 7.876004431902849934e-02 4.921863801259784843e-02
1.270411810360660976e-01 3.292783246783159701e-01 1.938739383681962192e-01 7.434058805289416316e-01 5.755663331520005643e-01 6.786572944353156389e-01 4.175758944152497820e-01 6.660866194374750471e-01 2.626163686406525200e-01 7.023712710291829531e-02
7.531350542437007523e-01 3.210942316486020687e-02 1.517737657058282341e-01 1.006877626557091121e-01 1.983948939791984056e-01 3.606228818225842847e-01 5.770220482084165159e-01 8.342967634140874278e-01 4.181291020576755058e-01 4.027265290649770790e-01
1.745583704825159899e-01 2.060412778440912085e-02 9.036670410905733863e-02 5.500046502781852364e-01 6.472090819281484109e-01 4.080623835068389882e-01 7.174932832128262383e-01 2.318504877892146876e-02 8.994493089965553967e-01 5.129893910983034377e-01
7.426695931929440109e-01 2.630561015035393080e-01 8.057821452918207950e-01 6.330343201063872716e-01 7.672602317428302010e-01 2.731075426606077716e-02 5.787263348230907711e-01 2.250816365661388874e-01 2.346309308381461234e-01 9.747727805676771329e-01
6.177268985701194204e-01 7.251538693160030080e-01 4.505436739645050093e-01 2.298449942775960819e-01 6.115613260630751169e-01 8.986371797182119980e-01 2.886996469286795541e-01 2.746171299802779853e-01 5.663383951199623123e-01 9.796648166301115124e-01
5.421467209665339348e-01 3.842111745110214915e-01 8.239614921878555265e-01 6.129077740960089393e-01 2.064089887736197948e-01 4.792483509157136057e-01 6.429382245222577952e-01 7.387740652952717868e-01 4.113206206153768862e-01 8.667732862438519703e-01
7.685500324614711332e-01 7.398215891076833639e-01 3.952469271460326006e-01 6.444630979054353226e-01 2.501904522482464310e-01 5.144448106340450133e-01 1.639819517584479858e-01 5.118200138491690865e-01 1.633807611953485006e-01 7.343407925828042693e-01
3.067317597656612493e-01 5.337980134447840586e-01 9.822770737097552551e-02 1.380452083762695459e-03 8.631598093544963213e-01 7.550943230526925287e-01 4.690673312820297092e-01 9.916578203686366999e-01 7.596865055548578383e-01 2.041566955804011707e-01
1.054565952378174742e-01 5.691573121299052795e-01 9.155016590288211908e-01 4.159940778149454621e-01 1.735513327584925491e-01 3.421505638172509522e-01 5.304911478304997763e-01 8.792731667696993547e-01 8.342937961497626231e-01 9.387430480378891051e-01
5.586145041976278147e-01 6.481323266252958515e-01 4.948037112543481886e-01 4.907826527023255725e-01 4.864778757424155220e-01 4.099886177263524223e-01 8.809798390397244328e-01 9.481667999724423535e-01 9.427643083394873225e-01 1.195904877430896684e-01
5.655824293842108830e-01 6.729906984248443802e-01 6.158322261637363404e-01 8.088091309410172514e-01 6.785700534952296969e-01 6.724927936973883469e-01 4.885280296346753426e-01 9.102438917387722928e-01 3.517038716968357015e-02 2.857050438125038339e-01
4.981567416910113177e-01 1.649793773647566519e-01 9.940230703633349263e-01 9.738919318215089049e-01 7.439600508995269923e-02 5.938704094629515540e-01 6.340730307448976255e-01 8.152628092214880828e-01 5.392272963108291073e-01 1.745075371936379849e-01
5.749199288725490575e-01 7.362854505256029025e-01 9.764943403420902612e-01 1.978060516264942281e-01 7.431953835754890880e-01 8.237060123643195064e-01 9.896714149854407561e-01 2.003740198162333730e-01 3.689270350638371720e-01 7.304452643365580977e-01
6.213274287988967970e-01 5.968331755739701983e-01 4.004144396286852814e-01 8.093125388106290341e-01 5.606833219532988410e-01 4.680986973841280152e-01 3.634433362278679525e-01 4.169943746393605100e-01 7.407874477329231544e-01 3.466281571998952593e-02
3.991538804469658697e-01 2.309899898467657753e-01 7.595112484666277641e-02 6.639728592252274186e-01 2.909189282166013690e-02 2.873544445158672245e-01 4.448641673651766437e-01 6.937738065074902094e-01 8.168788006368804533e-01 1.258527345770265038e-01
3.795978340507677462e-02 3.238822631902693594e-01 7.645437982203387994e-01 7.750991960797268820e-01 7.016138431594048930e-01 9.672901731637159051e-01 1.498206469250146222e-01 4.585256601686391598e-01 1.079828820532573452e-01 1.543053507083651521e-01
3.520732454007555745e-01 1.976039977411033766e-01 2.238640593491003639e-02 8.102610298813981426e-01 7.598999120815068675e-01 6.336292321477376976e-01 2.959631103438298272e-02 7.777244696386470535e-01 8.242809753241110426e-01 8.806256989083487419e-01
5.319876400316052578e-01 1.739418994954471387e-01 4.068178390958852031e-01 4.561889434990601400e-01 4.042729586824455046e-01 9.008811135430968564e-01 5.847491982066516103e-01 3.165782784405901662e-01 9.627217539363908116e-01 3.024548015993269168e-01
7.499860263859534637e-01 5.919678187315207119e-01 8.532796718197237507e-01 5.327372262210743337e-01 8.879190474019994506e-01 9.285167908891338584e-01 4.869548705928404830e-01 1.250313394383067989e-01 9.409594216332450856e-01 1.318101306203424139e-01
8.274469816884290063e-01 8.882961613598511219e-01 4.457097378940808596e-01 5.441486901068494086e-01 7.009171060009679044e-01 5.496634452247938230e-01 7.177348557160162512e-01 1.557385235937042145e-01 2.255229478055161829e-01 6.303796297357889822e-01
7.994969138808433184e-01 3.786451838540020320e-01 1.448265148933858271e-01 5.326195692278071769e-01 2.114012371514827349e-01 5.292567428710841515e-01 6.196496888982520046e-01 1.117465757455602393e-01 1.562650842795040296e-01 8.250843441782613752e-01
9.314401081686712880e-01 7.715312171368663430e-01 9.355280479042799024e-01 3.785477936106440566e-01 5.788949148367777964e-01 4.614701081766572344e-01 4.950499250271083174e-01 9.503399553953422174e-01 7.227728474978460937e-01 1.853178506265867886e-01
6.826380872224235841e-01 8.629821073646812835e-01 4.619617235095696550e-01 5.501416873410059916e-01 1.376799757712012795e-01 7.597837547588004448e-01 4.684516638896186747e-01 3.867937511744529155e-01 3.886110348087179478e-02 2.177089757851488061e-01
7.039771111587606045e-01 2.938579280395935411e-01 9.734766932755095636e-01 9.440733372446229454e-01 3.332975661347371554e-01 6.678039836362963388e-01 8.368820539036899708e-01 5.160990494326085365e-01 5.933517273987809482e-01 9.946770641253144252e-01
2.804998817839506886e-01 7.173044771158170185e-01 4.385265694754691967e-01 6.147664226683929867e-01 2.442805917886615719e-01 8.945797139709132928e-02 2.864226382455360431e-01 3.292801397213446224e-01 2.904959538780598205e-01 4.840514250779902605e-01
5.679301870459145807e-01 2.782928513568193596e-01 3.625861770395025774e-01 9.162953930104258404e-01 8.634517398919360209e-01 4.722009709547038137e-01 3.207946391985198042e-01 9.492331379519876045e-01 4.437379317008840474e-01 1.330316313553989716e-01
1.950584099430677787e-01 3.834368291552489039e-01 4.050048715817383682e-01 9.490833000518461571e-02 5.838425927128099158e-02 1.963448529844624701e-02 2.626458377640765729e-01 9.099199057486218045e-02 9.422760317344868186e-01 6.199879928392666439e-01
9.620651580731082175e-01 8.897877436351521174e-01 1.592547118826570518e-02 1.378143504477211678e-01 8.168303417755736762e-01 9.118762186231621492e-02 2.563410631766748216e-01 7.407357484554819571e-01 3.101059798059571104e-01 2.826961974217548912e-01
6.334184854991875557e-02 2.654485407942224207e-01 9.467174546292762560e-01 7.705127394503827887e-01 4.421584784838381577e-01 2.526984601145092491e-01 6.687467375807895076e-01 8.754371326596297465e-01 2.962639973061285126e-01 6.189215212035981128e-01
5.060589005118976136e-01 9.594679599268559622e-01 7.881907433027524057e-02 9.947891658599137266e-01 7.092628214760320349e-01 3.944319086416664399e-01 8.049679131589927428e-01 5.135323093837143027e-01 9.815022131639949965e-02 6.852298279981945406e-01
