1.828597941791730852e-01 6.501476572330299186e-01 3.791064208959443738e-01 5.690934272632260926e-01 2.031808493466513710e-03 5.765173202520051943e-01 1.871957833859846376e-01 5.299881087358575549e-01 6.285498510366988034e-01 6.673790211553837226e-01 9.621946946127731826e-01
6.554102349331216715e-01 6.506840803058078215e-02 6.399447494658861979e-01 7.963378884841946226e-01 3.295894089113795555e-01 8.375339442719528238e-01 7.474178837713972845e-01 9.620059542956840293e-01 7.568606758608661389e-01 5.787339099067269066e-01 8.806904519189312497e-01
4.257679061378162322e-01 6.206089471089972776e-01 7.315268397816095947e-01 8.179209977176142843e-01 7.634434950728540281e-01 4.773414749659544709e-01 3.929985801043761606e-01 5.835915112516540937e-01 2.455754397498211006e-02 3.603272915307436097e-01 9.994931856508789680e-01
9.662276680781627380e-01 7.671835747051486409e-01 9.869499930721953307e-01 5.223277873864876630e-01 2.248990310199056042e-01 6.841212874527694554e-01 3.816221153955556833e-01 8.668193446603643659e-01 6.808050930197817596e-02 8.434771454813962954e-01 6.960592883091510918e-01
2.037026618437567382e-01 1.477024763818854947e-01 4.439898162645030677e-01 5.915127055281033108e-02 2.696995851825073620e-01 7.819492430258148108e-01 3.137976907901042223e-01 7.764459850346595582e-01 4.098464154118067748e-01 9.824307180462977795e-01 3.760896475777264492e-03
6.848868549692044283e-01 5.172883980717656316e-01 3.474217665445372694e-01 5.925040576514992718e-01 8.692030765131535386e-01 2.378862359777854651e-01 8.558479314058184961e-01 3.895491733593040573e-01 8.912834560566994524e-01 1.371782320929346710e-01 5.721048688673909810e-01
6.402429392949028353e-01 2.575478631340124558e-01 9.113144728813704631e-02 3.115685560073490068e-01 9.623497565710047441e-01 6.144529293668079539e-01 4.161787845211477599e-01 3.657406103775842077e-01 6.844410719526555775e-01 4.340870999388191098e-02 9.534437404194604504e-01
7.212665234578984341e-01 8.767965104011611333e-01 5.847186735031417726e-01 3.523522576712290189e-01 7.569902326000461645e-01 9.800104176612692841e-01 8.618181063492879046e-01 6.334269821747777751e-01 2.243330519446828930e-01 9.568035743863335663e-01 3.757505068819838590e-01
3.614731101782650002e-01 5.806587013653349283e-01 9.409982598744728310e-01 5.427768629708838999e-01 2.289242115104436204e-01 3.896910824353240210e-01 2.861879223100566305e-01 4.879473189820379142e-01 4.377952197586598704e-02 4.516825362589573789e-01 3.046029264154576088e-01
5.422877218596167115e-02 5.737881038155763225e-01 3.674750169959968282e-01 1.292481327545466074e-01 8.183561341826632862e-01 9.646717537221589645e-01 5.536280859596620640e-01 3.109175216393036401e-01 8.766604074253299128e-01 7.979388456933887985e-01 4.471893836398901367e-01
2.917565307398168883e-01 3.436553152395579458e-01 6.858483830399596526e-01 7.428203333236812478e-01 7.150518946612662852e-01 5.507245118350361235e-01 1.043191708569093379e-01 8.370006843409805164e-01 7.926611471072759763e-01 4.225114709357310483e-01 5.571613080503602378e-01
9.698863396843785400e-01 6.817170545177149155e-01 9.317056629462321382e-01 3.262446094973786570e-01 3.392510620670752264e-01 6.684727416675260159e-01 7.598928392728492298e-01 3.821252017565811565e-01 9.629748540981567517e-01 6.983435241226976231e-01 4.720865408250037865e-01
8.836649390794494296e-01 3.091410484799784752e-01 6.077778329225834719e-01 1.838535724476582089e-01 8.237197718054629636e-01 7.380887833038662915e-02 8.485503612163499687e-01 4.934046646663470259e-02 1.506089120398158565e-01 8.628972776542576106e-01 4.294042604376613337e-01
9.140110106528355205e-01 8.651785366287553236e-01 7.088375693394878274e-01 3.875631654301499029e-01 2.645628474581374068e-01 9.061395057150012367e-01 6.733836085551109241e-01 3.297990584927801283e-02 4.742690771612423362e-02 9.586104621012323523e-01 7.821086752004194897e-01
7.213769601665959152e-01 1.603379841522770688e-01 6.560115305478739778e-01 1.290751288003564312e-01 3.999199804033644057e-01 7.114887163007019844e-01 2.208209875712296988e-02 5.124707169431960141e-01 4.883230024314877404e-02 4.634475617144273585e-02 6.564862147540230231e-01
7.415791827200335362e-02 5.898125650793938357e-01 5.906236787792731313e-01 2.208810117762238789e-02 7.004749549263362685e-01 9.193507180195034101e-01 6.148364679219482376e-01 6.128430789203804796e-01 4.334734057189010281e-01 9.414730878772361589e-01 1.117629476041239744e-01
3.560417820392194344e-01 6.717748408900726664e-01 1.127238213778699594e-01 6.602438825943605094e-01 1.274512078842870988e-02 9.295892238015853737e-01 2.448551106500433949e-01 7.373666558185433262e-01 8.027800575645449577e-02 1.231693654288518180e-01 4.082043074812222727e-01
1.305336645403042395e-01 4.577295101384580844e-01 7.394078029162859389e-01 6.184960402444243943e-01 5.957180833947948173e-01 8.689612099698194037e-01 6.423051128173962177e-01 9.622473356878782358e-01 6.667385352156506295e-01 1.756190022468306910e-01 2.467010674515506263e-01
6.088115374699707427e-01 7.240831907414003732e-01 6.410972871997088207e-01 3.715877172828838670e-01 8.600427262384313654e-02 7.630332458409833096e-01 3.029483160628644312e-01 2.031901056465109656e-01 3.460813903441454231e-01 1.996331226998657726e-01 2.327923519643011474e-01
9.817900902530274365e-01 5.266544903129249944e-01 8.993336879359783431e-01 4.360580918238955439e-01 8.937826557668632210e-01 7.531098326828620237e-01 6.890902566544733210e-01 2.491371338867242047e-01 3.315059083614504409e-01 8.813813855079292159e-01 1.306345112877843606e-01
2.456008432545203624e-01 2.234651046019742182e-02 8.533334374268090050e-01 7.149698209822906714e-01 9.243526995032926852e-01 1.265210691531711840e-01 3.518697520438152093e-01 2.202027700696622681e-01 9.392928783327469944e-01 6.596355717466122481e-01 3.748751616801883069e-01
5.971444180056536544e-01 4.915978511855846333e-01 7.706504034726117114e-01 6.370945103428273804e-01 4.639750355073013477e-01 6.351807758049320407e-01 1.779236591347308494e-01 3.982142475936154558e-01 5.032020979483149414e-01 1.170551175938094879e-02 9.907179886465456997e-01
1.959554856145867552e-01 3.068820505850554659e-01 7.509643315995462309e-03 1.357734413811850782e-01 3.898042210935941387e-01 1.969632790637437791e-01 5.425164380157063704e-01 3.383611323066949561e-01 3.139064880654308665e-01 3.767128063963411932e-01 2.475344708635996982e-01
4.896597147356133162e-01 9.657078583542758610e-01 4.050555344574904293e-01 6.672247419677670432e-01 5.633669327255610426e-01 7.529391669831988487e-01 6.797738714126663195e-01 4.890212590442098994e-01 8.690597769141397144e-01 9.491523040890905705e-01 3.420329752750038699e-01
4.118250384187728264e-01 8.849049832740568666e-01 9.647376642108485001e-01 3.247093076295248792e-02 2.186001695801280675e-01 7.193783462367209225e-02 8.358771365593768987e-01 3.788898025155088556e-01 6.992731193147528890e-01 3.737298605268342122e-01 5.139477798871464609e-01
6.376738909903225672e-01 9.874378066118504327e-01 7.026728198487790511e-01 3.361356105539803352e-01 7.195106367947871062e-01 4.211044140467297137e-01 2.153728847415111725e-01 5.269919532248372729e-01 4.828789462215831163e-01 8.134510743962353185e-02 6.500146220846787504e-01
1.387239921492450234e-01 7.210101691699746240e-01 6.634194410776305117e-01 2.695026128158382051e-01 1.216430946465651974e-02 1.350995693553131982e-01 7.848850168339724931e-01 5.103121923387918812e-01 7.236000457721490919e-01 5.792969808302724788e-01 5.402528076792653122e-01
3.932901484717563623e-01 1.775110662707821696e-01 3.710408667050970610e-01 2.125536905597302795e-01 7.316180990455026789e-01 2.062346131621478618e-01 4.851048049215825886e-01 1.914379412022915172e-02 6.418220588202461219e-01 9.826038563117546198e-01 4.446222263901377092e-01
2.902471194319984349e-01 2.775866822476358298e-01 6.002456376472881105e-01 5.899965485410212374e-01 5.981164179509702583e-01 5.816376588077613041e-01 8.806705831774774840e-02 2.940903447123524028e-01 4.356644925351158548e-01 3.406836945625268953e-04 6.333553954057591362e-01
6.329515952351795205e-01 2.882122431629752235e-02 9.690527695204165237e-01 7.380417848805825853e-01 9.199942800326931236e-01 7.604119181330021293e-01 5.380641733698343643e-03 2.272571111013632628e-02 7.041390792626289752e-02 2.719697875174192925e-01 2.484804066955015323e-01
9.467978330023979483e-01 1.759166077074379997e-01 2.361968670740629550e-01 6.231115667797705315e-01 1.196052327987900954e-01 4.548804131644674786e-01 2.682021298886043681e-01 2.809540815276411196e-01 5.678115426447216674e-01 8.336379934111570744e-01 9.421300221375114026e-01
9.782896744573871262e-01 6.228936900704725721e-01 4.829957686261718841e-01 6.985737124555774225e-01 3.583359719724369397e-01 3.430729255979817482e-01 2.920319631042815889e-01 8.374615830577891717e-01 5.691596367611425622e-01 5.868257423076925772e-01 8.320912848064843104e-01
5.267304216774211234e-01 6.390417404305244187e-01 4.873260518732460689e-01 4.616182041834325789e-01 6.623223513155362951e-03 5.207549891475865556e-01 7.956868757071720033e-01 1.204469080355737853e-01 8.244398375624378827e-01 3.089846876000075238e-01 8.001406894202224285e-01
8.648660312007261375e-01 6.819979827029092334e-01 1.048828578852636362e-01 7.194760783606138910e-01 9.120562276614283537e-01 4.399160438178019161e-01 8.791722605481312458e-01 6.884813067660190411e-01 4.426589369113701489e-01 7.673852801200696794e-01 4.831172516713886367e-01
2.924885762313514936e-01 7.932392554923518579e-01 5.414370359710329872e-01 5.368772234952796651e-01 4.766550013319231782e-01 1.281073023229560848e-01 9.028083385233101055e-01 4.704621047899749664e-01 9.726582900283153865e-01 4.773734193977374751e-02 3.273732565489242408e-01
7.109849574380290305e-01 9.479061645103263878e-01 8.216355926368098528e-01 4.183050359481188529e-02 6.297664146343792124e-01 8.453944061599635296e-01 4.536097324687560217e-02 7.386324263711626648e-01 5.949783756995701278e-01 8.095633321074919841e-01 6.582006491260844472e-01
6.846656548018303923e-02 1.982450255943709605e-01 9.925217259148282345e-01 3.482265260430447151e-01 1.115128467680078783e-01 9.430391340861455918e-01 2.335280645662261012e-01 7.898497638524669684e-01 8.385994759507884311e-01 8.010496615987722224e-01 8.643642960059768621e-01
1.710852058327793079e-01 4.456342010364502393e-01 6.128668295043774306e-01 7.359074540219499028e-01 8.454546377010104807e-01 7.646446107257725000e-01 7.662039283762127617e-01 3.564615575932933433e-01 4.529612969461112026e-01 6.588449302424519427e-01 3.518984337940491702e-01
2.651690279689614682e-01 2.553129631934896171e-01 2.260192284639231941e-01 7.108038164953007776e-01 6.142530982078758806e-01 2.183639229375361479e-01 3.256133406287857746e-01 9.340013099219365289e-01 3.812993149843193486e-01 4.791952198659785722e-01 9.419008796943134643e-01
2.620598936829261483e-01 5.284913655916598785e-01 8.589923125731924181e-01 2.429668526254976646e-01 9.509344238866770382e-01 2.271654306087189656e-01 7.903891620925521666e-01 9.920781112748149333e-01 2.896851000296796208e-01 3.687912456696822439e-01 8.018169577274393278e-01
9.355767373010246413e-01 1.593607448288132389e-01 7.205749722893880493e-01 1.968435048129196785e-01 5.079977597077089957e-01 6.355759591942186093e-01 7.532774532801023160e-01 8.909375016193199492e-01 5.779907842657818762e-01 1.221573391058319302e-01 3.705580426318879628e-01
5.406164776984202502e-01 4.671853652681801083e-02 5.750633842184844635e-01 5.472100494927700787e-01 6.205585554697556905e-02 6.406632078443098566e-01 1.925866033352612305e-01 7.344861310371142427e-01 6.745801151471882973e-01 6.268320602562316157e-02 4.102769267337889048e-01
9.291644791002704462e-01 5.744184601610461405e-01 7.032867490061356364e-01 1.994367559033149995e-03 5.139258766437517778e-01 8.887875953542293539e-01 4.037376678884959658e-01 8.394936090778296611e-01 2.974832382467450520e-01 6.825251268520786674e-01 1.449328280969389704e-01
4.218713911940360495e-01 2.629200280133054957e-01 5.409566511226510110e-01 4.738245104284115605e-01 2.953708698783363840e-02 3.496006576590384718e-01 6.224404533557887920e-01 5.138262187983921869e-01 3.004840428801112129e-01 2.789833415537235073e-01 1.862102410528327923e-01
4.949843976203833762e-01 8.068666753671249747e-01 9.352892251738880169e-01 4.135027548556065025e-01 7.598191180338172979e-01 9.742905994314554619e-02 8.403865968100378003e-01 6.380100349028733353e-01 2.313175852120393783e-01 6.523722166246158638e-01 2.600240340085425705e-01
7.560604629127343213e-02 4.507316005062377284e-01 8.538315435855430291e-01 8.586368121356329208e-01 7.927071838186376951e-01 6.254331309181635490e-01 9.309478461135030081e-01 4.453900262449456138e-01 2.517537648328744826e-01 1.961287618709989244e-01 4.287064163910651038e-01
8.904910923850799520e-01 7.059991135287085884e-01 8.677791281798148404e-01 6.328829716292779795e-01 3.043301476657082061e-01 6.510965707366864752e-01 7.374049441307649611e-01 2.242878076489517314e-01 6.125124537235794309e-01 2.570655261445445872e-01 3.113638558707075843e-01
5.887277186938951745e-01 8.813946992295468297e-01 8.960138466294794712e-01 8.482715159770368718e-01 8.753582912892244883e-01 4.391391470443722911e-01 1.359706963348651376e-01 7.732425584791027262e-01 2.692727680093180975e-01 4.759232480212071126e-01 5.291043573800487954e-01
6.725493936152326935e-01 1.948460987115829823e-01 9.557448545149046515e-01 2.374768557356736753e-01 5.046037150209763400e-01 7.658869173255982155e-01 9.535798640531339965e-01 1.547384930967162786e-01 1.181017128808689032e-01 9.049989897934671568e-01 8.632733541946536748e-01
5.863338480279710607e-01 4.582352797729564164e-01 1.154199106960577259e-01 2.576135216765410574e-01 8.841527236627771957e-01 9.618818567132363384e-01 6.862583013756411443e-01 4.036186242367445498e-01 2.248245822659896698e-01 2.812395568970305071e-01 4.434251816788011835e-01
7.634509743348619759e-01 3.810515539672877372e-01 6.226560441665417445e-01 4.731960176368752435e-01 9.090507169266437426e-01 1.780379428816498688e-01 9.427423770159022443e-01 7.512553034721942691e-01 4.341547163344933180e-01 7.243773921176528408e-01 9.447061500580103965e-01
4.986304117477591280e-01 5.690523640195717103e-01 9.856090051351827919e-01 4.975803343328782935e-01 9.977680399738111383e-01 5.411349770271293158e-01 7.327202048816424673e-01 1.049806750502610964e-01 7.006269471474136923e-01 3.927136440106977489e-01 3.458482481221755167e-01
3.877434799432868395e-01 9.639130192874059144e-01 4.462074266174875792e-01 2.020817222740411978e-01 6.134009209489119652e-01 5.467554226867842315e-01 1.956359078494888104e-01 2.351350694172248401e-01 2.722568010946316841e-01 6.259432373159012908e-01 2.157412967724980923e-02
6.168596822636085442e-02 1.004315298297530079e-01 9.124050275965497336e-01 5.198304317746712533e-01 5.696673438601481676e-01 8.313021308730037529e-01 9.578443357586785556e-02 9.176153229529779853e-01 6.195685178555032646e-01 3.507535987003329581e-02 5.482422414300367475e-01
3.226628603565248055e-01 3.648801877360996482e-01 7.555666886862603127e-01 1.667864897945270375e-02 7.121837979952110320e-01 1.017272311634671578e-01 5.975384987179513940e-01 9.863139835686862700e-02 2.363496018096045148e-03 5.088131618572143688e-01 1.637048882320022436e-01
3.284013626725441615e-01 2.595218842615290011e-01 8.110416454292166399e-01 9.935001391432610740e-01 6.253337431329185625e-01 7.054942209524017738e-01 6.432621247724603641e-01 4.525915543876690705e-01 8.869362154290527656e-01 1.137447290363774455e-01 9.074182140816136055e-01
4.343770710770877841e-02 6.126087578138481593e-01 2.041500712200271517e-01 6.963394255918585740e-01 5.149627795281772613e-01 4.664163344552839652e-01 3.109725159818471640e-01 8.314247615116199253e-01 1.936130985541231198e-01 5.136258450958097743e-01 6.317021366881476752e-01
4.489750411550501585e-01 2.588437172371798045e-01 3.346782496800406737e-01 4.671733317648041339e-02 8.586057901324534170e-01 3.619587568874760297e-02 5.704063913745029968e-01 9.042989755239175809e-01 1.923450345272310624e-01 2.008700366513540558e-01 7.571533147786193574e-01
8.539126073889424795e-02 3.337845047898256867e-01 2.624930343308355951e-01 4.217382348160548799e-01 8.546222466887607450e-01 9.366680830465941021e-01 8.526247114848154451e-01 8.211658263823138348e-01 3.443372964266928626e-01 9.215635933708610228e-01 6.115332116148267660e-01
6.911388644642758594e-01 1.784652265016369865e-01 4.846431326169400311e-01 2.564516164131880327e-01 6.186966282942809592e-01 5.329268206502408844e-01 6.562881704675173067e-01 1.015536844285083173e-01 9.402626062030206011e-02 3.740231234350439582e-01 8.867555630936886368e-01
4.750921347003971285e-01 4.405363611379153888e-01 2.756575812139258064e-01 7.648693675811440995e-01 1.109068339902508082e-01 4.406941272281165167e-01 1.703562308683433946e-01 6.214221955296063138e-01 8.509721436649131387e-01 8.686617919888414141e-01 2.661310299182952921e-01
9.039212963262663880e-01 6.946561599034551948e-01 6.526045578764594346e-01 9.409009698982306880e-01 9.009711849959208818e-01 4.453627729654828782e-01 3.094168260407895721e-01 2.942659468604811313e-01 7.627491590991349879e-01 4.162663449586456732e-02 3.379446696091550351e-01
8.013805804086342466e-01 6.915497945817794534e-02 6.076741085359453898e-01 5.496988482467041193e-01 1.816554741551342778e-01 8.979139080590136102e-01 1.257178994109353631e-02 4.928815435635449660e-01 1.880687548276350762e-01 8.720132185364197763e-01 5.794588348487017537e-02
3.713898804381325913e-01 2.062050816206678627e-01 3.926497711526059087e-01 7.922713539634875790e-01 5.580607274296410791e-01 9.049536083334198677e-01 1.388418852134543080e-01 6.409799526478280329e-01 7.496062135665949588e-01 7.590241677679822052e-01 5.469834586859496639e-01
3.999623292957420473e-01 9.899580406148522638e-01 3.552965510698901097e-01 8.270275023779176671e-01 1.209441681882861275e-01 4.204633380983331392e-01 5.039372351890141211e-01 9.877555037035634644e-01 5.455752921684455803e-01 6.466067710379813649e-01 7.962951221696725757e-01
9.599176522262515832e-01 9.152427718410540702e-01 4.207393704852684380e-01 7.849385390885089686e-01 8.404738172479289116e-01 8.383522533832609147e-01 6.713989139362149805e-01 4.583021664904580739e-01 7.548979425041502100e-01 8.529056360319346997e-01 9.503289497205620329e-01
6.120139059757649935e-01 7.052888966115827829e-01 8.632153558323298892e-01 1.644263181896549186e-01 9.203782509154966318e-01 4.651451427259492011e-01 6.408743264808185458e-01 2.537188586431942117e-01 9.080557951866685684e-03 5.398016265919391987e-01 1.415658773879708843e-01
6.963579988758987760e-01 5.456859087292857957e-01 1.037562606532053122e-01 4.850618525923173774e-01 2.524241960053545952e-01 3.752668858765482174e-01 5.241466988626461987e-01 7.825509774564313181e-01 9.909185567242385639e-01 4.868371516939623556e-01 3.773123035624825761e-01
9.642740544409601489e-01 5.632597465722678498e-01 9.405684600154339270e-01 5.995979469761196778e-01 2.912013720584429866e-01 4.166170804110377324e-01 5.583848125340508117e-01 9.265868797636508392e-01 4.382805702168790507e-02 9.314904017153617932e-01 7.244097455925777584e-01
1.849074817848551655e-01 9.820744564732518667e-01 9.042424986597042968e-01 7.349467669256959379e-02 6.283049616462401676e-01 8.015510056432920694e-01 5.842537494277270094e-01 7.420694036369689384e-01 6.972668679031258643e-01 2.484541751154806244e-01 8.937621120106160610e-01
1.749440652806460994e-01 4.906639019569256632e-01 8.234697399112309579e-01 1.468485824013101571e-01 7.728306054855608176e-01 7.032118009104554313e-01 8.553796015046863932e-01 9.683702184456359774e-01 4.682119449878311412e-01 8.780651491860350655e-01 7.530086661838382156e-01
3.447330918572688585e-01 8.791900070993448058e-01 9.387666322693420939e-01 9.504939549893857142e-01 3.220945144202408406e-01 1.717365697899244648e-01 5.832306766568046141e-01 5.149848697835099909e-01 4.353748845033404979e-01 4.650675695116741615e-01 9.723990873357467590e-01
2.997561144126117405e-01 2.474144744797617257e-01 3.069395390306229876e-01 9.594920332286149822e-03 3.646223912915966814e-01 6.955804779307801500e-01 4.267888858307664623e-01 2.943736112146807526e-01 8.369041499506517656e-01 5.991299659914370856e-01 7.136027506713861213e-01
6.015711922348362384e-01 3.536401678794246495e-01 7.919263079414453621e-01 2.349896699311272430e-01 9.584569325186009792e-01 5.043152524527855229e-01 1.967342659027178087e-01 5.437420158303665207e-01 7.166163023729280601e-01 9.452032717446761101e-01 7.753243026981884167e-01
7.437367345379605199e-01 1.772777027075613798e-01 3.350913443105494327e-01 7.460245716482497569e-01 7.157419647134082297e-01 6.816674087781455782e-01 1.188209981621102251e-01 6.936518078387977626e-01 9.095009148721195924e-01 7.995291419650848441e-01 6.417713296367717479e-01
4.302864768400502804e-01 8.101871468542326538e-01 7.269329000625242010e-01 1.032366441263780077e-01 8.096722807111553788e-01 6.225975314732594690e-01 9.993741025752659324e-01 5.235913382407079153e-01 1.714586014316841212e-01 3.818662823887042368e-01 1.870880519324802371e-01
6.796602441235762848e-01 6.994923230716192375e-01 8.238893748323539157e-04 2.283827446862366495e-01 7.442963271009694903e-02 3.533706449419660167e-02 2.317111173572116156e-01 3.420539188448954437e-01 6.821253109461766773e-01 4.198438558857423564e-01 5.377590743805839013e-01
1.930080270519869412e-01 5.543297267423017427e-01 8.970841217523934930e-01 7.563562703266399900e-01 2.666736905508874100e-01 7.204905555248221072e-01 2.737159082565758794e-01 6.546614677116916470e-01 7.597273659383100286e-01 5.117697857379831516e-01 9.717282612848747725e-01
5.718058645088321956e-01 4.415354728289128117e-01 4.780397603198794920e-01 1.715216350602493112e-01 2.462903806986511679e-01 6.500637727205815786e-01 9.197375309922461994e-01 3.381103318447702399e-01 1.032198616388054768e-01 9.643379213868529254e-01 7.254916460271343404e-02
4.175767476921388166e-02 9.474439513800376744e-01 3.896276511166395506e-01 2.305519254915069371e-01 1.803654869216038126e-01 3.903574452847214937e-01 2.905088734012797325e-01 2.423926776347251622e-02 4.565583240891301076e-01 5.228772854343224363e-01 8.623145695593203985e-01
7.452296779349057987e-01 1.221030912236135135e-01 5.186140692023247789e-01 6.484008460936846463e-01 9.188811484182224376e-01 3.100674971148609238e-01 9.211494086333619213e-01 9.258348230883947094e-01 9.336821251994181781e-01 7.396481958968615933e-01 8.273033600453569836e-01
8.429527366520042087e-01 7.011649513038029635e-01 9.788857143539390071e-01 3.240947415355899253e-01 1.637209238095909125e-01 2.600557478326089855e-01 3.016076089309837061e-01 4.917435927414119945e-01 8.879368144789487882e-01 8.882142364195882989e-01 5.558214532484706538e-01
6.879446851745063540e-02 7.509460167096702055e-01 7.713382957969825426e-01 4.763782985732931685e-01 3.023502133280751014e-01 1.415763598976779170e-01 7.166081181882411055e-02 2.230030517573343696e-01 2.357593771154572471e-01 7.946309159202924466e-01 6.824226685614378507e-01
4.584026958017510811e-01 9.358572207164095325e-01 7.763063481755950734e-01 7.916138599457613889e-01 8.022823079422529702e-01 6.791700124066935018e-04 7.584060798944214365e-02 7.078996275936491056e-01 8.648408634538699014e-01 6.581495547730232820e-01 5.538625291137360129e-01
3.371652331576576733e-01 8.745716830911804962e-01 4.859138446594565286e-01 9.768064958430734412e-01 2.440036976179085215e-01 7.331517099042951235e-01 5.656126784546099406e-01 1.566057674634694363e-01 8.831224332873763849e-01 1.828996763430377204e-01 5.910692506761827669e-01
2.454929420567244502e-01 6.827478885872927394e-01 3.829283014376830829e-01 9.556294154082460857e-01 5.307835027409061324e-01 5.015878420533487203e-01 9.995706325772144574e-01 9.290005190293150195e-01 9.217944331105676348e-02 3.962669281601984839e-01 9.509654429771247086e-01
1.972024441505136894e-01 7.838521413421368766e-01 3.042112263092052737e-01 4.926814110917664413e-01 1.624330548483009506e-01 1.562906779039596739e-02 5.237253936494082884e-01 4.020195234900633130e-01 9.239461969020915655e-01 6.785240936941827616e-02 3.156406902285172622e-01
5.613092294091398538e-01 5.088145990740108315e-01 6.172254355892203836e-02 4.544232902803898577e-01 6.240866940773440730e-01 5.593862192397175415e-01 2.894431407265734002e-01 3.693769211997446344e-01 5.525460711412534254e-01 9.635554652173051737e-01 7.874224329129172473e-01
3.506263338868749191e-01 5.410758023926728333e-01 3.937030625257569305e-01 1.582135238624093887e-02 5.814103592318113911e-01 7.255933745511858879e-01 1.269216259195147245e-01 7.577188659441623786e-01 4.256155643735242133e-01 3.634205820526059671e-01 3.388384832949155046e-01
6.754655772127071689e-01 1.258043282064469359e-02 7.070742984506064310e-01 1.260528984524390550e-01 2.627116224837402481e-01 2.657604680689569232e-01 6.868928401525975502e-01 2.914990305528053494e-01 8.193463351800909233e-01 9.698258633578310528e-01 6.716348639203645332e-01
6.300538125103276599e-01 1.361022054114505719e-01 7.421787144337541609e-01 6.311167064785895287e-01 9.672290650434047787e-01 1.533620013628674839e-01 6.718939096504589203e-01 7.679931133139130672e-01 1.659169051005761064e-01 2.501825347272916833e-01 3.682986449398395479e-02
6.251569195188599881e-02 8.033719046635595662e-01 7.093067421449777976e-01 2.625080878254711925e-01 5.900625388237078495e-01 7.401360917688672991e-01 9.517901248778676271e-01 6.979382629418793282e-01 1.868676431749897171e-01 5.402090995861829059e-01 9.770666598758928068e-01
1.791577393700864995e-01 6.615553226650509044e-01 7.038060041944560474e-01 7.865904369419141062e-03 8.923058132227299488e-01 5.999856367190006257e-01 2.856286697139360786e-01 8.456223990843517724e-01 2.660188333420716589e-01 1.694828072213476755e-01 3.281026575965539926e-02
5.626772281679954801e-01 9.129576882175118868e-01 6.476809271715734395e-01 6.523566703877490269e-01 5.973212771932151499e-01 4.708826971897998037e-01 5.471662028278048151e-01 6.240026733459036468e-02 1.499668144086727661e-01 3.583104220664620199e-01 5.645849940792746491e-01
7.944655888586794612e-01 2.223256960102555357e-01 6.784829578649753667e-02 2.947549840386115561e-01 2.253059293553749676e-02 4.085535940755941064e-01 2.311916085719414315e-01 2.693628897696906943e-01 9.967526791662489893e-01 8.091656686740534843e-01 8.217338857438664101e-01
2.504239151858028700e-01 8.734466945225557444e-01 9.727241322811653879e-01 8.889013695759265810e-01 2.276393246931535108e-01 9.716079584345546083e-01 5.577536680137684666e-02 3.746614539710815261e-01 4.863673012180405042e-01 1.895878133748949423e-01 5.207101563027783930e-01
3.350426588312980236e-01 8.625930000699091327e-01 9.897350629725492066e-01 6.673239118422302774e-02 8.087676897623119476e-02 5.087970917984737662e-01 1.857297325358321372e-01 3.540683844372660705e-01 4.668906660458452818e-01 1.978651587914377341e-01 9.175291667127054573e-01
6.308925097925220937e-01 7.072061780166752909e-01 5.355511110388508911e-01 4.425065410692269330e-01 6.136785420244104117e-01 4.768127977125868888e-02 2.863657025295074376e-01 9.489702446175595218e-01 3.934609750129635097e-01 5.280390305911056847e-01 2.895251907105980127e-01
3.374498909664063184e-01 1.424159142462432248e-01 4.635429325360240771e-01 6.382743510439986556e-01 6.838949649127572528e-01 3.922495240145406070e-01 3.679425036896534218e-01 5.105892359370487465e-01 9.178092345389451401e-01 1.876659595996175156e-01 1.772641917922420651e-01
4.985750964668941299e-01 5.121720692031050959e-01 3.959657288243254580e-01 2.314058952106056166e-01 2.713771916672588214e-01 5.497283188460260206e-01 9.709660814447984567e-01 2.260907601998800587e-01 9.498156844737137838e-01 9.166032210086509924e-01 8.451410661537513969e-01
