8.963035567119000957e-01 6.575889012237357001e-02 2.430087745808855448e-01 3.416233562269925805e-01 5.427947368405575679e-01 6.697831661351779653e-01 7.903663261491060688e-01 7.444732140906348272e-01 3.690880158491255392e-01 4.941666939667443970e-02 8.722975848671515875e-01
3.932161775698331807e-01 9.587062560972603453e-01 5.896606673372204455e-01 8.850053541107172350e-02 5.156087855237774242e-01 6.664750577072151572e-01 2.612581102010298473e-01 7.602473355343932759e-01 7.181904412643004276e-01 5.718782622781489744e-01 8.692828025005546744e-01
5.904858858534848265e-01 7.896231342063703140e-01 9.339466674523080325e-01 8.967580904120636687e-01 2.895824221694975886e-01 5.814853025083261961e-01 1.901379916844364582e-01 8.261024974238670993e-01 4.660380845951325179e-01 3.589115865905730951e-01 4.437805983469100823e-03
5.536989779802372613e-01 3.246221816327877763e-01 4.164993279064979070e-01 3.601300910527119870e-01 7.054760759852379826e-01 3.356404005435560389e-01 4.270953291750672065e-01 3.734472841221614381e-02 7.242624761508447140e-01 3.085558285867875394e-01 3.016142753519617248e-01
9.567734488834283013e-01 2.092924532947796346e-01 2.225958887544856601e-01 1.647828478539757890e-01 2.743205645489151800e-01 7.204687095604979108e-01 8.649047243924692374e-01 3.512526126503501267e-01 4.496002458721215511e-02 2.590697158603461059e-01 4.077423000155060429e-01
1.530967329405682475e-01 1.529317400410955541e-01 6.023684710161714140e-02 6.317638131717758787e-01 2.637007762108353193e-01 8.065047195283557846e-01 2.654758197599710323e-01 2.030058687773216297e-01 8.919950757580329403e-01 1.150678423856552612e-01 8.718443987595316802e-01
7.520953870457620649e-01 7.920509303173999260e-01 7.555667157999419459e-01 3.665239352241149717e-01 9.698567804815139137e-02 7.243128432191296984e-01 3.333499542651918723e-02 5.032807430704437923e-01 8.611318731038575258e-02 9.163113108025029430e-01 3.459353851061710561e-01
9.646279711496380527e-01 4.091683123888514295e-01 4.628409247921944081e-01 3.875762899942057915e-01 7.422819019331539092e-01 6.366676642080338899e-01 9.322845135434584263e-01 3.702657450765939329e-01 3.365914816502182383e-01 1.913436271042801007e-01 1.600521152493475929e-01
3.023527162404038293e-02 6.207110952739839371e-01 4.958309122564981131e-01 3.849000285565484791e-01 5.674606473851755428e-01 6.217133797506597670e-01 6.667279874074655277e-01 3.266321354504106989e-01 8.391168383062558300e-01 5.233829477675121522e-01 8.716209765111265773e-01
6.183428317647623462e-01 5.429484252245413423e-01 5.902802195165216537e-01 4.972471951152469538e-01 9.099332445611285625e-02 2.975382914883594188e-01 1.437717582734594490e-01 1.274595709629762208e-01 5.862040068373282065e-01 1.784068146014616829e-03 8.335218647248524571e-01
3.148689589815499845e-01 9.978071183702302838e-01 3.152957144558861113e-01 4.297365616927049103e-01 5.838357390672145319e-01 8.451060320054371022e-01 5.946590257306083593e-02 9.166196817953907727e-01 2.209239617283960122e-01 8.913550127335904127e-01 9.506075586669823219e-01
9.941064905926707551e-01 4.765826814226925556e-02 9.929509199117236840e-01 1.701635449903220465e-01 4.916425319489091672e-01 9.876017966107059065e-01 1.095690342214209467e-01 4.515445038620524709e-02 7.185275210558186298e-01 6.311046897669470024e-02 6.866351674081727641e-01
4.337361245035886714e-01 1.467354728342554759e-01 8.154621895423433964e-01 9.728293037989287351e-01 6.033392645407439359e-01 1.847589400770828227e-01 2.478288191093841464e-01 1.381532705696965069e-01 2.761374508466181155e-01 7.720426646499866097e-01 2.518224073325310286e-01
5.541660902234374353e-01 2.555190369331932221e-01 8.551046147886610660e-01 9.783755378191981711e-01 7.062160189941749655e-01 4.905926976444685561e-02 8.757078000602032120e-01 5.193795660171435236e-01 2.763301167852655338e-01 8.279562992488798123e-01 9.797725200295110959e-01
6.153904400785307205e-01 3.256106242984677657e-01 6.759827479030608988e-01 1.665531261520365458e-01 4.081363976960912243e-01 7.166022526449800090e-01 1.826100164658397418e-01 6.814722543863496185e-01 6.453452722056844948e-01 5.701344292735419650e-01 1.846240285908273826e-01
8.694504290357426557e-01 4.991275112035009620e-02 9.512846078245610348e-01 2.637958398768387447e-01 7.425899082612930080e-03 7.927256588088219535e-01 2.115356671983986692e-01 4.254364642696631948e-01 7.294112914967878503e-01 2.417660159041606915e-01 6.368967622297536657e-01
9.865384878695043769e-01 9.300184698956630580e-01 9.241865479763732294e-01 5.792359637478048384e-01 5.740684313695685326e-01 7.996010524881858039e-03 9.877518394865325568e-02 5.431271802095473111e-01 8.012756048959271959e-01 7.509237270866061520e-01 8.618950766754129855e-02
6.373255728484954474e-01 9.993443881225092529e-01 5.438427295844104892e-01 9.327702487035325341e-01 8.389315472728998690e-01 2.406436989800098125e-02 5.922779886857165721e-01 1.325576896545870298e-01 1.020145779189233215e-01 3.648695003150975724e-01 1.411364680004764116e-01
2.479013820488498165e-01 2.995121649682210840e-01 1.707912912285437512e-01 7.033747237707685951e-01 7.746540906979382246e-01 3.498728153087925508e-01 4.156811540431221141e-01 2.243507979719269185e-01 2.635893820161140377e-01 2.222169206320735446e-01 5.665249570067578677e-01
4.749771908962363565e-02 1.917271947490416517e-01 8.907643637130114866e-01 3.761674621907939997e-02 2.087847660860224774e-01 3.346022138207174201e-01 4.449325802284844755e-01 5.372285037729906954e-03 9.811102397909869932e-01 5.461764955513538355e-01 8.156527594160458694e-01
5.415959896701938447e-01 1.247812871880207286e-01 2.754987200047287477e-02 7.702062951295557403e-01 7.068665154328067635e-01 7.312094308319561087e-01 8.443595157130017181e-01 8.908344006269408588e-02 3.734819291338864478e-02 8.219428982817243989e-01 7.874578761462673882e-01
2.563384572318918586e-01 4.472285480714568440e-01 1.639392875881725553e-01 7.118389441095204218e-01 8.619535567339671189e-01 6.638766419115991191e-01 5.195774487783005879e-01 5.453560903102699919e-01 5.040357992671077314e-01 9.770367723821199446e-01 3.776095558121910223e-01
9.783416736084501464e-01 8.402690791680466065e-01 1.791685315638311682e-01 5.927613842443031356e-01 1.424500454819258577e-01 3.140902463219275020e-01 8.643101816561834516e-01 8.939398647494504191e-01 5.798937256731884204e-01 8.653339540169489030e-01 9.884133672769348511e-01
2.718285543834912943e-01 9.999593353653702943e-01 8.976176938733220201e-01 6.358829491563816605e-01 1.150585953692557784e-01 2.260728851217010948e-01 5.021208629348566932e-01 8.393999088385718510e-01 7.317537364258966948e-01 7.854561954565455473e-01 6.526443427951229559e-01
9.634009984268803173e-01 3.024651524657264723e-01 4.221154330655015885e-01 3.562725107349791198e-01 5.208404046572784329e-01 6.857653942023627103e-01 8.443494982073824762e-01 7.816144571722971612e-01 1.955881171595695855e-01 1.111793191839560713e-01 3.677939889314165711e-01
6.567138986185111493e-01 9.591615301454098352e-01 2.639739740917795841e-01 1.221082657818692851e-01 6.492350378604391237e-01 3.762502465017847353e-01 1.658005608029717859e-01 2.047571971293093984e-02 1.126113570150489851e-01 2.442248951037171434e-01 7.208751169152728400e-01
6.114833307995301004e-01 5.057995973190740902e-01 8.452611266102572074e-01 7.382035805416150565e-01 9.195241699978879968e-01 1.966889194079023406e-01 3.591295955188389399e-01 2.102892307404286010e-01 8.298288686013837179e-01 1.988942719623129074e-01 5.719168754275086863e-01
7.697169327274038242e-01 8.640741668288419719e-01 3.008747323974952925e-01 5.013545094602138708e-01 5.105496761561881813e-01 4.315514585027927508e-01 8.622020021742460294e-01 8.294648786943550345e-01 5.124217899713001678e-02 9.894224193617962015e-02 1.331281532859097672e-01
4.688907208845919383e-01 8.694176989282368373e-01 9.298896858917692354e-01 6.571182460554354510e-01 3.674198803256220058e-01 1.846011802991212036e-01 6.598767087589992864e-01 6.129516002207709979e-01 5.072753228462294484e-01 1.245583709392874550e-01 3.945920786894735466e-01
8.033239748498144372e-02 1.652124997082344837e-01 3.660092547143867225e-01 6.573299581786518075e-02 2.338771454158111718e-01 2.480101607523504947e-01 4.309935303466028156e-02 4.938170000194508358e-02 8.203992780109421457e-01 7.042223403744282129e-01 4.335634039461641054e-01
6.878748717638486498e-01 6.719481000810576532e-01 3.877266532725920367e-01 8.743094418495050979e-01 2.806349820200807477e-01 5.200561141924013864e-01 1.668944607931110991e-02 4.855642365046338726e-01 5.127419662154764080e-02 9.434329894165229824e-01 6.111051673319359834e-01
9.804233184609190133e-02 8.428783967990131076e-01 4.537782030661741128e-01 6.737374515807525999e-02 7.483648979402517387e-01 9.613023950994726841e-01 9.445328670304768970e-01 8.118328323645708222e-01 3.248604288955093677e-01 5.761371504446831660e-01 4.978523642987675579e-01
8.806242784456582706e-01 2.594323120382787673e-01 3.086382399183443814e-01 4.898076307213937719e-01 6.483259236815231974e-01 9.107670285437283741e-01 3.181858244455405549e-01 2.683085821746926669e-01 3.857628261878787157e-02 2.571987233155513808e-01 8.928158638583177931e-01
5.311006193434739675e-01 4.084460470603195059e-01 3.406189317973550290e-01 4.979607063103619335e-01 6.166133250087889595e-01 3.527679038476061457e-01 6.545917306137816194e-01 3.922832637845888870e-01 1.052599999954180188e-01 2.546372004908045161e-01 9.064406909091634601e-01
8.826687978963332348e-01 7.009466327359028526e-01 6.808235826975935767e-01 1.613178340806026290e-01 8.843837418749931345e-01 9.267845448913470952e-01 3.196451003566291860e-02 9.846152408157989866e-01 8.066506143315629318e-01 5.885902091693107074e-01 6.420113820162320906e-02
1.959364675634645003e-02 1.340809087547045753e-01 3.847345312787169291e-01 1.876608549803963077e-01 8.107377066568899338e-02 2.736695955305710193e-01 5.316336220107733546e-01 7.885785657261267234e-01 3.168189252550354107e-01 6.046578828632342972e-02 1.414886671878471391e-01
5.751342593181977270e-01 9.417674970179712446e-01 9.675390949707006749e-01 5.830784771784954801e-01 7.905248496707572015e-01 5.137293049064112216e-01 2.811964980660075497e-01 2.649452690280931222e-01 1.202270855208945610e-01 8.938228148383532412e-01 9.567430128451982485e-01
5.457214652846018588e-01 4.795453975275469904e-01 5.940677644290017767e-01 3.420818337969852019e-01 3.479327818717863341e-01 2.857169742258192091e-01 9.002344712023567785e-01 9.608179583119113021e-01 4.972435308920630792e-02 1.766663730564558277e-01 7.776929880487349900e-01
3.195567167901430805e-01 9.096204778106459221e-01 9.039583933220858292e-01 6.379275941499803482e-01 3.181292088375770044e-01 8.148982412257317343e-01 2.557915856675165855e-01 4.003683366172122726e-01 4.204464089740809207e-01 4.263754835629549600e-01 4.863544853839490978e-01
7.707765858229524980e-01 8.747383233267368441e-01 5.099809927490386308e-01 9.853321071781840912e-01 7.967356461598399386e-01 4.647049913701822854e-01 5.325084655907935671e-01 8.259114794080903987e-01 8.207763232770388662e-01 1.787454998477244761e-02 2.257864076511365559e-01
7.654696613733602550e-02 7.983500847547845281e-01 8.222689580447802848e-01 1.917071546156762230e-01 1.534480369934274613e-01 4.201519821280607081e-01 1.436394091901576076e-01 7.852619809783443205e-01 8.738722803332037437e-01 2.063486131621635744e-01 4.786576085838829542e-01
6.521443913956015415e-01 3.963842867332216802e-01 9.041336043148828772e-01 1.040131467337676030e-01 2.355919060212071647e-01 5.670303590672765015e-01 5.533727828860979248e-02 9.179525023849867127e-01 2.449841376569211748e-01 2.000294734233595273e-01 3.710127113930197229e-01
2.829567658990788104e-01 7.155037156679264765e-01 2.651314642350588446e-01 3.801155693281488279e-02 1.112488856179084662e-01 1.020900337811222469e-01 9.871759362501701940e-01 9.448276654955387599e-01 1.718506475965831948e-01 5.924321354830786035e-02 2.005532495110491364e-01
3.965614777752854980e-01 5.098098965001777172e-01 5.778363329058850972e-01 7.078923631321221155e-02 3.319856150903216507e-01 8.319797140381792744e-01 3.178012761236607142e-01 1.684420802172938991e-01 8.958479407498806113e-01 6.361212165471208380e-02 4.634882258833028512e-02
3.771164198133368783e-01 7.383968760369021833e-01 5.316420715364138516e-01 8.992078195603213642e-01 7.859710151106604759e-01 3.498894942848869150e-01 5.158015651378478061e-01 4.385450067612696179e-01 4.363292276904334743e-01 6.551087284149494927e-01 8.838376454221585909e-01
5.322975397985690860e-01 8.528679035335726688e-01 6.006824900486155139e-01 6.795880475241456997e-01 6.230086448606502181e-01 9.731410873194570321e-01 9.377206235628451347e-01 4.696271455688094676e-02 6.918787905378520620e-01 2.320682780254830213e-01 5.428094737575213102e-01
9.879507279394831309e-01 3.448644051192168991e-01 7.960138112052257409e-01 4.424225417169391772e-01 2.159193518080452234e-01 8.081937232266231952e-01 1.077742761112145953e-01 6.075779453894077919e-01 7.670494506962937109e-01 9.901640218091123380e-01 1.831181683612975730e-01
1.055245936165536413e-01 5.557063348439573724e-01 1.051868004418081703e-01 8.566347404793335230e-01 5.603258144950802322e-01 1.271611559425297466e-01 9.442379120038068008e-01 6.046683544278228517e-01 3.749870590504912338e-01 2.862064467080104313e-01 2.126056770133275542e-01
9.319794470947713183e-01 2.038883416378871605e-01 6.271798769807367391e-01 4.648759221899236849e-01 3.856612840117189522e-01 4.566396057827670774e-01 3.863001632068711055e-01 5.870800503112022506e-01 9.780492226820437507e-01 5.775440334832547817e-01 9.875629356316888430e-01
9.690903778515107536e-01 8.725909000325100529e-01 9.254799752561627679e-01 3.988629524659844661e-01 5.765158023625114314e-01 4.156138900062706920e-01 6.899161208106840970e-02 2.822202112018278308e-01 5.398729041586873834e-01 7.142466470127294409e-01 7.868818157863679552e-01
7.060640201125086834e-01 3.171069753749412579e-01 9.428894030364535217e-01 7.953049025630493096e-01 6.327368652576226271e-01 4.450583308872649857e-01 4.460051487559573147e-01 6.383002746087644841e-01 4.377871759645094452e-01 5.845455680727662529e-02 7.805580474880432496e-01
7.445804938340538914e-02 1.992409980552674043e-01 2.434317804591409340e-01 3.366178208684774686e-01 2.929045750822685257e-01 7.428495291141302692e-01 7.028336581232381697e-01 8.038523454247381572e-02 6.890960073513232587e-01 8.317083504306453934e-01 6.730939542896580141e-01
1.252895501095718789e-02 2.621437653809811641e-01 3.444011272704796678e-01 3.785565905627851224e-01 5.507412711968615593e-01 1.185822206711453219e-01 6.271678092123530446e-01 5.864033533588329794e-01 4.059178146562881784e-01 8.764143143636723421e-01 3.935184062858101406e-01
8.888484958239832867e-01 7.449812361189002141e-01 2.002755479646226577e-01 7.782040608691667138e-01 2.403285513398422113e-01 9.172661233501516742e-01 6.230534085337324779e-02 7.820894502892408173e-01 3.890422873405395832e-01 5.412167617127080499e-01 7.715452300652912987e-01
7.715956569878149596e-01 8.861345982281768618e-01 5.607642998140510704e-01 6.195479198997401182e-01 3.762623514451328699e-01 7.628451712928635553e-01 7.905503345981944596e-01 9.656113100100125468e-01 4.430461023395495523e-01 6.239351732597964162e-01 9.888353695533288468e-01
7.512578271975987043e-01 1.467657419078538528e-02 9.552577464406974972e-02 8.197035688168187173e-01 9.593542063625890570e-01 9.653749981742860697e-01 6.426634138729239165e-01 2.776115154798399765e-01 1.276364706965823492e-01 1.957254354358450854e-03 9.134169966606053848e-02
9.635783094655383518e-01 3.701164410976701680e-01 6.257592884598558447e-01 6.886220375248450765e-01 2.798220372532651545e-01 3.758436212998143011e-01 5.176809230942137630e-01 1.804787326426084970e-01 9.317295789078400281e-01 7.505804700732463530e-01 2.051568634987058770e-01
2.219396572085781116e-01 2.151812337762751826e-01 7.669349311827613480e-01 3.180927150631219780e-01 4.971817263774558349e-01 8.017755208670326317e-01 8.118271291793619504e-01 1.680946153566695855e-01 2.114574083212650280e-01 1.673758068211284034e-02 8.618986754243370685e-01
1.349935728073161645e-01 9.851802252177663810e-01 6.116213447480312038e-02 5.371403985600332609e-01 8.454452051383928302e-01 3.247983872843521747e-01 7.862736114807522547e-01 5.129103040210979403e-01 7.307748753391322127e-01 7.925012523968708589e-01 3.583359342390102231e-02
9.850095786451670277e-01 6.569631201625530936e-01 1.732776368341303330e-01 1.888016874386941879e-01 4.769694549731893218e-01 6.823496427571785761e-01 3.377081100549120807e-01 2.045042561216839916e-01 8.915488809318209418e-01 9.042804400041568602e-01 6.520787794608798871e-01
5.371567715976290902e-01 7.936856215647225543e-01 2.684941802685774093e-01 8.032214371469706959e-01 1.815121455511720105e-01 8.442748727228565064e-01 7.941499744264743921e-01 4.521947191608688410e-02 4.576472461535536773e-01 3.274510355734067124e-01 1.397277718532751178e-01
9.081783087057037074e-01 5.812420598404172134e-01 8.573340740193815535e-01 2.267834376155321019e-01 4.471589196598690918e-02 9.141527279221290936e-01 2.953181497924526333e-01 1.141751987855031958e-01 5.012195820308340544e-02 5.888166251076868418e-01 7.209992931554631834e-01
9.672447429789871043e-01 8.809055900286666407e-02 1.531945552294148305e-01 6.046553048271232633e-01 8.034558235906668067e-01 5.434652470860240614e-01 1.716797638744970156e-01 1.449777386888631003e-01 9.025266097030247847e-01 2.867055154027602359e-01 8.317572158100650093e-02
7.785370965291871226e-01 6.102030883572894249e-01 6.067846131364977857e-01 9.232312205168490271e-01 7.720558573695714966e-01 1.550262359286697089e-01 3.997496090869451235e-01 9.278374581743680238e-01 7.512500289992942726e-01 7.812601871549600396e-01 8.164149871982584461e-02
6.481272748543775997e-01 8.027108450946214280e-01 9.192964599670171433e-01 5.405792744498782998e-02 4.987650493891944148e-01 1.533064730475738324e-01 7.847778116240329283e-01 4.109632905008883119e-01 8.052504804859891285e-01 5.276301713499762513e-01 7.492805851064519018e-01
2.652720068980690682e-01 4.159718481529955936e-01 9.477070997835088662e-01 8.887647283718644875e-01 3.654943522964922975e-01 1.459711560458362145e-01 5.331040552680510469e-01 2.685036416953908711e-01 8.174473529951212791e-01 1.259578553622315855e-01 9.297224037067258751e-01
1.335146572246453944e-01 2.549841741246479110e-01 9.525521491586608214e-01 1.372140635085322691e-01 3.938080999988802233e-01 6.002669968754791308e-01 9.453531668002174149e-01 4.676305696101357157e-01 7.154065635265218770e-01 9.137242952048653111e-01 2.621464710718129920e-01
9.474006658041183027e-01 7.606841135483805028e-01 8.309189730366317583e-03 1.968148184350744234e-01 4.616495277405507913e-02 2.780986480331231192e-01 5.699833650057657408e-01 9.285444736234960139e-02 6.685234249294970121e-01 4.979825521661030985e-01 4.149169851348160076e-01
9.505358996464944310e-01 7.217301177239081600e-01 9.707975799031335340e-01 5.116705435685229286e-01 1.430426456950524283e-01 5.571587425265689397e-01 9.388847079143133323e-01 4.972815352677600886e-01 7.875124321564384022e-01 4.896457941895276944e-01 3.855024778911119165e-01
7.861916988907314829e-01 8.452360696055731815e-01 6.967664898568050047e-01 9.082129228647779495e-01 7.812314926226304745e-02 2.522033245455990169e-01 6.814216732475786298e-01 8.756975814328816776e-01 3.415611637868939399e-01 9.781548237896087183e-02 5.071763703500931086e-02
1.663749003035799312e-01 3.116665139743691748e-01 1.439504069717798540e-01 4.614531196316631334e-01 8.592284584773056677e-01 3.447430496639314335e-01 7.921410281426597422e-01 4.462915217693244063e-01 5.187853691711801218e-01 4.061709931947535823e-01 6.462639153705839190e-01
5.929067346779709480e-01 3.987626663074624878e-01 6.327728717608528397e-01 1.285007386487069247e-03 1.200918392119286748e-01 9.414482400054025035e-01 3.655811071639681886e-01 4.228245590009755972e-01 7.441607930611771060e-02 2.082605487892559282e-01 2.264573409558657824e-01
7.492832901766247611e-01 7.591045043731133868e-01 2.543114011401329533e-01 4.615209756463610757e-01 1.556861406016776250e-01 1.702831960429540548e-02 9.314351077268390178e-01 3.081053791350918392e-02 4.954714218924709535e-01 3.310911895124842852e-01 4.822982001929374540e-01
1.320132001512129838e-01 3.825182018008902451e-01 5.309456995843245819e-01 2.795556537739307679e-01 9.010712682388760664e-01 2.508336572454461511e-01 1.764712892378721421e-01 7.441428665122761243e-01 4.579833518670043402e-01 5.752665952197306698e-01 7.666768614319734443e-01
3.066862152429820076e-01 6.499886437607738099e-01 2.135551989328134947e-01 4.452400194321817217e-01 4.760184047267312923e-02 7.305058258387724379e-01 2.616068329265208714e-01 8.039257534559230978e-01 8.696369393508874834e-01 4.225875491404762485e-02 4.022043238074980431e-01
3.532258257928336809e-01 2.536116157097672019e-01 8.877415060622594334e-01 6.566697041291637005e-01 4.167636020968812360e-01 2.586479208719535405e-01 4.146287315924167549e-01 6.976396059893934520e-01 4.805762546575710337e-01 5.606088068706194250e-01 5.282484426263539534e-01
4.920754767276900310e-01 3.961087454653131612e-01 1.464813308638346356e-03 3.630582680053351385e-02 3.231101154345916715e-01 6.093280207696771811e-01 9.887113060947863019e-01 6.049512389648462607e-01 6.543182977703626557e-01 2.980882960247646096e-01 1.275475912831763869e-01
7.300776427205276642e-01 3.902543885330855833e-01 8.933005926664714380e-01 4.329392388085684384e-01 6.201813924745547268e-01 3.853734001837298973e-01 1.619160459823152376e-01 2.624364620427043215e-01 1.461163182267969374e-01 7.150638016098916916e-01 4.943391337497174964e-01
3.274494541922307045e-01 9.355208303121298474e-01 2.951939318399440237e-01 7.694325223165587868e-01 9.029490016459366108e-01 7.374395877984771808e-01 8.529887008556112926e-01 3.388446365423209983e-01 2.668193928880081556e-01 2.091244994531875623e-01 7.491762036755253984e-01
1.663439173495587786e-01 4.109377465003631880e-01 3.203013394789361312e-01 7.033769558457642068e-01 9.164236212165421946e-01 3.575530739702286187e-01 1.077843658701005403e-01 3.356945004435507585e-03 9.296069006559326553e-01 1.278335680263068541e-01 6.674443422999966069e-01
9.216853174388116576e-01 9.096648361591358478e-01 4.759820429953187659e-02 6.745295008837288719e-01 5.525447965740891698e-01 9.699036775555577305e-01 7.074852464348795333e-01 9.605992348452891960e-01 4.356660050007692409e-01 8.635795903673239016e-01 1.741713511334658238e-01
3.470220786730968676e-01 3.918396238789905173e-01 3.767590084248112481e-01 7.627734064175361040e-01 3.668330869436620123e-02 7.704306814241436152e-01 1.784797703762629473e-01 5.503399752550349744e-01 6.400174802291441756e-01 9.974715895523876830e-01 1.232776962645051322e-01
2.519348907357599199e-02 6.244873215576252079e-02 1.686517521433956723e-01 8.650715001518536340e-01 4.367995356245738536e-01 9.760597963266564037e-01 6.036130999024962307e-01 3.022761017253252636e-01 5.492654092223397955e-01 1.381316746335246037e-01 5.999539983501783746e-01
6.407532321071189862e-01 9.784973168626374118e-01 5.850331884076209743e-01 3.351847016125091283e-01 3.557692281137029289e-01 7.512019419580117097e-01 5.954647937846034855e-01 7.012852159622369186e-01 6.027981860610714948e-01 2.361456274949413903e-02 1.248740281027097554e-01
1.248906190212512035e-01 8.054144332597916733e-01 7.625323254279953167e-01 5.107214532664253737e-01 6.293483857630826073e-01 1.842892790291146277e-01 3.977484618673207128e-01 6.748575486994050632e-01 9.744947417609242102e-01 6.783079968119635206e-01 9.908625739452205927e-01
7.801343701765895977e-01 8.714201939277029796e-01 5.400315687290140332e-01 5.890358489912277395e-01 3.861270144202740839e-01 3.397392745161217364e-01 1.660884740593944198e-01 2.160070263488016451e-01 7.596213349781237856e-01 1.592594118791592628e-01 8.743319307793612216e-01
8.138183057024784839e-01 5.459460732107190850e-02 7.608709458358312583e-01 4.096976580824732705e-01 9.979798330853146826e-01 4.978897786345046761e-01 6.271177605773793351e-01 7.887656389625541387e-01 9.147561798249665976e-01 8.225003964163745129e-01 6.538728309642678482e-01
7.486704432964018663e-01 6.801805896288630748e-01 1.261859203597905932e-01 1.251500778684162540e-01 6.044725761702429701e-01 8.543618102607868359e-01 2.945646559556160948e-01 3.645052831251126557e-01 8.121685104297079461e-01 1.763343577707126020e-01 4.246556065222956144e-01
1.148277894992634218e-01 5.361970655135916974e-02 7.385146125333204026e-01 1.915977948461224933e-01 5.857485319759716536e-01 6.489304607295818261e-01 3.337623322933450654e-01 7.445599611240227844e-02 8.309417944233969955e-01 8.629541756795925389e-01 1.176206296759720882e-01
9.279417129108680218e-02 1.052295834976786360e-01 5.052733809429889034e-01 4.346867865829057154e-01 9.959171898223270203e-01 5.626977640072555742e-01 2.648416445377242967e-01 1.611924387907222034e-01 6.030011674284797563e-01 7.753207854283297173e-01 8.728053950040086661e-01
4.112538447089247873e-01 6.778513316701213487e-01 5.214449447711297925e-01 2.452680725231106695e-01 7.437077658589567042e-01 5.358838734459553388e-01 3.074296408788523838e-02 8.367092188736851011e-01 4.367709967378490266e-01 5.006832866718552433e-01 6.878228448346191959e-01
4.850380118657494632e-01 9.300235384521998716e-01 9.526093398500448117e-01 5.164441638415494529e-01 6.755813617434894836e-01 9.186752080375173435e-01 9.117767501338314151e-02 3.085794349176039786e-01 4.513063139119740663e-01 2.928502982319820536e-01 8.195667405977539177e-01
3.399517946458878725e-01 9.803142398965303261e-01 9.725697011522316249e-01 9.300768970270167912e-01 5.103876413282265601e-01 1.583860091245634649e-01 3.188387293221316421e-01 6.387578952879919836e-01 2.695914587625828363e-01 8.868751933052742009e-01 3.640290895343557542e-01
4.056318930548867829e-01 2.945029461050157060e-01 8.485384549117518382e-01 6.294100016461340319e-01 1.033733248416321970e-01 6.980241051631894678e-01 4.446635548332299459e-01 9.343935916528102181e-01 6.163843481342440311e-01 1.515365633056122707e-01 2.334034234845512312e-01
6.495175420526605459e-01 8.431959112704411341e-01 6.736823744553999127e-01 5.718063030028371907e-01 2.441532637416347074e-01 9.486150817946358282e-01 4.390368653887449790e-01 2.350720190858825998e-01 6.124584506225863034e-01 6.447872574082448294e-01 2.875278778527812218e-01
4.736680442341112407e-01 8.754599680397373573e-01 7.689693125108367777e-01 7.983053381335816212e-01 5.137725109682286240e-01 1.631094345786635591e-01 5.757296326528262842e-01 1.897499144496453960e-01 3.751881863872263967e-01 8.351984279259949684e-01 7.154227319136108321e-02
7.526260563302189510e-01 6.575945165782859370e-01 8.516560205161657349e-01 9.904466736856523124e-01 2.247938278920006416e-01 1.455263289909802804e-02 4.512381349152438936e-03 8.583677895283866599e-01 6.357602368903105816e-01 5.556684360191429528e-01 4.247544778478974381e-01
3.902335924395478051e-01 3.327729599591182641e-01 9.964682065823438073e-02 6.436264619359607364e-01 7.498808093249744733e-01 4.968913279557786167e-01 2.771831742999706361e-01 7.075952209832573336e-01 9.220213455639366673e-01 1.503633944141751222e-01 6.935391799326685591e-01
4.053447832579839538e-01 3.757124962550835168e-01 8.209923641778135162e-01 6.818254585236773746e-01 7.768443996091936032e-01 2.974169655658048805e-01 2.665964794764362766e-01 3.107873595993037030e-01 6.223939124770705433e-03 8.582387494494685409e-01 1.656934000448281319e-01
4.710566135200255911e-01 4.347613241710058807e-01 5.852907330662999730e-01 5.412622725237103971e-01 7.005800818812009112e-01 2.309199741057094135e-01 3.689334008262593612e-01 9.379562811648414211e-01 2.149469911134102018e-01 6.577904547506531197e-01 7.502954093494770271e-01
