1.152483429496956591e-01 9.156218902189526831e-01 3.303318745425232184e-01 3.474299982795777675e-01 8.505325802663649126e-01 5.962588262463570654e-01 4.489313721637260279e-01 7.223015054099575227e-01 3.299213923096661061e-01 2.825042714143983780e-01 7.769563009309784496e-01
8.591581698688433022e-01 8.518197195407268829e-01 7.340642787357148924e-01 9.021409183403323873e-01 8.941076629256249353e-01 7.159438007958516259e-01 5.192918823027864450e-01 7.839419826941562697e-02 6.404077668712890858e-01 1.280729970265626072e-03 9.177784316152590716e-01
4.813215673357533753e-01 1.493039839517373846e-01 3.808185893706702574e-01 7.265535549553059358e-02 3.857141161525295958e-01 8.807247208703086194e-01 8.263551184247509562e-01 3.604813724102996497e-01 5.846186420228194347e-01 3.406591548277533299e-01 4.643516301873403807e-01
7.754588878508075211e-01 1.045464896834151780e-01 4.027519277221776051e-01 9.812633680209824627e-01 4.582114222802586845e-01 4.761295894457882039e-01 5.331530254464534879e-01 5.797552288357032957e-02 2.935857777838923877e-02 3.689666232793454848e-01 2.747562467967518129e-01
7.337637392340925491e-01 2.990394116728217755e-01 7.778132133244655133e-01 6.193010180020904754e-01 3.448430983247203763e-01 7.544749032599901151e-01 6.480592375768847724e-01 8.582693202440145885e-01 4.619454340154676153e-01 1.134871663014762611e-01 3.273797112144007926e-01
7.502134764321863880e-01 2.862504349101766543e-01 3.459325300146739446e-01 8.727641144406377283e-01 5.347827962125820678e-01 3.028177049388021125e-01 9.334846275563609685e-01 8.711586422867378943e-01 2.542200833896809398e-01 6.360775570995155226e-01 9.195716208073495546e-01
1.042989727503322861e-01 8.483040836455714162e-01 4.409360895569495176e-01 1.789209879392691382e-01 3.961275386271397858e-01 2.247441643981412662e-01 4.821950131929993999e-01 5.036027194117627115e-01 1.853548450980788687e-01 4.855939138055920257e-02 5.886884950102656555e-01
7.066731594334360045e-01 1.365429176891012064e-01 2.187811552095918488e-01 1.731943606445105477e-01 6.884049087983314941e-01 9.088611362463734356e-01 9.747693700339107314e-01 9.729754998426165535e-01 9.381447620501530693e-01 6.723110429762835238e-01 8.900659911826673820e-01
8.308149854589509387e-01 2.949192204089745584e-01 4.246212897432077860e-02 8.438363264243642359e-01 7.282756741468385808e-01 7.738440875565368859e-01 9.287647221701664790e-01 2.465468238683178326e-01 4.533896587766035324e-01 9.945350357092692661e-01 3.755910927913757025e-01
3.389296308261369184e-01 9.789405282977620137e-01 3.803044372548983754e-01 3.757513190842797224e-01 8.843986545339798111e-01 1.026816343190956049e-01 7.257200477089309487e-01 5.064432400253168209e-01 7.972627941371781546e-01 2.111541385671789062e-02 7.273699792768384409e-01
1.990311536979683105e-02 4.534376713985300844e-01 6.260413907697480740e-01 8.141333904340363192e-01 2.307103504169665253e-01 5.850366308864485276e-02 9.448513102831381794e-01 5.517006360629194139e-01 6.435944992062558878e-01 5.991476998859973646e-01 6.281609969555307371e-01
4.660375369296808623e-01 3.333658268023123039e-01 5.668460082738852046e-01 9.107182299214995336e-01 6.193299816508460731e-01 5.100716715250163125e-01 2.381760567876330947e-01 4.764318660413071616e-01 6.326226805105200635e-01 5.558724357488298295e-01 6.045576765787622486e-01
8.001031619903494763e-01 8.724431627083423235e-01 2.536742971590779661e-01 2.885597305570148929e-01 9.090406367002518140e-01 9.666781642946657982e-01 7.649022990148132140e-01 9.647846602126141091e-01 1.249763433826469594e-01 7.438459202072459364e-01 5.108469449001420415e-01
6.780678130700028561e-01 3.048388165399530392e-01 2.775946966096224378e-01 5.166563788707856375e-02 8.761876119882969771e-01 6.768840383580776443e-02 2.794788610170769738e-01 5.105337946777057656e-01 4.098304671214493267e-01 9.461911468574124573e-01 8.926626738859975152e-01
5.419389162238249513e-01 5.935850622246505726e-01 3.212659267233688443e-01 3.164424778783880843e-02 4.985340591085395401e-01 2.944955859821518640e-01 7.534792033991349891e-01 9.301791396369114562e-01 5.892991528330319140e-01 9.751988027873735865e-01 9.742458635966322333e-01
8.954868373644097046e-01 8.035457703878529090e-01 7.760983726772761049e-01 7.815511831320212099e-01 2.628698343242841240e-01 3.918217847209499727e-01 2.949083460110828447e-01 9.716787595134933619e-01 7.468863148081791303e-01 3.414746669373611709e-01 7.742301997659909452e-01
8.562764858658784561e-01 9.674893507904442913e-01 8.918813687424687053e-01 5.446815220460130558e-01 5.550624083116372232e-01 3.832252402708578032e-01 3.467802964064117255e-01 5.629067612686696753e-01 2.354123594754402582e-01 1.353679895779347220e-01 8.999297881481048700e-01
1.651472839711267682e-01 2.441268556210649532e-01 4.155005278214962683e-01 2.379097347736597312e-01 7.551148377408060108e-01 1.501592328365718432e-01 1.365285100510161831e-01 9.824012292417150238e-01 2.278504651513280077e-02 2.132232165186255246e-01 4.662861045386967884e-01
8.284048476060766886e-01 6.966157644568486962e-01 8.212840289160787677e-01 6.891110954941104261e-01 3.743615226009338048e-01 9.416817634016028116e-02 9.782638894977535582e-02 8.115740016161743231e-02 2.816493372752291169e-01 2.198809161549186708e-02 7.176215632126148325e-02
3.300044204443441931e-01 7.153033580932570690e-01 2.529696612768324027e-01 1.432786603790603408e-01 3.754987831762999217e-01 9.101842842275597034e-01 5.519300940638285358e-01 9.388169596263076233e-01 2.293541445292270886e-01 1.253227894617281457e-02 4.241113669809777331e-01
5.907693133121392215e-01 6.057844132524115022e-01 4.932605965448731977e-01 9.392352165651799423e-01 8.029943781228816579e-01 8.484499087414554275e-01 1.612339841061461998e-01 9.812179076669310662e-01 5.312021093740371125e-02 8.441247416730808251e-01 2.692159665497438903e-01
5.312709786873075490e-01 7.341098851899421351e-01 8.386409110560059110e-01 6.117779950929336241e-01 2.038375909385996554e-01 5.874954224505964939e-01 5.483643557892542431e-01 3.428187957261334962e-01 5.876022877770277208e-01 4.992801420174767246e-01 8.172382729724307904e-01
9.809103295047444382e-01 3.193887129049236551e-01 9.215687614186864884e-01 6.689837863184577849e-01 3.647200304100312040e-01 1.461306452630601882e-01 8.304317880374011418e-01 5.710687623238143162e-01 3.740966465468745783e-01 6.732372940022086638e-01 9.309610497032104748e-01
6.488287302317313765e-01 7.828261538468318514e-01 9.620164925183083415e-01 4.770899379594586431e-01 1.349200324624114655e-01 6.352921365454793357e-01 5.303855785741129480e-02 1.504528118437946649e-01 3.628121080620269057e-01 6.475995873483588738e-01 6.639678674374985823e-01
8.868809098533140256e-01 4.633485726550057304e-01 9.716672825351815312e-01 2.695316392605578981e-01 7.104939838466880486e-01 7.648625470009073890e-01 9.174775930860779027e-02 6.272410011564202303e-01 9.082100440414003772e-01 8.840481106386547383e-01 6.636464775340294997e-01
5.030675223263300078e-01 2.768052042266715418e-01 8.512318137351549963e-01 6.830887973923164269e-01 1.126734670163989094e-01 4.091204434074525720e-01 6.673340541701384687e-01 2.637499602824899814e-02 9.229640001084612466e-01 3.019997616817863273e-01 5.403832180067573709e-01
3.658086667501521116e-01 6.392288254092933775e-01 7.838921754445590251e-01 8.023782272509073499e-01 5.459050189156848809e-01 7.239314122728155443e-01 7.901561569212741665e-01 6.237618138364996456e-01 4.398048958709888101e-02 7.414718224923025902e-01 7.935550321579855071e-01
7.902500624039333621e-01 3.664673129025881604e-01 5.730890671066533049e-01 5.235112755319076827e-01 3.977235794874647290e-01 5.365178287445376837e-01 1.001490245794045553e-01 3.140846473127010263e-01 2.493167897122110510e-01 6.197214026908870466e-02 3.505806724562559040e-01
6.105384993522474657e-01 7.685423111863161072e-01 5.776419271903993069e-01 4.704450455024518085e-01 4.612744657075006360e-01 4.100410115814807632e-01 8.992494325668736188e-01 6.112368417395130926e-01 5.059426267559870016e-01 1.682385895878117932e-01 5.588298940084279742e-03
2.037636260434365632e-01 8.663380097456645501e-01 4.235373690615829023e-02 3.628958524520915496e-01 9.254185309963147699e-02 6.563972481476815224e-01 2.315187745512492512e-01 4.676886924285399427e-01 4.579021973004419044e-01 8.395299827095614731e-01 9.867357098401027260e-01
1.714571242808441420e-01 8.856404119255608665e-01 8.035302593781882274e-01 7.261155801688732314e-01 8.379459785894327606e-02 2.116751778174446041e-01 9.617241082239237349e-01 9.893527292704544784e-01 4.474474588055781243e-01 2.222123227807888401e-01 5.723129576588894540e-01
5.987270082013501638e-01 3.229397894963753624e-01 2.282284022580168825e-01 9.416296236106957984e-02 6.244915847719136881e-01 2.153497136881792340e-01 9.720709480298104221e-01 4.954697239013796661e-01 8.408006271381345265e-01 8.180436839570459640e-02 9.621580219750959229e-01
2.832856546482136473e-01 4.789752282606488665e-01 8.908506365930003446e-01 5.268573431461477385e-01 7.632066168162029429e-01 7.543618987175345625e-01 8.572434353242585070e-01 9.373304660199206495e-01 6.209297284410153495e-01 9.074011556228286368e-01 4.130128723998460760e-02
9.921412620203257093e-01 5.818863083255476631e-01 8.305722326939263267e-01 9.575278399095443760e-03 7.392739744657772505e-02 7.019052072982545631e-02 3.953342730423263784e-01 4.043388940127500275e-01 3.926135956702981877e-01 9.089306396891031481e-01 8.548345322523506207e-01
8.845428198113087781e-01 8.501724075402736780e-01 2.764971113524512525e-01 7.468940048895799100e-01 5.833996095095965728e-01 1.115538074517630207e-02 1.671832353776321334e-01 8.701029954441261705e-01 4.336184511384808538e-01 9.699503010567478434e-01 3.950411040074531810e-01
5.101549120757203903e-01 4.113726813778724178e-01 2.905874602531717255e-01 8.036680605665756927e-01 2.864312848700635294e-01 5.632192598655506588e-01 2.427512429972116248e-01 4.090396399097649960e-01 5.889224512074224815e-01 4.267269280538055209e-01 8.401805446134058553e-02
9.074184252114259053e-01 6.498966086611853710e-01 1.010761429010275103e-01 7.620233260963540367e-01 4.977054742215745176e-01 1.850144291334412383e-01 2.128891503042018574e-01 7.699982637306712618e-02 5.238553305663262716e-02 8.777249140839830099e-01 7.291837960944952401e-01
3.260421901968174607e-01 4.984967077347401965e-02 7.562487503808913436e-01 5.499234699371896573e-01 9.631439688719339864e-01 5.133398397035320304e-01 8.177769268976212702e-01 2.966799785274011336e-01 5.557816872232224092e-01 6.735148394588578169e-01 3.753841242513898946e-01
2.124975653089099525e-01 7.365686790925045635e-01 5.571495934339426581e-01 6.460618858962103861e-01 2.240277231115703760e-01 6.166395573452574386e-01 8.719627279770990613e-01 7.809883321272856893e-01 8.642349418663853866e-01 7.033877189346422476e-01 1.858002618350550472e-01
8.525403844176748791e-01 3.061187530489305475e-01 9.192207164959165233e-03 9.616570388886217513e-01 8.250480489412691520e-01 6.798001763614315296e-01 5.738521828925492452e-01 8.987784061093488930e-01 1.873872493333055278e-01 8.047108888096627943e-01 5.497878455452062108e-01
2.176490491755768142e-01 2.312419828587652937e-01 8.358928204329807432e-02 5.583486984188088531e-01 2.195938631450241596e-01 3.545139384073663358e-01 2.559312309792873830e-01 5.221820598031071681e-01 4.833311517789727896e-01 6.323825551089902186e-01 8.903881705479853581e-01
3.273983362339767389e-01 6.955787469386773836e-01 2.312065363108770644e-01 8.220227045601847804e-01 2.067781933232865077e-01 1.790313554615249325e-01 6.463571219387723721e-01 2.386296761882605866e-01 8.728446515231069736e-01 7.489224179972466811e-01 7.446671839333107723e-02
8.119388301031682520e-01 8.104100445763541272e-01 4.355844360810198213e-01 6.668206003304000262e-02 8.593173119513851654e-01 8.659200481160581608e-01 8.766638905456072273e-01 6.241745194944581243e-02 5.585500678881967218e-01 3.196641171910242774e-01 1.598280824849193094e-01
1.145107516381926871e-02 9.449544437527492846e-01 2.549477050107535891e-01 6.348194900084334069e-01 3.842797260323962405e-01 3.358869913221287362e-01 2.367565760810059761e-01 9.612924745187176878e-01 1.492692790625949062e-02 1.064089338663666284e-01 7.035164332031750289e-01
1.383141108915123541e-01 5.020579438525233362e-01 9.971090606449612981e-01 7.653470060335663128e-01 1.404373183239115974e-01 7.474275263581494633e-01 6.417484821870370615e-01 3.394514726450250652e-01 7.212036771037088068e-01 5.232097426336965729e-01 8.262380763712510179e-01
5.362860475370512248e-01 4.312615107810602311e-01 1.556636980486466593e-01 7.711145941488706246e-01 1.562407851856366658e-01 1.568161568201505984e-01 4.027149730731058863e-01 1.414375986501205107e-01 6.429047916215736569e-01 6.651368879174950344e-01 4.980556523988897144e-01
4.615620156199843338e-01 8.721044571285361258e-01 9.465044221873474273e-01 6.007009400367970819e-01 5.043757833154390857e-01 4.489762454542933767e-01 3.932822034298153469e-01 1.811594046063014218e-01 9.455520117228596311e-01 4.961837022710237077e-01 7.894632971864423698e-02
6.155952485592681711e-01 9.954606263507113084e-01 9.051310507560336172e-01 8.706539082195415835e-01 2.067017407688717112e-01 4.356323059747728710e-01 4.017963798295237643e-01 8.569742864983742603e-01 7.319913233889314697e-01 4.677691964795782642e-01 7.825624114261803266e-01
8.283318866414173254e-01 1.440119724321510253e-01 5.834878295828334061e-01 2.591061465980190048e-01 4.936604344384319942e-01 9.575666111810958725e-01 9.588615952568165790e-01 3.538784066847889820e-01 8.655577070178066545e-01 4.275555775518357082e-01 1.541908658539711263e-01
3.155585654384241989e-01 9.607107394380204335e-01 1.122810103083443645e-01 5.576146430511230712e-01 3.990933383446972904e-01 8.439065950759661039e-01 2.439379039287351558e-01 4.938529323793693360e-01 9.888670411528099891e-02 5.659786485180229310e-01 1.596851209834916352e-01
9.771182656633550234e-01 7.283006136523580976e-01 8.607272429301264793e-01 7.101086138994399111e-01 9.995119461920736192e-01 4.698400853254732779e-01 8.802647333740333258e-01 1.176684561630688686e-01 8.729038979146072075e-01 7.819381158868731196e-01 8.302581416432035510e-01
3.327855975818982959e-01 9.179987596724611398e-01 8.814854551384703196e-01 7.056344880523641727e-01 2.601271555244545342e-01 1.740397147109133957e-01 6.542184289609533909e-01 3.124860830905137332e-01 5.999657806196522225e-01 8.841281575129722459e-02 1.385703586982751645e-01
3.449084923270246961e-01 9.389819346716081760e-01 8.208133471067341480e-01 4.496667188261949111e-02 7.251041095808073988e-01 2.127918514228730462e-01 7.279676054603546609e-01 8.746807478144706938e-01 3.780353795922497540e-02 1.887590525433825439e-01 8.367812968612793334e-01
3.756260027282838365e-01 9.854452178034154297e-01 5.350771302258117146e-02 7.273956009684349189e-01 1.481923020107211997e-01 1.117097654343283120e-01 1.602326236573424767e-01 6.349579726028469207e-01 2.004925486809594481e-01 3.316551863523942156e-02 6.944064532120884925e-01
3.897267654723646224e-03 2.948831789744311704e-01 4.014177053869538714e-02 1.488329784212678586e-01 6.088990549762094417e-01 3.304376981180896511e-01 1.027162616404549977e-01 6.227887717287363678e-01 7.682679966744389022e-01 8.730043819827655316e-01 2.315325836053384601e-01
4.747226578126162444e-02 6.296212855784020235e-01 9.358242331580801654e-02 5.391301460041075799e-01 2.878134771947972181e-01 4.038373253304340382e-01 8.389419063853034153e-01 4.614722910146890067e-01 6.211361325441814296e-01 5.818873461807549941e-01 1.037673320651499864e-02
4.318791260427723433e-01 8.793992818152686075e-01 7.124549308306253881e-01 2.516079984495189770e-02 7.692080147046252980e-01 5.619029497209352408e-01 3.168954386121500821e-01 3.772333199343461674e-01 8.616487652092355010e-01 5.783879412966184130e-01 8.191444429285235085e-01
2.355772966255804679e-01 1.970138987824978649e-01 5.408356151826987368e-02 6.853066013592679084e-02 9.505832787782969584e-01 4.277799925384790924e-01 4.021652511785399620e-01 3.605605436830049415e-01 4.318636566888186534e-01 9.053296564361000831e-01 5.356277916242950798e-01
6.586458304642698325e-01 3.506933986167178885e-01 7.341084585768814508e-01 2.997675848581076163e-01 6.896186961655922376e-01 1.552038414160505919e-02 5.580470842215982108e-01 8.078406511454073735e-01 1.885952152954754046e-01 1.481228539306440606e-01 1.269705091961970123e-02
4.514130402618476978e-02 1.546233537852752526e-01 1.963581346370352199e-01 4.945201610506212431e-01 5.971015052409432977e-01 7.433080350452465623e-01 8.894089530436585234e-01 3.382680976368218628e-01 9.005208939733665430e-01 8.076167545218174704e-01 1.759041048086603665e-01
4.277030171401708936e-01 6.894805008395742396e-01 1.025115872340776058e-03 7.448122861757094926e-01 5.737520142864607209e-01 8.415859275638848391e-01 9.743792305327320102e-01 9.251112255531050987e-01 3.943290278534272719e-02 8.501341142468687995e-02 5.976718543264367689e-01
9.664521876861897898e-02 5.974949973810583792e-02 2.731602535558652622e-02 3.572910369590034385e-01 2.824027197867796657e-01 2.535953987904918661e-01 1.343617510934813630e-02 5.602948734524040297e-01 1.748541393113475229e-01 8.185958749622667119e-01 6.812601031077697433e-01
8.940526897232935477e-01 7.455308405465729260e-01 3.486092364634151286e-01 7.662450877287750872e-01 7.884881291034455675e-01 5.972232414928018152e-01 4.160096978656228073e-01 5.539994789341586845e-01 2.037222457479529458e-01 5.619776955486250891e-01 3.441238009679118415e-01
6.192980710518394272e-01 7.968211049689255532e-03 6.282432893522066353e-01 3.185808536473602182e-01 7.454335636045239522e-02 8.958303769737475664e-01 2.218274594927939214e-01 4.253016454471955088e-01 5.804573524146939834e-01 6.346494396380122360e-01 3.482119344105544245e-01
9.194762505428908383e-01 4.870755695580574196e-01 7.409758679687705740e-02 1.867473459688440141e-02 3.356608714583058095e-01 9.160894835044363083e-01 7.038065795686344606e-01 8.122900815671504349e-01 9.396088052312999706e-01 3.541309224582720461e-01 2.672207675968918394e-01
7.877650966273241906e-02 1.921189589369769468e-01 1.502445445454809736e-01 6.129623085232460689e-01 6.599511402382850500e-01 9.450410222996157295e-01 3.407329489849665327e-01 1.258335839790926114e-01 9.296517763283753677e-01 9.871339945530221982e-01 7.941870161143177453e-01
1.247878496786596347e-01 6.739789425617953578e-01 4.058476289152093130e-01 9.229155878031620741e-01 5.159181245589267162e-01 9.840779582838075079e-01 7.279515673404876042e-01 4.252128552141850593e-01 5.347506012638503226e-02 6.870773263996476921e-01 6.527688711605637017e-01
1.535279182620823413e-01 6.041396045587519303e-01 5.134728112970049496e-01 2.827372933044222103e-01 7.472088629831437068e-01 7.679323599405478706e-01 4.105314676350281244e-01 5.794480875101443162e-01 6.643082728386650038e-01 9.475329795993291393e-01 6.911247136125002744e-01
4.970058161192647539e-02 2.345827690769320961e-01 4.260779725221212066e-01 2.449309379758424221e-01 3.210003822593541223e-01 3.009160339082352920e-01 7.120875617373650934e-01 6.200140617127968268e-01 6.903933392548636805e-01 9.446997577575747540e-01 1.508422179156666543e-01
2.169719584279165003e-01 9.841201818354353703e-01 9.526219703167352337e-01 8.241985857577784902e-01 7.129704904315434799e-01 6.253371081513197094e-01 7.441987699955810998e-01 6.622224998618153613e-01 5.086441096033023079e-01 4.237171256021089460e-01 9.498052262590395145e-01
3.295684404428002034e-01 2.339230561420155841e-01 3.838503410212383837e-01 3.992335648647999946e-01 2.102095595784183590e-01 8.644111523938863284e-01 1.024084812720215121e-01 9.219754315405976897e-01 5.846710170854493294e-01 4.813451693296165734e-01 7.662968625798629585e-01
3.840295061621449291e-01 8.300244326355643576e-02 5.110095065677917603e-01 6.508696312712257681e-01 1.983349656482930046e-01 3.578010183032322988e-01 1.603847266244564640e-01 9.561608175932833076e-01 9.671085733146411734e-01 1.384004277976912389e-01 8.538744359394880856e-01
6.065743782598298495e-02 8.592058174002462634e-01 8.891115658878091521e-01 3.383462086440236494e-02 8.014981676771603114e-01 8.514973130745019381e-01 8.226776418097534460e-01 3.341053973165220015e-02 1.019255164739873987e-02 5.582361626393274046e-01 4.902121621122301764e-02
1.738813721936892653e-01 8.031234249374443745e-01 4.023640555758069004e-01 6.767762047752831078e-01 8.140278910346249175e-01 4.819046542322302784e-01 1.718720501177261051e-01 7.131565615080837084e-01 5.525533065136348787e-01 9.593583075003470073e-01 7.208848879804196086e-01
6.743069481106300778e-02 1.951819693846242876e-01 6.349030487689609759e-01 2.970397420297772317e-01 6.212430325996655123e-01 7.189613600329936016e-01 7.261913191627448194e-01 7.131619223395991858e-01 6.691524517380421644e-01 4.884797341772023627e-01 4.208648750849944831e-01
2.088468546667071601e-01 4.471253072813691221e-01 7.801888506415571856e-01 3.147957664791911636e-02 8.005506742380460450e-01 4.262359752878831509e-01 8.388184085517818023e-01 3.018560346169466557e-01 8.758323384438292392e-01 3.101318070012237804e-02 9.760265365662978976e-02
6.310032118235863186e-01 9.521360744986815394e-01 1.786742686705071748e-01 9.510216658785209942e-01 6.072269486900542246e-01 6.965491840244404376e-01 6.846102431094387430e-01 4.782610820478322422e-01 3.756384465894153646e-01 1.267704863589327324e-01 4.769073889410315736e-01
4.541998106815916536e-01 9.542313834128650640e-01 1.720913038026986586e-01 7.419644109007133004e-01 5.331324481957627759e-01 9.809699380159987436e-01 8.437107021716960809e-01 6.006838325926454614e-01 3.482801443461407409e-01 4.187916667082774991e-01 1.761838601171379359e-01
4.320166800001655760e-01 6.060791258807680659e-01 2.227929629990820226e-01 7.065154000904155795e-01 4.467215080465644084e-01 2.627545501157824148e-02 4.955852547211648806e-01 2.970205468475547450e-01 9.971384803088287896e-01 9.779493164404987615e-01 4.722478259413726009e-01
7.904833958337103006e-01 7.865514126523798222e-01 3.433924636612948333e-01 2.004608404955413592e-01 1.727329461031301694e-01 8.878298677041795983e-02 1.493015231953743749e-01 6.940068166299626640e-01 1.608295606070904160e-01 4.574275828961770207e-01 9.583909992839638736e-01
1.371297584501385280e-03 4.355380293486614818e-01 9.473844521848073796e-02 8.660744280862860967e-01 1.781720466577497719e-01 5.632885907945482939e-01 7.023891496750197527e-01 4.796274731658366486e-01 4.666631838152066614e-01 4.356002598103940748e-01 3.148625137453919809e-02
7.177587354662511299e-01 4.287772207522390078e-01 5.966085356265087292e-01 3.909204529591605581e-01 4.800432048232715632e-01 2.660371543883606194e-01 5.471359939913988946e-03 7.338038015538498327e-01 9.791092773953378181e-01 8.372969076684978473e-01 9.027391548894216911e-01
4.549442869597797312e-02 9.245311642428848398e-01 2.993964742296939541e-02 9.210056992433023337e-01 7.055710147179322655e-01 6.242831651026081730e-01 2.829865621430427414e-02 5.890394042618942727e-01 3.584987075734079598e-01 9.960265254796873968e-01 6.782042173764252224e-01
3.981394152597088620e-01 8.307325565520941035e-01 1.210238772459283352e-01 1.808508080493009818e-02 3.219823559906141996e-01 5.302396280203888201e-01 2.231049534822471259e-01 6.075286821681079585e-01 3.695802094138530558e-01 3.718149940386135111e-01 3.947402197279082925e-01
6.062084714548912068e-01 9.342486203380294674e-01 1.991612481871150031e-01 3.859889995970997578e-01 6.063362203743880574e-01 9.766306487804172765e-01 3.202531613704739932e-01 3.052972923202947886e-01 5.561220577856635927e-01 5.319309924636936859e-01 4.229780861317091745e-01
3.886043707549247106e-01 8.901832939976238590e-01 4.166338652789798314e-01 8.744230740839337157e-01 5.728638170384265926e-01 2.520972309917282050e-01 3.263750631732565965e-01 8.447294008530441545e-01 9.089941086241036805e-01 9.791211633604248732e-01 4.283959482378334460e-01
3.935779639757497339e-01 5.858423094257058095e-01 5.761764916172080753e-01 4.513735746535832982e-01 7.368799921518495166e-01 1.944912184139784284e-01 7.622402144225915999e-01 6.091046938129022204e-01 7.961637781696146998e-01 1.290660219825802146e-01 9.296013182418932930e-01
6.652084116526620905e-01 4.454142503781827189e-01 9.707593818924405982e-01 5.465893625428126512e-01 5.420165347576253456e-01 3.398951541095780460e-01 6.283342999245000726e-01 7.281651505177710870e-02 9.929034056295285016e-01 7.750584323539142506e-01 5.532621504959649439e-01
8.325002184076766287e-01 2.598920240285786942e-01 3.867033659720938710e-01 3.976717832764208316e-01 1.565948087769112318e-01 5.178501496858129993e-01 7.436586041256370017e-01 3.602744769627329591e-01 1.815764968500344079e-01 8.043477995853467455e-01 4.389670201020978713e-02
6.782084501673596444e-01 3.886512488678789401e-01 2.749769722144167483e-01 4.535393249054486819e-01 3.067235395636864759e-01 4.610810195407619716e-01 7.380297785926892562e-01 9.068825185743981665e-01 7.513038835200505083e-01 5.056585325838121037e-01 3.236881052052630325e-01
5.551498629064833823e-01 8.633747009729316746e-01 8.582447157020058892e-01 9.775127705447145265e-01 4.550852990522458175e-01 8.295768580501355904e-01 5.399344262486184265e-01 4.474948682838054692e-01 7.217510472854349324e-02 3.695824318647414897e-01 8.699248591344932446e-02
4.176024756008301919e-01 6.857732010649453258e-01 1.420672940589428057e-01 3.713822464966609616e-02 2.615915834650754945e-01 4.816340394948548376e-01 8.196010348787593491e-01 4.734218698925894975e-01 5.739091915984632086e-01 4.131868155006873655e-01 8.566457687898912932e-01
5.142710430681194378e-01 6.833991797459428863e-01 5.816496256565195644e-01 7.980318266558421580e-01 5.441975474978033578e-02 8.482320501491971143e-01 2.923231184925815240e-01 1.019710773765769574e-01 5.508930405649312689e-01 5.087827621481699758e-01 7.709950813105298506e-01
9.124385463285494824e-01 1.710179823274513566e-01 5.923880873518535539e-01 1.316773505091384244e-01 5.334021944584920183e-01 4.348767220326779093e-01 2.071575312243485456e-01 1.657158045419631076e-01 7.488596460767326102e-01 3.450806379910359434e-01 9.824333888137775084e-01
8.008272517386787470e-01 8.407277339092744661e-02 6.290677241383955121e-01 2.984707418218907060e-01 6.248031204460574584e-01 5.059053918901029734e-01 9.168043668233213372e-01 8.282403093704004959e-02 5.861048713675007793e-01 9.900958957613070766e-02 6.044755856819024054e-01
9.526930249444318655e-01 2.467176746595233228e-01 4.569158409814138011e-01 9.569469897337188335e-01 7.270619086926355390e-01 7.673072034107261130e-01 2.084832817074170341e-01 5.102273683917012415e-01 7.253244359314023892e-01 8.836656154231309346e-01 5.590343673389556178e-01
3.640758398350572023e-01 3.802916516430201455e-01 4.234390725409140632e-01 2.313224684778791840e-01 2.461806996744086984e-02 5.131527545020804215e-01 7.807917044412999719e-01 3.620479094087996064e-01 6.868948843969590046e-01 2.731861694710362443e-01 4.505408022639484367e-01
7.901329351496564346e-01 6.526947366505653214e-01 3.657534438677915167e-01 7.528504507195599160e-01 2.028600141615610752e-02 9.238211078180468272e-01 1.355099987922117055e-01 3.587797442389903946e-01 4.777364097897032202e-01 3.243590267488215551e-01 9.325064916292647998e-01
5.780571521963022708e-01 4.499109032116705986e-01 1.251440314742868765e-01 3.455689613458223786e-02 7.811499161742884167e-01 3.778216434506919130e-01 2.349438954478177966e-02 6.859449726016774163e-01 4.801401405670200351e-01 9.556856295023993253e-01 9.736543476516493767e-01
7.321241943786449546e-02 2.222842335804998681e-01 8.678598923810267873e-01 8.373149002587007006e-01 1.948215015771110892e-01 9.704784775526650309e-01 9.440161694793706149e-01 1.713024211100319105e-01 8.358234126469383796e-01 5.265375479087185395e-01 3.302056368882548831e-01
