5.055251277222039263e-01 9.862700374792242597e-01 9.844388805226107486e-01 4.638663904955517836e-01 3.127893316750126607e-01 9.671027851073810133e-01 8.343510091207151369e-01 2.146395994781935546e-01 6.811623967750641828e-01 5.289241147905038298e-01
1.725446317578369637e-01 2.663486316597380998e-01 5.147489203729943563e-01 8.120777058841882612e-01 7.368678211739195794e-01 4.196032797004211057e-01 1.911197233745526303e-01 4.192595983634674894e-01 8.045602781431643313e-01 6.277943966105360429e-01
9.054569547583213307e-02 8.979208501640908446e-01 9.256254268005496000e-01 8.437099324997842098e-01 7.987095839163875777e-01 8.131332902287264908e-01 9.820900623978593424e-01 8.381256035296550388e-01 9.690406496252147450e-01 6.540144658496929164e-01
7.976695658137867850e-01 7.798921442416482108e-01 4.109495779318039776e-02 2.918835923932645571e-01 4.363835448044391940e-01 1.487336273130270836e-01 1.540857957560959335e-01 8.225105038447271255e-01 8.019293299492280536e-02 4.605329096809015477e-01
3.407595578881768006e-01 8.885951971744502353e-01 3.423901647091887046e-01 4.905634993043771486e-01 3.511812340480215955e-01 3.865604364889301259e-01 7.263350298227906343e-01 1.406572454656732640e-01 1.466681248910783886e-01 7.348685440890709852e-01
3.323113317858072957e-01 6.357261956628879052e-01 2.435201255423902200e-02 7.495052752082644876e-01 5.571708446769410017e-01 8.707534544020485434e-01 9.342657969321144229e-01 9.945156614665175976e-01 2.339168593079599123e-01 2.119167579587731831e-01
1.082565957150612990e-01 9.673307550221763584e-01 5.791731274875988600e-01 8.036376516521943625e-01 7.519005986481461790e-01 4.864696816507922961e-01 1.631701501496946038e-01 7.886041642996554080e-01 3.941989116654807113e-01 6.024502815125930555e-01
7.236689491557168896e-01 1.578260690480612904e-01 9.835802027841580308e-01 4.895017300214942191e-01 1.425830973883961406e-01 3.837941552902974784e-01 7.180199790989674202e-01 7.885068373401472597e-01 8.296407890615399294e-01 9.590382761385866095e-01
5.385025598408921255e-02 9.005906223045667680e-02 7.448885071999372665e-01 7.821090851836048907e-01 9.038566751485975770e-01 3.076807168526478620e-01 1.594529562400136546e-01 6.933099515212520769e-01 5.216130946575250338e-01 7.485272899772390520e-01
3.566983158296579415e-01 6.653154796537436022e-01 7.917766559492764866e-01 9.015247329359372674e-01 4.419504701956634696e-01 8.870046468580277121e-01 8.886165389059164088e-01 6.740931660819475812e-01 3.703033735226687329e-01 4.400772756831805577e-01
2.565463902110880490e-01 2.640755271659522840e-02 9.172926302185460123e-01 2.539220455845474511e-01 3.021372458530146021e-01 2.982271989197408102e-01 8.633098318446639219e-01 9.510431323658252722e-01 4.580252737825937226e-01 5.189495309703399117e-01
1.566449968983509855e-01 5.195614628463319784e-01 7.975378259563833394e-01 4.732781192640027612e-01 5.968589562998493081e-01 4.147344970407964571e-01 2.676077288042864044e-01 7.298724199095111276e-01 6.649477789342391754e-01 8.130333526610411532e-02
2.941432549590106138e-01 3.738035582770919962e-01 6.340715950165720649e-02 1.140687534417700322e-01 1.397494375748229434e-01 1.322146160479588106e-01 2.215609106247996563e-01 9.627403752968686224e-01 5.474131937251759394e-01 1.001223311382491987e-01
4.838457787626749829e-01 4.517914868723712507e-01 5.135392422196112250e-01 3.161866266164705674e-01 3.552429010837622192e-01 8.817491886965145298e-01 9.848936588070653642e-01 4.353921982833729443e-01 9.633631238670835595e-01 9.024496675016077107e-01
7.857316211521052640e-01 1.279049271958664358e-01 7.467682307483431980e-01 5.494527281745453795e-01 3.250541277873277846e-01 7.454483821443397273e-01 7.817021021998470376e-01 5.970713703198670119e-01 4.459682760567952320e-01 2.725785637236239900e-01
3.500056357591621037e-01 1.138107115590881735e-01 4.073589249190214812e-01 6.797830136883074026e-01 4.251185995315917010e-01 6.036691599487459259e-01 5.777134333126421328e-01 5.392159908884452957e-01 4.408766174990114139e-01 5.904971974093078391e-01
9.358035753523180622e-01 6.318617812821100133e-01 7.629277992249751117e-01 8.826086937551539391e-01 5.956410819697139925e-01 6.608875569720373822e-01 2.682749812282084756e-01 1.645882705431019888e-01 4.461882246502990590e-01 9.814349640813515574e-01
8.110428160503205808e-01 3.140386402927242138e-01 4.226742355782050486e-01 2.531220576325783345e-01 1.560389727156471507e-01 5.234830049929350970e-02 8.879869679386933612e-01 9.574194072841605285e-01 6.807900639044323077e-01 3.081961703404663133e-01
7.657572518369649694e-01 8.506574092609198168e-01 9.126213287719797673e-01 2.999066998709030152e-01 3.204028132024867581e-01 6.422440393156609861e-01 8.901781887507521640e-01 2.312876071119517318e-01 2.367240369551648627e-02 1.144017529084848661e-01
4.403723634222388439e-01 7.723083164481457930e-01 5.886529263760671427e-01 9.330645456794606218e-02 8.711420478456288752e-02 5.643646344038441010e-01 7.697605960800654179e-01 2.657554471883704084e-01 9.025637433645711249e-01 1.471847366988616734e-01
7.671930251239111875e-02 2.742221565576083986e-01 6.497174195606244540e-01 9.828034506406368997e-02 7.214142866897090833e-01 2.183547358596318322e-01 5.279264040462861018e-02 7.693278505440581672e-01 1.141346728499469387e-01 8.042205315256409914e-01
1.585501409601718370e-01 1.280939169769020891e-01 3.335184100553739706e-01 3.423753024123066258e-02 5.953729815939675651e-01 9.211013995388437348e-01 2.697966196557993745e-01 4.143621556904425463e-01 8.645553188428414249e-01 4.061282837962993941e-01
8.086474223440155429e-01 7.660566109115182210e-01 9.232392382567498057e-01 4.495836772923587077e-01 9.601707198051819825e-01 3.330261836203104453e-01 1.352452079364191428e-01 7.816527316239892942e-01 5.229984947546014729e-01 4.048127766534604932e-01
8.994395543342396104e-01 2.473054780830135080e-01 4.816874253092519043e-01 3.948921118845931666e-01 5.487492680267394007e-01 5.659558657180363550e-01 3.727568188226835222e-01 3.425758987140218315e-01 2.993088304120513632e-01 6.275490324275523335e-01
9.104042989117189233e-01 7.509501771515250113e-01 1.952518794281811187e-01 2.772947297719249304e-01 5.825814808596294636e-01 1.658188682422137017e-01 8.484609420442265071e-01 3.941765021748868669e-01 8.665025808053166134e-01 6.149516551406679632e-01
6.633492772391608172e-01 9.319747461061349547e-01 5.637113222243800292e-01 8.457522139536932659e-01 1.748753250588608310e-02 1.338531344965724346e-01 3.069809401524040693e-01 2.661337676416497544e-01 2.139956735404369148e-02 3.542323042459373239e-01
9.014178420536668179e-01 2.986864906619868254e-02 9.914179374568404812e-01 1.027771651514007845e-01 4.907799098170977370e-01 9.430258191135243440e-02 7.152936377851799588e-01 8.833375967499079717e-01 8.927967498176945238e-01 3.872690487304960572e-01
3.760986275648181554e-02 5.445977535102420886e-01 3.985023152548836656e-01 8.689372459971327345e-01 3.058064334158573372e-01 2.250434391969813319e-01 2.756169419362778372e-01 9.797094848612978302e-01 5.718845702255265229e-01 1.007975735426417385e-01
8.253280917782225279e-01 1.944311405663756709e-01 2.331562648949612182e-01 6.261388841137810468e-01 5.911688047517701383e-01 1.167356636623106958e-01 3.604114995007206002e-01 5.121636125171882270e-01 1.476169715656094894e-01 2.306424453037216882e-01
6.511993058115984612e-01 2.496226815327761139e-01 2.261743364743500351e-01 7.312610590080875772e-01 4.078404040161355271e-01 6.615122984868255784e-01 6.580706316158381197e-01 1.354939153191447865e-02 1.478591673775415671e-01 7.829527454391265184e-01
2.247638720570636073e-01 5.836949176599055544e-01 1.865855500267131761e-01 1.834481899326727561e-01 8.413498069797209489e-02 8.255743531116928047e-01 5.432786960995937831e-01 6.647211800256946912e-01 3.332070425869751995e-01 8.106803011960411753e-01
4.753351940013287313e-01 6.990658396749031001e-01 1.815854420517676315e-01 7.985573056441716000e-01 6.334462035897557852e-01 1.124086542809328293e-01 8.082731149779308621e-01 7.468354633724274549e-01 3.627039691674495137e-01 2.898796020723892752e-02
5.186159994218806357e-01 8.464117541555729041e-01 9.851828014395316302e-01 9.627706563783825500e-01 4.274007803126206317e-01 3.910180564723332308e-01 7.390878436544177088e-01 1.254233363981898108e-01 2.013597082207285727e-01 6.200770369008903327e-01
2.899166039584732957e-03 2.620216980082172853e-01 9.126472207091561595e-01 8.684323850390299748e-01 3.359435795446696904e-02 8.962426660043871784e-01 8.038770635032781442e-01 4.287251326253321837e-01 4.874894252264783123e-01 9.016388665069224873e-01
8.939932730992816712e-02 2.350072946304294641e-01 8.905103677890245928e-01 5.064854706946648744e-01 2.662459821516600655e-01 8.933252356136851535e-01 4.386964318380606187e-01 5.411187873898115619e-02 2.494269118711175404e-01 8.103922340890731268e-01
9.601977668214698447e-01 2.544451277220853846e-01 9.018300922536778286e-01 3.428472527733699149e-01 8.466251821271842948e-01 4.317385913264082387e-01 6.454283839769335840e-01 2.671988953646613485e-01 7.651815357704365717e-01 9.476553538147625133e-01
7.631412669961901152e-02 9.124871375460702483e-01 2.932206913415498217e-01 7.234969612380772741e-01 3.663326514015398105e-01 8.020665043854854348e-01 2.017366640576919723e-01 2.593288708684295951e-01 7.282978158363042631e-01 9.296190573883322816e-01
8.663919423843801093e-01 7.853035697738642851e-01 5.127026860394280350e-01 9.528484228207674267e-01 8.187047114394859770e-01 1.943574351600964034e-01 8.838235675843562067e-01 8.505628065406704019e-01 9.202792831117828642e-01 7.497158985774972084e-01
3.801329353861214733e-01 9.098294634872465814e-01 9.094806391540822821e-01 6.868862650353073640e-01 3.854130702641979100e-01 8.278809742203214750e-01 3.359015981306994192e-01 7.086643648176598198e-01 7.527880130271656922e-01 4.564276343837844196e-01
6.472756179984247016e-01 8.712367679872503601e-01 8.175087821208926187e-02 7.307476747060933642e-01 5.111185700201992255e-02 6.982170413698174372e-01 5.377723598580785858e-02 9.250535565657830306e-01 7.007054194557439386e-01 1.454081112357173966e-01
1.756890318764441350e-01 1.814464045998780417e-01 2.965127148851081085e-01 6.364550476081716202e-01 4.626914621755198187e-01 2.848010153486107976e-01 2.136611743086314075e-02 6.286733762981511209e-02 5.964889893334394122e-01 7.562111176744440444e-01
6.853450269753704749e-01 2.139320817302946542e-01 5.993973741234469577e-01 6.540753775709496898e-01 3.210051256811555787e-01 2.962473471768931610e-01 1.735356022617888794e-01 3.089332413229284313e-02 5.718142432641517559e-01 6.841740485856131482e-01
1.545226165084997438e-01 4.883774909468637793e-01 4.749051495244914767e-01 2.790495017874794481e-01 9.490668360754013211e-01 8.614609520620012395e-01 1.128573483542227862e-03 3.666590334164540055e-01 7.600546400317254037e-02 6.641109199314091383e-01
8.371005646303788517e-01 3.232495781924710210e-01 6.968117278292862427e-02 5.029834202484703143e-01 1.647728924962283958e-01 5.593782610859936444e-01 9.636532120172197624e-01 8.021291712838758414e-01 9.483787052382537386e-01 2.231935442237344969e-01
3.574439540702710749e-01 2.503891007314383854e-01 2.365391322714139877e-01 9.627138092282289117e-01 4.951587648773427830e-01 9.029151194555909976e-01 6.680236080255306241e-01 1.685846750442292485e-01 5.311485253370700210e-01 4.724049135705412628e-01
4.855586024436082671e-01 8.356213957149032368e-01 2.080706543393875396e-01 1.246431658632736195e-01 5.018032869444102317e-01 5.349610897886248884e-01 2.749672564002247910e-01 8.732206468487497819e-01 7.840363117412315619e-01 1.961208546362211980e-01
5.863455120067652127e-01 7.876614274199795762e-01 2.282413113691701412e-01 4.320070545497001202e-02 2.034345171645249861e-01 1.541014223899570545e-01 6.796166059380522873e-01 6.277277734472352932e-01 7.518716317643956426e-01 4.064505908569762127e-01
7.906180362086244751e-01 7.984178519255602513e-02 3.416602707063938205e-01 2.022924332425325433e-01 4.366181758422862380e-01 5.512488565906055182e-01 8.795438564881790100e-01 5.797640086504969315e-01 1.887322463316096766e-01 3.435900509897015231e-01
8.148897481028417600e-01 5.600670279026627174e-01 6.071229485066625964e-01 7.402713797775332116e-01 7.170603019855711358e-01 1.024404539461710728e-01 9.441538459662707217e-01 9.299911333369766941e-01 9.887773502935752745e-01 2.097994494970761847e-01
4.062655023564855084e-01 6.211585976936107034e-01 6.420658179752914974e-01 1.800228148355342839e-03 2.851832257046863495e-01 2.130630860152629147e-01 6.588621779919412447e-01 7.304739180241692775e-01 4.773428802485323308e-01 1.203857707297233404e-01
9.022848086225190301e-01 7.884776610984300937e-02 7.023328449991621536e-01 2.712065067593175671e-01 9.599185399617571335e-02 6.151564883847142617e-01 5.001386054193536213e-01 6.087585729239751720e-01 1.297943592774941646e-02 9.893290880752172445e-01
7.302929159167448336e-01 6.958471187288490789e-01 1.454314134840362094e-02 6.430812040346204350e-01 1.031709118900830946e-01 7.845431767148591806e-01 4.617174691681324994e-02 6.507780569996490794e-02 3.163397541752741571e-01 2.920175844353213312e-01
6.590364095834881919e-01 2.529303060941132664e-01 2.567278464492678269e-01 6.500547671682890272e-01 6.184089427002102957e-01 7.091608567444022126e-01 4.064444535534244007e-01 9.771008750029169798e-01 9.946825016103877370e-01 1.792360266293184790e-01
8.987941509068743118e-01 5.067979957788102396e-01 5.113042728160092087e-01 9.293522912813579895e-01 7.730420962718180800e-01 3.383897725993191274e-01 6.587029891189705166e-01 5.536232079711178589e-02 6.743504719698498739e-01 5.925004338152880523e-01
5.948489464302969543e-01 2.592366501386271782e-01 7.395591040055605747e-01 8.441515996605303274e-01 5.021824058995830731e-01 9.828630231034621856e-01 9.334057212183629604e-01 6.010930073339981750e-02 5.068922109258940933e-01 4.818243204205758801e-01
3.111858000605349783e-02 5.033241509768471289e-02 3.561577988274994278e-01 6.843988337305138003e-01 2.460001476012831922e-01 9.363444240382129413e-01 6.284164918496509822e-01 6.492932817248865396e-01 5.136972160587975900e-01 7.088171527943396555e-01
3.506644395494840083e-01 2.624023178506288412e-01 7.761722233780440350e-01 9.589823289286489860e-01 2.770401206520991533e-01 4.976833371594341360e-01 1.251982964752572647e-01 6.691118315571651376e-01 2.621163384996697543e-01 5.289890320000629753e-01
9.817861153033226040e-01 5.055564660369845642e-01 9.966356544809809037e-01 4.039083571617586577e-01 2.676939280178097791e-01 6.121952025698165212e-01 2.228191023749434008e-01 5.819983540351565399e-01 4.618031316263868646e-01 7.870949294188623879e-01
1.143298465640610884e-01 9.307696072327314996e-01 6.177966834930516127e-01 3.371381673429202364e-01 1.595523438991429677e-01 4.675031477854412199e-01 6.737626991600034199e-01 8.087697769584725194e-01 5.196396801159264278e-01 3.879629952439942464e-01
5.855438989414698536e-01 9.941419314784617489e-01 8.110527509493473675e-01 7.562535806788750481e-02 2.841612276207965415e-01 5.268260914859571598e-01 7.085936608989817920e-01 8.750019186818140948e-01 9.373509246496781744e-01 1.319498294669743110e-01
6.079113058729855856e-01 2.899728704846915583e-01 3.010898334053071501e-01 4.716791427018621752e-01 9.640346140783749851e-01 3.830444172437653672e-01 1.207306610191080098e-01 7.984772655996086321e-02 2.025577061155992009e-02 9.605651488985949005e-01
4.223452764138944104e-01 6.734476714664235919e-01 5.144306975082436617e-01 6.965789896039905615e-01 8.095323835381555977e-01 7.665281170647754161e-01 2.965538099463124189e-01 2.531935841299056689e-01 4.555644316244062964e-01 2.270605487359641517e-01
5.209783253647501944e-01 2.688321029776443716e-01 1.446507283432801882e-01 2.285431500054331266e-01 3.993740655015814989e-01 6.188767661114566998e-01 8.219671066580780394e-02 5.452498391649027720e-01 1.365716858318106741e-01 1.984867657758361270e-01
9.389474541777858008e-01 4.433643574268357757e-01 8.407158502641762787e-01 4.691977075745366044e-01 2.775359676515520846e-02 3.533330604633618810e-01 2.748478210051749082e-01 1.768948624154300653e-01 2.527368732014881880e-01 5.033575701005633674e-01
7.750206025913637387e-01 6.554627094661689135e-01 8.197437270878927817e-01 8.634743871052308339e-01 4.351171127391033622e-01 7.067952972625196617e-01 5.233777740843900128e-01 3.685010814481604058e-01 6.006118075030397740e-02 9.675845518090854247e-01
3.947374095447139242e-01 4.217258884641170713e-01 4.900480021593622837e-01 7.432123152772263097e-02 8.369826320799735875e-01 8.569595423443081561e-01 3.230160705107276709e-01 1.056094927195245781e-01 9.825036934669738597e-01 1.101455605714267705e-01
3.335633506700644846e-01 7.524110890084869663e-01 8.972381196435489370e-01 2.088408172026874343e-01 2.326394511915977903e-01 1.382977378629566267e-01 9.468986617265324757e-01 9.932833255608827239e-01 6.549469271630974365e-01 2.947283321148094215e-01
6.161419576272016974e-01 2.683024568794680764e-01 9.889746556433262059e-01 1.477653237496434624e-01 2.909147981137873984e-01 4.772649596241649306e-01 9.960080461991283052e-02 7.689871224625812740e-01 2.480054326436438306e-01 7.742380069324459324e-01
1.315450342952815266e-01 8.219852174925906807e-01 2.566041173450581692e-01 6.315544757487345784e-02 6.241061587873053540e-02 8.035874040920786276e-01 5.967257183696249578e-01 8.067179699058139031e-01 6.024813497573962007e-01 7.066309988657586416e-01
9.370264448827338999e-01 2.720530104198054522e-01 3.481974708892968673e-01 4.332878840091360928e-01 3.661406380702926233e-01 2.612364483726677955e-01 7.438995783939866824e-01 7.865669559393283494e-01 7.755995559806315720e-01 4.921230065308850321e-01
9.066275542497352902e-01 1.947734562715249806e-01 7.718658784277958596e-01 3.979830490899918249e-01 2.160044884733121062e-01 9.960512297396100223e-01 6.962810082838845060e-01 6.703310677843901111e-01 7.694172937541183810e-01 5.521064050904217479e-01
8.417272434434130979e-03 9.302639548293781813e-01 7.285189290830397235e-01 4.688839958500169436e-01 7.287951889940802452e-03 7.257867723486978173e-01 3.637146951484420132e-01 9.984132573174692160e-01 2.046384144897268609e-01 9.852296634905932660e-02
7.332271273462436234e-01 6.403840246021188509e-01 5.534145121669310496e-01 9.230879234724760352e-01 2.561730573323280913e-01 3.063589385371976448e-01 8.583483083204848096e-01 8.618703172176408467e-01 3.007498780466750787e-01 2.608507969319352471e-01
8.071837452186512163e-01 6.816955532783917082e-01 7.647324551971849127e-01 9.377466764088376872e-01 9.502786313269175889e-01 8.702876697512430537e-01 6.160898954666587102e-01 4.226829269894399888e-01 8.823014711448404768e-01 8.117609168213592019e-01
1.149314215127620331e-01 4.080454562018730469e-01 9.794053604178470929e-01 6.176357852181473262e-01 4.468134997683649301e-01 1.942744061567088787e-01 4.214228024007058426e-01 7.175741705968072814e-01 7.818996074730047985e-01 8.428581348606725143e-01
2.587407788094358008e-01 4.920566093151077514e-01 3.349916757272478618e-01 5.678949928050494034e-01 1.168950525033074506e-03 2.049515150218750303e-01 8.856793808686359570e-01 6.336448450407694555e-02 3.489872321360072416e-01 3.532618304328146719e-01
7.376206713458128839e-01 7.882376168498823610e-01 4.101947596928300355e-01 6.196774277915553242e-01 1.166937509921589511e-01 7.604353564976364943e-01 6.891285050009279267e-01 3.613674073806543152e-01 4.256238002081109695e-01 9.482936071428141878e-01
7.697361972787812867e-01 2.552460017130897540e-01 2.756096096279703200e-02 9.779822320230244781e-01 4.826501376757912354e-01 3.304747720402679834e-01 7.222389169448928392e-02 2.042656607260661117e-01 8.539339604247797588e-02 2.290136228059985735e-01
3.991983403365362282e-02 3.443765963955698339e-01 2.155540617057346564e-01 7.834742283571668464e-01 6.291105992727742402e-01 7.131079266236526326e-01 9.561678389065511041e-01 6.816659484538212244e-02 9.491924489641663243e-01 6.760026120761561952e-01
1.295453463993496701e-01 5.676654396060287766e-02 9.448600864751617312e-01 2.495963940625733901e-02 5.266810352647973703e-01 2.735295317395727288e-01 6.238667493875882375e-02 6.749392268387087723e-01 6.378708416359981648e-01 1.868164215230108116e-01
9.274479265914225001e-01 3.458726412395995986e-01 8.456714729105536676e-01 6.020692736613655338e-01 6.459463038929307288e-01 7.401884872070239041e-01 2.150210813152477751e-01 9.629118124326874195e-04 5.487084709570106966e-01 1.314843952927245985e-01
1.070904473441847138e-02 5.964739607669744537e-03 9.833244306765737131e-01 7.252152678472552072e-01 2.257158831010765976e-01 1.895383639638679174e-01 4.995143892509142924e-01 9.734031264745064416e-01 4.810470440159150263e-01 6.753997736080817882e-01
1.715395865650979346e-01 2.290122810596902925e-01 8.820264686262476728e-01 8.994908113394028959e-01 6.266522780855698915e-02 9.379548487604992824e-01 6.270404376057107099e-01 4.931421374395511537e-01 1.945876767025161991e-01 1.359457586972115939e-01
2.037247388711649343e-01 2.119322860923231744e-01 2.534859861506059131e-01 6.884879219183456245e-01 1.291391133506493150e-01 5.544778544405327692e-01 2.318688385878634461e-01 9.286227265965890654e-01 9.507065951926526592e-01 8.909362925108179621e-01
9.456302870916066805e-02 9.133500651201448273e-01 7.584488106137505792e-01 9.301817236289270374e-01 5.342360190011230525e-01 1.688891207140659212e-01 3.869151665280463614e-01 7.780062180958379203e-01 7.127850080954903911e-01 9.672657076665623910e-01
2.777826911612854000e-01 8.669054687317383490e-01 7.914246532169784132e-01 1.696765154225170491e-01 2.694867370609133062e-01 3.316488776362280788e-01 7.169283438498230687e-01 1.714326194502723277e-01 4.534235707351652600e-02 9.061512670364566535e-01
3.558593204045672476e-01 1.799304064907358836e-01 6.069857934309972336e-01 7.244125683603824806e-01 5.440343779084992892e-01 2.150110127151028117e-02 8.708062314093688583e-01 9.659447104299290210e-02 9.026018797510853009e-01 8.342415194908295861e-01
1.554980255189608584e-01 6.257954390282289836e-01 2.710628521867308738e-02 3.109427034420143565e-01 4.056119889848840421e-01 5.803572809082127026e-01 8.246194841051786018e-01 1.208511204101794245e-01 9.346625880908985273e-01 5.956229568434648902e-01
9.557997247167937527e-01 6.525408182144686320e-01 3.994132882985043098e-01 8.383955060971320927e-01 4.941696886266370159e-01 6.853440470893509273e-01 9.998416648709185228e-02 5.361518122418073018e-01 8.318371682280057966e-01 4.556747020332873044e-01
1.047523655405380172e-02 3.686195183101221851e-01 6.996463505398068383e-01 7.265477707591418977e-01 5.344155721810980308e-01 7.076497315741525629e-02 6.338094114833945358e-01 9.498206950684170424e-01 1.381631975844035409e-01 9.741479235913177437e-01
5.390523452993315479e-01 9.030397716001038466e-01 8.649342362860535927e-01 9.775185317002540453e-01 3.534002479038124145e-01 2.427520793378422637e-01 2.633961462325863367e-01 1.659779965145879999e-01 1.723629966973020400e-01 7.619716827061834286e-01
5.094728926004276071e-01 6.774453211032561706e-01 4.422396981644057812e-01 9.954711511812587288e-01 1.352571668502298152e-01 7.285473026926273521e-01 7.843996522630859447e-01 5.432383160316329729e-01 5.106715340823212435e-01 5.359966135399844012e-01
5.534506994252142986e-01 9.602640268185984596e-01 9.038497818419740648e-01 9.972113520005048137e-01 5.512572427623626536e-01 4.641158759931377498e-01 2.881291192402460899e-01 6.824425673608710552e-01 9.050579184323283011e-01 8.254479102243382771e-01
7.038619759220031691e-01 9.673384346246588494e-01 8.858850208288600037e-01 8.635827850052374410e-01 3.679405792582157719e-02 9.700107137196635199e-01 9.920663790807401350e-01 4.384040989715134451e-01 4.263095601919664190e-02 1.866486486025333846e-01
2.662878487096593805e-01 5.445478488507198289e-01 8.260968721566416262e-01 2.367615287450453021e-02 6.548615761892706555e-02 1.049933558360102159e-01 4.002125412770461965e-01 3.009059770290909430e-01 7.406253596194823929e-01 8.591530385105864420e-01
4.615167650029237123e-01 9.773215702318859277e-01 1.165178719445447708e-02 6.230442943298769576e-01 3.978731529694583546e-01 3.084283564148693202e-04 2.942722562344350923e-01 7.873406335645998233e-01 4.823988534455743160e-01 2.604218547884266100e-01
5.478253015596068476e-01 3.057988991104761967e-01 1.855159928046224982e-01 5.644695434605673245e-02 9.638181098756125609e-01 7.578239617883385515e-01 8.554972547581769504e-01 3.023683001042948293e-01 8.886258594599381055e-01 7.389348045493548955e-01
4.802905556081268346e-01 1.798146426576506807e-01 8.512676293970513619e-01 2.545422639355989780e-01 6.665113150483806814e-01 8.233044296145580754e-01 2.170376248230001526e-01 1.253064903838382316e-01 6.748324045435883933e-01 5.861178595571270300e-02
6.039053425571488942e-01 6.796434391706170919e-01 9.405385777655684842e-01 4.455763228926257202e-01 4.591118660544699637e-01 8.671516697770350612e-01 8.749337312004424883e-01 6.580751234615219714e-01 4.128089304132767090e-01 4.997913882373827832e-01
4.559404967466544889e-01 7.202751094132348042e-01 4.990652051530749533e-01 3.154345528297142209e-02 1.550972044285173768e-01 1.815589390020638794e-01 8.232335660436596037e-01 1.645347431255347326e-01 3.994681779294018131e-01 4.097208253239348341e-01
