7.310010052613394871e-01 1.677777048916883063e-01 4.723602676858864591e-01 2.763422700043560720e-01 3.719270989586183074e-01 8.954130248614244891e-01 3.754500708371749651e-01 7.801349678559854617e-02 1.870040676489856946e-01 6.217803131816576068e-01
2.416476423269608986e-01 1.053653638226783595e-01 5.821751969325204001e-01 9.044331186540688350e-03 4.615749052837881949e-01 4.318549878226681793e-01 5.782418528440098626e-01 7.088344745169027350e-01 1.635900913744403606e-02 4.432690534900434187e-01
1.489554340752573536e-01 7.286402418027193573e-01 2.032450345818573867e-01 3.802709384324475250e-01 5.808533239059414655e-01 6.762062195808749010e-02 8.436405935617911078e-01 7.956907029849618063e-01 8.523736226438876074e-01 9.290119691119665957e-01
5.832777065445856612e-01 8.640562349133590336e-01 7.807267958795024443e-01 9.877767481160193430e-01 5.193303027999305321e-01 9.842121799004122096e-02 5.535346314215991992e-01 2.629066539097715260e-01 5.215717413560660987e-01 9.691490100939036401e-01
5.209505592811340957e-01 3.701640758204121084e-01 1.962553490042528992e-01 8.968896790860109158e-01 4.373543484528493730e-01 2.847474352412929788e-01 4.782928995000168548e-01 1.461978443845766140e-01 4.380561159420907069e-01 8.328106011143365794e-02
7.857380893119360055e-01 9.332766382113811821e-01 9.562287811776744029e-01 3.298935541339861333e-01 7.592382229724981002e-01 5.876642511669212254e-01 1.187617475572930736e-01 1.074030925793095781e-01 6.103859962455701060e-01 4.032111842368428789e-01
4.423772111864081591e-01 8.439868155652593407e-01 8.924924873098185607e-01 4.584154118304266667e-01 7.742206023064578391e-01 6.557267813580018867e-01 8.228703013993342585e-01 3.668801001408604767e-01 7.998642843812098224e-02 5.320261331576795483e-01
4.090307007713960274e-01 1.347232749563339604e-01 6.492034630179355226e-02 6.155845930143142297e-01 2.284330808361196841e-01 7.277417716225352828e-01 4.669762206301321106e-01 7.908246162877839991e-01 9.757834489811800793e-01 9.175957959915093110e-02
9.451112611840065680e-01 9.489823404203503454e-01 3.836423930331291920e-01 1.794134718384176042e-01 8.349787627477454066e-01 3.276987096789080178e-01 7.274759891632847086e-01 4.847120229548927961e-01 7.538940549304730121e-01 6.539817907557783361e-01
8.060352400103114601e-01 2.939088200946228246e-01 1.846962642449432312e-01 1.308895446802162965e-01 7.491581019350783688e-01 7.580861137182751675e-01 8.284661373970316767e-01 1.728410025835025454e-02 2.890982988236145967e-02 2.737219597976658925e-02
2.747819716864298156e-01 9.011169015033642093e-01 6.078758066657921066e-01 3.647821174979648529e-01 6.021604801771355264e-01 8.945764552988260121e-01 7.198632918300913452e-01 8.420047769247752667e-01 6.153445594452101597e-01 9.525810597523993728e-01
7.999590494217660996e-01 8.503238370484549336e-01 2.720559659354345738e-01 7.421643342506178964e-01 6.032517154445723451e-01 3.525278131245462854e-01 4.136611311001514579e-02 6.877729466215409815e-01 6.704547042381225896e-02 3.142508404969053259e-01
3.657288316136999562e-01 2.688624409570680163e-01 3.230170503747215038e-01 4.206754180465835935e-01 5.687883067675048032e-01 9.925653172366650789e-01 1.611667709898488843e-01 1.994014140116422418e-01 9.932148088152080723e-01 5.500324246230428038e-01
7.662020218869269872e-02 6.927240062272538301e-01 5.634443298023090740e-01 8.125186655054623674e-01 2.885167344662226130e-01 6.462934527605820323e-01 8.003166307157527637e-02 4.714849957988028750e-01 8.824176084545887200e-02 7.289731243645936054e-01
5.327613514829286911e-01 1.577998700886629191e-02 3.995549691257856972e-01 1.218149202670124609e-01 2.109674623122126391e-01 7.626549445893315848e-02 3.922632991012928727e-01 2.563160339339135563e-01 2.236024588477572017e-01 9.094093053785605729e-01
5.271050005604005495e-02 8.158888081879199783e-01 2.037634696320441696e-01 3.482917063449191275e-01 4.684547264248462017e-01 2.509291964357466265e-01 5.515549388783909102e-01 2.706142736381524916e-01 1.835001670512615979e-01 7.263377027195827562e-01
7.041404057550137985e-02 1.501994821512027123e-01 8.259055197341089727e-01 6.587992019747400674e-01 5.730538318422956356e-01 1.428067359965312644e-01 5.569517979802474095e-01 2.538747136257942794e-01 4.880441520159530810e-01 3.228702906923049953e-01
8.742659501964811231e-02 2.247764728598132811e-01 2.570854560447299875e-01 5.322273875300885804e-01 7.081978216529669634e-01 5.309367804678204461e-01 1.016532776153122875e-02 6.564424846665288804e-01 3.795174604312208100e-01 1.633314827695964144e-01
5.613283293697195475e-01 9.507510187036168903e-01 2.392254129346944591e-01 5.489529811276918636e-01 2.984113714409555307e-01 7.051883751733947214e-01 5.253269960573598851e-01 5.374125231827313609e-01 7.694088339095273010e-01 4.540805544066414123e-01
2.458709361750217592e-01 7.896132467634368046e-01 5.524585878763944580e-01 2.120749904801738639e-01 2.864176194540706266e-01 5.622778441152739282e-01 5.474082692672900263e-01 8.199740070033700867e-01 8.090783729096630017e-01 9.257710572785746717e-01
1.215827234447632854e-01 1.303062827859668982e-02 4.113409378175236775e-02 7.117673901101218004e-02 7.894061830062273355e-01 8.270695206406670774e-01 5.459802136754418056e-01 2.105038301326911387e-02 7.420114774398296476e-01 6.346169539771550072e-01
2.725212869169421070e-01 2.798018096941776722e-01 5.023417410124371152e-01 2.255652331770352514e-01 9.510876029278447774e-01 3.576239680790955777e-01 6.385611546391815052e-01 4.565211681160500357e-01 1.518681677702393706e-02 2.698325500665685883e-01
2.612187672110737324e-01 8.144253947166826269e-01 4.934538401023942367e-01 3.383089274348808351e-01 3.401942294954060086e-01 5.560880964244689917e-01 1.879950564177712558e-01 2.975722329800715160e-01 9.891556817303011062e-01 3.371591272924151506e-01
3.480980613052059303e-01 9.307971103018274350e-01 7.426492362540150216e-01 9.441384623772101081e-01 3.637328846807819094e-02 6.859803823526599009e-01 9.984949056210737917e-01 8.171882211039704913e-01 2.175236789174104235e-01 1.020504331478506721e-01
3.115272457295578112e-01 2.565546360201225173e-01 9.537046828790608499e-01 4.761918386686080362e-01 1.636025287714950593e-01 9.094096414046647370e-01 2.607155290274020265e-01 1.121351559500105566e-02 6.472792029170623129e-01 2.937096055374929238e-01
7.802186220336040368e-01 9.463855707366822800e-01 1.231702167208114096e-01 4.383061859939696436e-02 6.530882147206257260e-01 2.037773379127117979e-01 9.849939636001192600e-01 2.930463546719874746e-02 8.157667652805937752e-01 2.246307991789864289e-01
3.338333572128624471e-01 3.422320583527002080e-01 9.371661178720717134e-01 2.164005381888586266e-01 6.041270888107699299e-01 1.585231817124211906e-01 2.487609967889299334e-01 3.362034241034955739e-01 5.677812576521366061e-01 3.404916381929612434e-01
2.768574230831057914e-01 7.024250437446117878e-01 1.332333985631327655e-01 9.500674003889870711e-01 3.304880583848753828e-01 8.615524130177434348e-01 5.727542143705608435e-01 5.096704012978191534e-01 9.733371292084864734e-01 1.596674399360039631e-01
4.777180809671308648e-01 4.519831689387031615e-01 2.062074293391760182e-01 6.478025546249377431e-01 6.308359345258423012e-01 7.170243269981432244e-01 8.279638230918234809e-01 5.606379691658314179e-02 1.876585235880265934e-01 5.784898607493188516e-01
3.648090101479611880e-01 3.338678759961647424e-01 3.855803615470932977e-01 4.207627222266824285e-01 1.853913669318525415e-01 6.831532405569284983e-02 9.655243922358313080e-01 7.276616099902959434e-01 8.895392019076591161e-01 3.320285076884197384e-01
3.615312323102360947e-01 7.140582181354049318e-03 1.899364929649869360e-01 5.704285984774626339e-02 3.458253563148994125e-02 4.513189562370110153e-01 9.069449402915574776e-01 4.588083593589843412e-01 1.407128372322355991e-01 2.514787444494719360e-01
7.733764881624942689e-01 8.183924116499383672e-01 3.067750354467809748e-01 8.580527421405280686e-01 1.061787847801317630e-01 2.602838579410152731e-01 7.988325013412075348e-01 9.266888091419569484e-01 9.084463729622992423e-01 1.382289704250617701e-01
1.751869353632334869e-01 5.616623463883341216e-01 6.310666374458503425e-01 8.255345306535493144e-01 1.047640696088740775e-01 3.098031890016904599e-01 5.606329922189743353e-01 1.930968102910842754e-01 2.200307613141115892e-01 2.064900031568831507e-01
4.756851791466217838e-01 4.337657347853569600e-01 6.911389150141525883e-01 9.957246607752987533e-01 4.791650442930373011e-01 4.771554490815015370e-01 4.030971268191503309e-01 7.287536186963982088e-01 7.142500838776685290e-01 6.536321338524009317e-02
4.836749122037183879e-01 6.090794927479334930e-01 9.849143001711635481e-02 5.690352148132562515e-01 5.134948507230964188e-01 4.340919816653832086e-01 5.541903302475651438e-01 1.492909952214312996e-01 9.668651251428039828e-01 4.476733717178005278e-01
3.764500756924398228e-01 5.528189466076935954e-01 7.612967360954668861e-01 7.385922474859660802e-01 3.994791439734096672e-01 2.120480591381197488e-01 2.669224244030750093e-01 1.822559882315412105e-01 8.397493598397611780e-01 6.388374910566859688e-01
6.590253963951553384e-01 8.960101008272353118e-01 2.471388994028735908e-01 6.761699858973835298e-01 1.180695507681090994e-01 5.346815960947715052e-02 3.226583703993418650e-01 4.418550780656324006e-01 9.230296424418162893e-01 5.361511135240939474e-01
6.194507552509954662e-01 7.157352616834766756e-02 8.063770776103711402e-01 6.161198588262106757e-01 1.794428142775060797e-01 3.882744616276101457e-01 4.144404907465564225e-01 6.699074024745884648e-01 8.168587983297688204e-01 4.996216610790382706e-02
4.807151473041004763e-01 5.070262376335776811e-01 4.039926480517583851e-01 9.819406949746243285e-01 1.504448387282120159e-01 7.355763736531177877e-01 3.154170414296711966e-01 5.810499385612928336e-01 7.466288880969487174e-01 6.757864957717275578e-01
7.954653459543676863e-01 1.847820805436722891e-01 3.398257480369163419e-01 7.114887809075046698e-01 5.802129231446274682e-01 2.830994168217242368e-01 3.856520240837660873e-01 5.908816293412827436e-01 6.440930005369110978e-01 2.160985120306961882e-01
6.523700480070653285e-01 7.310280280375329731e-01 4.318824070280143923e-01 6.441519154680116488e-01 6.082286207389988597e-01 4.648917548045088388e-01 9.699940365008943299e-01 1.312164788381675606e-01 4.774902477706433057e-01 7.506536926317037839e-01
2.466945483843359099e-01 8.190344119710221138e-01 2.047012839410338181e-01 8.707650397257135078e-01 6.475643300627198506e-02 2.846228450624598283e-01 6.841639005489542624e-01 4.287265483875557504e-02 6.480256441366244458e-01 3.044990253494382904e-01
8.872894878277935993e-01 4.912543501859483186e-01 9.857560606006192661e-01 5.601683138918979177e-01 4.431158244682247282e-01 1.239141788799463795e-01 9.268870660533338190e-01 3.885971327386172902e-02 4.355390268912007201e-02 3.172415729099454795e-01
3.399325248439277747e-02 1.904086730683055562e-01 8.843358092725492892e-01 6.981803720653656509e-01 6.056661694664905449e-01 6.577165023149260659e-01 6.587522359613973144e-01 6.926400723476112686e-01 1.709465904191844743e-01 1.543380458276635281e-01
1.397703566863294222e-01 4.667831437997177479e-01 1.772257081970208814e-01 8.397159017158484229e-01 4.124880480337208555e-01 2.055947039823337041e-01 4.329933850093734549e-01 1.423784464129435046e-01 6.653627528161369931e-01 8.257597404185341716e-01
3.673024917434143388e-01 2.149114618991578851e-01 1.333438963595212634e-01 8.679695733303578464e-01 3.714978870852020387e-01 6.276979075009703202e-01 1.189024478191528233e-01 7.700810127516084513e-01 2.658799156357852800e-01 1.888664922796032819e-01
1.095095405853064863e-01 9.024265537642932600e-01 2.923757118814784839e-02 5.856226292251066612e-01 6.769482735165681664e-01 4.964986361570189466e-02 8.589241640863343186e-01 8.647786138522385313e-01 8.389618176686431950e-01 8.270054506867928756e-01
9.396460622275690788e-01 5.435085075974952495e-01 7.536394024955966886e-01 3.357868367168290735e-01 7.126780853361066592e-01 1.661375156966383715e-01 8.140325440665400203e-01 6.668328697584158249e-03 8.452678656496892540e-01 7.979095781183797031e-01
2.992329027005899977e-01 3.144695451711500001e-01 6.378485939028428753e-01 1.996871714490411343e-01 2.881989166946986591e-01 8.165904117922276884e-01 9.421931771039926407e-02 1.449456081282145536e-01 3.037543588954094709e-01 3.576706061005404669e-01
1.494067342850508018e-01 6.425640468965351237e-01 2.947463695404645145e-01 5.400587961972308504e-01 2.674200364562109300e-01 4.627020133601826846e-01 3.220663753881236602e-02 8.228620669759730832e-01 6.635717222097532453e-01 9.897892656360270935e-01
3.014606480913025743e-01 4.494334003839710601e-01 9.824535219691947763e-01 7.341364268626534573e-01 3.335180734670069036e-01 9.124591597781646080e-01 7.764915959439774307e-01 3.527059276097085361e-01 2.107740806284625901e-01 7.381037638926590816e-01
8.789206506269193753e-01 6.102082978399248070e-02 2.358342041779423193e-01 9.608319229224551172e-01 9.174208240325156805e-01 6.695353264878506350e-01 7.570076980128820354e-01 9.891517930017136306e-01 3.456156286118030607e-01 3.251730024223853377e-01
5.491054028238053775e-01 8.107201721566724695e-01 3.139285013198117591e-01 1.637479228068661197e-02 9.083893249539620740e-02 6.666261074199720804e-01 1.387110003192959518e-01 6.440334355790368059e-01 5.477952398542351720e-02 1.286025804485158019e-02
6.059375846932372189e-01 9.455350525902491698e-01 6.960827609635203972e-01 4.474749664342524413e-01 2.418852029344431553e-02 7.607372705698803861e-01 1.578883097856386142e-01 7.092178947497902453e-01 4.468448579466277604e-01 2.863996118519083200e-01
2.094556994762675206e-02 8.315456638407573431e-01 7.291552200477210421e-01 3.155588446970363226e-01 8.100603601931261055e-01 5.816759784869244276e-01 8.993878395706329520e-01 1.343058706505672051e-01 2.131999217937319280e-01 6.222846210743515627e-02
1.643059730318374712e-02 2.490817854533340370e-01 5.583211063806808871e-01 1.516639641716843734e-02 3.627100621346820430e-01 4.475171728670809257e-01 2.558243888407290001e-01 7.604721664639624290e-01 9.770241928398321063e-01 4.696088731927555715e-01
9.271275452831465591e-01 7.472912098569099992e-01 9.749394753800574298e-01 4.119554926199430200e-01 7.393575426428952158e-01 6.123085232069123141e-01 3.847455364678662448e-01 2.022254837709782649e-01 2.564212185167088487e-01 4.176814719472667914e-01
3.371023061602961279e-01 7.768130794612229106e-01 5.774916729386390113e-01 4.297461138049392115e-01 2.827673348656388752e-01 5.888631435421950444e-01 6.840004952596669963e-01 6.691658989709692307e-03 9.412287555856737598e-01 6.709856865906300705e-01
3.643109768129266790e-01 1.898367757800906164e-01 5.734277082769365652e-01 9.714170229110584698e-01 5.891372755391762750e-01 7.270419732856502337e-01 9.001784009883608828e-01 1.895027532738857712e-01 9.451236165466693206e-01 1.298315100158253799e-02
5.424057562675383970e-01 9.501079136630047328e-01 9.305793571970941702e-01 8.858420683702785681e-01 5.086257269276514004e-01 4.781267470392811525e-01 3.237205056736561781e-01 9.996428768401147691e-01 2.495141677751947507e-01 5.359023859706146808e-01
5.543907858295634705e-01 1.737242999535175692e-01 6.441115178886724912e-02 6.738787142692667098e-01 8.467123341759053012e-02 9.120218905021292288e-01 4.178866948372175205e-01 9.300218012631288333e-01 7.798178430065850764e-01 4.565304598041477480e-01
5.303979002295625689e-01 8.333398772044497971e-02 9.084674706875407457e-01 6.023378425551728643e-02 9.755410280681934276e-01 1.515021090974632001e-01 2.759878234838619715e-02 9.254180823505855358e-01 8.432498244979449442e-01 9.598466767651105958e-01
5.399445598392053070e-01 8.323587639341882838e-01 9.630068219013921960e-01 4.072227329388121708e-01 5.972378822740040949e-01 9.646021731197395033e-01 2.941585700354043542e-01 5.573887963712509386e-01 8.878495345026656826e-01 8.626473396699578799e-01
4.626156159941815504e-01 4.360693609860628595e-01 5.437962570385559413e-01 9.775498997084272057e-01 5.232468176630169499e-01 2.666477255170524030e-01 1.416137310287358675e-01 6.993871689310768858e-01 8.876832899496213125e-01 5.404938943810492225e-01
9.547088750261933932e-02 7.965441100061964042e-01 4.096992895042105287e-01 2.459200685713934798e-01 9.540264995983485097e-01 8.103202250316210442e-02 3.608500476707250382e-01 4.497789660809631274e-01 8.669327469792196261e-01 9.949169949553652303e-01
7.949746838734811361e-01 5.494791823725474478e-01 6.035170421889552994e-01 9.718967197440298023e-02 5.083983400577489764e-01 3.231985111984929659e-01 9.120406829509054569e-01 6.033069454995380054e-01 9.545860029649725353e-01 8.834344534934294169e-01
8.120821108974120017e-01 1.636536245315705074e-01 1.830893063301650692e-01 7.709283918681586467e-02 3.161955674699934438e-01 6.107845552356627739e-01 2.093811270754017961e-01 3.773519496143955543e-01 7.323120352919809672e-02 1.222256652628321838e-01
1.924079675402542433e-01 4.383519937660129706e-01 4.930334204190683911e-01 7.331733876124317817e-01 9.846278683325997427e-01 4.525497712755895963e-01 3.838268026313892411e-01 4.452981234385390286e-01 1.018475203478671487e-01 5.059957937791524918e-01
9.853122511406270378e-01 1.374047678718574028e-01 2.749445923536302239e-01 2.916804599297515566e-01 3.545887326333352352e-02 6.790245438234294717e-01 5.249371931206228137e-01 5.377522144048669794e-01 3.944007783048183446e-01 7.024734570887363194e-01
5.934289312672224037e-01 6.245428815202328510e-01 9.669502449425649848e-01 2.130358759287975801e-01 1.368529028295011329e-01 4.763219857316145500e-01 8.721745118478493319e-01 1.330792620714795760e-01 5.315745983581221523e-01 6.788700908618000573e-01
6.625559050986329357e-02 1.004529597220062964e-01 3.275464325709386282e-01 6.066719381206433503e-01 2.377842310509066248e-01 2.705778728015786339e-01 3.655622034976784285e-01 6.244716678939965515e-01 9.204016960674273884e-01 7.848059776663507403e-02
5.075041862794833492e-01 6.962868222007116970e-01 5.401549252623265573e-01 4.252628541569403176e-01 8.183002748083409994e-01 4.847919216199955139e-01 4.457660277038433261e-01 2.144194646436327067e-01 1.679957320443825619e-01 6.553011887500044264e-01
5.429893010922604013e-02 3.798195572931751807e-01 4.540306762738193225e-01 5.454036067699555845e-01 4.781274204741045031e-01 9.898409854331113866e-02 9.102338413108450599e-01 9.062109364094392827e-01 1.647637193242966758e-01 6.915310796883389344e-01
9.678483085518736484e-01 1.215081010426355412e-01 3.507397926062202353e-01 1.209991520367976747e-01 6.230493440670782368e-01 7.194395741909376252e-01 4.243376688354759674e-01 3.420100560372498766e-01 8.490635819434724230e-01 2.050936362499587995e-01
6.436879981940241136e-01 2.724921141332284913e-01 1.178242736764041343e-01 5.675968581973422911e-01 5.918633036801316250e-01 7.720565550024157675e-01 9.237393777594604671e-01 3.529859024336531315e-01 9.503012253919357333e-01 9.444725721372335681e-01
6.372142547980005345e-01 9.466184771250168994e-01 5.139573930275116442e-01 6.323991268442873404e-01 5.147547709877332567e-01 9.510387767158819949e-01 1.125543456578277368e-01 6.667655268900629650e-01 5.385960883073204197e-02 2.393439647142706628e-01
5.153969920187903009e-01 2.781637038852408095e-01 2.332723363529517480e-01 8.467100079468022900e-01 9.837090775921703001e-01 8.958976595941445797e-01 8.843006455576409852e-01 6.979359850295298040e-01 2.111119402641692400e-02 9.798155260487562135e-01
8.761365088955463953e-02 5.696416899138512235e-02 3.410730388081190112e-01 4.558582847668765092e-01 8.962209342940191670e-01 1.513965332548892206e-01 8.662217719980596087e-01 1.974014814515863137e-01 6.738329327157085435e-01 4.417103905120890461e-01
1.238951668215025892e-01 2.644948918290469519e-01 9.324927379595661092e-01 8.788289098961634682e-01 7.019310677021975975e-01 3.300786071452965764e-01 5.819484775731276205e-02 1.185797309107248232e-01 7.003954871228613710e-01 1.378604808790371283e-01
6.412039311878499070e-01 3.364546430371044838e-01 8.275858052230814499e-01 8.167101357325956545e-01 4.675740875852250067e-01 6.859594541342184382e-02 2.771435430785309517e-01 6.281916708989168097e-01 9.506056152648820756e-01 6.685248296037767934e-01
4.789001378388464403e-01 1.950516875578410803e-01 2.475249625724823543e-01 9.323805054604804576e-01 8.889842662655400574e-02 4.735912466028096013e-01 2.461475594197573002e-01 4.849862500741392024e-01 2.707518272049705965e-01 7.942023169329275323e-01
6.414828985606741973e-01 3.487040246955824818e-01 7.811755737841490355e-01 4.111058406321227432e-01 2.855353430683071903e-01 7.074038348147539956e-01 5.893936287377226080e-01 6.491264969375187821e-01 6.253862901749535075e-01 4.841832732465021216e-01
6.674571660806685180e-01 7.994452729795192836e-01 3.460964868578473297e-01 9.428512457856340623e-01 1.655390872583917261e-01 3.369033716525073885e-01 3.302373222063064162e-01 8.923640549530615917e-01 6.674759180183583718e-01 2.448608865634698262e-01
4.636579998567551542e-01 9.859646965264687868e-01 8.939940466564567645e-01 8.659671841782462520e-01 2.637483076214963695e-01 3.257041002431720900e-01 5.560678670724851225e-01 4.756130577219477296e-01 9.127135735661654481e-01 5.504857814092984913e-01
6.726942179529159516e-01 1.059022971187550954e-01 4.011099269626838826e-01 7.354932088421675118e-01 4.948244711444079735e-01 5.753033095805961672e-01 1.995843807416781690e-01 5.614619869436884292e-01 7.054799192228067284e-01 2.354428871499871789e-01
6.519354715630376607e-01 1.170068950751652626e-01 1.749879031260901385e-01 4.016608055594084181e-02 2.935154532902946034e-01 3.767961007566084097e-01 6.254874680128587050e-01 1.228427828146986256e-01 2.707472847385398174e-01 7.152547608456143458e-01
6.110453236571935509e-01 2.109839118381141576e-01 7.622079715385561283e-01 4.377448539973294306e-02 8.085506044673355097e-01 9.591916054273240677e-01 3.766679112801274432e-02 6.567428013590512759e-01 9.208125964266780095e-01 5.672478985746792768e-01
3.775091448292506868e-01 9.285016293417250877e-01 5.333558515793386245e-01 4.028307947022691238e-01 6.264580805775005201e-01 7.786835298153202967e-01 6.849046539917188481e-01 2.987545012094791064e-01 5.172158152018768718e-01 8.715649704686484478e-01
7.272025457180623098e-01 5.999174185529955183e-01 4.759894374431135056e-01 9.848278344682089847e-01 7.337252381653271982e-01 2.031870869914300659e-01 9.293564574023120972e-01 6.385807584860819786e-01 6.334150599845141949e-01 3.343639249571273009e-01
1.753627122686067796e-01 1.598122762115847806e-01 3.375742692848378024e-01 6.735031438764357281e-01 8.262456768229521353e-01 8.372348268240625835e-03 4.955601749111031573e-01 4.444166774593714120e-01 3.935149401919960654e-01 5.480962061229018856e-01
7.983345396551154716e-01 6.494052788008664034e-01 2.347287782940251644e-01 7.394621732296703387e-01 9.856904864122878474e-01 4.087865439869693418e-01 7.561661411456610526e-02 4.126325764374891847e-01 9.263401571276174140e-01 3.505638939458075587e-01
7.453327437453295401e-01 8.992330581864360628e-01 1.033565198913011240e-01 7.080516622012347216e-01 8.261131455304643323e-01 7.973185846826017498e-01 6.534242828231134892e-01 8.438799565672161496e-02 3.599724135432196270e-01 9.681153004841249743e-01
4.707469830488231199e-01 4.795752435174350792e-01 6.672878819442937814e-01 5.691382517210931136e-01 9.008557718339964548e-01 2.558027277493203355e-01 3.801465609687295633e-01 5.067562392639750612e-01 5.681169635553613428e-01 2.026966186147401983e-01
6.664276149112403624e-01 3.401838020632083071e-01 7.612971965149186726e-01 4.758405182606688655e-01 4.779627393787744261e-01 3.085857138927778909e-01 8.967969712053190934e-01 3.789270679105186668e-01 7.384709499195152294e-01 4.098502904487520970e-01
2.497300971650009416e-01 6.442528641683942237e-01 5.411891079704447272e-01 5.239848827788856633e-01 2.495171693246589495e-02 7.445121516486319369e-02 1.247697546358537135e-01 1.507206283653197421e-01 9.612299327614712841e-01 2.388785879221672070e-01
5.485103631390393364e-01 9.674276740793463780e-01 5.170258166859398319e-01 6.969780075256474250e-01 6.236766203738253189e-02 7.022860244258117834e-01 9.633955805713267928e-02 3.304352577245872613e-01 9.864529231830722056e-01 9.754954672443816310e-02
9.407922161239299363e-01 9.053864066694328194e-02 1.960942537999951218e-01 6.082815997262116525e-01 2.081695096457801819e-01 8.264776465537038153e-02 3.238765214395833425e-01 6.160954181816578057e-01 1.197235393276163684e-01 6.227388690002473304e-01
7.756950107287768903e-01 9.083876712276556242e-01 2.571737055452916199e-01 4.790738993392057443e-01 8.553479710816755954e-01 5.806579264175923960e-01 9.297097488042256330e-01 1.956378932860253217e-01 2.284635795473403119e-01 8.901350519992690113e-01
8.482622631392920942e-01 1.052778726355433347e-01 9.963450728623625130e-01 6.201555668690991174e-01 1.745185666302653260e-01 8.582699739626782343e-01 9.059839274146184174e-01 8.580863727150978004e-02 5.823022632357148787e-01 5.625457090909750102e-01
5.952108835387733832e-01 8.111327179984401115e-01 3.768867339399303296e-01 1.057951838793992350e-01 3.380157625372202101e-01 9.340990509748958726e-02 3.994258209654516500e-01 9.510738073802389447e-01 4.217665722129326777e-02 6.674425216918944415e-01
