3.691999526194811310e-03 6.054485071043003153e-02 1.505050093930921928e-01 1.077752808980452226e-01 7.468811692752387321e-01 9.181986482883840450e-01 2.188601518855941563e-01 1.143735089873997302e-01 5.139770929387887932e-03 1.986044274394995757e-01 6.823336649706239765e-01
8.092494585545400021e-01 9.133896550540830939e-01 5.071592386802337149e-01 2.691749157682943316e-02 1.555736710153996505e-01 2.133709581137751554e-01 9.376436031991564057e-01 4.129151994044322205e-01 7.662024510158984558e-01 6.729559001831522114e-01 4.584888865944217740e-01
8.862194597797052875e-01 3.304214790244386357e-01 3.781535655085321856e-03 2.362938753921191015e-01 2.560082693737016912e-01 8.100866832141618845e-01 7.107531527328833088e-01 3.035668389099336339e-01 8.206080072587997876e-01 4.722430254907308278e-01 1.804265045274661139e-01
5.742794851187570382e-01 8.797868469998779695e-01 9.548042074626129638e-01 7.866501918444561703e-01 2.816303213439662612e-01 4.435455484324701825e-02 4.626412758563877015e-01 3.186945873815605346e-02 1.608054679498686079e-01 6.775046383826606178e-01 8.223424269270480647e-01
8.895119948953794653e-01 5.752140034011161696e-01 3.209766140161811609e-01 6.790826252245935057e-01 1.139241341309777944e-01 1.965904595710462610e-01 2.446345074682126919e-01 1.832082482243445609e-01 8.184575585895109695e-01 5.748259108982509691e-01 4.238425549635893574e-01
2.732339508096639502e-01 2.688782119509764978e-01 1.548672935978298026e-01 7.191411426195941647e-01 7.398132022347537751e-01 7.758091993565895406e-01 8.612853086477502140e-01 4.082515109912256968e-01 3.021866626523073140e-01 7.158829365158537739e-01 7.890722121510030940e-01
4.449350116657593279e-01 7.118298890442210647e-01 1.409406830040411673e-01 3.478626689660816451e-01 1.344089333068096970e-01 8.099753407624291635e-01 3.052027348890430369e-01 4.521275421494097557e-02 6.338057095315378087e-01 1.414842527604159850e-01 8.920787327575920855e-01
1.604523040358333263e-01 3.287831438714065024e-01 7.902649244571646747e-01 3.768184699434182772e-01 4.873568097592267945e-01 6.601968219654876791e-01 5.881543660827884823e-01 9.060215202296880710e-01 8.861555784091419419e-01 4.581346590373780447e-01 4.536813546537392661e-01
9.552409783624649098e-02 5.169498806675830727e-01 8.380278717263389687e-02 5.358516944508062707e-03 2.690826460130198994e-01 8.332530803872812974e-01 4.426745283309702073e-01 5.910917353190368040e-01 2.403720042320269812e-01 1.103835272926589894e-01 9.629472059037769149e-01
7.409930225554348660e-01 8.087207386484692728e-01 6.094638487736482313e-01 9.563975939827248363e-01 5.308692477314695957e-01 6.929189970147576760e-01 3.166953665657938899e-01 7.479039391134327808e-01 7.610738243142919357e-01 4.378285890366883093e-01 1.632651028785381264e-02
8.849360028831747549e-01 6.195796617956152996e-01 3.913141872963981083e-01 7.735438837145217628e-01 4.298166653043882235e-01 9.505001379262281169e-01 2.466545039278092988e-01 6.273794071304417130e-01 6.039889603272174945e-01 9.190130500078974585e-01 5.658978196047840248e-01
9.946688805934426059e-01 4.883957841667786459e-01 7.504956332254874019e-01 2.433812399859328623e-01 5.204887389884466087e-01 6.111682628049009969e-01 8.273542665242528127e-01 1.758948585996344960e-01 1.905506340271921895e-01 6.107886325144881168e-01 4.178850138822467475e-01
8.505522834036691737e-01 6.240366027337116428e-01 1.559097107318573316e-01 5.874536420732469066e-01 9.925076256276199604e-01 4.051372880125263531e-01 6.265448043171940595e-01 1.938187840898301095e-01 4.975707154641512142e-01 8.017764024226459174e-02 2.173471709747895053e-01
2.528075163655427726e-01 2.201794988486386329e-01 1.012187883501951546e-01 5.912599986056928936e-01 4.698560142310924670e-01 1.573587036034916897e-01 8.471489377384042729e-01 4.471506042472128684e-02 2.338050762332675170e-01 7.689924572364312816e-01 4.903064406363429883e-01
6.665564292595793638e-03 5.777666497025735204e-02 3.341110427601317046e-01 3.319059595888517178e-01 2.474139513394411072e-01 5.313049697367057123e-01 1.940383147607325220e-01 5.080227267130987823e-02 8.623837003369310139e-01 3.997158868747195948e-01 9.121692049300423877e-01
4.502310407767793343e-01 3.727114764968278982e-01 8.127866437189918969e-01 6.135649624137917701e-01 1.217878396853900869e-01 8.688802789955472061e-01 7.563660771230998892e-01 1.865783995738087286e-01 2.715065645688515827e-01 7.637682916145867029e-01 9.136542224140464796e-01
2.433323610426607608e-01 3.997468703239702714e-01 3.106542650039921805e-01 1.181444602464855054e-01 4.106071302789099375e-01 4.623847324511187740e-02 7.778242770697231245e-01 3.111561190036929991e-01 7.927559457486446082e-01 1.437078286549355877e-01 4.404506130808372166e-02
5.603798408058658920e-01 6.584891464539582850e-01 3.401011238452330554e-01 2.378320751812323941e-03 6.902790535647007619e-02 8.228037220458616074e-01 6.558110698541302908e-01 5.378463090092199250e-01 7.712418638298631501e-01 6.463661071151750592e-01 3.030950514873298474e-01
7.978828678558913534e-01 4.193487450053904331e-01 5.447140280523795619e-01 8.618975249266347394e-01 7.433686144583556699e-01 9.627080004665692359e-01 9.257256805910824005e-01 3.971322415995204302e-01 8.406215332001680807e-01 7.417452199473609786e-01 9.486072409651548076e-01
7.592723228755181575e-01 5.614209525503356391e-01 5.603261842505341539e-01 9.068588855154764428e-01 3.552622845874569002e-01 3.632558148104541029e-01 4.148286538676287938e-01 2.782030536938262522e-02 5.038748106116596182e-01 1.391660668113502419e-01 5.941979336386928878e-01
3.783974574228898824e-02 4.734114508247563302e-01 8.197495275860126052e-01 9.343025460152571959e-01 7.582150647308657510e-01 2.917659820296901740e-01 8.273176591583343287e-01 8.287726720083756771e-01 5.825088243266267618e-01 5.049490894285257880e-02 9.605888736717947962e-01
2.284023522469922352e-01 9.512977489873130077e-01 3.085691385277872234e-01 8.511359142323930982e-01 4.532967813565047521e-02 5.357718292587764219e-01 4.553683202565999011e-01 2.711462337008437862e-01 2.593118488656244169e-01 4.239745079815482320e-02 3.501289934131305293e-01
6.307391457871064366e-01 5.408223496165261990e-01 5.863703346687356710e-01 2.225473464883644947e-01 2.369106830879275094e-01 5.239325894227464531e-01 3.747722739254522040e-02 6.387652647618632384e-01 8.360131328720883381e-01 2.286896395021942308e-01 8.318182886709413193e-01
1.177853192252490411e-01 2.460008709713493724e-01 2.119552305831098327e-01 9.885298246691920365e-02 6.211774271814863857e-01 1.920550669023486368e-01 5.862473858290984108e-02 5.741515793789505606e-01 3.558189874224187976e-01 5.697142657373887031e-01 9.693051043152640656e-01
5.515961822511848966e-01 5.274535332837093637e-02 6.372343284826429421e-01 6.690845527224792422e-01 9.143861034221192341e-01 2.547572584566216713e-01 8.895122671546481508e-01 6.053518586372244048e-01 5.615763009369626468e-01 2.435777035628738929e-02 6.224458517125274204e-01
3.447241360730933790e-01 5.441164819827818411e-01 8.631456261258685370e-01 7.770549195256705177e-01 5.607687912305318045e-01 9.429547653882155434e-01 9.273241400064498041e-01 1.720349614582128428e-02 5.573140840201259438e-01 7.132981952617477583e-01 4.634797789869016249e-01
8.560727004182699940e-02 5.429891375385402785e-01 5.603981272024743943e-01 6.797004472167742506e-01 9.401830048888257796e-01 1.591950538322499664e-01 1.977296572445197409e-02 5.100321431315981702e-01 8.124268875579436777e-01 6.528227748222228399e-01 4.063228050748481923e-01
1.945319429212072349e-01 5.413140995707429459e-01 9.866809911652582032e-01 1.652431571424763934e-01 3.683935083579407133e-01 1.521420325583671129e-01 1.885811376191627309e-01 3.481944072756174569e-01 6.863012546201807673e-03 3.480195168439558229e-01 5.899002761026661545e-02
8.246706721108187921e-02 2.194967103817454523e-01 4.254599902886061491e-01 5.860559201278502384e-01 1.592373425222345373e-01 6.735605315806214577e-02 4.860406115871371835e-01 6.734589310349270441e-02 6.983140374803752382e-01 7.624234200978818876e-01 6.018780690194102112e-01
3.333105109266851773e-01 8.092637603214805075e-01 6.376119541585777428e-01 9.785169170249320425e-01 7.285816575758884417e-01 7.833921139842655590e-01 9.424571853541313660e-01 9.557526220460667021e-01 5.706485711250863790e-02 8.895583586027083767e-01 5.684917810780136804e-01
3.797352604460174641e-01 3.706417824067231859e-01 7.024311441087626173e-01 4.014594961397296435e-01 2.005725401381021067e-01 4.344332934387534761e-01 8.583646768360718715e-01 2.485045214531568236e-01 3.879078696555573469e-01 4.165781809806783365e-01 8.150145937691403164e-01
8.522018564129201224e-01 7.390800202780689609e-02 9.400116969705317738e-01 8.037153973888887526e-01 9.026937376117410983e-01 9.011393356366756979e-01 3.947234753187838230e-01 4.824785989279756215e-01 3.689898190023636060e-01 2.502002154685383228e-01 2.480133238185633360e-03
8.877661665126441726e-01 2.189874910461486746e-01 8.738214689286262216e-01 6.382319226879373808e-02 4.745429380738629410e-01 7.510125512673070380e-01 9.892456547600861905e-01 1.246218408666451838e-01 4.272562183091935806e-01 8.271158873499036002e-01 4.275628427318453051e-01
6.274497323980468000e-01 9.479781054929373729e-01 2.875418464085677250e-03 1.164656499236496057e-01 7.309925267076419209e-01 2.321001161180223926e-01 1.001281504403994660e-02 5.900796460717409042e-01 1.764079921378480798e-01 2.269961843923776756e-01 6.712927794094001310e-01
7.930947534656963560e-01 4.177319185075121233e-01 4.763677896638546239e-01 2.792412182009440524e-01 6.626142465619709876e-01 1.545901572848250582e-01 7.940586754453418106e-01 3.434135768143469214e-01 7.591464787505258771e-01 8.735345668901223215e-01 5.520240553189279531e-01
5.847605468668950479e-01 2.953593402667560319e-01 4.265816952903652703e-01 2.933498973902168849e-01 9.925931975363211368e-01 4.118484895738164786e-01 3.607672357296252130e-01 7.946499928695338610e-02 4.146725851510459915e-01 8.928175581359132362e-01 8.824315929546866499e-01
9.272150434934454122e-01 6.871849345459177805e-01 6.201182496498643948e-01 7.864638431090861248e-01 7.174311642573978354e-01 8.196596031791325565e-01 4.735705710712205807e-01 6.565639649879203565e-01 7.911070348295315968e-01 4.706994080831463645e-01 5.784952208864814205e-01
2.822186658357009881e-01 3.280301100368288036e-01 1.917225080639819446e-01 9.751824498481065362e-02 6.208664056039032708e-01 1.251226410609593831e-01 1.165836061156177994e-02 9.594749583951531768e-01 6.422874830409519564e-02 8.522616669964220293e-01 2.426209957768789005e-01
9.664071044030159152e-01 6.847457679209644210e-01 6.674608800422048294e-01 3.473298419626132949e-01 2.151849057499362061e-01 1.221978485518703250e-01 2.076866872566689448e-01 2.469769648066483247e-01 6.903246757521227517e-01 5.912746390626217874e-01 3.330538732016214976e-01
6.267252656367303665e-01 7.814733823031426718e-01 2.438529728675182806e-01 1.401326470854593609e-01 2.653883000159630301e-01 7.693418487434421360e-01 4.954029766443152072e-01 3.958757582008585185e-01 7.972573787173725668e-01 6.191529446642984880e-02 6.157034175972674328e-01
1.948087697780090943e-01 7.632007243237159955e-01 3.886276690304484305e-01 5.089188141743983262e-02 9.857191854606091042e-01 7.979857038534203806e-01 3.625372109928357567e-01 1.464756686585368950e-01 7.206553938946645976e-01 2.125300156327303291e-01 8.701236054608114667e-01
1.407760377986101430e-01 4.961104984444890675e-01 4.247253395571881640e-02 8.536886139733119716e-01 3.468348194129537987e-01 8.902466327936846557e-01 5.183995524720839132e-01 5.047791923530507985e-01 3.090242077022025136e-01 2.605218584408343085e-01 9.616720334332415909e-01
6.504799571301439487e-01 3.848722649842015731e-01 6.560172906264538639e-01 7.342130414770888791e-01 2.050819065886282377e-01 8.009629088912973982e-01 1.744946624957341985e-01 1.207127971456541937e-01 3.168300897214838541e-01 8.457891352030441068e-01 6.174274087785717180e-01
7.065359118528824478e-02 6.677679016326873995e-01 1.004201097868260284e-01 5.839471598578994671e-01 9.841714134381732704e-01 2.486101059496729215e-01 9.755680408365113854e-01 1.515981521440323831e-02 3.345091111725477795e-01 9.040483518925693796e-01 6.196333351364613495e-02
4.959978625034766608e-01 2.567731407694817669e-01 2.064528613037170945e-01 5.055113619064411923e-01 4.212528941846741537e-01 9.536075306059947909e-01 2.442259589410080700e-01 3.531174959334636432e-01 4.981152052903397021e-01 1.125930493731407411e-01 5.876066273687172714e-01
2.836007431081876140e-01 6.351355598648976697e-01 5.593137911523234918e-01 5.025959704743604428e-01 1.923355780333935172e-01 3.342586861389664765e-01 1.073813761283356483e-01 8.204005292132802163e-01 8.195424133413344858e-01 7.204020686537329077e-01 4.583091416835397558e-01
2.092011333903377457e-01 3.846115585707206019e-01 9.564975705231726355e-01 3.920789852189718872e-01 9.181480087801519030e-02 3.551815049719507789e-01 5.588290339364268000e-01 2.532426726126012495e-01 1.079030563515215313e-03 2.113613230509088226e-01 6.712112484755839992e-01
4.222221473192433461e-01 6.744441805253202915e-01 4.865767831820759781e-01 6.213506101180477081e-01 6.432948681012050640e-01 3.524114956136999988e-01 2.792284687685346878e-01 1.946219368021546714e-01 3.897635917366828462e-01 8.744504576822854647e-01 5.076791631612883604e-01
1.592077520698176318e-01 7.935444588385112130e-01 7.839796353022541187e-01 5.758054432943480183e-01 7.966345326434506324e-01 8.849409003032671084e-01 3.411692351785944322e-02 3.705594328511275792e-01 7.655508519242210097e-01 4.964527247849253033e-01 9.210211084640991253e-01
7.412489222031234393e-01 7.145014411153645106e-01 7.843140441827318732e-01 9.284553307627662067e-01 6.934967047580866684e-01 8.731279522965256223e-01 7.235946673148414554e-01 6.599740689859657783e-01 1.983680304507672298e-01 1.274339013954648436e-01 4.328015500110081737e-01
9.530647407133445714e-01 1.785289340899205435e-01 9.621282333315402946e-01 4.226042790719234388e-01 3.158883839192744292e-01 8.078794890602550849e-01 6.122595980912005631e-01 5.221184900623431213e-01 7.427496562502796662e-01 3.907754131345948512e-01 2.323523589935063693e-01
3.981605959649087145e-01 6.616915498745457036e-01 8.029382894237022672e-01 4.879234868862555308e-01 4.757206502788522418e-01 3.408611782756831854e-01 4.634521762157117752e-02 6.660443189830747013e-01 1.070801531178767751e-01 9.366920237076705735e-01 2.321484546931236181e-01
8.707047894350330441e-01 9.772471925879920862e-01 3.172756621101489038e-01 7.475046082066437725e-01 1.290186346510360238e-01 2.663524135165402651e-01 6.259307760395750320e-01 6.778700012565370692e-01 3.606279436586968812e-01 3.876938780130667617e-02 1.684392983754376960e-01
4.621611631584960911e-01 3.535128156749317574e-01 2.570238031554121783e-01 6.857639683800990094e-01 9.824450524918380001e-01 1.639924318711637463e-01 9.283004951211396572e-01 2.445486387859830968e-01 3.373942675809556979e-01 4.004135553440792972e-01 7.636604008278559119e-01
2.821174225811323710e-01 8.320914828035579358e-01 4.323839251087273627e-01 3.304408272807000113e-01 3.020692115609660000e-01 9.146690762647005091e-01 5.444215563540484304e-01 4.890160198610405962e-01 2.977867589677899440e-01 2.014670235510593876e-01 1.330085661860296309e-01
1.154079950955568812e-01 9.425625760871004788e-01 8.085570755227458051e-01 1.444925466595666785e-01 9.012891796788126131e-01 9.105691263102788646e-01 8.800970158293353052e-02 8.437133101612471764e-01 7.601059619655206046e-01 2.843169629844889412e-01 6.390829066269188008e-01
4.465414202357637086e-01 6.350346102891059052e-01 1.429370427377090191e-01 5.781217529172778535e-01 6.804854837670158973e-01 4.169834746241882772e-01 2.465333222106781408e-01 5.890015544230834399e-01 6.103935060359977349e-02 5.595370528947595234e-01 8.519964446616440368e-01
4.821099021112912331e-01 4.099442975913339948e-01 5.882510335869517437e-01 3.403782907577784789e-01 8.806229568398220575e-01 1.516262577934515132e-01 3.651493522780169254e-01 8.592255304373233038e-01 8.728831205227800538e-01 1.675816772933891308e-01 5.461478580791649939e-01
3.106160243568989454e-01 1.667378532370156208e-01 2.100351949704215571e-01 8.851829539379544309e-01 3.566235748860046018e-01 3.622869399425643344e-01 3.835458227289891830e-01 2.828272825901633203e-01 8.919377460815400838e-01 9.053554231000674468e-01 6.761372228939471762e-01
1.396171346381213096e-01 5.271921571134975393e-01 1.738557322701284047e-01 9.785113222065245919e-01 9.313531517322737319e-02 4.551544698183261906e-01 1.317712456639661411e-01 6.835651706895340407e-02 1.043460758782851494e-01 7.515083292041565555e-01 4.998953295004482378e-02
6.816656533614851021e-01 8.027746629159698832e-01 8.117481831362847178e-01 9.825533040995420020e-01 8.391443175426256396e-01 6.631607453280660147e-01 2.387520210969290568e-01 8.789873824587641771e-01 5.044192010987674779e-01 5.386019289783395836e-01 3.317610817035556714e-01
2.849653718440896544e-01 3.799493484901521612e-01 7.250077919512251112e-01 2.526291110463910750e-01 2.133979318362366762e-01 4.606700659244078455e-01 8.307156866066023326e-01 1.239206795760900981e-01 3.457503758349487200e-01 4.332081139868770858e-01 2.420060017860029555e-01
5.546570402003385691e-01 6.915086079525167850e-01 5.813304762550038918e-01 2.135362012559127720e-01 8.185023388101486663e-01 5.766819721416246436e-01 1.918246978042165152e-01 1.860840711307119033e-01 7.165613430345831869e-01 5.719766776029742150e-01 7.521630610685947627e-02
8.338719002148882176e-01 7.848024968042712768e-01 6.764745310246328414e-01 9.002333938596076557e-01 4.469842464212659960e-01 7.444749504017276198e-01 6.191358781260980493e-01 8.253656760157732641e-01 4.128516930420872422e-01 8.414889890794197136e-02 3.146307858507308985e-01
9.283778287120943995e-01 4.266221741766830222e-01 5.053993113502761592e-01 1.652309033935520644e-01 2.344343945970595033e-01 9.875139336526612688e-01 4.046334629649032122e-01 6.770533037911703467e-01 7.020092169135196958e-01 1.246726654808756329e-01 1.101924549666176700e-01
7.453949612046980588e-01 3.038094361527438059e-01 4.233185873548579448e-01 1.051452284069015475e-01 7.294771692145461950e-01 7.751288178251883876e-01 7.404178404192143237e-01 4.253422057301191606e-01 7.476342353312037670e-01 2.694663390206986087e-01 3.856060119896853600e-01
4.309017189662334157e-02 9.488239078352851408e-01 1.648213327803879080e-01 8.870569569911659347e-01 8.588400220819514264e-01 7.268657989975069178e-01 8.953117920901646487e-01 1.932206681123760372e-01 4.047297736693091785e-01 5.669486009913754510e-01 3.120406330697280683e-01
2.266984384542417574e-01 4.429290481521884759e-01 4.425885671160352253e-01 4.635047471994380164e-01 3.844680620263951631e-02 8.364696829573693426e-01 4.701207686008113118e-01 9.047018658998586815e-01 9.183946180741789922e-01 2.215123276962864818e-01 2.402603009035271242e-01
5.962109147613636750e-03 8.332327006369244504e-01 7.851887249097283528e-01 4.376128331755579914e-01 7.147906321466349633e-01 7.270067557992039298e-01 5.866426855289421649e-01 3.013718021832639815e-01 8.339937215373660617e-02 1.357185972647589889e-02 5.679811146544452294e-01
5.322842808173030571e-01 2.867019888711459519e-01 7.044840102367125878e-01 9.042147766371080309e-01 3.233410073718336886e-01 8.025033636145496585e-01 8.198746119752494677e-01 3.057742786497286147e-01 4.117904773904204063e-01 1.488753896942376365e-01 1.488180260354206030e-01
5.002839281278839145e-01 1.303806017280846330e-01 1.572076180724256700e-01 6.619044448149135063e-01 3.949861066167412726e-01 5.252237955581655626e-01 1.809407612280216071e-01 6.763944026703097023e-01 3.405158054321258954e-01 7.835482465749985526e-01 5.057956733213196943e-01
4.119679083370877404e-01 7.382203398681516093e-01 6.568872311319664536e-01 1.041148475252828831e-03 6.371819477404608856e-01 2.797697319308405373e-01 2.353748171770355668e-01 6.723728903542111057e-01 2.441274850266861307e-02 7.270696531106980443e-01 9.835594872817847723e-01
9.588417015878576422e-01 5.065219255362595208e-01 4.931044950169244379e-01 9.164521448403500914e-01 6.709010988099192163e-01 3.580495118343834937e-01 7.397450002259045032e-01 5.249191484681184905e-01 6.524682345598679101e-01 8.381655730886122813e-01 4.005115176660244414e-01
2.733669365056556888e-01 4.749062113996459500e-01 7.837634888518066889e-01 6.986023218927019940e-01 3.951191696186271418e-01 8.901472061052406737e-03 2.317731493642349871e-01 8.706179879370100627e-01 6.253604300638585523e-01 1.210467806119926992e-01 5.441632853674301940e-01
2.732097960103482270e-01 2.354669672498510558e-02 1.487590969378982386e-02 6.760647652515976436e-01 8.019841212765881355e-01 2.117404785476471041e-01 7.994350065939742622e-01 9.121081480934779551e-01 7.995065299681732851e-01 4.755814458680533985e-01 5.673404204222106673e-01
5.582586827623539083e-01 1.280859338808078007e-01 5.106495176392914503e-01 6.700190679109614411e-01 4.847403424548377693e-01 8.414599532088349321e-01 7.955527725189753818e-01 7.753550520491181430e-01 4.556730076028949750e-01 2.303022145611889338e-01 6.243775387322871850e-01
5.266743675079519349e-01 7.475321465394765275e-01 9.776671398480512032e-01 9.897961447918365296e-01 7.688288887371882430e-01 1.611312845185073339e-01 7.166622522776101567e-01 9.073169328306807113e-02 8.525109243581119323e-01 1.105817154235819721e-01 1.570695242750500542e-01
8.409895111201534101e-01 9.572263991460644439e-01 7.041193505343457115e-01 6.576136770652047936e-01 6.350132795437487543e-01 7.594543052057428634e-01 6.307052178987470059e-01 8.519478986281817656e-01 9.598002800874930740e-01 6.793800005460586267e-01 8.840944715054710468e-02
5.597071938832948179e-01 4.844308676927038260e-01 8.304803851137141368e-01 9.380165366682389205e-01 4.000623982515106869e-01 8.798507489147175953e-01 6.858446143499217218e-01 7.327411640273930882e-01 7.734092200970753561e-01 8.239385484632048007e-01 3.088434098507102377e-01
5.728989296634617867e-01 6.023900979106928677e-01 2.920281594426805682e-01 7.922424721209302412e-01 9.336923456542232103e-01 2.424047514971006123e-01 4.900280211177319156e-01 2.790956914074493866e-03 7.775364327665946762e-01 5.757271854244453424e-01 4.090701039241966264e-01
1.897078413660250318e-01 1.108928677803664442e-01 2.586876904209721717e-01 5.257888272163502297e-01 9.659607748872617305e-01 2.450349861612266533e-01 3.460704273639109152e-01 7.683394022062517426e-01 6.202674959270270127e-01 7.220730991780499597e-01 8.114704961496550517e-01
7.344213365767249257e-02 1.562827511551171389e-01 2.077870095811977791e-01 6.544771917346454693e-01 9.335295397366739634e-01 1.652213578990348042e-01 2.609591079422780568e-01 7.623515376145164613e-01 2.465715229827052379e-01 7.125129824704318215e-01 5.627052774850598293e-01
6.137657093216963844e-01 7.766577931792706391e-01 6.375620438155080727e-01 5.585172577097164970e-01 2.669988628249660989e-01 1.923540141649671131e-02 7.388549179497265751e-01 8.494353600180492014e-01 2.497680147090476366e-01 5.232057146934728786e-01 1.079395056478918979e-01
3.857058542141245105e-01 2.655652332997507914e-01 5.223078586151085334e-01 2.299868269709092194e-01 1.613116746850398187e-01 7.993635306556615694e-01 9.496365943227039752e-01 1.886509978782856534e-01 9.060439602664066561e-01 5.626397064618654520e-01 2.849404171174236833e-01
7.519706764614777494e-01 4.693437298969731497e-01 3.339596664657608072e-01 3.365713188880934403e-01 3.733343921484346684e-01 4.880813490181968861e-01 2.348367796911432492e-01 3.281004687235223871e-01 1.788476205607125724e-01 3.066779936753005753e-02 3.359294633630626192e-01
1.909752660885474240e-01 2.965597910404907944e-01 4.803662407505532306e-01 3.404240069989715733e-01 3.150201756400158315e-01 7.365292209802151158e-01 5.064633972044210175e-01 7.497869399778891442e-01 7.285193600331699715e-01 6.117116506101205609e-02 5.069729597585667102e-01
9.558416568787536649e-01 5.733644897899125015e-01 8.714319962208419978e-01 4.345425229629163999e-01 6.789406293467943332e-01 1.910805364294683173e-01 5.347118343407076813e-01 9.334727415795057714e-01 7.041941698728489962e-01 5.810317040680120781e-01 9.497405030520410518e-01
1.594106232235780185e-01 3.300521314028572739e-01 7.486459983037668797e-01 3.679506769024973867e-01 4.174534674145050639e-01 7.413733772694999224e-01 9.734114771035773384e-02 6.489138145158368509e-01 9.891095143782900889e-01 2.226982265532514438e-01 3.911575478941506923e-01
7.635227862097591078e-01 4.423295523969364984e-01 2.949397637281402362e-01 6.762568658507651653e-01 8.219068631895863897e-01 3.859453651187374490e-01 6.026905851084755072e-01 2.522172833686943116e-01 4.210460305526771974e-01 1.128297265941842209e-01 3.980615045106934424e-01
8.889105692280275806e-01 7.705740876286157892e-01 9.824518138907022413e-01 6.758237757872522788e-01 6.310767842396773908e-01 8.807168144493779938e-01 1.246709068888295358e-01 9.739646179508393287e-01 7.735761623869930048e-02 6.030634938548257162e-01 9.452471760916940635e-01
9.499793427017690917e-01 5.794661469411844790e-01 6.279995129801344556e-01 4.548523900401567621e-01 2.317324272906302607e-01 9.696703565109805467e-01 1.781274109410251327e-01 2.800629559316518691e-01 1.478351654604896925e-01 9.035710905897693657e-01 8.074113823009680946e-01
3.675888062715518823e-01 4.779389504425063384e-01 4.974893859900069160e-01 1.828419108106847935e-01 5.187823057078924105e-01 9.774124979223791643e-01 2.067935060541327141e-01 8.728244248447115661e-01 5.624575580548896170e-01 8.114713421725383569e-01 4.980211827837535132e-01
9.464529618120277599e-01 1.689078811333933894e-01 8.388043224045502733e-01 7.863097799134479704e-01 2.774552994017314145e-01 1.515905468534052281e-01 1.853097456840449020e-01 6.869175875819657495e-01 9.579032130500139131e-01 9.803502304220620411e-01 9.818532476700579936e-01
9.891944965540570012e-01 7.912031776363367408e-01 3.042366570142986948e-01 8.192203610228662169e-01 1.447050111226512170e-01 9.605744046028379390e-01 1.479680938293634895e-01 3.720000886586682931e-02 4.435894646442781752e-01 6.687330133661282261e-01 7.174434326392331585e-02
7.613786170934645492e-01 5.279641534983625650e-02 3.729698007837376483e-01 6.843343742543219754e-01 8.018571006697980952e-01 5.580503789363817635e-01 3.394340443208561098e-01 3.582482933971675720e-03 6.297734973219379917e-01 2.709700411976362355e-01 8.515624085064443793e-02
3.652141013398798597e-01 9.693064815000235201e-01 3.724256801727408028e-01 5.547044477896869719e-01 4.267200271479366647e-01 7.269919773751293279e-01 4.407098328259754227e-01 7.225232873164205705e-01 9.774884291376625400e-01 2.481314828737479772e-03 1.372835753738810283e-01
2.159368068093775461e-01 7.195282350058543885e-01 5.846701328948296084e-01 8.179845699817399618e-01 1.030082490292257846e-01 6.698724696614343221e-01 1.019046208734573078e-01 2.855256013310476515e-01 7.550395344297099465e-01 1.073958570144933899e-01 2.103793540569209863e-01
1.510699566063122834e-01 1.200493124971573344e-01 1.517457412822107443e-01 7.803771153955763040e-01 8.754235103431894371e-01 3.503652668384424906e-01 3.666483991676394716e-01 1.109702057560163491e-01 3.955021672748409989e-01 8.204684640594873679e-01 4.695166477195381605e-01
8.934538620082445037e-01 3.172669635232464591e-01 6.498527946726219140e-01 6.449258104904154187e-03 2.457250677273010719e-01 2.780817519731888510e-01 9.962453941739152219e-01 5.898490248250143342e-01 1.504833033036472312e-01 9.296552214226181388e-01 3.721645075248968260e-01
3.688108968470196203e-01 3.066745926578200443e-01 1.143510394972517830e-01 6.889713933820725833e-01 5.470853376605266938e-02 1.858052392582246748e-01 3.311865330924470552e-01 8.336375509957709706e-01 4.461384472736993345e-01 5.991278853656715198e-01 1.097280314629754949e-01
