4.018556216176460971e-02 1.676283141183041447e-01 8.000309643795744385e-02 7.089187119570996565e-01 8.296643131178407238e-01 8.655501887262295746e-02 6.608079554218958540e-01 2.480384811595682804e-01 5.928764781682052121e-01 3.957592096186544062e-01 1.901222893026095484e-01
4.064854629565608501e-01 1.828906035667845487e-01 1.321409909255499837e-01 6.991554437327323068e-01 3.398879463926096633e-01 4.748320746793455172e-02 4.038562154644317337e-01 1.806754220233949271e-01 4.547208635771184948e-01 4.063255159987031462e-01 8.495420751372468882e-01
1.280688439527695177e-01 9.661506143683478154e-01 4.106653639505334352e-01 4.507891773189794948e-01 9.250539598252961460e-01 1.079415709877118434e-02 8.359381888131085514e-01 6.237388598992759103e-01 3.610164338609873624e-01 5.903164620202668855e-01 4.478511340165637344e-01
9.107278467824108104e-01 4.534767809887567669e-01 8.170223527122899565e-01 1.890756998856112370e-01 5.280698675028758782e-01 4.074839349579231218e-01 8.390604323233009643e-01 8.664971544809677573e-01 6.038464579504232432e-01 4.335393064732271373e-01 3.257952799243797326e-01
7.389062037088628410e-01 2.223630045280736711e-01 3.143673182061740290e-01 7.594498836595683366e-01 3.336832987071066681e-01 4.742445273822358809e-01 7.035534327305259517e-02 4.612628375866389963e-01 2.414439333128958198e-01 3.193405687574479845e-02 6.402871546855275486e-01
3.639632600117883587e-01 2.648769861663965441e-01 4.509133314222284472e-01 5.586702298292601787e-01 9.699557110104813917e-01 9.668703947431002144e-01 9.464355585873797105e-01 6.044748056425084393e-01 8.339589965072130573e-01 4.882044657744526450e-01 4.490364764071793635e-01
5.845325557115599313e-02 4.241493333917528696e-01 9.205310730441083056e-01 9.096988763524804789e-02 3.717719930357068492e-01 7.821986048044932138e-01 8.170225136711510849e-01 8.028659213075028944e-02 9.443262441317465949e-01 6.889404648880121940e-01 8.209890679411241399e-01
3.859240139834914096e-01 4.057438258533146991e-01 2.526506252253996054e-01 3.641371136044873058e-01 6.354425656659888899e-01 1.981958749858440116e-01 1.758599607467630221e-01 8.994800256124535487e-03 5.544762280062233151e-01 2.991917013375154921e-01 7.899611845669913812e-01
9.366439441540426181e-01 8.019218526223736987e-02 8.292785125177949412e-01 6.556418352915533987e-01 4.198915384809311924e-01 9.489632206911552403e-01 7.179446494565990822e-01 3.602829372373408390e-01 6.016746598482813901e-01 6.978113269789868456e-01 7.774174519361363167e-01
6.224685141998750337e-01 1.034190817244062810e-01 4.556029403646629783e-01 5.391796070452979928e-01 7.322490891299847648e-01 5.813072418940185004e-01 2.879558755888023125e-01 3.835127372352704622e-01 9.701968006427270641e-01 8.959191334992541167e-01 7.753285338824396078e-01
2.187606846323131293e-01 6.850486079611487478e-01 4.759600835724780987e-01 9.461774061796757174e-02 2.140191720877501202e-01 7.183977936596794844e-01 5.716237931983202403e-01 3.407856642210249642e-01 2.193825542430386522e-01 6.805053351946738216e-01 9.016588547650978835e-01
8.506643778162485958e-01 4.352752885414814532e-01 2.538201768700483196e-01 1.943147453536697711e-01 4.549413298973155051e-01 3.669690181433987730e-01 7.877726435584627707e-01 5.057753604876572551e-01 1.126649878773086089e-01 9.172899519620674180e-01 2.458271936326159590e-01
3.189827332887890110e-01 7.719940455837221993e-01 4.406506676779320397e-02 4.200452032969846927e-01 4.903180387785595062e-01 2.576347665647148455e-01 1.239549455396770083e-01 7.152677734141125176e-01 9.604206521199410984e-01 3.681126772837317596e-01 8.970783731469283984e-01
7.429868620703065085e-01 9.901966300646170005e-02 1.241871149426255760e-01 2.903984497377877227e-01 9.507087369158595536e-01 7.891280449796712615e-01 9.447279773947289128e-01 5.538508269598008127e-04 7.513453723376772864e-02 5.462018475756358349e-01 8.143738535750753016e-01
1.189753890838616268e-01 1.684399318059386363e-01 8.482825886587876951e-01 3.143435234374575282e-01 2.397845005353846926e-01 7.802508400892432805e-01 3.952730266329236297e-01 9.578989572001755937e-01 2.923035454247538967e-01 2.604082622487600140e-01 1.872371841981116392e-01
3.807167546222952614e-01 9.157442838888992798e-01 8.185900631812743633e-01 8.476617776511294888e-01 1.252934691093724462e-01 1.134769187742982188e-01 1.292848891293838509e-01 9.779985380247652182e-01 8.116677778922777309e-01 2.058190329920996930e-01 5.194222816428039069e-01
6.360099651423077871e-01 2.107306526100432009e-01 1.763836574514130451e-01 8.565791320129827469e-01 8.690438096831911707e-01 1.861280435345185058e-01 8.293043545426117547e-01 5.841683377839955726e-01 5.304608158210567526e-01 9.310382229330287363e-01 4.267084924320561079e-01
9.616717757816178880e-01 6.503459216819529320e-01 7.649938293085857266e-01 3.139774336875827965e-01 7.324253343355489054e-01 5.811420313982488262e-01 9.824365105497431250e-01 9.313019185617391615e-01 8.680352425573181208e-01 6.236055234976779493e-01 3.515309399162200865e-01
8.056268622602336116e-03 7.251593889468843646e-02 8.640502352039947098e-03 6.042332437296290548e-01 1.645494450444403567e-01 7.974737380631568007e-01 6.977523228493476282e-01 3.332283444420913732e-01 6.369992299338250730e-01 6.319747115581337837e-01 4.612592328825317889e-01
3.798064164936941767e-01 9.109521046239714703e-01 4.346909164899104283e-02 9.605220964795777583e-01 4.777209037528340474e-01 5.259260645233622133e-01 6.086435525225105669e-01 8.459084802208699516e-01 5.593021041355928924e-01 6.077079786393645433e-01 6.879213477258261378e-02
2.670810120442556057e-01 1.604520438776454450e-01 4.974673341272564109e-01 1.672162951404554398e-01 8.066405234326066154e-01 2.247269270197863600e-01 2.740942925369233008e-01 3.157646397786485482e-01 1.054826996317115295e-02 4.189798282097173532e-01 2.167866044111519397e-01
6.077322130249023235e-01 8.955536996368943514e-01 9.560440661434425058e-01 6.495523744068825156e-01 7.883316764735133209e-01 4.678042438958754934e-01 3.070737166853589883e-01 7.661270740254386702e-01 7.676032087573387841e-01 3.721536002069351090e-01 7.213751314469947218e-01
1.488940382879779811e-01 3.961070787064016052e-01 3.014827958853051326e-01 7.180636678078359258e-01 7.886432995687830960e-02 6.080266846626798394e-01 7.068938389976721082e-01 9.082688343980908074e-01 7.480016248568766013e-02 4.536394236472025554e-01 1.715707101261211287e-01
6.208219767479006279e-01 7.443143370233529232e-02 4.802888229165958034e-02 9.971902960664729143e-01 1.135124686232239499e-01 9.437507771300361892e-01 6.788720062679226563e-01 5.007984848894559970e-01 9.665298955066220499e-01 4.426795078236126502e-01 1.075742082575269487e-01
2.762822283349160024e-01 4.405038691224816283e-01 5.441086863533631801e-01 2.200161628266323888e-01 6.648897163024023449e-01 2.196501066350126097e-01 7.471839929844770190e-01 2.919278486073589862e-01 7.339891295968856699e-01 6.080581849573036823e-01 2.524467984455235348e-01
4.484806762243349620e-01 9.359636317147227436e-01 2.737496377104786660e-02 7.452704218104477807e-02 4.789657330638241728e-02 2.897105556572521223e-01 2.505729773937813709e-01 1.781672350128378213e-01 7.507799461922037842e-03 1.324243190733298547e-01 7.593779890367093888e-01
4.360448825181866273e-01 1.927596996116643924e-01 4.468220600697908607e-01 9.303364418670700964e-01 6.661931456956720066e-01 5.187540853616490200e-02 7.357543456809163551e-01 9.934553855421721646e-01 1.113293179498251462e-01 1.717569597725547847e-01 5.310545492646315813e-01
6.800550106959095675e-01 7.425042374765167263e-02 2.854067162236277877e-01 5.184240603802844349e-01 9.617979955939911507e-01 8.709758333564633359e-01 7.839753494150656365e-01 5.892803079860008397e-01 4.123825608230354822e-01 7.756782922823590720e-01 6.394032298270168058e-01
5.013215813583035141e-01 2.165330749203906446e-01 3.887623779047226780e-01 4.892337395591964677e-01 2.837962267488598478e-01 5.114023658703948927e-01 9.977083316181167838e-02 7.285519574873374760e-01 1.442164579005678071e-01 2.684373452458159726e-01 8.463554222921592096e-01
3.023767064765280344e-01 3.110918496095295138e-01 1.981144430629876441e-01 4.544156362727922449e-01 7.504170938938016233e-01 8.813935676663905427e-01 8.944254998340964713e-01 4.737639474207486767e-01 4.709395750501810252e-01 6.940269349496694939e-01 8.540138728741699659e-01
5.954556390641454477e-01 2.900183672347005359e-01 7.189605847230112756e-01 5.024125917789137308e-01 4.441144528694340732e-02 2.165619086068821808e-01 2.648312901203868641e-01 6.617729602093374019e-01 8.177423656354204651e-01 7.601769890452235723e-01 2.973181234136168527e-02
5.272473547700984309e-01 6.623770098415519003e-01 9.373174687824294971e-01 7.441840734797533496e-01 8.036451487986807640e-01 6.004219393792531445e-01 8.533396628555459662e-01 7.844823898996503564e-01 3.280309923626235635e-01 1.129015945477164218e-01 3.388451203650807431e-01
7.475289175962059884e-01 4.294775501833998366e-01 6.173793191651619772e-01 3.295956747911336082e-01 1.911872086343305854e-01 4.970942333956884784e-02 5.763467559798303164e-01 3.042377528156479105e-01 8.096913294793148808e-01 5.479688877563329008e-01 3.794773283672581154e-02
7.985814774692158169e-01 6.349283210411070799e-01 5.909864356429213039e-01 7.406450932275857602e-01 2.507912938733262154e-01 8.346326223562342550e-01 6.540455802012379305e-02 3.946394868591233118e-01 4.781581462321814469e-01 3.122655760226167310e-02 7.876029831597664010e-02
2.274573235196630794e-02 3.337645987189700181e-01 2.244967043779584337e-01 9.359707856780993263e-01 1.620660163365535977e-01 3.411145888876062626e-01 4.478967848739161539e-01 1.335676072585625374e-01 7.575380729061593765e-01 8.793015932035197491e-01 1.081842219292459273e-01
5.670737548398816497e-01 2.253504830943718895e-01 1.772213520722210056e-03 6.861242618579443953e-02 4.415201067975120797e-01 2.538678186458657171e-01 4.551882709797553384e-01 2.992681428768843022e-01 9.080322567752263652e-03 5.574399019468879724e-01 1.651400792874676560e-01
8.730761433986559128e-01 1.176807708388467599e-01 3.695300820013014409e-01 3.767326876839773853e-01 6.021209318629630047e-01 5.443535189563967203e-01 5.696896654376337743e-02 9.983945977226060808e-02 7.906268684462958163e-02 8.327555936492180289e-01 7.990732667682668433e-01
7.959014816591513108e-01 9.664609772275847277e-01 4.210538671703556446e-01 4.267225670325357489e-01 7.673410558261174463e-01 8.507977896563407860e-01 3.333320880273751285e-01 7.195148693524967554e-01 5.373058732868708498e-01 1.847006642363281381e-01 5.924278727043309489e-01
9.998187754259532101e-01 4.409662560688956123e-01 1.100317611796143291e-01 5.729338527210529053e-01 8.372805610238499563e-01 9.543473282393630797e-01 6.560563450783404305e-01 9.427414672022750297e-01 9.740150647626891756e-01 5.020966942821625256e-02 6.121135201368412826e-01
9.457380703310191983e-01 6.477766573825468610e-01 1.392058221234919735e-01 7.603305986511049719e-01 2.501669110095835480e-01 7.055167271307528631e-01 5.850663637293345154e-01 5.635915914352090939e-01 2.036364801881002107e-01 6.858742132351470788e-01 5.869427474073436457e-01
4.516908497365464958e-01 4.512170014757873604e-01 8.859154425366605468e-01 4.807732638907648015e-01 4.367916345238869180e-01 8.364270159789306547e-01 5.768648290230208309e-01 2.873055364043697324e-03 6.602185378249448844e-01 4.058225745891741454e-01 3.466969163955850863e-01
1.757239492386593049e-01 1.400107531705486741e-01 7.918807696440615107e-01 7.092361924524791528e-01 4.697943303451836972e-01 9.590911662557055628e-01 7.907167556485779070e-01 5.266484096613062160e-01 4.648679607121352086e-01 7.909019352796325952e-01 3.144035461955614341e-01
1.685038287626829945e-01 4.779082800250736840e-01 8.327702839520711997e-01 2.534656737012004335e-01 1.383248539706294356e-01 1.382984950692887072e-01 5.636558210806263958e-02 9.946595074922237600e-03 1.926528010958240555e-01 9.265292132509541645e-01 6.630943692989392790e-01
2.679963390013841984e-01 2.629867982038633922e-01 3.253988340728480866e-01 1.677944396138916217e-01 3.995650624265240092e-01 9.744771052743923523e-01 9.896363088539611441e-01 8.977414586650155348e-01 2.621710132063194143e-01 5.612251613410995654e-01 6.565556313547293854e-02
9.010522731127609264e-01 2.028281300237790852e-01 5.193039029481987257e-01 4.603152613785194136e-01 7.554338397732722754e-01 5.377294630192467340e-01 2.469829168247518192e-01 9.499622569549004414e-01 1.552814304801537482e-01 3.148885013529968413e-01 9.346100409362713135e-01
9.996135645565209504e-01 3.131360733667112317e-01 1.957746817978575082e-01 9.952839993850970401e-02 8.671079425674346197e-01 1.136649511217067143e-01 8.125931799308371284e-01 2.033819484688087487e-01 9.093902312940382870e-03 4.617699940686372795e-01 8.411604291437875247e-01
2.191448487935057088e-01 8.724721767294774111e-05 8.602694985642452830e-01 7.806419184317403559e-01 8.394020566324883470e-01 7.528662723949685054e-01 8.371602392269698045e-01 2.094366490084679233e-01 4.834503872281855630e-01 8.115981111650147906e-01 7.369465497695099065e-01
5.108027478546331990e-01 1.461981397897169632e-01 2.388404177550699226e-01 2.739671441274085240e-01 6.604561343187792533e-01 5.699984250780570916e-01 9.757527308059174009e-01 3.432991934312555893e-01 8.878523802332385362e-01 2.546002766551646035e-01 2.555810143511519916e-01
1.597049455938193141e-03 3.765176895351896036e-02 7.078620498942218564e-01 7.955621681947296908e-01 7.588104876791268438e-01 3.570889240730057423e-02 4.897956813791912722e-01 7.869928624202534584e-01 4.766108833842912507e-01 9.373811321594240908e-01 3.398867688502038575e-01
4.492281775248275766e-01 4.523576592771263449e-01 8.505823626278559146e-01 3.277772074292267801e-01 9.683847270594928558e-01 5.177258763957723886e-01 7.578186873183687666e-01 9.953072548538427489e-01 1.431001743544829674e-01 6.817758780594757040e-01 6.167653793566927334e-01
1.218640549245501026e-01 1.504882116381596191e-01 3.813429627434482549e-01 8.336548927751288307e-01 8.834562865209568683e-01 7.538096460942504962e-01 3.223730649218140565e-01 4.442592291948940231e-01 5.880289605434974032e-02 1.845894510433274682e-01 6.513014109273974617e-01
9.918740487455555144e-01 9.131245658830406953e-01 7.526423719138934931e-01 9.444130085237639749e-01 6.683574119174053862e-01 4.392528711280242470e-01 1.656955380129941924e-01 8.473373200699658714e-01 9.119437808505119758e-01 6.360175358260318212e-01 1.788702519731181217e-01
5.146537755242133194e-01 3.388936667449345963e-01 5.444236104759374584e-01 8.173446223078435491e-01 8.186320899900018100e-01 3.494864517160877204e-01 3.862029874084393910e-01 1.519752735562462931e-01 8.700068815965988911e-02 7.877537071831851589e-01 7.433394388350866855e-02
2.570435304905216434e-02 9.244539946304942690e-01 9.515869735803991203e-01 5.761269362393512949e-01 9.611810061462580101e-01 9.544562633050792666e-01 7.812663557437576900e-01 1.779163083561472458e-01 8.742806352133322134e-01 2.097565977264592707e-01 5.747884776798186657e-01
8.919703763190454104e-01 3.570244578988462925e-01 9.049488180568772133e-01 8.831506724139712716e-01 2.159386377733888418e-01 1.990284724758403234e-01 5.243293785200120460e-01 8.976050375699611283e-01 6.341353141784511482e-01 2.257809896810234473e-01 8.405099710246064504e-01
8.300006068678926763e-01 3.403657425119577251e-02 6.961436747706813977e-01 7.080955704942190065e-01 4.935878416591578111e-01 2.576492501856990636e-01 7.102248416471860226e-01 7.537417275714524134e-01 5.014781083812003271e-02 3.954909629032850038e-01 5.677405003305697750e-01
6.784049703843896273e-01 5.498728939567298912e-02 8.448710873886620121e-01 1.610553214750176654e-02 4.941910671537608213e-01 6.421234246123929124e-01 9.741636443536059176e-01 5.629098530249198040e-01 3.345860160786816584e-01 4.329186488721156190e-01 2.415114373021692851e-01
8.373892951591886957e-01 2.816564817144600053e-01 7.316112605366231758e-02 8.130184005297287353e-01 5.877378869186901111e-01 5.397600856175175377e-01 3.373922491558655201e-01 8.151537675478667255e-01 7.475980321812700780e-01 7.968472612290690149e-01 5.174709032351281213e-01
8.008012855488199078e-01 1.079291631757661740e-01 3.198487397151151823e-01 3.517336006870005471e-01 3.500355321405111964e-01 4.110446317145930450e-01 9.484773340041988687e-01 3.609908521293746508e-01 5.386771080172647608e-02 6.308972086546464908e-01 4.588356339392208882e-01
8.493891876595466295e-01 6.164247393839802358e-01 6.768883190390561078e-01 2.565976454548668517e-02 9.163957655744910946e-01 4.538339302993318336e-01 8.734174452761800378e-02 6.894856503006080439e-01 4.270024489503624343e-01 8.035090529359819600e-01 6.424308754837616542e-01
2.821963618406275742e-01 4.124243214609780717e-01 4.414436908273315918e-01 6.024380110884427486e-01 6.552970638894396460e-01 3.672839911251407630e-01 2.682233520458137122e-01 9.422425312946677289e-01 6.681250351896895756e-01 3.514320005839906003e-01 7.647111743567437392e-01
1.713569902275154933e-01 7.181778127451156069e-01 7.391131229765806054e-01 2.789389978953122906e-01 8.714385043022363497e-01 7.263602602330899716e-01 1.565146484890799217e-01 6.264721329512489278e-01 5.495067022286481695e-01 6.745397465918040458e-01 1.288791222562784000e-01
9.406366852753563768e-01 3.778553475823953622e-01 3.588332544042126537e-01 4.195009380651637532e-01 5.970143052688798857e-01 5.897633730705199584e-01 4.921737590523438399e-01 5.394204329384633123e-02 6.521954332588730807e-02 8.146871048952333272e-01 8.055876741543169794e-01
6.353862761326605213e-01 6.284822337616094989e-01 8.288740693620304523e-01 1.112822397645393258e-01 5.669911880517033431e-01 4.693892688902855381e-01 4.728566296798757396e-01 8.131928546074888020e-01 8.297545965601611506e-01 2.769642256087613275e-01 1.320322041561614590e-01
6.162729694443050965e-01 4.297268994399986441e-01 4.161511745324969480e-01 5.126672183346083767e-01 5.009731073048231398e-01 5.715768597990656952e-01 4.976262559618782610e-02 6.887420064200900915e-01 2.096025761631051809e-01 8.138960069355690718e-01 1.771275782457605308e-01
7.814233140961674984e-01 1.570218905650431207e-01 4.622699935574434704e-01 6.484080922821733317e-02 5.670841643852735370e-01 1.284512581930563613e-01 9.992253869291158885e-01 6.110223543949591107e-01 5.029669546697330684e-01 2.774816286601429205e-01 5.444025570540337311e-01
1.817056126459282162e-01 2.841767853580257075e-01 7.590718420207187567e-02 4.192800837207694142e-01 7.841018692986397864e-01 8.429260599858147129e-01 3.740812287230931288e-01 2.016233942121069544e-01 1.498292662615632320e-01 6.498629412730438926e-01 9.490245978907307922e-01
4.235007435521247476e-01 9.183339210534456898e-01 3.471743208766987498e-01 6.163400026259424624e-01 3.137078954818564025e-01 9.992855034773417966e-02 5.874065684611935456e-01 1.779912381984373182e-01 7.147762283605685329e-01 1.823225287264150785e-01 7.127895650997290167e-01
9.042383478593485346e-01 5.099919136261331643e-01 2.787976550853555890e-01 3.839130907583192531e-01 2.880105991391861409e-01 3.767361094943667554e-01 7.409641312675564473e-01 6.100542070238568204e-02 8.117595774655748109e-01 9.259242336735638013e-01 4.721643760233759091e-01
3.536652960425493708e-01 5.952881892245759365e-01 4.248940244011087941e-01 5.361540010121765842e-01 6.053291775558623522e-01 5.574112779637464543e-01 8.609515566651397833e-01 2.142389083030434849e-01 8.571935893333050283e-01 8.054875516524462320e-01 6.900404284056408377e-01
7.807462910219906682e-01 1.113206617132290743e-01 3.778827863907497919e-01 7.507803935533055029e-01 9.208187082073744367e-01 2.063464391099101292e-01 1.733484459499794461e-01 4.478522681943681860e-01 4.893306917538170486e-01 4.466534756980389265e-01 6.462856730617483336e-02
1.914112381841470700e-03 2.762434789652298273e-01 4.943456246937553145e-01 5.340716315583839968e-01 9.616974046834856349e-01 8.544958278613533631e-01 5.816467208418849566e-01 8.450206727563358555e-02 9.174433507636389207e-01 3.926669261664358368e-01 4.207482911103985757e-01
1.342621088711141164e-01 1.702679893449920989e-02 5.103423937765944052e-01 5.935033021250513130e-01 9.054820604745683621e-01 9.008821105688800124e-01 2.950370346433732749e-01 3.712170010919471075e-01 5.352103724807882879e-01 9.853912031298939223e-01 9.904649773944681490e-01
9.850416263387636873e-01 1.066625419332366542e-01 8.086514040674137593e-01 3.484855730827680631e-01 8.075066099518658502e-01 5.192646853913729377e-01 2.197492155093887511e-01 8.331329263273802299e-01 9.493000953698748079e-01 9.262823540583066118e-01 8.348409432550616405e-01
7.491978202833731171e-01 2.917341562317909975e-02 9.690166618563137435e-01 4.745761523714934205e-01 6.717178065742038795e-01 7.649775776845247899e-01 3.504037562715311971e-01 7.304852787857969432e-01 1.502440392267702096e-01 3.287028184622259319e-01 8.708378501920118753e-01
7.708635454435207590e-01 9.830281617863223520e-01 4.575676504303258785e-01 4.391270960258508715e-02 1.166891732705201967e-01 9.276300456826007679e-01 9.030224348317761329e-02 8.941619130235867186e-01 4.058930803611526805e-02 6.985134647705695254e-01 9.919824320543790819e-02
8.996631204210934207e-01 2.389811069368975582e-01 9.933678722715740816e-01 3.231903534496205488e-01 3.371106533441315944e-01 3.207057908835134752e-01 6.657664754046486166e-01 3.954782826683813646e-01 8.192691331561571255e-01 1.146826674823357983e-01 5.321003809580104882e-01
1.943189057152608923e-01 8.486407580275456830e-02 8.732538631667162710e-01 5.916618180390306181e-01 1.369393938489282814e-02 7.476915017192929946e-01 6.182455506803140599e-01 8.989170714898101489e-01 6.765569303425933434e-02 5.623721522047444576e-01 4.657180084519286778e-01
1.603707607099753574e-01 3.586519041270898045e-01 6.827158212525185066e-01 4.293439328219061935e-02 4.471832763560927848e-01 1.474114980740537373e-02 1.204047046829217482e-01 1.181238570199056870e-01 7.338425444511051943e-01 7.474723712571964551e-01 5.045405978581792850e-01
6.635071273600300357e-01 6.727355786082295230e-01 7.749473723620814436e-02 8.744357574069172578e-02 2.576872295819143677e-01 9.155892281246553743e-01 4.852112213627015613e-01 2.710173377175064680e-01 6.211540249412288439e-01 5.597782325370845857e-01 8.051605177717414685e-01
6.629820723945957228e-01 1.337208065760803199e-01 8.800747367926063935e-01 7.022704175953525807e-01 5.943200169298262781e-01 4.707296723290333995e-01 4.068084631413776409e-01 6.063871050604028312e-01 1.660621526006418325e-01 5.580814160651100808e-01 5.086838912813756997e-01
5.101013831190592818e-01 9.483622267388429616e-01 8.343724651117139235e-01 7.275526885687444434e-01 3.528124608710484500e-01 8.051023584483617546e-01 1.112774909816252045e-01 1.113050981746233070e-02 1.373594722922323319e-01 7.210864185595524667e-01 6.737135685939731333e-01
6.088239152706030888e-01 1.849646649896382611e-01 2.494576138362333273e-01 3.280986970795483071e-01 7.015300452603416836e-01 1.387929112995235359e-01 1.975266224148216621e-01 6.536590354800496661e-01 7.773688991424456685e-01 2.823572807507620519e-01 1.743096575836159401e-01
3.535345999153400864e-01 8.303469316164426850e-01 1.871457828322026229e-01 2.754736587418015192e-01 3.411860316492214551e-01 7.084405797287214313e-01 8.980203369616346354e-01 4.185457862379372562e-01 1.084984439520708666e-02 7.267818130655789854e-01 3.971667596791778054e-01
7.448283412703393669e-01 3.056737984765517391e-01 9.393454904299128883e-01 7.638469172763866499e-01 2.969841816568596915e-02 9.629741163894242062e-01 1.036446561432364799e-01 9.854383804357349508e-01 4.696298256135713611e-01 1.445900265976245436e-01 9.415778355148249901e-01
5.213315414151783456e-01 2.909921908307189220e-03 1.102344060646983648e-01 6.423034141708908740e-01 8.855961570555581641e-01 1.748902268880463406e-01 6.102176931820347816e-01 5.964225602353294686e-01 3.405057157014798053e-01 7.749457462777141759e-01 5.511279387494690818e-01
3.710253370075510260e-01 9.269529297928351674e-01 5.564560171746334438e-01 2.663491904824648593e-01 1.493659206073206791e-01 4.984960047534980898e-02 9.931412249487547861e-01 3.391943231627658761e-01 7.160426755111924946e-01 7.262070356482986933e-01 2.937872384442310469e-01
4.030604565294699793e-01 7.729169205167550905e-01 8.230220690512758397e-01 6.509177484496981858e-01 4.516529531188614444e-01 7.331134885081346253e-01 6.342528348892724210e-01 6.631668561962562602e-01 8.876817988452131436e-01 9.644204267743405889e-02 2.761215290703540326e-01
4.097420481802316328e-02 7.501224427101402803e-01 3.770675360768158679e-01 1.146717938127564951e-01 4.636883014769239697e-01 5.194706583211475825e-01 4.991131065316847248e-01 1.912064064685981002e-02 4.360679748662407151e-01 6.745090386555145923e-01 1.605870369043178592e-01
6.428312848292959680e-01 5.333304068715383206e-01 9.953018199245795561e-01 9.926033808371684808e-01 7.616272766277396578e-01 2.797100263008597265e-01 7.885142091746316639e-01 6.503543153497586271e-01 7.726270236017236392e-01 7.364633326620384501e-01 7.745526816178845975e-01
9.807890838185935323e-01 7.579385612160879360e-01 9.316792608461573755e-01 9.920078099266047555e-01 9.716963042878679069e-02 7.097608414421419099e-04 5.265516402135167473e-01 9.753343903960240979e-01 6.643156891582184809e-01 6.595876104476939839e-01 2.003392762029343466e-02
6.158999753982667968e-01 1.129010037083512108e-01 2.366335507739483202e-01 5.942428326200454025e-01 5.512952578641077128e-01 6.818875353800560868e-01 1.102844226918636705e-01 2.585837110299942232e-01 6.756962347033642624e-01 8.852322782349424379e-01 3.781199956867872247e-01
7.072077479292341318e-01 7.301776119767560136e-01 4.298700182287248373e-01 9.316401197954353730e-01 3.532894008690650178e-01 4.424456338480224904e-01 5.111728374820769805e-01 9.875062423745195606e-02 5.150133763957461808e-01 2.953889134180095466e-01 4.652216951265198963e-01
1.930189022831158008e-01 2.475033327193244537e-01 1.414243279221658600e-01 3.385689157357307799e-02 8.881235626603233291e-01 8.604164408276725462e-01 1.264134879461461525e-01 1.952718145445615505e-01 8.298218039808791247e-01 3.989705439443407275e-01 7.175807784509075082e-01
9.102929277747962011e-02 3.913287819578695759e-01 3.024059334204877159e-01 1.144258212087533311e-01 9.739761022701747262e-01 7.037914756906312741e-01 1.384515188357577919e-01 7.484016026276099076e-01 5.084117823342668707e-01 3.044917260845825258e-02 2.682226775318502510e-01
8.704599626395155276e-01 8.326762199775298301e-01 8.855549039261936262e-01 1.613940310408709111e-01 2.224651953154912487e-01 6.585975630356073474e-01 9.120739750573814142e-02 1.435667204373767269e-01 2.682715834613227379e-01 8.112102724924704633e-01 8.332163998349301215e-01
5.152514835680527261e-01 3.915478875987891128e-01 7.791452831316184602e-01 3.776093629196415336e-01 5.934153801455779309e-01 2.104947650044708407e-01 4.074155230418531337e-01 1.819342508721885077e-01 8.661251038361680310e-01 8.799259345186395409e-01 6.058512047793138677e-01
5.080675010387704083e-01 4.253516133490370388e-01 9.185897149660865457e-01 9.388184666139187673e-01 8.316248698012632667e-01 2.592271445929369422e-01 4.245607444611658732e-01 3.626011449009890475e-01 7.023884062946066376e-01 8.349060668447874090e-01 1.195623610187596109e-01
3.053646749739524768e-02 3.108326460543435754e-01 6.915093121378190766e-02 6.036486323646392815e-01 2.342303946177947127e-01 9.690954020591860951e-01 2.814811013861839850e-02 3.705649304004117184e-01 8.618922312351902093e-01 1.278840085019380401e-01 3.898917544899079823e-01
4.015400925803986887e-01 5.305414632224323412e-01 5.107344422414672458e-03 9.275704510767299737e-01 5.580613067010942174e-02 6.202793067194053434e-01 4.671686929110951958e-01 8.951339959747606212e-01 6.042738497233941519e-01 6.912326086090949673e-01 5.958401955445542519e-01
