8.697640428695865289e-01 1.445183065971802350e-01 5.322612451238983855e-01 8.479989886067176297e-01 6.539416869301474255e-01 2.514508751679366272e-01 1.904407924885344050e-01 7.870480703665626576e-01 1.263159184450346473e-02 9.691171996406214850e-01 6.801238983395906379e-01
8.681207197387023067e-01 5.343881556000246169e-01 2.512731581127630731e-01 4.875434852735914815e-01 1.723503811304696320e-01 2.731173282851977469e-01 7.964495051010695992e-01 7.837330798980431945e-01 4.483334870208346423e-01 8.306380772287951242e-01 6.461175989389236207e-01
6.838540473024514732e-01 2.193918795961308232e-01 8.348074325931278405e-01 2.387503881478095780e-01 5.512023544414038634e-01 9.065294233601619567e-01 3.067184725560567760e-01 1.264902030644562414e-01 8.024002367265568036e-01 9.230880229755390465e-01 5.815815034816718132e-01
9.405663236604214772e-01 5.104672147628330769e-02 3.455882629427841080e-01 2.523536637573974284e-01 4.449301308335942284e-01 1.015376420100908561e-01 5.685400353998645295e-01 8.839490305249391167e-01 5.258830693560651026e-01 5.497589833482744437e-01 6.804529978412469093e-01
2.703402060719035660e-01 7.260632126943211695e-01 8.053880950667227090e-01 6.079799381345823983e-01 5.585071312566053381e-01 5.834277570342005781e-01 4.302395961578590056e-01 7.443199284527520776e-01 7.086656292651134503e-01 3.419488766394928048e-01 1.773150859905227028e-01
3.542632215908693150e-01 5.151859027254976908e-01 2.237119640905183005e-01 8.340037621708911164e-01 9.251024030025261080e-01 4.472432066230620507e-01 6.669278531955429301e-01 9.639947567063786860e-01 1.350710922637539113e-01 3.703349213922240146e-01 8.671514123819612507e-01
4.456762924285408989e-01 2.636681982406999802e-01 9.436149547917441760e-01 7.094185595124455901e-01 7.778227063540962272e-01 9.279251035558291338e-01 6.961343909125083940e-02 4.471475533480971931e-01 7.934641851849221217e-01 1.107251447989150428e-01 3.806477441206838064e-01
9.355673289361898792e-02 8.776553181843405049e-02 6.045166324794170043e-01 8.082811556669133868e-01 4.903307321916604566e-01 6.696080612046317881e-01 9.643426473558683876e-01 9.572694023430829979e-01 6.376754200092743519e-01 7.905645929859707044e-01 2.300133565358719601e-01
5.944037879516400613e-01 7.353648398533322306e-01 4.709791669621042898e-01 7.013311923582964402e-01 8.650296844871540047e-01 6.735952662969033611e-01 1.848894566482538471e-01 4.072960252682903404e-01 1.485818796704281297e-01 5.666840950199758531e-01 7.354449601477859311e-01
3.049253697580508460e-01 5.682611482199354525e-01 8.737116670562624643e-01 3.134982444603884311e-02 7.276755460169281875e-02 9.122421405205305422e-01 2.788143471312669597e-01 6.326630637123775713e-01 6.226866362335435889e-01 6.889469220020605356e-01 5.720342861163446591e-01
8.851958185107511312e-01 8.371623668706740240e-02 5.096592731942128918e-02 3.269902283813814758e-01 4.824852794919055610e-01 2.701642046231573779e-01 3.893090888458338172e-01 6.585966128272811027e-01 7.823123718469986443e-01 6.071240915242518410e-01 1.194458923594661215e-01
5.244101885499052873e-01 1.645281370173706792e-01 7.896692000114713395e-02 6.182045708864493117e-01 3.329637210088505217e-01 2.656450819472517821e-01 8.675093032395032600e-01 7.249762252704703425e-01 8.530799456220057309e-01 8.181163931591894922e-02 5.944259051655885751e-01
9.271134408114128922e-01 2.823744626573457817e-01 1.925059597947529344e-01 7.147747156440191763e-01 6.667348186214980821e-01 3.989886017091600623e-01 8.991454104108953516e-03 3.178449829067000465e-01 1.099781723313386639e-02 2.352808718352932260e-01 9.171538204258348204e-01
4.779572632838658963e-01 3.891008388738038670e-01 7.364605021932093543e-01 7.024859368927246495e-01 9.484907261420862934e-01 2.491193303095701195e-01 2.737550598025638715e-01 9.091332531813455242e-01 5.443068375484259036e-01 7.190493741664182314e-01 4.986612232480970297e-01
2.699721843528657406e-01 1.308202380849420310e-01 8.529002614709148000e-01 3.845197209758288714e-03 3.458334750616934850e-01 6.531419073342630277e-01 9.452890438157729447e-01 4.520450753426162871e-01 5.763310004344480708e-01 5.338930968059691917e-01 5.659554924230113526e-01
1.026221102204121216e-01 7.041017993534477437e-01 4.548614995301256680e-01 5.143638032502642066e-01 3.764718875349617466e-01 3.929253526040022981e-01 7.913812931884287583e-01 9.574472416561637944e-01 7.102840061259370064e-01 1.939430952132826791e-01 3.703358982380442477e-01
5.850299791995244858e-01 6.333704870754921501e-01 6.063278274099971332e-01 3.417752827660295312e-01 9.333989496707556510e-01 3.617911041917774018e-01 1.837444717978176101e-01 5.301739343218945244e-01 7.496193472505157107e-01 8.606651690774910213e-01 4.129282299245590204e-01
7.429480266410702916e-01 2.945584369442563188e-01 5.304949625434873806e-02 2.566071049525638914e-01 1.570994141733783600e-03 9.716271854577472888e-01 2.301345673652591683e-01 7.391928135212655349e-02 1.923260992448844187e-01 7.708412983707246813e-01 1.387902425814505625e-01
6.350842570607070359e-01 1.820629744022509433e-01 5.566421971056131346e-01 8.591170178191213092e-01 5.393580214261233241e-01 7.729491726059655177e-01 8.872245478332669855e-01 6.926660008073639574e-01 9.458742488295073247e-01 6.311561687718258984e-02 6.242823780722549509e-01
2.413878822352959475e-01 2.078025220797328210e-01 7.094881846544367487e-01 5.396657061200902383e-01 3.569190220038835903e-01 9.462978547846538913e-01 7.130296181492196128e-01 3.803759817803181731e-01 4.595239986436856494e-01 2.438998834495089696e-01 9.141148384927433312e-02
5.829293303121246828e-01 2.252748114310586525e-01 7.209631028936875907e-01 7.376216600865136419e-01 4.288820635397476710e-01 1.971146126794376396e-01 2.719110022538799853e-01 3.225018015896689016e-01 4.644090382910897041e-01 9.236007676222287577e-01 7.185220541593801968e-01
3.464493069013777626e-01 5.725041300417631485e-01 2.407047468438012761e-01 8.385554335823039995e-01 5.052437090095200922e-01 9.828269373771090223e-01 7.622717153700026005e-01 5.274281435589320832e-01 4.132626229280801367e-01 9.757688907223331931e-01 7.797994358252742231e-01
6.485024757635758919e-01 6.859270578616512015e-01 6.301858650833405129e-01 7.527892517538159467e-03 4.249340998682096249e-01 6.781509548386247532e-01 2.719959719404341225e-02 2.021866022725766765e-01 7.533168749535633646e-01 2.599998510249051931e-01 7.810331368646220573e-01
6.030433771435317336e-01 9.351745742488205559e-01 9.402779515161672208e-01 3.696927683661792585e-01 2.338541764372069620e-01 7.300652411567655209e-01 7.607785348299875849e-01 2.408773109806152668e-01 9.003157511211478115e-01 7.211386707684666053e-01 5.971975725006046787e-01
9.726849500228785805e-01 9.826170720983411488e-01 9.888017588553232873e-01 2.492438089134036971e-01 3.907585787541816291e-01 7.743904952403067865e-01 9.277649972303325665e-02 5.967403614276108881e-01 9.376227197396367341e-01 3.295592022899684892e-01 1.078260352258337829e-01
5.528192093643509164e-01 3.339179920160849635e-01 4.502595235662493200e-01 8.087486856592424056e-01 7.464020109720576057e-01 4.789167357446473261e-01 2.045446179498621175e-01 7.995046792932662960e-01 4.938702820137260696e-01 3.695385753326804190e-01 8.378315179458057926e-01
2.523609642956742283e-01 8.432616945987824186e-01 3.346198072141078894e-01 6.617441918817610347e-01 7.100194924999920776e-01 9.702461774070367806e-01 9.480297254930404316e-01 5.143623227297529077e-01 7.612908606443078430e-01 9.377528067148388491e-02 6.110206203454892071e-01
9.780707183240437974e-01 2.103696010679432238e-01 8.959133585820948653e-01 8.687472072310896687e-01 9.725560280025956628e-01 1.136261533448200689e-01 3.086524934312089297e-01 1.053068619718511290e-01 6.337008105833366045e-01 8.435932048789841486e-01 5.020046375954396733e-01
4.849085771070101858e-01 9.282425223516932444e-01 3.010353536569762012e-01 8.798132798985354164e-01 6.047220704788831558e-01 8.829630556879772829e-01 1.656998372265223729e-01 4.607877651454126422e-01 7.775758691423125812e-01 6.348460211505272399e-01 7.504222639217827950e-01
2.895152261053006715e-01 5.115484169684291205e-01 1.616967001825001526e-01 1.374115739101338107e-01 9.143352531862232180e-01 3.268352382015939916e-01 7.854614982069330065e-02 5.977749532883837036e-01 8.827428698832988641e-01 5.694692077541312347e-01 1.349560085584081692e-01
4.062367951743106609e-01 4.845054375125319446e-01 6.997482031804268532e-01 9.151153458181333633e-01 4.233293833620256352e-01 4.706464429784189551e-01 6.116609395502125013e-01 9.059248051737083252e-01 2.676179046251798699e-01 4.562319317744936154e-01 7.823323139094702228e-01
6.378979209072156431e-01 5.323123029470906431e-01 4.986799589623979179e-01 1.517680088918983428e-01 2.518515315154153944e-01 1.773077250866154086e-01 3.534346501858290912e-01 1.393506182058754650e-01 4.630117574449094109e-01 9.360922669140894214e-01 6.401041698388658663e-01
3.914951533821864338e-02 3.351328946829968958e-01 2.429954895623409605e-01 2.560324030012772756e-01 4.585498171048669747e-01 6.704106191258979441e-01 9.205824115666485508e-01 6.554240511411224546e-02 8.568995249052467900e-01 4.145195422243552752e-02 9.631752948557450456e-01
1.124717771591052795e-01 3.620978223184512235e-02 8.590006325370362905e-01 1.555865300939166529e-01 6.042744612754591405e-02 8.805662525156774390e-01 8.816447551309281039e-02 6.384252577254893035e-01 9.473429096743241073e-01 9.176877529726363836e-01 3.451828207146676597e-01
2.742337604773849025e-01 3.750190116167850807e-02 1.999221287423225135e-02 3.578053011231733249e-01 9.774992238519578658e-01 6.318765435537230246e-01 4.597803491059277992e-01 6.967112582312431357e-01 4.539249685409881829e-01 4.656908160259919383e-01 8.224116122156251985e-01
2.791368373721230256e-01 3.362124049544701343e-02 5.780584881544993392e-01 4.555179586124258329e-02 7.043949701436967858e-01 9.576762918413841419e-01 8.204700551741307413e-01 9.873579250266111274e-01 1.487472118683069722e-01 3.735502862226485199e-01 1.652789350158263559e-01
2.325663391032795069e-03 7.600028909766902707e-01 4.860563797937407227e-01 6.908740551159543442e-01 8.664116970020204755e-01 7.730378338515091485e-01 5.739816753824882323e-01 3.103693356645814694e-01 6.127280037232621934e-01 1.071676397428106275e-01 1.472206596583615079e-01
2.330698590380375634e-02 4.686677999710637810e-01 8.593449638932822987e-01 8.607977762011069789e-01 1.751745087850617999e-01 5.972398326704960736e-01 1.956944391626438406e-01 2.275142491583779236e-01 7.844970277637202116e-01 3.573799781003518250e-01 3.938610167207756696e-01
6.165576589811189168e-01 7.679451746992601580e-01 3.077581285567980718e-01 5.202846865463817139e-01 9.286376754686714863e-01 3.959587675272855378e-01 7.453409587908724765e-01 5.810191446250423386e-02 8.405402221566912191e-01 5.607155801356362712e-01 6.183621917557976522e-01
1.226496766871981725e-01 6.170820739071614103e-01 3.092607453646456506e-02 2.386277068679357738e-01 8.226487876576622504e-01 5.222559285430485865e-01 8.143768420759538440e-01 4.444991957812147731e-01 5.434760852469353587e-01 7.992475397149513272e-01 3.255581644808784869e-01
6.165043104600709256e-02 3.360467896845280578e-01 9.991480703523586415e-01 1.227119696371998803e-01 4.602080906005129313e-01 6.550335228535634213e-01 8.206982089596301932e-01 2.685043296496667509e-01 1.129003649599144010e-01 1.454352475324428573e-01 5.539198462638571518e-01
8.380484056915661339e-01 8.008026439189852574e-03 6.040057518123441715e-01 5.482593735803320545e-01 8.540824969823388457e-01 4.104912569642090725e-01 3.409494853121489699e-01 1.363118320464220545e-01 5.193010238885352736e-01 1.919569288894813486e-01 3.608896237766653359e-01
9.762213980339194963e-01 5.685524853740369089e-01 6.890398779920786643e-01 1.887724275902902260e-01 4.841487270960579403e-01 3.009921652696592176e-01 5.504210161858464900e-01 6.827566772553561592e-02 5.217502190753937619e-01 4.566799842666130482e-01 1.815089045244999699e-02
9.522321702206367755e-01 5.492694263711328517e-01 7.680893097435557149e-01 7.229275231681264735e-03 1.396908040053501665e-01 6.219465997225283038e-01 3.664203028832644371e-01 4.497137819368958178e-01 4.699719833916474743e-01 1.616402690827025701e-01 9.430450476550785721e-01
9.308509777605191715e-01 4.110189530472302399e-01 5.009595690884095509e-01 6.677552699241751100e-03 6.816840304424931496e-02 5.265396782930586994e-01 4.341994306629124445e-01 6.462276490297903520e-01 1.665295526317245312e-01 9.803492147572434590e-02 5.752881117151982249e-01
4.528413042161143487e-01 6.300496294637608630e-01 1.084722475709097855e-01 7.088191621373217677e-01 4.387308640555923622e-01 9.823588400316004554e-01 6.179588753901930076e-01 9.432474038882188161e-02 1.157160447217737698e-01 5.049963640501847761e-01 6.472041893250802813e-01
1.182071599673027995e-01 3.839558551291549771e-01 7.208777085662415596e-01 6.715784887474344211e-01 2.721888659185124348e-01 8.477127865075692048e-01 3.826274583611576352e-01 7.407606649190275894e-01 8.685684998254300515e-01 7.716742902694569972e-01 6.224145619244664251e-01
1.591220628798806214e-01 4.896889667572196236e-01 5.728206548746316296e-01 9.904316023612969033e-03 2.628144547672034426e-01 7.859956023554485194e-01 5.816079873533364086e-02 4.798237054583021077e-02 5.315036002767042911e-01 9.864106202398236212e-01 4.785713701671377995e-01
6.257738797450268509e-01 9.297032435203432810e-01 1.985050966744805745e-02 7.132429289965965813e-01 1.324103815901207515e-01 3.673292206554930051e-01 8.821108512056772266e-01 6.439481790472025846e-01 9.017151094477926510e-01 7.817241221449974242e-01 4.328813358501231168e-01
9.471220625271183913e-01 8.082934967473748289e-01 2.463331235747436843e-01 9.650498726386429471e-01 9.531636194281798424e-01 8.570240842943206427e-01 2.376620013573481627e-01 1.952562809580218328e-01 6.647337289649142278e-01 8.153066601247938028e-01 7.448356484647337128e-01
6.836771988575037762e-01 2.458116921725354009e-01 2.623566841688734774e-01 3.121461921218909863e-01 8.050672625356439793e-01 3.216167660224373837e-01 9.678376936071912962e-01 9.724097155631045153e-01 8.908327042926286188e-01 3.885687308869322232e-01 1.484668656216877602e-01
3.665095153903642489e-01 7.293507023990719595e-01 3.671452166105072523e-01 2.181458699625326014e-01 8.081739530498244228e-02 4.322546969913055870e-01 5.927916817958708284e-01 8.700559092403437056e-01 6.409817950645124718e-02 1.374608939329202695e-02 8.757754157349053603e-01
3.562785640246285412e-01 4.922705333764432201e-02 3.524042683880446170e-01 2.116116801169288797e-01 5.636539604819041926e-01 9.987914581096714040e-01 9.795304855144468803e-01 6.019897855338807169e-02 7.267189744757723835e-01 4.478694663557138966e-01 9.763211002067456734e-01
8.189315316688661195e-01 9.453706111195465667e-01 8.499402005442503460e-01 3.702146541602909791e-01 8.782718919195215967e-01 9.140850943914244908e-01 7.734313460219066627e-02 3.147026634272824808e-01 8.745740668749646396e-02 9.631529091044491730e-01 4.283702037736254464e-01
9.955167008740336554e-01 5.678079837893853510e-01 3.091521719536249879e-02 6.669461444673302486e-01 2.878465729638045589e-01 1.299001624620971240e-01 6.693619724542057003e-01 3.566561032755577454e-01 9.866556091452461930e-01 1.023386861221764477e-02 9.659457394922997819e-01
4.646532052673761903e-01 7.872561170854347479e-01 9.569013160698065512e-01 2.725479238043506669e-01 8.359412097066885039e-01 5.096534758742289339e-01 6.178460087346610008e-01 7.925221480263876517e-01 3.121280393224635796e-01 2.318570513195167271e-01 4.853988883062742010e-01
3.565978272879315458e-01 7.150089436586970493e-02 2.085785888107551944e-01 6.485062510500135824e-01 2.290268860096286163e-01 2.832522440490669036e-01 9.267575419492419808e-01 1.458295537620932780e-01 2.829002655550857392e-01 6.846637714195555890e-01 6.468548828018753083e-01
1.559775841513696415e-01 1.161335466177856324e-01 2.821560560887057534e-01 7.884827891009831280e-01 5.693440040171479088e-01 8.125057428602813214e-01 2.446611111578267383e-02 4.972517830251226290e-01 3.959309760544880152e-01 1.577596434665917702e-02 3.924546381410832785e-01
7.838256754121641912e-01 8.909252243663237092e-01 3.673440506961116458e-01 2.358344552596380872e-01 6.606626232286049172e-01 1.213785438358665481e-01 4.469480341900874398e-01 6.356379121272439647e-01 1.363474111701398206e-01 3.556177756939646883e-01 3.820680975817153380e-01
4.822034162041634042e-01 8.931000179254775517e-01 7.291564044080560691e-01 2.072862093527046978e-01 2.754802545502536004e-01 3.608352825662267671e-01 6.681228725198105067e-01 3.066180693885275366e-01 6.682255438140933812e-01 9.266462962537612702e-01 6.500703360095501093e-01
7.080221179763475092e-01 9.423105409049979952e-01 7.204536628672754128e-01 3.164010480812611270e-01 4.770852428100229581e-01 8.441077568306256662e-01 1.703339884002564864e-01 5.922226655618701985e-01 7.005816282429638830e-01 6.303449420895272937e-01 1.549402535636013045e-02
2.922045316316457253e-02 6.728897822717927468e-02 6.392594868508849615e-01 7.145451636993341848e-01 5.350019115743790410e-01 3.242124408766358101e-01 6.180200161641683509e-01 8.508930447026348265e-01 3.485541148689376145e-01 5.439013237436451931e-03 2.987107119077160311e-01
5.874558175341966226e-01 4.839338079071575649e-01 2.438554255226992318e-01 1.287933970180821230e-01 7.333297330521529878e-01 1.718105427525989937e-01 2.369292205957471698e-01 6.801353459981638316e-01 7.875143282333386674e-01 9.230165808495413016e-01 1.029009206308995061e-03
3.374973319006751016e-01 8.459108789028180198e-02 3.129094362732639523e-01 6.250447833534298336e-01 1.478235669257793594e-01 6.659854232420403530e-01 3.462313235350931162e-01 8.696399888306816095e-02 1.043700732067213144e-01 9.993497172281307073e-02 2.267936369810165109e-01
1.799165633441482948e-01 5.007659121734610030e-01 8.113304672914901650e-01 6.728818013906247009e-01 6.950730161375943128e-01 4.102180908941708282e-01 7.000425886874384052e-01 4.379868421265978862e-01 9.253469903531041929e-03 9.896414307779091146e-01 7.211783428429925369e-01
4.413231463139239974e-01 5.337126439303366832e-01 2.414900754433059182e-01 9.489902267905218070e-01 2.488664368586719355e-01 5.619797827065887708e-01 5.717442825735232770e-01 9.777969712469343211e-01 2.676880645690777882e-01 1.246633721950931584e-01 1.882548936303125586e-01
4.553839329293197791e-01 1.650471543256193385e-01 9.644594236276854415e-01 4.896718583482496667e-01 1.712125939191651014e-01 5.297674933546394627e-01 3.690135576736457423e-01 4.101041014226095571e-01 5.906194459273517161e-02 6.912786447065839557e-01 8.261365694342639454e-01
8.793374132545220823e-01 6.592394423413722171e-01 7.221263490845917232e-01 7.977754983880558370e-01 1.590776090836631962e-01 8.655886602363301874e-01 7.031636434774314326e-01 4.864645882412688138e-02 2.876428879122167048e-01 9.551743514430466320e-01 7.200867139706413900e-01
2.529953378284199861e-01 7.500158676450545681e-01 9.152609639784931028e-01 8.829983219843019482e-01 5.495964812523860266e-01 4.952190542819819852e-01 7.504392992133943618e-01 7.511888279810311486e-01 9.166973470938684088e-01 1.068644576321148287e-01 2.714880906066311494e-01
3.266012658698385085e-01 4.891632126740347308e-01 3.062393898842952211e-02 5.141265939970053322e-01 7.156834885159435444e-02 8.303834269948713320e-01 1.734684408143163381e-01 9.345602566414380474e-01 7.459413468093001320e-01 5.890951132475806817e-01 9.063579751880844748e-01
8.620012503108031021e-01 7.632435869270092210e-01 6.444858636737826885e-03 5.197114571590651932e-01 8.487892486967008043e-02 3.794663714754524797e-01 4.019643795513294648e-01 3.521760626321754906e-01 2.163934136479926940e-01 6.436405165554107688e-01 6.371232118970961977e-01
5.820852149508528584e-01 9.648975066930366440e-01 2.073867894100956955e-01 4.750734305595682994e-01 4.836768757729250634e-01 8.382455639977989259e-01 7.377707444357918254e-01 3.125701911755418561e-01 8.240839094063256987e-01 7.849105870138818331e-01 9.032647420728675547e-01
5.224851937484490394e-01 8.985250709353471699e-01 4.886807189283483011e-01 1.454621794424114656e-01 1.965823136843969365e-01 4.427990630469144095e-01 1.144549828603271813e-01 7.741488129062471524e-01 5.877108841530966910e-01 2.721310614660645832e-01 6.136625399552317894e-01
3.166552338447498061e-01 4.625877562922424691e-01 2.046670962876666611e-01 9.495819792863893216e-01 1.614101109310632776e-01 4.960516314079431721e-01 9.961364733794375592e-01 3.264765027065855696e-01 5.923857095202649248e-01 1.200711309373988511e-01 5.436342264526303758e-01
3.081926116745804523e-01 9.715556765577695320e-01 2.649692783995540868e-01 8.486774063901102449e-01 7.983841661489377017e-02 6.164041557043642428e-03 5.555104265433591371e-01 9.932675778682649170e-01 8.641394014632888254e-01 2.855764180876271263e-01 4.309553233312206633e-01
2.574895476915298742e-01 5.166843876661140200e-01 1.250432699654024926e-02 8.466012176189683380e-01 5.651864235242485268e-01 4.707251863591204177e-01 2.803898844929657574e-01 9.518019006619049538e-01 6.179838975988067862e-01 4.572309867650492521e-01 8.534543654716613137e-01
4.989400403157377983e-01 3.687107071141504377e-02 9.692190527246972165e-01 2.318162607364268046e-01 7.263739321100050050e-01 6.965573557114516090e-01 6.149720246986649652e-01 9.261112006527860707e-02 7.601072808419740978e-01 1.879216783888187914e-01 8.101216395184108743e-01
4.030080240697849758e-01 1.424346560056111155e-02 5.340088766265694842e-01 4.524774400894432391e-01 3.261921228620743296e-01 1.579725066561713520e-01 4.080046581339527023e-01 3.823321777056064574e-01 8.547502973372951285e-01 8.251264976426301301e-01 9.886915794108771527e-01
9.820580079963781017e-03 1.516860068108942805e-01 5.787141041341572478e-01 9.402195607455332560e-01 1.572001447890392090e-01 5.097611947989649783e-01 4.540062769284755051e-01 7.773782007174350195e-01 5.427403819339104984e-01 3.360624803337403099e-01 4.182954788167625448e-01
4.334506140196316970e-01 3.856117826071044918e-01 9.048941345376207979e-01 5.655261188112226112e-02 1.648557520147283517e-01 4.267884090304419065e-02 9.804376895004567327e-01 4.426216931812904098e-01 4.864870334824197284e-01 4.449212480959189309e-01 6.050157722061904053e-01
5.616699936926861092e-01 9.087026046337495222e-01 4.264822478347468637e-01 8.387489065813114042e-01 2.791549920589628808e-01 2.069767219045398621e-01 7.483596335246723852e-01 3.840513363077741049e-01 5.601899140791410936e-02 5.211170094022943289e-01 6.824466243896765150e-01
4.124906324944949132e-01 2.299575866601878404e-01 2.463961428402234866e-01 1.074561344672143592e-01 6.509477749129596313e-01 3.462691333447444064e-01 3.368565157759993989e-01 6.458457497775927925e-01 4.328147470483089121e-01 4.180675771780215655e-01 4.678549321440014230e-01
8.818206061374466165e-01 5.700756013162300295e-02 1.521405436953656709e-01 1.505703270071478972e-01 5.237733052788395849e-02 6.145791073804671711e-01 5.432240702538205790e-01 4.774606837997849018e-01 1.227328745795541742e-01 7.175651681974752893e-01 6.742116903269008699e-01
8.296803888357762169e-02 9.772138903820543065e-01 1.692648789334409987e-01 5.584615642260838397e-01 1.984830393471800347e-01 3.516435275697867846e-01 1.102347779964145680e-01 8.816522281095406921e-01 8.439147748231851098e-01 7.470606342922813115e-01 7.336946472389455076e-01
6.982634241132420483e-01 7.598797747911987255e-01 9.923861399718065801e-01 6.081694277224377609e-01 6.994631600239884506e-01 7.066432443645069839e-01 7.069756324008614756e-01 5.738082298589527452e-01 6.901735798681488676e-01 8.320655400053476036e-01 2.553955403110474975e-02
5.639574768863652166e-01 3.115072829292113710e-01 4.822775781952174379e-01 5.225426258351500985e-01 9.599551412422911989e-01 8.545475350820614935e-01 8.568650402752322481e-01 6.632012863095536614e-01 4.347974096329754179e-01 5.963093677897102207e-02 2.942452612319095273e-01
2.447181841708769845e-01 8.007195505512751943e-01 8.014243689953653993e-01 8.356675864671354592e-01 2.320326266488139666e-01 5.627629144051079502e-01 9.768334782113916592e-01 4.300361418136816605e-01 4.571293049022259192e-01 7.951451624190777334e-01 6.714805530325712590e-01
4.854281441324875823e-01 1.373258302264257491e-02 7.586319956071740922e-02 5.037240012140543621e-01 1.426398648046146578e-01 1.605261369612627220e-01 2.590553404888784605e-01 1.504591583990987358e-01 5.712019311433697011e-01 2.717394333298803755e-01 8.303352104812912193e-01
9.411237687563156484e-01 4.141771036483958834e-01 2.318695173541012178e-01 8.427374553525005529e-01 5.369628842756651865e-01 8.437408745255129405e-01 9.383106497775735022e-01 5.235262284490465046e-01 5.655870866734156177e-01 5.399086709823108787e-02 3.134844799266518489e-01
2.978868366156798286e-01 2.090868754651683536e-01 4.774394904736642964e-01 1.625528622083991515e-01 1.700498164324243389e-01 4.658564005769990635e-01 5.218299873103631192e-01 6.341122536105144869e-01 2.371297825029398121e-01 2.959093796001180943e-01 4.585806053723160414e-01
1.119053122312763104e-01 2.046221670857453212e-01 9.504913435595421234e-01 8.028442975602708698e-01 7.165875650596049695e-01 9.584125940084101680e-01 7.759283683315809643e-02 4.694012402717913091e-01 5.909131443172224163e-01 5.984941899549900413e-02 5.005241229024782745e-01
7.195566935479684734e-01 9.152598626638941415e-01 8.659095904915663500e-01 4.345410986334108383e-02 7.995212605625461322e-01 1.163727409128574308e-01 5.411487442754853161e-01 9.616310641388975400e-01 2.918229872579644057e-01 6.577571093215779374e-01 1.145280811526125930e-01
1.045335866101038125e-01 3.577713140691592963e-01 1.919319335448419483e-01 8.256250554337117853e-01 8.573107368104848636e-01 1.288743217155963183e-01 2.385559397670373727e-01 6.615798448437167911e-01 7.986881781899541899e-01 5.911640772961598289e-01 1.525582119777040280e-01
7.838753232774975377e-01 3.308172370412401087e-01 2.806539672869188262e-01 7.820107060928973564e-01 3.149142740706084576e-01 8.345659506369625946e-01 2.271458321144725900e-03 4.972437574881662936e-01 3.314946714956218399e-01 3.183749271139743042e-01 7.513060053949770500e-01
1.054761045538984421e-01 5.909412668052156370e-01 8.709646325757207652e-01 9.550937322897891102e-01 8.287271807874643237e-01 4.994304272595463390e-01 5.929077977188176307e-01 5.948593318057989743e-01 9.409869171889947426e-01 9.688205234918645381e-02 7.806010700207038910e-01
6.905332941703701266e-03 7.893557809255288271e-01 9.451342193967152694e-01 5.426887517604584987e-01 2.163804132893324406e-01 7.386160911231940407e-01 9.649054180033308503e-01 5.994993719564891688e-01 9.709814556314503298e-01 8.997222623059486502e-01 4.719066388271558887e-01
8.972558098773205648e-01 2.198615727425760058e-01 2.579481268700707375e-01 5.935740921520794577e-01 2.120180551407170322e-01 7.632183230285682907e-02 4.799335895844477617e-01 7.953795928289143502e-01 7.406693630366131265e-01 8.293974585901124907e-01 7.366550000750151650e-01
2.879875164565204315e-02 6.137354380508927010e-01 4.079471035861865769e-01 1.259060798855080598e-01 4.559680122043241468e-01 9.653735100025373495e-02 4.718156855185406950e-01 9.405766480186587009e-01 2.661517882544904845e-01 8.779420402870232731e-01 1.523269219024943055e-01
7.086901535703185040e-01 2.428027074358892756e-01 9.916702722075775300e-01 5.517717587246411259e-01 6.683125924974233634e-01 7.114849446408041400e-01 6.121404286198404154e-01 4.782021224171241203e-01 9.839349200080430569e-01 1.608547832843935099e-01 3.165707342807788649e-01
8.832577711255655828e-01 5.311862108548721650e-01 2.684981720593195842e-01 7.720585910063183510e-01 9.629909189374875611e-01 7.330805380278893058e-01 5.428568779140896527e-01 1.694811507941439421e-01 4.437498194769771143e-01 5.133788527903153653e-01 2.032778279391512788e-01
