5.362427283473761852e-01 6.038042840711743686e-01 4.760973738410598788e-01 6.345436824688308608e-01 6.784584357567693402e-01
2.416397935158010046e-01 3.853982291986121078e-01 3.564145835942548191e-01 5.594389204619238942e-01 4.347870804623191754e-01
6.334834202942197789e-01 2.850578594134988153e-01 5.064385270666295069e-01 7.710356997159012460e-01 3.867736633814877756e-02
3.603104246681503309e-01 6.137301731086907131e-01 1.146517382082369307e-01 7.835719175854407581e-01 9.069434747964040255e-01
9.086616323633357473e-01 8.092892724858086195e-01 3.051052361441721761e-01 8.520554914751975462e-01 1.515201055275960940e-02
7.807012625215613566e-01 5.687015125426353457e-03 8.601780669696381665e-01 8.748818266120547138e-01 9.055485193862976567e-01
3.359957654296161778e-01 5.934568379060383148e-01 2.763827834128846916e-01 1.994540456161764119e-03 1.242023913113287081e-01
4.136574458369883800e-01 2.679809869998858174e-01 1.073622521453924117e-01 4.737459704867699184e-01 2.506884802327127293e-01
6.755247534082432503e-01 7.449885488184446736e-01 8.813106245989721366e-01 2.767341784291810214e-01 3.911377965841655868e-02
9.717597562095028341e-01 3.453791198720751465e-01 5.209572868833575177e-01 5.760098325385042406e-01 1.352230390696854689e-01
3.313458409673196714e-01 5.411540241023133913e-01 3.857434563510367953e-01 5.230107759725921568e-01 2.124042290126121335e-01
5.156352757741854420e-01 7.267395941834724482e-01 2.720910120571689017e-01 4.311334329193683423e-01 6.186446691714476698e-01
1.561224917773081922e-01 9.493216496523115833e-02 6.288254058723564688e-01 6.732325418020639329e-01 9.502373452545422872e-01
9.583020621506126435e-01 1.922432612293780707e-01 1.292458147575599181e-01 9.714652633581897234e-01 1.523802836825076668e-01
3.210903699865345073e-01 5.117728415006468357e-01 5.357014564998094919e-01 2.651055376544023678e-01 1.637120179945670273e-01
8.045221686427068697e-01 6.160601246439770806e-01 9.861095233998848908e-01 3.851162372112482135e-02 4.526166378436615734e-01
6.140022999206181664e-01 7.177153973472935045e-01 8.314041522393852413e-01 7.385104767070016507e-01 4.220545866571496774e-01
3.251264119847671052e-01 5.180394703390573952e-01 6.874048376032667607e-01 2.710812521448880963e-01 9.611475932624836682e-01
8.073297097272991163e-01 9.615621692848649316e-01 6.258022116692758541e-01 9.228497970042797149e-01 7.578117306839055045e-01
8.107123030077211245e-01 2.313011702689100613e-01 3.242555045560113758e-02 2.360388670715446446e-01 2.513554281733938467e-01
2.691872899809595321e-01 8.997587712483366973e-01 3.385319750767379343e-02 2.300657515320778668e-01 1.183188509714593328e-01
9.689943762941185534e-01 6.359920974638807456e-01 4.318391234584573191e-01 5.079282021248654466e-02 6.685663828797652197e-01
2.078599933383650233e-01 3.344599536553626296e-01 1.685461573556795711e-01 4.525536334372064484e-01 8.626025725509492981e-01
2.430719607444488117e-01 4.270486601077172484e-01 3.901050286769958131e-01 8.524782039934136746e-01 9.681484365576088491e-01
6.023657218456272000e-01 3.865075571081046935e-01 2.250286829414087642e-01 2.642641507916432264e-02 1.674409012929662932e-01
3.485286289491823508e-01 5.158947956408640456e-01 5.602581241977838689e-01 4.212926351447343620e-01 6.018005768120138210e-01
6.579902772900354524e-01 4.210873957765154385e-01 1.368102761872681539e-01 8.919977903102914718e-01 6.630717434278866618e-01
6.658355116861273126e-01 3.498055336054333164e-01 2.860345014813822084e-01 6.285465499697899805e-01 7.123249357074422639e-01
4.696830794644820672e-01 9.391103764857832159e-01 5.859656605711954791e-01 1.895495372976344628e-01 5.279178297492673755e-01
6.763592079269877821e-01 3.071399724313502722e-01 9.001846450999873017e-02 6.148188648943635481e-01 3.233459284448274573e-01
8.548692587958456324e-01 5.719833017253993512e-01 2.976728983549313812e-01 4.219984051494107824e-02 1.603464094035808030e-01
7.114791095764602114e-01 3.191855452587329944e-01 3.916339169216719318e-01 6.764231725974387821e-01 3.600068144866249709e-01
8.155589601837150981e-01 1.338568181360184628e-01 8.791589762005433961e-01 6.841490060715630372e-01 4.619132663197529354e-01
2.074712383851964326e-01 2.605396693297860056e-01 5.523770686810158814e-01 4.797717418617000185e-01 6.013785170192448293e-01
8.839362776358083984e-01 5.955566200383943798e-01 7.447627541169277166e-02 6.556288110711478989e-01 2.857737111933278396e-02
5.028738550435817301e-01 5.658521625116830212e-02 3.670256190797185347e-01 1.871074575526376904e-03 2.667725627337873551e-01
4.532955933119422465e-01 2.613139589690258724e-01 8.330181460223851087e-01 6.784554915838049149e-01 9.594206701743841492e-01
1.420369343103315973e-01 1.061931360337097230e-01 9.649052396216004635e-01 7.356266087591238900e-01 5.350574883739246390e-01
6.968753537392951003e-01 2.962164928591379809e-01 6.077535841936700933e-01 6.927352724764835878e-01 8.075350947532035084e-01
4.385917270384367406e-01 5.886934407618646947e-01 6.413781501532800355e-01 4.120889589762326555e-01 7.333889002138447299e-01
8.043493611301140156e-01 4.493151608152690102e-02 5.903686667657450649e-01 3.974585697924722938e-01 8.831879885487509130e-01
9.013821039829172932e-03 1.839417023104463755e-01 7.810812227970748145e-01 9.684460046778392561e-01 8.369186764362843700e-01
7.376117431327550156e-01 3.986723908017736351e-01 4.706345861933580732e-01 8.845301434148280517e-01 9.476495834878934099e-01
9.748966225205490943e-01 3.067986936140197907e-01 5.092728240681474450e-01 4.484171615523099286e-01 2.034081107930151289e-01
6.572759195089054041e-01 2.515210849434823537e-01 6.557172858968064455e-01 7.114710557275318870e-01 7.183910730279116086e-01
9.490455139412190544e-01 4.282349100195879110e-01 2.764970210558138630e-01 1.544790297147381475e-01 5.419417338075900314e-01
2.533925816879497583e-01 1.261087696669792590e-01 3.095203766424858838e-02 7.509884032035096801e-01 4.481263151134915468e-01
2.010086292347281756e-01 1.972409609868175373e-02 4.341541421702969084e-01 8.013853410774607333e-02 9.126365698835168239e-01
8.021704298543277378e-01 8.245084795216983675e-01 4.793445458246230473e-01 1.096760413561765901e-01 1.245771273009277369e-01
6.734334170242629591e-01 6.095340556542341304e-01 9.848237026330752819e-03 3.549475492387179631e-01 1.939368047027143493e-01
9.989679847595165363e-01 8.140346408265650702e-01 7.554691051225308485e-01 6.135248892564015843e-01 8.375169864872432646e-01
8.571236590841466718e-01 2.616350849101001241e-01 7.991992420346015757e-01 7.879466143197630945e-01 4.491687195783140574e-01
3.898958604222899638e-01 5.910708462920887252e-01 9.601251020727642471e-01 7.027122868282731361e-01 2.120462373939668854e-01
5.464155443109203203e-01 5.040000590346167542e-01 6.165855914970563845e-02 8.175370277528829499e-01 6.258744385223659057e-01
6.545475111279321911e-01 4.633771849040730917e-01 1.568917320922019742e-01 1.183536337242701020e-01 8.943725075498153432e-01
7.614361482214592192e-01 9.358585965383390270e-01 2.647687731332442063e-01 1.295790360508949357e-01 5.329371696774354294e-01
6.091605187679619560e-01 2.193059169164115474e-01 5.950888941004794930e-01 3.689415658295092104e-01 1.050067917547516938e-01
8.772681376905415718e-01 5.798712622002177852e-01 8.846878408571567931e-03 5.613908844739923243e-01 6.236973884618334241e-01
2.933150763617989876e-01 2.731239638958615767e-01 5.546895433641192419e-01 8.963784926152430499e-01 8.304568927131057432e-01
3.799788581226648532e-03 7.984777551317039368e-01 1.615538648103089781e-01 5.428438890764730740e-01 7.543451650502109862e-01
2.507662975497443325e-01 2.204200554950578317e-01 4.007895222721956641e-01 2.902212248060634936e-01 3.838660227250513257e-01
4.791200802791624191e-01 3.757084719736035749e-01 3.408117759813553693e-01 9.110261845423570648e-01 4.485751905355136460e-01
1.720797929784377844e-01 4.968328125123565586e-01 4.137211660073600861e-01 6.476232027264283708e-01 9.224434083818074948e-01
5.448024734393061008e-01 8.021450296297343296e-01 4.482552163006240376e-01 4.397818790194705230e-01 5.395395931226176778e-03
4.104691870473168303e-01 8.153937462783589218e-02 3.646211379329106217e-01 5.333281180896990437e-01 6.569552197206978139e-01
8.009820274029364473e-01 5.171186944150057974e-01 6.756329160849324778e-01 4.948540423136471578e-01 8.650085927966102428e-01
9.499593400074629601e-01 5.801787242767175723e-02 7.514458483974523206e-01 8.859667846917087530e-01 6.326940041060246100e-01
7.027294912982890995e-01 3.954009079475270250e-01 1.325083500540827908e-01 7.307447746288988633e-01 7.698983596198920587e-01
1.302850324801055892e-01 6.724517301106476275e-01 6.992312575082624271e-01 4.656832389423540830e-01 8.291371870302542968e-01
8.757980755631067371e-01 1.940354183937782473e-01 7.647311728954692134e-01 9.358048009481547691e-01 7.377858202940940080e-01
9.666596606989507068e-01 7.502638911921629683e-01 1.903787706616678621e-01 8.651257729743482283e-01 1.370570867618479127e-01
1.989481538863484555e-01 9.254055497118925944e-01 5.379511382406932940e-01 7.051109923966284443e-01 5.825470657244207207e-01
5.820990828104311010e-01 6.362157823837241155e-01 7.002622431636518208e-03 7.218052566296285777e-01 2.774785885618297199e-01
6.189595892869071969e-01 3.804682460029468194e-01 2.952896286557036287e-01 2.335305478146776359e-02 2.568254667536262748e-02
6.572127721229629183e-01 3.799442976205024136e-01 6.274449592324845559e-01 8.224853140383021621e-01 9.122013198292311387e-03
7.594979220082278548e-01 2.241803631521772644e-01 8.466002058134867170e-01 7.934395100602225082e-01 9.587584006677332127e-01
8.763722135484636189e-01 7.358815558210947128e-01 9.030292032562144966e-01 4.437783617814922144e-01 5.846280950012202604e-01
6.866381754804203874e-01 1.981685880190586779e-02 2.281455823346870693e-01 1.600288692031903715e-01 3.785777284849597413e-01
5.396313786616193653e-01 3.231985755023368823e-01 6.326128276864246835e-01 7.703913241701477732e-01 5.283732601636763615e-01
4.284265450942140729e-01 6.219617560507966214e-01 6.703307182395020769e-01 8.658735385635285553e-02 9.739272902404618737e-01
7.879718619058480034e-01 2.633680979047692272e-01 5.621718073437388385e-01 9.730844556506738074e-01 5.614718443575722473e-01
1.791769752552138106e-01 6.393011792430873808e-01 8.579993313669272981e-01 4.801458057221899001e-01 8.873414155171621687e-03
6.714995167808617271e-01 1.732928275092334713e-01 5.308036248668944745e-01 8.768731676919129248e-01 7.518276965054477845e-01
5.988651169213062841e-01 1.199441386690647260e-01 2.908120231860331639e-01 8.407596818388561877e-01 8.098521128362557997e-01
6.178120092570262845e-01 3.660645743824120224e-02 9.173763551919790205e-01 7.643681978098425533e-01 7.335604992113252676e-01
6.143246632155272557e-01 6.959973198681601581e-01 8.486065423123537732e-01 9.997838166983959995e-01 3.482309084439175750e-01
7.833753487771556445e-01 4.560329863133538719e-01 9.727718819644273207e-01 3.377405649120867048e-01 3.936114339686556107e-01
7.834780060692912995e-01 2.204428210621255380e-01 7.850854899042456481e-01 5.625191545455541231e-01 2.339762516550895066e-01
2.639530843772919244e-01 3.450727208481266794e-01 4.504155237636735531e-01 2.437751056438836050e-01 1.049602397807343213e-01
6.125140576172112272e-01 2.734638959247216450e-01 4.826063983851183181e-01 7.732569255143864062e-01 9.962365632606663413e-01
1.833461940271513546e-01 2.547884620751955653e-01 8.132454971772945518e-01 9.427391622105281144e-01 4.288684452419255777e-01
1.762432693082039981e-01 6.898031788929729347e-01 8.483425862832563169e-01 7.958381784930982361e-01 9.633393208977025779e-02
6.757031173684886483e-01 9.672583936898544454e-01 3.797574996095133271e-01 5.990902702923562861e-01 9.488218223217520508e-01
7.306052277340958634e-01 2.990218814593251784e-01 1.465526824222488367e-01 4.301864534420285491e-02 2.928063446396000913e-01
6.337640612158849107e-01 6.003157033075015026e-01 4.877504260836936778e-01 3.510403234092909219e-01 6.860829082451364025e-01
6.253446062467449273e-01 5.672488723797194377e-01 9.938267354027287004e-01 5.387695300585790825e-01 9.923293314855576863e-01
1.221482557670509062e-01 4.000284853752891223e-01 2.103514618189838981e-01 9.000225535783916708e-01 7.231320143996364802e-01
1.446570284526818018e-01 3.173973475718361303e-01 5.259318285453240538e-02 3.448874004413473582e-01 5.056221688995641284e-01
2.403368495558734219e-01 6.426222886047294747e-02 5.510333356316641229e-01 8.333849169901672571e-01 1.256865685496196816e-01
4.964517932237930697e-01 7.038762158510059042e-02 2.290008029908493503e-01 8.253396166784896515e-01 6.713176019932235450e-01
