7.896606210728485120e-02 3.432232213322239378e-01 9.094753723900519393e-01 9.370863148262905673e-01 1.254926746207537525e-01
7.916426108258741712e-01 4.839026548774930658e-01 9.299781591619692422e-01 6.554760145959612760e-01 6.290786549560939411e-01
8.677610379039985000e-01 4.219159209610024996e-01 7.323133402398667169e-01 3.045342369951682393e-01 8.364634295927841912e-02
2.771620946666978336e-01 3.663769523019334562e-01 8.189405055629204178e-01 9.581207363850584580e-01 6.421578101880287548e-01
2.152737146172870597e-01 2.872925176113475532e-01 7.499518112015152171e-01 1.021571916868032615e-01 5.126633343831387135e-01
9.544676030298430147e-01 5.162700416517957969e-01 8.619142783881111880e-01 6.313622509602724309e-01 5.977953273124805289e-01
5.296389125563133460e-01 3.272551902001137325e-01 1.693935057914375264e-02 6.300889113412256881e-01 8.247074142936068331e-01
7.502605437543634626e-01 6.247320318483684520e-01 4.623244971123966485e-01 6.285032497973047638e-01 4.800498787269800172e-01
3.930378685779273296e-01 8.463834420920506307e-01 1.788007261272864801e-01 9.239788366017196442e-01 3.026505245155797219e-03
1.386335923264837566e-01 9.803978196946527834e-01 5.053783912888277774e-01 2.074199139340934250e-01 1.456271251313344672e-01
1.063135709692748510e-01 4.418347976646802566e-01 4.810482211941300434e-01 1.699640991532070933e-01 5.859203548075101464e-01
7.378297230058027401e-01 5.016382716055760582e-01 4.011777092516007892e-01 4.233907628038555693e-01 4.616274258084152038e-02
2.420201192396681522e-01 1.040351542501148918e-01 4.353026413682340445e-01 5.794694837145412114e-01 9.753296207746616764e-01
9.075028417272075210e-01 2.872702181034658686e-01 7.132733146338992025e-01 6.180230958232325600e-01 7.230888059998691331e-01
4.424020356008995236e-01 4.267867872047714783e-02 7.770376123020361625e-01 8.643855814121004233e-02 5.649703714128236909e-01
4.610866185516846461e-01 9.354056847127926178e-01 2.490291823424755080e-01 7.822866309491667280e-01 3.147360886561986204e-01
7.636465996933939904e-01 5.249172180671918264e-01 6.174641121982836767e-01 5.711454100077469898e-01 1.863855374173563062e-01
9.227381703935283452e-01 9.341022731477132135e-01 4.493993216494532872e-01 3.358787974996743086e-01 2.296961253226704747e-01
7.776969673227653868e-01 9.023463174948489485e-01 3.091756974426543847e-01 3.446112263893053029e-02 7.505846262470722285e-01
9.416424629224421361e-01 8.977259569307578513e-01 4.424422672926260347e-01 7.515942355067120051e-01 9.375751329366719400e-01
3.260872541801500546e-01 2.006936879396822304e-01 4.566779957664339751e-01 2.627936724081680886e-03 5.597307434134755066e-01
2.485854402414113817e-01 1.434712992826203681e-02 3.613954907596901300e-01 1.175584456558342872e-02 6.475766647001446330e-03
3.730448459901098968e-01 9.979375493750070047e-01 6.689463717203880666e-01 7.193892993232425814e-01 6.653077680799920346e-01
8.910431459843498603e-01 2.168065782857726553e-01 1.162597749738356612e-01 8.330132501783176213e-01 4.312747578818851846e-01
4.183240585624582453e-01 2.964458239494828229e-01 9.644008086055230189e-01 6.954492636259385074e-01 8.562885204108425796e-01
6.573773590751089690e-01 6.488645083301374239e-01 1.737462765030380885e-01 9.447863625350982897e-01 6.171357762862087482e-01
1.985961270712590654e-01 7.074371479248177108e-01 7.799492795688520719e-01 6.830324463137026347e-01 8.154255696411089049e-01
7.654518400738806738e-01 5.802699551417763724e-01 1.444429270979479263e-01 6.462831276666409774e-01 6.026643480779788620e-01
8.882869788791653010e-01 4.830787170347217163e-02 1.723518500773946194e-01 9.556772497503619457e-01 3.435721222214117576e-01
5.523493337672301662e-01 6.013271105699452557e-01 7.142335423413490592e-01 7.503332923208422267e-01 7.813135474243377843e-01
1.361599865785456664e-02 9.360341502831388549e-01 3.474846509288970209e-01 7.161506796091237081e-01 1.554075077071641608e-01
7.963834569375860539e-01 9.845667482315529906e-01 9.554718521186656988e-01 3.883043460833766058e-01 4.909992106929766953e-01
8.417827866811944393e-01 2.420618559333500563e-01 3.013615728591688692e-01 8.840692374808569731e-01 7.322570360395834754e-01
7.938917141244521414e-01 3.612274401933380785e-01 4.862392922553753216e-01 1.923946322945317977e-01 4.840070756214953640e-02
1.655555394375516354e-01 5.698377528987016438e-01 3.990437358109650834e-01 5.178134852067642901e-01 9.127589498745078966e-01
7.971224017035416498e-01 6.488747654508664198e-01 1.579393423707835531e-01 7.421308883440308479e-01 9.848042568836349320e-01
4.268778762129136206e-01 2.354555940127397440e-01 8.487755762171976803e-01 8.944614359157264660e-01 4.076706202522472067e-01
7.914993946388376722e-01 6.555951984775049146e-01 8.659013954405343494e-01 8.516828569454182318e-01 6.002866479297208624e-01
9.124840758426874254e-01 6.078963892589788198e-01 9.185888819743071032e-02 9.958584202627930315e-01 6.781100853982635623e-01
9.832420979792989568e-01 8.963281378558310974e-01 2.227755627723870813e-01 9.108542278788153146e-01 5.236866722200448354e-01
5.456686092087874584e-01 7.406387730077939047e-01 4.478394374096041908e-01 5.434402166058908135e-01 8.607977970073439344e-01
4.632089692690063432e-01 5.231172573764248934e-01 2.188028436712839975e-01 7.601666527002426399e-01 4.825912939823973069e-01
2.914689748958492199e-01 8.938387104112737180e-01 8.602705358726719931e-01 3.534190344626282343e-01 9.564067575873890226e-01
1.807900092479325371e-01 5.121688861507796009e-01 9.177660652643629957e-01 3.477116604237706632e-02 3.403869757104805993e-01
5.269583892269101844e-01 7.579092143630841161e-01 6.260031070409185494e-01 9.120597029061487948e-01 3.194310719448140157e-01
6.572076114968594673e-02 5.559938790512980455e-01 2.753830614355161632e-01 7.510390170943173072e-01 5.228588443515577167e-01
7.866861919353963506e-01 9.023579338572063069e-02 7.889942776886089693e-01 8.272398363301374236e-01 8.022732351232259029e-01
5.836860932509203570e-01 7.533496729804010084e-01 4.916638056362030440e-01 6.019184202560123875e-01 7.545926920112228098e-01
2.134374016063347312e-01 3.083749616733657550e-01 4.319620791785683256e-01 4.458793101984404039e-01 9.260925333056146957e-02
6.400304711697687443e-01 4.943662042928862466e-01 8.963246749560805915e-01 4.122803622579772620e-01 6.582311386301088474e-01
1.129199958376845281e-01 3.953167787744814587e-01 7.191111911888187214e-01 9.470578335555870364e-01 3.051266310926574743e-01
7.610264216087256894e-01 2.413125891342625673e-01 5.897732049102915042e-01 3.513397586514168669e-01 4.986142883158453110e-01
5.728703411288559311e-01 9.057768888912032246e-01 1.139070857871316012e-01 8.100870143792084921e-01 4.685180337283320062e-01
7.674031186094110168e-01 5.114188486271031842e-01 6.805711589015124297e-01 7.745214788458563149e-01 5.168141839054194442e-01
9.531177819465120882e-01 7.809039438563988300e-01 6.358538439098039285e-01 4.076591805727398654e-01 8.922712140027841965e-01
1.744079715346334991e-01 4.441824261134610374e-01 9.414238354960318134e-01 4.593334645260078730e-01 8.469439668533805810e-01
4.389306345966401679e-01 9.056802601651073870e-01 6.273362487755993477e-01 6.752048045058669512e-01 1.360534326665264748e-01
7.438747953230782084e-01 1.482413707638524647e-01 6.070350427626520773e-01 9.682186186067371914e-01 6.099022367518484034e-01
2.547513493737711965e-01 2.973979564398101516e-01 6.185413736037463917e-01 6.787753407657053373e-01 7.860699979373109159e-01
9.150947325095102336e-01 6.468253119962736886e-01 8.965202660767755960e-01 9.873544864587626702e-01 5.543289579610199969e-02
9.532404283042804627e-01 1.292793925717163894e-01 9.018353379336034870e-01 9.431350701078053955e-01 2.381206205559530664e-01
9.546264438686093978e-01 6.449956252950945768e-01 9.719786912116529232e-01 4.098408591522644251e-01 9.574558372980477294e-01
1.311986333507141333e-01 5.472106872856107307e-01 6.848684185185459627e-01 3.521479191674974363e-01 1.109779121066060137e-01
7.737380802498050603e-02 5.298297466763598473e-01 3.509962112244597865e-01 9.421561990298094047e-01 4.214001628605327232e-01
8.578756157317219966e-01 9.963077485824763935e-01 7.349907846148737711e-01 9.584433337571148792e-01 3.391455523250719306e-02
2.646615437728150333e-01 9.905741313533500403e-01 7.056796108540168699e-01 6.125992182852484369e-01 7.252196127232678480e-01
8.629622112379026211e-01 2.661086666577905380e-02 2.560130146968705445e-01 1.833530673001145805e-01 1.920968326407391791e-01
5.730694083915699455e-01 2.469762353714144432e-01 7.306767844432187076e-01 3.641954627614100160e-01 2.805567372564378159e-01
2.350395685826162095e-01 8.035854798188801773e-01 7.433347896639173058e-01 9.894588435159360484e-01 4.623024215316104968e-01
3.352881967519600881e-01 6.806548807162227099e-01 7.022477668867201928e-01 8.484498737268175717e-02 2.518357993660934602e-01
8.782912554038247999e-01 2.881195984604624227e-01 4.060283221169864731e-01 6.724188845237937251e-01 7.996114932026290312e-01
9.474455388299327652e-01 2.398244829988704918e-01 5.905790014731776560e-01 4.878441943567524142e-01 1.632025651777060382e-01
7.883090233534282287e-01 1.051454309076458316e-01 5.201482895119751149e-01 3.746779736551361095e-01 2.070705055369785885e-01
2.406830110933551037e-01 2.980132113781225334e-01 7.152583224194701828e-01 4.404492778727880919e-01 7.702983327817095605e-01
3.602458071685481489e-01 3.487522452685672958e-01 6.185893689988863908e-01 8.401602976161670622e-02 9.671682547309840006e-01
3.948081196031671958e-02 5.317183176400364086e-01 9.431514485199400388e-01 6.983238861446654511e-01 6.727557499181912037e-01
9.128024895817048456e-01 4.966150236395794337e-03 5.544810592654525472e-02 9.138190681331583853e-01 6.099168889390594872e-01
7.271563747649363307e-01 5.771769009938402251e-01 3.871329680421581321e-01 9.673339701534640067e-01 9.223445528405930238e-01
8.227466957104233591e-01 6.536694390781117026e-01 4.829144282368690311e-01 1.372915064205049163e-02 6.326037332011805736e-01
6.300622872517136486e-02 8.156051542131010912e-01 5.456245595283026883e-01 8.670301782018564607e-01 9.448584791199541311e-01
7.921662258908113152e-02 6.176771124796562873e-01 3.514630964491878284e-01 6.586758792548819130e-01 5.921753610070765728e-01
3.088760233096367047e-01 7.220080725381556874e-01 3.061008038446164647e-01 9.203382523287620964e-01 4.705760244642636092e-01
6.651322555076091270e-01 1.389770826967244854e-01 4.441522824550914184e-02 6.131149922825821497e-01 1.204361746167490477e-01
6.837728790710646543e-01 6.255794369269457311e-01 7.975396637484062357e-01 3.230288057068393393e-01 5.720417195180328429e-01
1.336288042392642650e-01 6.773819754141054972e-01 7.217024023214265727e-01 6.900862638707992991e-01 4.315920904493363297e-01
2.337312702416800558e-01 6.460306535707346365e-01 3.616381560541714890e-02 8.646335898725669988e-01 2.036246067020881512e-01
3.460581300002829597e-01 1.304730275525146643e-01 3.685180238361994709e-01 8.908122162915015352e-01 5.387151469079217714e-01
6.840886055049140158e-01 4.709360424204563911e-01 7.013179007765555362e-01 6.890349292507248480e-01 5.300062860254139974e-01
6.255919327571635158e-02 1.819294986072681475e-01 5.932575090158372921e-01 7.005925332861911992e-01 6.486297453919143141e-02
9.762720618674628481e-01 8.966807749305037989e-01 6.337805400194975736e-01 8.908850046949333690e-01 6.832375340608526360e-01
2.041575409955287412e-01 5.297947128850334364e-01 1.062532134590812305e-01 1.385675491874936993e-01 2.353175096664851251e-01
8.385043731089782959e-01 6.559622652585933578e-01 3.056069242664896102e-01 7.385666914075050826e-03 1.001181444276878496e-01
8.753206835641980099e-01 6.405832386664892519e-01 6.429691815978377800e-01 4.327264806869930425e-01 4.604007402246398373e-01
5.067246882558933407e-01 9.868052084818579317e-01 1.138241028110144049e-01 5.568916313822205311e-01 1.046797343583756312e-01
1.779814624904744180e-01 1.570468285800407093e-01 3.848518498135570232e-01 4.993599762748545112e-01 3.692015154241667929e-02
1.043651802596338163e-01 4.914024857338270547e-01 4.101179869715319004e-01 5.167997065541052315e-01 2.209861506945474119e-01
8.607523385457016563e-01 4.063926199048584209e-02 3.075106582154288892e-01 6.622543964841025588e-01 5.822818341108593199e-02
8.163270124711839992e-01 1.594767363323671416e-01 4.528834048921559496e-02 9.734743066444417892e-01 3.578296401363116885e-01
6.342782333318471855e-01 9.183787861053371859e-01 4.939104041312739612e-01 8.502902378946175510e-02 1.772892157045348194e-01
4.895811782998154005e-01 9.926877140372644126e-01 7.467833653042397213e-01 2.224930864964012045e-01 3.555824247251535564e-01
