5.085576384112591164e-01 2.947813337686933099e-01 2.306591945285900724e-01 1.796845381062551761e-01 7.910468238478868264e-01
4.584170352475624988e-01 8.286805048029234344e-01 3.473832821849701658e-01 1.817078761556256694e-01 5.951581647660671992e-01
3.271986160067575922e-01 2.334673465884676835e-01 6.124508250924638464e-01 1.834323566284020712e-01 6.169496624797581319e-01
7.996460137458258899e-01 9.679890381871699701e-01 8.869756131876613825e-01 8.995120841638485354e-01 5.501400630405488545e-01
2.900231350422859400e-01 6.247803339344092377e-01 2.777616311932662452e-02 8.368072598488248692e-01 2.033613212691819383e-01
4.381653574402868401e-01 5.007022689174055463e-01 8.450999328603375771e-01 1.602252682379935456e-01 7.687273705528874235e-02
1.187017501536258290e-01 1.211492350499822068e-01 1.012522609541040008e-01 4.944879597122758819e-01 5.422881480277933486e-01
4.847045858441534349e-01 1.925402843811891973e-01 8.123519019205837077e-01 8.712267680284230265e-01 8.419668849547667921e-02
4.419772753456518988e-01 1.849561825961147932e-01 3.816876114260795427e-01 4.450117919370976116e-01 5.206644974224116096e-01
4.455929612801112771e-02 3.436381604772464904e-01 3.438844538197558531e-01 8.927850595378238330e-01 7.111791480212370509e-01
6.498195687703230972e-01 1.468024347852407985e-01 4.716954043116143858e-01 1.397074670598459356e-01 3.527545772880820163e-01
5.307410371236795932e-01 1.374479914140932513e-01 4.143057253295265863e-01 7.467410157979599283e-01 8.137516973881651072e-01
8.654820569502085226e-01 5.771666836171367443e-01 6.676399040827899478e-01 7.200549548862676952e-01 9.838121743059974333e-01
6.715912001636370476e-02 7.734255180167638466e-01 1.068529218869807007e-02 4.711269911528043197e-01 2.386993860567487857e-02
4.253621795965275565e-01 9.174564937160097911e-01 7.859536013588575010e-02 4.547766376091126883e-01 2.550119814217305381e-01
7.043967791032119674e-01 5.144015007581910215e-01 5.912060396750073998e-03 4.115794882965734258e-01 2.776629650710061847e-01
1.401949308349178525e-01 8.932792057926081108e-01 1.677859510796330111e-01 3.923122218624621738e-01 5.268593912471722929e-01
6.933601972369927147e-01 9.925212813046003779e-01 5.687818055346473001e-01 4.342755526098750485e-01 5.534694264136262865e-01
4.617819543154209061e-01 9.788863313025238932e-01 8.053732608460810738e-01 2.946026609612540925e-01 5.137753515950538308e-01
4.400948109965077126e-01 6.697552376887063730e-01 6.629862196778169015e-01 5.025075319966159082e-01 2.707886223128057601e-01
9.045644243337997992e-01 6.764792686580802794e-01 4.274990867556727192e-01 4.211325539172434684e-01 4.636245085236804231e-01
8.302083744481514316e-02 4.922529683401566380e-02 3.529877386782360738e-01 9.385020947147659776e-03 4.086220575771638552e-01
8.176678286234712045e-01 5.711596459168978290e-01 8.810803015544435013e-01 7.410347086175277376e-01 5.688902809254101633e-01
2.062995759086004854e-01 9.026836669455651219e-01 3.897775148760304065e-01 6.066344803420691267e-01 1.902260645387899851e-01
2.890969094649238347e-01 6.396938627446084880e-01 9.153066504785916102e-01 9.092329849190354807e-01 5.737529301336641296e-03
3.978947289998362447e-01 7.624860173838099442e-01 3.307339233132333689e-01 5.243321274107524133e-01 5.905541289131148730e-01
2.404630493454635864e-01 1.127771831938599867e-01 2.814926448046317642e-01 9.560242585468147203e-01 6.610823688281601829e-01
2.132873804433856879e-01 3.689706750514206712e-01 9.133760636689502999e-02 5.596556966054253568e-01 2.643224102657147911e-01
3.820647935029112263e-01 9.393093667402957481e-01 5.011703433656468087e-01 3.311626812553585264e-01 2.773591087345866901e-01
8.229637509999859768e-01 1.669115651612209650e-01 6.136606932947828996e-01 2.079297511589206504e-02 8.203088288425460783e-01
2.353881556318637713e-01 8.662012268424041928e-01 3.408229845577628314e-01 2.027590909030836386e-01 2.378888608652045544e-01
3.149233141352821841e-01 3.887635722132601890e-01 6.429604556127362924e-01 9.447611517651721691e-01 4.855061639770981152e-01
6.541540625094857120e-01 2.377945725064845028e-02 8.470940236594068917e-01 5.078200708563228583e-01 7.553871241462026820e-01
1.349100328513975766e-01 3.104582187321004438e-01 3.475249836355336353e-01 1.247744952038424282e-01 3.811914631422134159e-01
3.613325263694732170e-01 5.700832598070424417e-01 3.220031255998258013e-01 6.426132254654642884e-01 1.892418522050629548e-01
7.053892738819348418e-01 5.623342950905718673e-01 9.047018233686493494e-01 5.105794272122482491e-01 7.532186876597468661e-02
4.427220144747414654e-01 6.965772814108107669e-01 5.522518565774053867e-01 2.129857086766748786e-01 3.025467026903871925e-01
2.458530512213999986e-01 4.938454100205189601e-01 6.192861399542904932e-01 6.246643716057910245e-01 4.471091529465663905e-01
4.855576194054858075e-01 2.749307821135157370e-01 8.559241516517361870e-01 9.492246979287115582e-01 4.405625905178228718e-01
3.378587977745419746e-01 5.152185579297179352e-01 2.445094280077099169e-01 8.873917044650629915e-01 1.793716772975406659e-02
3.358789717285249887e-01 2.973308873344808756e-01 6.736247323138828680e-01 1.972400605116350070e-01 8.992152490617743021e-01
9.136919385915234226e-01 4.304838307020397714e-01 5.287685307363017007e-01 9.716243046758825663e-01 2.245836886477470262e-02
5.012193723625667507e-01 9.002695291887019557e-02 6.862116752722495772e-01 2.525371803535608750e-01 7.348739776300111659e-01
5.577391785053265050e-01 1.216886872203873926e-01 8.127048241629849512e-01 4.080554909142690700e-01 8.386139500075695530e-01
2.250072079300724504e-02 5.611555995222552440e-01 4.920346032121393209e-01 9.630069328668551254e-01 6.440687941524919635e-01
6.063434168401795610e-01 9.185793644219826248e-01 7.887791132194711397e-01 4.933021958866912193e-02 9.014916636115867243e-01
8.816338270091401697e-01 5.914236306407827382e-01 7.835065705590454899e-01 7.956458908788499595e-02 7.725566345495445963e-01
8.601638707756120716e-02 2.751030766226725266e-01 1.608755066913613030e-01 6.138766728843939591e-01 6.145872586526134329e-01
7.942367865571807739e-01 9.537161447165890538e-01 2.225402857331676421e-01 1.116006418441651826e-01 3.776363269644378295e-02
8.665438036912816999e-01 7.809963092132371498e-01 7.680938296660428932e-01 7.005458583074891665e-01 1.684158788409645391e-01
8.461627657347001730e-01 6.091794230804873367e-01 6.209159080715529466e-01 7.061563272119975032e-01 7.588125856448640905e-01
3.231233134973937604e-01 7.712384500644022811e-01 1.852197970245507141e-01 1.266396947990099386e-01 3.742582130671493479e-01
1.645822046580559528e-01 5.191806493271499123e-01 5.597795427998146778e-01 2.739661261276317150e-01 4.239839622040397771e-01
4.784815681200562665e-01 3.258303590697489982e-01 5.178386652535775792e-01 9.733253259047758288e-01 1.654360483772603363e-01
1.882639853869927382e-01 5.349094567735213079e-01 8.802432828202239046e-01 8.609593077085513357e-01 6.436167932493165322e-01
8.327220315717243082e-01 8.482167079917456443e-01 9.622696170861041454e-01 8.342706791998856231e-01 6.454245597415190216e-01
6.843559218741513961e-01 8.381700584639405482e-01 3.997102431510498599e-01 6.304453527193795148e-01 1.167195156533927802e-01
7.961900011339846372e-01 7.722354107930491374e-01 9.832964798411205631e-01 3.491052828099816541e-01 6.977867961075465697e-01
1.749510527497278867e-01 8.272920447490891283e-01 1.603227859070605055e-01 9.324525670100107799e-01 4.418891011941754599e-01
2.143397180707040661e-02 1.081342786056367355e-01 3.996236119101421735e-01 5.049498098254826539e-01 7.533112390212663989e-01
1.274711621012843965e-01 2.854323967255890659e-01 6.129490413682472383e-01 6.776846106762980382e-01 1.821729998299203013e-01
5.450519449741434430e-01 1.849082997661373184e-01 2.613937702288486875e-01 1.977406865052997453e-01 1.229866352125348339e-01
4.047692834511463778e-01 2.546725811162064979e-01 1.026951522935699579e-01 1.732940555751018019e-01 9.045283032043859306e-01
4.636193195921987087e-01 8.712178735959299480e-01 9.019437915884591650e-01 4.184507719070741372e-01 8.834265626619308698e-02
5.210622951314098916e-01 7.626443698423002182e-02 3.454903022093733789e-01 5.265066562298548192e-02 3.919310648216446369e-01
1.625445389764348381e-01 1.887429893230031519e-01 8.025074305525684570e-01 9.510430532475250276e-01 9.210915773157379860e-01
7.218124558852668793e-01 8.684032529669175604e-01 9.579126002421478603e-01 6.959669573006023180e-01 2.745175762058822411e-01
4.709130302729873652e-01 1.658376425092911166e-02 2.124480723269188687e-01 9.795267615130902605e-01 6.313153700454809947e-02
1.066020508985243698e-01 9.657701957429737361e-01 3.523745890975923389e-01 5.335551190852646508e-01 6.393170516133708237e-01
9.582601528547705083e-01 5.547794810656245801e-01 6.584611169258662855e-01 1.679034033953689109e-01 7.493592101315312837e-01
3.162822599554939718e-01 4.218608442877709308e-01 2.998138930906949495e-01 7.766568928321194720e-01 8.858063377184124398e-01
2.372736182654665571e-01 4.536107723074390696e-01 7.939561451923488056e-01 3.105717606907757444e-01 4.161582094501803386e-01
2.184737995870045246e-02 9.653816380362548744e-01 8.726746425762810233e-02 1.168537177382810155e-01 8.684834476471449127e-01
1.950230622819582038e-02 1.960942745271313514e-01 8.309829778776627318e-01 9.442966598833151259e-01 9.930124236060333676e-01
5.194995413183923771e-01 6.730147548283074155e-01 4.735451443576907948e-01 1.022248011521376121e-01 9.900770891045649336e-01
1.217882025835441695e-01 7.871498872971567362e-01 7.496763474277087225e-01 2.630566550167869888e-01 9.234358507540247896e-01
3.917850577068959783e-02 1.042530231542585506e-01 3.293189019445437182e-01 2.968459304619843753e-01 4.825770031290949058e-01
8.994271167085879926e-01 2.871267054108377348e-01 6.393080409936080510e-02 6.507650167280293330e-01 9.361705174732888324e-01
6.835810745088679585e-01 7.915229744062473038e-01 7.210981258474269406e-01 5.302369194659219964e-01 6.052856598739139171e-01
3.464824072244010456e-02 3.832364770941383281e-01 1.223699093923983350e-01 6.115591395466302149e-02 4.841938514962085272e-01
8.776334648347067224e-01 6.618245241054826478e-01 2.020379590529608471e-02 3.990543724216920607e-01 1.266549914590759940e-01
7.102788635681120955e-01 4.164113523453816246e-01 4.050046305426077131e-01 2.062270077266794566e-01 3.670684653309035372e-01
1.757149284719969895e-01 6.286166453545577459e-01 5.101880997695417141e-01 6.953567116092725930e-01 9.521019860303608917e-01
7.679241897639400571e-01 5.225371375277347852e-01 2.923255275568370504e-01 6.041598968478911758e-01 6.756963486736258240e-01
3.989844301918396008e-01 3.220017792470091234e-01 2.306323399825577214e-01 5.100059666411678183e-01 7.689643386154076943e-01
5.158040403399791751e-01 7.722765641821316418e-02 8.497001224245025464e-01 8.843724698192997336e-01 3.166159817960081391e-01
9.770145923371182928e-01 6.622387942379749370e-01 8.162347329403996099e-01 7.847386641471948421e-01 1.478195331404396073e-01
2.709317097685092213e-01 9.276341229476136041e-01 9.040554216932537024e-01 5.120492630938577872e-01 4.342777528807802989e-01
9.364590101304304248e-01 6.632535907602422620e-01 6.193821062853706039e-01 1.690418265886494131e-01 5.388407569130025943e-01
8.943487284328581755e-01 6.195000477921964732e-01 4.791070312641121376e-01 2.902617425453885014e-01 5.224839880889481369e-01
6.218115185760870745e-01 5.231117068078321442e-01 4.645443935355374476e-01 7.510210263094070360e-01 3.878492476045501958e-01
5.908833150022360092e-01 9.550112486824886560e-01 3.997396397648695920e-01 9.797128454139569786e-01 5.313964058470762586e-01
4.829732201112665324e-01 6.616934061937926881e-01 3.728705717735929515e-01 3.344763608932251886e-01 9.517374475073421269e-01
3.402243437040752827e-02 6.271383106109962302e-01 2.867972535601737150e-01 3.843756435493483892e-02 8.775351658463629301e-01
9.192966952188393881e-01 4.102784137501712669e-01 4.078561093668542359e-01 2.494914891760827702e-01 5.374998035421029163e-01
6.072599086183673167e-01 3.468215807990318034e-01 3.738223597822005750e-01 9.138202392906379368e-01 8.205904758594796400e-01
1.439291968190277160e-01 3.778796489091914568e-01 2.314972801859555007e-01 9.561911803386686781e-01 1.023892100920421599e-01
4.011383529872736275e-02 7.366290283285878981e-01 2.967818701901943079e-01 2.302164704250410088e-01 6.117416875387594599e-01
7.388189843617751773e-01 5.514560288805137045e-01 6.957829979242635687e-02 6.456971369578834441e-01 8.405395364922594315e-01
3.526698623691087997e-01 2.052546779913281272e-01 4.244472946154804749e-01 5.541864207063907921e-01 6.709435080630398174e-01
