5.904485153217389204e-01 1.336533826371121281e-01 2.949603525642008339e-02 8.507627053750882462e-01 9.078188712483273859e-01
5.118698089308226784e-01 5.286086023001410616e-01 4.220011868362959495e-01 4.108159708001848376e-01 3.245173232882849756e-01
1.960474216595096131e-01 4.065954771488137220e-01 5.828768433218892708e-01 5.522209714290848837e-01 3.732466776725038571e-01
5.872616379891142380e-01 8.172537291552829375e-01 9.662293314563441538e-02 8.006252320719398075e-02 4.856403018817578854e-02
7.270666127008696966e-01 6.010189497239408762e-01 7.249543977075070256e-01 4.577995310611843172e-01 2.458422075724712164e-01
2.103359837831553225e-02 8.784227852461765629e-01 4.424377608119017813e-01 1.305521629567529818e-02 1.766964638537246168e-01
2.064676568535068757e-01 3.829892943715970111e-01 3.458420379966964386e-01 7.182588345710161359e-01 6.352730500634573563e-02
9.069711888751851303e-01 7.516157663495466323e-01 1.717805196860329175e-01 2.037409325073988864e-01 1.168352398934737746e-01
8.418072700561481936e-01 4.951980815755885335e-02 8.652371452705254207e-01 8.283281055482363264e-01 8.102264343267284730e-02
8.841626397957453865e-01 9.526771079385474295e-01 9.677634641859996778e-01 9.593011876995928278e-01 1.465159946647031086e-01
2.231392789476578375e-01 7.559492727404866219e-01 1.322368131574616079e-01 3.995054652335837675e-01 7.781054105677609467e-01
1.659448365516698054e-01 5.819474421609355241e-01 9.628060662448020279e-01 7.343847780617238641e-01 1.971773853681391131e-01
5.965857355110388838e-01 2.077287757435726245e-01 3.638391884526670506e-02 1.421611247726988214e-01 8.339288519598794247e-01
2.112254901778364280e-01 8.863377749349844459e-01 7.819707291799774529e-01 9.679246715123700495e-01 5.177741621331282129e-01
8.423612212657299869e-01 3.640039843405533659e-01 1.769052481879026528e-01 8.391923505576848186e-02 7.428398111770152523e-01
5.072915593644217180e-01 8.082299335709517418e-01 8.598093061624491051e-01 7.288694382235872959e-01 8.794983797544265736e-01
6.351706196649681280e-01 8.959726981798633583e-01 3.172643411560559512e-01 4.729857142318077967e-01 9.355632258176056482e-01
5.242359798292722806e-01 3.101393890529762221e-01 6.018267935174659300e-01 7.373802214779380249e-01 6.125566774271005155e-01
4.114572255544294288e-01 6.646803368980380711e-03 5.764576552447846503e-01 7.909815239115510765e-01 6.880885035098892599e-01
2.380400571896219564e-01 4.046803967848586758e-01 9.525382345200128498e-01 8.750160786696288273e-01 5.078358906755616742e-01
9.431206916451548850e-01 8.605441552575876507e-02 7.014496333552656671e-01 4.709843721916033843e-01 3.553351188566933327e-01
4.230131545532305193e-01 4.175047651209670141e-01 9.490608763953154448e-01 5.921986834389872945e-01 1.675586144466341132e-01
6.714205214406337996e-01 4.589752854964908035e-01 6.065801482996828753e-01 3.568372491229043764e-02 7.946660884976173289e-01
9.966216186690046719e-01 5.714109095180056608e-01 6.387463921823059998e-01 5.331156618197849806e-01 1.611187331476007234e-01
5.362676432051344255e-01 1.497862130413898374e-01 7.291135858257068447e-01 4.954361080579633425e-01 2.517400379777111619e-01
4.160963901511025576e-01 6.017831318457145251e-01 4.732855523003463016e-01 9.282234388418564297e-01 2.791214208590285795e-01
7.430257871136808356e-01 6.978801212540419741e-01 4.369072048403959130e-01 5.669256906095467841e-01 5.653833123670676253e-01
7.113137744067187240e-01 4.387285284422804965e-01 5.588200087980254027e-01 7.342158303059711510e-01 8.309851090714278632e-01
5.739299677153879564e-01 5.510256601795734399e-01 5.864978890830854219e-01 6.437473002266317357e-01 7.746363258389510342e-01
3.903876314149941074e-01 3.633866574216538803e-01 5.378486556804451535e-02 3.691975162529204102e-02 3.223855469340611846e-01
1.606169110621876728e-01 1.499027026431217768e-01 7.706874525192068948e-01 6.804966676212740317e-01 6.094895584362427510e-01
4.320431394492768584e-01 8.942781971251390072e-01 6.502909876855647031e-01 1.584007417967889797e-01 8.233434015110988602e-01
6.247097207439636923e-01 6.757081061716213588e-01 5.495246202696842941e-01 7.823913679594062254e-01 2.602587271928172852e-01
4.162069208372307649e-01 3.371577642803591512e-01 5.406534743162985102e-01 8.707286475023958694e-01 2.477175015614365705e-01
9.605499089470626028e-02 6.363994115925086792e-02 3.989570024132137460e-01 4.416915559600276264e-01 4.535651265709675917e-01
8.222314352012205507e-01 1.102432609704770972e-01 8.235915564672184885e-01 2.812478318856399540e-01 3.989716515013540521e-01
4.131606709955324419e-01 8.032909325748611717e-01 7.916692621002033858e-01 1.554037741402548578e-01 3.260599136094797235e-01
2.444406482563475924e-01 6.117814646463242134e-01 5.706854005295955989e-01 1.050628541239950753e-02 3.575790712744006949e-01
3.466609431713192357e-01 1.843832156982805337e-01 3.929909792594128426e-01 3.175884292879471715e-01 3.532631529560190664e-01
9.813544662268731678e-01 1.560947621739495750e-01 4.769963368355807365e-01 1.512843223619093624e-01 9.402202056429100896e-01
4.697854089455200111e-02 8.721937392668953626e-01 6.530544929701560530e-01 7.396997422691974355e-01 6.634044665340015356e-01
3.859870851350951648e-01 7.910371706441060580e-01 8.925022557397102041e-01 4.316326974700958052e-01 4.792963300391315240e-01
7.050370027582734123e-01 3.663025154782978410e-01 8.050330413572557298e-01 4.218084303607406715e-01 2.032288164593619717e-01
8.837731468108522837e-02 2.680058465193224659e-02 6.923231411029735494e-01 2.783532571954441259e-01 1.690829631016332879e-01
5.990316319692045033e-01 5.791813142244685020e-01 7.934191445500640150e-01 2.095151379171962258e-01 7.364527461640431039e-01
2.303276659963103823e-01 3.841193182500290959e-02 8.595712450665736748e-01 1.155239757761278296e-01 9.416926991781332523e-01
8.699654584126943480e-01 4.507801897139086522e-01 9.649979830106235612e-01 5.479062042269056132e-02 9.952915649294308276e-01
3.408028495667303481e-01 7.274368067322082299e-01 4.450950150336726585e-01 6.199325610952417520e-01 1.584903416077687588e-01
8.880427284908373187e-01 7.765356694466857279e-01 8.035147012022807456e-01 2.571606628144009754e-01 7.588599786196975616e-01
4.078571114887185045e-01 2.136400966780802602e-01 4.705371684876613614e-05 7.845337387068535007e-01 4.470968491310145509e-02
7.874815539166644118e-01 5.242728820999095207e-01 3.600150819485655740e-01 1.299338923039528026e-01 9.673621478570881838e-01
1.849926226977512966e-01 2.178079203796580154e-01 4.588044017199367497e-01 1.174108294039130085e-01 8.735781805097844188e-01
2.244913525504041996e-01 7.324730155773283569e-01 4.363343609205027063e-01 5.638062377929908831e-01 6.299299386793713040e-01
8.660814978212028059e-02 5.343934713903933931e-01 9.662921120837728584e-01 9.789712233288319077e-01 3.932046181804160767e-02
6.365406867406463443e-01 2.345282847596678044e-01 5.324195078835831652e-01 2.102137797042249456e-01 3.398211147676803989e-01
4.490708040758709663e-01 9.612328947793388201e-01 2.359152816026180988e-01 4.421785637737851715e-02 1.807850969357895909e-01
5.779840591945767381e-01 2.192458392873660733e-01 5.633162790111283513e-01 4.362024681284534244e-01 1.400825868053101608e-02
1.761650374923057205e-01 5.473609771626339882e-01 6.900334928436498982e-01 4.930343030745087951e-02 8.719537946731936717e-02
6.307285508291291531e-01 2.716374656531161946e-02 3.939209976065296548e-01 6.990474579881175154e-01 2.863575017341074558e-01
7.459479920321124835e-01 3.286904777852559523e-01 4.335859813442723976e-01 5.180993993504094952e-01 3.587603650626898233e-01
6.173772028022007641e-01 3.874835107414109636e-02 3.005299486991788172e-01 2.354061245143339587e-01 5.467062127876620714e-02
3.362621934085767705e-01 5.626886217910217480e-01 6.887233675290579393e-01 8.732114029168077662e-01 3.250291044104107741e-01
3.335159916515744172e-01 1.682403676431745154e-01 3.157794140177339060e-01 1.820190389698083111e-01 8.786993348391638481e-01
7.048026488609574480e-01 7.606139218120382406e-01 5.733245612229701527e-01 5.849245154993500950e-01 1.823246921581990199e-01
8.782108649615316676e-02 2.276307279372247194e-02 6.159284600002346011e-01 1.223955726243736164e-01 7.338456599639404665e-01
9.911952234147832774e-01 8.585091069943748820e-01 5.031608554825249824e-01 3.809077631592919788e-01 3.393844336340531287e-01
7.488704225905160605e-01 2.875945645378248372e-01 8.549457118571027747e-01 2.249307812771423887e-01 8.537361314200684337e-01
7.645177335451269762e-01 4.893729721538707667e-01 3.883433984971087494e-01 3.818841393551863916e-02 6.917605157396412574e-01
1.543628002552033252e-02 1.126254444243117714e-01 7.469020164070080403e-01 3.752713531649255474e-01 9.855252573282091699e-02
9.630348451948085309e-01 8.437341550227340781e-01 6.345539268394936316e-01 5.438867991443754324e-01 1.780756068072428810e-01
9.399787440770954738e-01 9.468154921602356389e-03 4.007609577224416908e-01 3.699065883911367703e-02 5.534031472675814411e-01
4.521985572020568167e-01 6.169544558197243012e-01 6.323098743034004654e-01 6.556183461398642498e-01 9.634158620782079518e-01
9.714221914215814824e-01 7.862677471806445162e-02 6.808411009115842294e-01 3.152006295868877706e-01 7.734880120436320450e-01
6.954035925546719898e-01 5.374857572264507555e-01 8.643966207108070288e-01 6.017969486767249521e-03 3.877850606428825397e-01
3.444864290011391272e-01 3.590335658311700762e-01 2.746288604219447871e-01 4.879764252245472056e-01 2.452663772098673256e-02
1.495176523403841662e-01 4.226378379077895264e-01 1.984744513836538271e-01 6.176899128200685762e-01 6.235604201683766501e-01
1.212271140574235906e-01 8.715438396183121661e-01 4.149273743178626406e-01 8.054137970326163964e-01 3.637145746204188956e-01
2.656146317674745738e-01 8.774983328115327774e-01 8.048590322548544451e-01 1.214271699186535436e-01 9.224445447953475430e-01
5.605264169218439063e-01 2.837424701851110065e-01 6.417687127395454993e-02 8.577392840949171759e-02 4.140836458774210804e-01
2.995091798152881291e-01 6.888788680596042990e-01 4.664508639093269959e-01 9.487975673298864043e-01 2.789697251219298568e-01
8.532842046498320121e-01 6.978430774112742707e-01 2.557522972734440625e-01 4.136567052346717954e-01 5.016362556178329823e-01
7.210177267770357945e-01 7.637922225122942832e-01 3.531786778829141271e-01 7.216743328004966429e-01 3.881120352682435604e-01
4.906440955650517299e-01 4.095944075447129906e-01 5.026075831811543937e-01 2.175504185126655443e-01 4.769425020960702533e-01
1.265769397232507920e-02 4.245127412731347638e-01 7.610101994991580465e-01 5.899850335092594600e-01 8.112869532325777122e-01
4.264861421943235698e-01 1.468030891955272033e-01 3.333615231524246214e-01 6.014401767397566934e-01 7.688674039097658230e-01
1.500259011347384597e-01 8.356234068502040868e-01 6.640692393063301058e-01 8.228145552167822618e-01 3.358288454074215279e-01
2.775927387376115885e-01 8.803122178997881964e-01 8.019769077245630928e-01 9.533369940349719629e-01 5.380765448720611355e-01
3.656918965016475731e-02 1.781754825465616809e-01 4.843639822663534655e-01 8.022862677193376424e-02 1.382136096461109576e-01
7.269694806651824104e-01 2.237924663597635755e-01 2.435736846084046725e-01 7.460865060014894024e-01 7.413637738778787734e-01
1.700510793622685979e-01 8.069310341876466675e-01 2.220563582677153036e-01 3.048460286746854653e-01 9.534860578585102608e-03
5.310683598152828866e-01 8.899912803685279261e-01 5.503978168842095231e-01 6.477413458595626672e-01 6.428508160281294348e-01
8.095837996793842084e-02 4.530777926978657444e-02 6.177126874264620149e-01 7.450412518260713934e-01 4.934368870482326308e-01
6.907055561563888446e-01 7.417745723796640434e-01 7.972818491912253558e-01 2.105370969447509788e-01 5.716681268425863882e-01
8.874068987661686281e-01 3.457496777076759509e-01 6.113816717574849235e-01 6.531881531797431029e-01 2.364618742639934545e-03
9.557934419393335768e-01 5.062633535950650243e-01 5.634938053909269717e-01 2.305179279676575765e-01 8.515311488028429743e-01
7.031280646119267841e-01 4.597216071693035477e-01 6.009253579282183289e-01 8.122682007116129865e-01 6.706312717206878160e-01
8.166485965589772578e-01 9.337513569152756654e-01 7.737016962091169958e-03 1.759666753759671076e-01 3.917621351051587819e-01
1.103153228039710498e-02 2.814105807215029342e-01 4.167482941304473387e-01 8.856477984049034857e-01 1.599537786082454449e-01
2.440977580789043255e-01 4.764333343290602096e-01 9.139725479389274598e-01 4.712432116735689736e-01 5.857077319601037280e-01
6.184316440679475946e-01 5.171109613959725682e-01 6.445549853330564405e-01 1.612092799563751289e-01 6.553395145934706179e-01
