3.531233899219244909e-01 6.284618885848629599e-01 4.466322958862286585e-01 7.942571963517224276e-01 4.824710910497145289e-01
1.889541373497083399e-02 1.802564559886331574e-01 1.458460192134688471e-01 5.212159879114079963e-01 2.520896526549567529e-01
3.333040126870873143e-01 2.343953409023856738e-01 7.746584828366752662e-01 5.750394605045463514e-01 6.802824549268307042e-01
7.345862135885735666e-01 7.347440194415748582e-01 3.665130937777671960e-02 6.584446057325497037e-01 6.213716306807857137e-01
2.071981039554797732e-01 8.590640087131415914e-01 1.141332797445937519e-02 3.057677549189247168e-01 2.867837295600050851e-01
7.536974085257013289e-01 6.796237321865725711e-01 1.884836151709137209e-01 4.481273101663294511e-01 2.928199788241973023e-01
7.475923940951141322e-01 6.013218335326143693e-01 5.978815107575938814e-01 2.050955593486075701e-01 3.835245376486793312e-01
9.326908822937657328e-01 8.004777520883620268e-01 9.229336356292905386e-02 2.410740686321810600e-01 1.295475935480181473e-01
6.046496300226407161e-01 6.067315075183188355e-02 9.493004414364892840e-01 3.925072901140650439e-01 2.079256745467608081e-01
2.660798082041164747e-01 9.682432739205160122e-02 4.832974143160086999e-01 7.659633679939535922e-01 4.131621176601552037e-02
7.438407683294530059e-01 5.298438020661020431e-01 3.440542843558732633e-01 6.662306183133051007e-01 1.601687467893185834e-01
7.613673557646548629e-01 4.922265772683152019e-01 3.419454037035754013e-01 7.739914394194932212e-01 2.510607189922211546e-01
3.131903243718451302e-01 6.964443973708069890e-01 6.944983339435076841e-01 5.314403715032500752e-01 7.475222061797517359e-01
5.142217608371075777e-01 1.393159390598346370e-01 1.989993858377041569e-01 9.805745048684689769e-01 1.080392831095363659e-01
2.532783297284264545e-01 1.536123012448176173e-02 6.061573727850697590e-01 9.027714928786361170e-01 6.871273590426983935e-01
1.164172268080406747e-01 4.682778362498952740e-01 8.094107538954086190e-01 3.523155361340739589e-01 5.914973551629119086e-01
8.318676255177307466e-01 6.488623690724973914e-01 2.685982191413252007e-01 9.850182933706576049e-01 1.822197212846372594e-01
8.034468686869454812e-01 6.912643719311639678e-01 7.398208263824757047e-02 1.681443333790308969e-01 6.748114002196093919e-01
4.664748032241157194e-01 8.877437075002967415e-01 1.697902994787913178e-01 3.663894428028385830e-01 4.318312577182775724e-01
2.317541215187688408e-01 3.414497980460747817e-01 3.825724351748190921e-01 4.032457675155376453e-02 1.575551154572596424e-01
6.534780607661050400e-02 9.216758859792328895e-01 7.781056854173392656e-01 8.455646421632404541e-01 1.323591997974409296e-01
9.829268186533823837e-02 5.983620085350699336e-01 4.503299750685606506e-01 3.087855904893688219e-02 5.845929469451511817e-01
5.168903278955279124e-01 9.930960344196051448e-01 8.738320676526638575e-01 4.411446721123171155e-01 7.260529005163931515e-01
7.547415326057417273e-01 8.759959172471043498e-02 3.757312862677913978e-01 6.015362402618082971e-01 3.749903746016394201e-01
8.973585189665120865e-01 2.198580289902463125e-01 5.105093042131930714e-01 7.116104297940395451e-01 4.261337175311128433e-01
3.635575646005484440e-02 3.648867083988989179e-01 2.161141696972974646e-01 6.837664115777029039e-01 2.935777024556708303e-01
4.743681122760595725e-01 6.817727543608533836e-01 2.088863601912516188e-03 5.808822522851390113e-01 4.095338269257785546e-01
4.311257327502349135e-02 2.115649437189358606e-01 6.395140381193280543e-01 4.109805236549386454e-01 7.932728466615308616e-01
4.980621646899482391e-01 9.080615453479582433e-01 7.401198948185688797e-01 9.956604661501642362e-01 6.308122874734589658e-03
3.190923986824748537e-01 4.347655167939806775e-01 6.061441847281349160e-01 4.221517377794136161e-01 8.160959153123471532e-01
6.601303816507636535e-01 6.753491210100073250e-01 1.348735879619427092e-01 4.595337373241782375e-01 8.050390510938797428e-01
2.206687131529139201e-02 6.779848400654567842e-01 1.094342101774122833e-01 5.367657264218836932e-01 4.051866655493363556e-02
8.384253158601013833e-01 3.015963204406267861e-01 8.913801526759357330e-02 8.085630098944907029e-02 8.983733416676601413e-01
4.039735281415276491e-01 3.932483153703221213e-01 1.673615818436690050e-01 2.618479057974854030e-02 3.995139201595230283e-01
4.132129440005976040e-01 3.436666808774351267e-01 7.143373392080437645e-01 2.767212412947432920e-01 7.557409402666113163e-01
5.145556966798964238e-01 9.189980995233979488e-01 7.286788269336336166e-01 4.867992852462429409e-01 7.883082422091440833e-01
2.619659614943996573e-01 7.397151061667875949e-01 9.378902393221284495e-01 8.190163521547303427e-01 2.697436358905117570e-01
9.294911926174010963e-01 8.374122058854525097e-01 3.679996369788709476e-01 2.491124451046514698e-01 2.951753145784414833e-01
4.715370383809781574e-01 8.815913922512317313e-01 2.663077904519822736e-01 5.183243496193404853e-01 4.304024671711723649e-01
8.795673819650042802e-01 5.430839062525261163e-02 7.287829639623853994e-01 8.841972874902872537e-01 6.712089239124086060e-02
4.362424493657394153e-01 2.182686721310299616e-01 4.225857101526564463e-02 4.605046079999752795e-02 5.014653625379228430e-03
9.303695418357880165e-01 7.253119746720171346e-01 1.156657455268805812e-01 8.150150980867409967e-02 5.132145752883249257e-01
3.379030376176583861e-02 4.205704879797753648e-01 3.431499032954327122e-01 7.252071592882246565e-01 6.917641452040385053e-01
8.804991564189367237e-01 1.101296202525559043e-02 5.955992109078466212e-01 2.465073986497111624e-01 9.860239625304623168e-01
9.284944517331863434e-01 5.476938642134350221e-01 9.535277049400145977e-01 5.514895837258622091e-01 7.020105745531530772e-01
2.609378813686272780e-01 5.056163818862318138e-01 7.892458750846361726e-01 2.539054644401886884e-01 2.507664169935855947e-01
1.542876258386391974e-01 7.035280347645670451e-01 4.411245146966669139e-02 5.453006643973159484e-01 5.373919026196599669e-01
9.385146154464341084e-01 2.460424091836546090e-01 2.250565123980737825e-01 5.175576579024784296e-01 6.231094421381011550e-01
4.520960219274104963e-01 4.124922043687223594e-01 4.882684921962244795e-01 5.261609003734829537e-01 2.074636954531084987e-01
3.757259497360057043e-01 2.381546857352636604e-01 6.934108039265935997e-01 9.177939936399991394e-01 9.694092988314192416e-01
5.120953065798743431e-01 9.247830263011754814e-01 8.625117291419737153e-02 8.197291745912332894e-01 2.350199592672099769e-01
6.273710024124758977e-01 7.633512882398157950e-01 2.959512703993243399e-01 3.269320392527106378e-01 5.536820727229678774e-01
9.809645790801745369e-01 3.024987195261187312e-01 3.596152962954290988e-02 2.937173350167348040e-01 1.224596220509888145e-01
9.998398490444215803e-02 3.606008543269212385e-01 9.629179460089047904e-01 7.519055684240740778e-01 3.390805394615133972e-01
1.517726770291333294e-01 4.549127614169012901e-01 2.126704383461490711e-01 5.424843168504355218e-01 4.437847875575798851e-01
8.062770744636326148e-01 9.973571713128815963e-01 5.586944473787580634e-01 6.172869244017059609e-01 3.391170229709018491e-01
4.661584027437538635e-01 1.861061854717210862e-01 2.846434815109262217e-01 7.900122381451566422e-01 5.469716613861334009e-01
3.322075998084483839e-02 3.212833794332815573e-01 7.161760091442113119e-01 8.742315921362728837e-01 8.924371188022455215e-01
6.265305236452214377e-01 4.532370736562020275e-01 1.435074568434414610e-01 5.756399187615682811e-01 4.886826319348622771e-01
9.585451467825124583e-01 6.000622015162119238e-01 1.282370408202848644e-02 3.957220173580939804e-01 7.773776668127553302e-01
7.819158519253296413e-01 7.959027465120624978e-01 6.962906321332795745e-01 1.002688687726317474e-01 9.133482021067000911e-01
6.109270702992779523e-01 6.307976069116093543e-01 1.380039976916326294e-01 8.894466619621012038e-01 7.083939847695759351e-01
5.705373963078075317e-02 2.742885634971001796e-01 7.361915902230927733e-01 7.830522518639101426e-01 7.439862762997906387e-04
2.892906614749386485e-01 7.341915396864676646e-01 3.457476188030065289e-01 7.098755075233884604e-01 4.294440110328444637e-01
1.783670854575833964e-01 2.381503950141176107e-01 2.896144948007660647e-01 3.573963071564909555e-01 3.157953769025522162e-01
3.452797024133523740e-01 1.706728960380394788e-01 4.161313320327512111e-01 7.118321860182872385e-01 2.809700555521099652e-03
6.854727721028835985e-01 9.547358826059240133e-01 8.295537520934641584e-01 7.729586813146990254e-01 4.584377104953135662e-01
4.296819133642127975e-01 9.095788906815095443e-01 3.164268338935765090e-01 8.548145898297349055e-01 8.028873693533311595e-02
1.337318810353986809e-01 2.080663931744602957e-01 2.029234681554178410e-01 6.377478249210378758e-01 1.446502895500273445e-01
8.486010740404769104e-01 3.888254907335643162e-01 2.107838043492500368e-01 2.198019415642689101e-01 8.732844570428389686e-01
5.977304736677990782e-02 5.489339197070065568e-01 2.407854113792506912e-01 9.861620189888012922e-01 6.350764392992381824e-01
5.571847058433339051e-01 7.930059641705633489e-02 7.507686792309855583e-01 9.190816318329479984e-01 5.398444674301560164e-01
9.689326885572763226e-01 7.856305571303588975e-01 5.898847069269065324e-01 4.792783992489875189e-01 2.723839207954749098e-01
6.728139625591345041e-01 1.565869676739378713e-01 7.101740109289921277e-01 9.447263815492986661e-01 1.888401750324946171e-01
7.777900325006399385e-01 6.366446019043477955e-01 1.156253985199762191e-02 2.257589554508179219e-01 7.518599098650565749e-01
4.834337421828027725e-01 1.543994764430527411e-01 3.486390306375389825e-01 8.560368378899063657e-03 5.387135684598776120e-02
2.674150339706985458e-01 6.166264304966739829e-01 2.028965839643461777e-01 5.069299931023529826e-01 5.003540182185274299e-01
1.483272296104799493e-01 2.490926134945461445e-01 1.016434906680774297e-02 5.241535677602980892e-01 7.943014414853308836e-01
8.509695469077502850e-01 5.081146193292995772e-01 3.410204413678682434e-01 2.890147100785217527e-01 7.270160515055041905e-01
2.958818898668635899e-01 2.831889161231349039e-02 5.880287218383887238e-01 5.759865433372234333e-01 7.676909221409046191e-01
4.368674842934283653e-01 7.453708373301803913e-02 2.953467115528154441e-01 1.562359161336995816e-01 4.631373271610327302e-01
6.648913842154495768e-01 3.411499609470555194e-01 4.600813850716142239e-01 8.129326032514132550e-01 7.796112852427167228e-01
6.686272917096742763e-01 7.170411615362081159e-01 2.766422071264343918e-01 8.081385130640563741e-01 8.797833047469784118e-01
3.574317969414669838e-01 7.330473223514455405e-02 9.860884331935543257e-01 4.737253009465770548e-01 8.572091046814513948e-01
3.711674927470364205e-01 4.794453946599281924e-01 6.388400598553888310e-01 1.856888077954315097e-01 1.706789092684365405e-01
2.763487046954299364e-01 2.044933783984170805e-02 8.614631321790634511e-01 3.091571662719527769e-02 1.127941690370458661e-01
2.481731409536660493e-01 3.855766540174311308e-01 7.710638201829406180e-01 9.533710670220740813e-02 8.171068179558801381e-01
4.330071718343653231e-04 2.921686933179894474e-01 1.962723670652944952e-01 8.507984781530858465e-01 9.941662456314144247e-01
6.864323997213286344e-01 3.596973239548034718e-01 8.072596749658650372e-01 4.265391684897571478e-01 1.149392833567575156e-01
5.389521258176019902e-01 1.025365542776784933e-01 8.946355858586454435e-01 1.653552017556495501e-01 9.462577219257745087e-01
7.604637667514004828e-01 7.497760070692649492e-02 2.747937731149491247e-01 9.644393344654679234e-01 4.260168967160018472e-01
3.398232400684616517e-01 4.083760846630726249e-01 2.925395223212735596e-01 1.542315936954241629e-01 6.667141420765073656e-01
1.532016258614077309e-01 1.523671085583284679e-01 6.918543556605698530e-01 4.961395531776613410e-01 9.537697823734924141e-01
5.086859100437203240e-01 4.907554730239938046e-02 5.643903683966028373e-01 1.945766894084066667e-01 5.082203220859105031e-02
5.125042095217928750e-01 9.950897141621847242e-01 4.836635816321110948e-02 2.549185337267096951e-01 2.708177030946555819e-01
5.379105671953856582e-01 6.987801133454116798e-01 7.689145415190300481e-01 5.409895713955943375e-01 2.645645058175986053e-01
4.198670669996520388e-01 9.169046176261473891e-01 6.289552893477980966e-01 6.874428138724393289e-01 2.577018600755955902e-01
7.545611401984660960e-01 2.697592633882780477e-01 3.103601794137889058e-01 4.883532519548997586e-01 6.512943059935057954e-01
8.461708023737050111e-01 4.332702440222546691e-02 2.623248119430166003e-01 2.106859324703814762e-01 1.279356613326247949e-01
8.546547330796703257e-01 6.745723217058170462e-01 5.155897448784595438e-01 4.353898458166082230e-01 4.266234670419057906e-01
