2.422952847099028029e-01 7.531390481601971665e-01 9.651870516165305114e-01 3.345515167984023375e-01 6.178149943954922563e-01
4.149280621640105693e-03 2.033150280454062431e-01 5.400367545570773364e-01 1.831947959915539714e-01 8.994546022090679216e-01
7.461808973145568347e-01 5.105359584267846751e-01 6.175828443882080965e-01 7.195715474972336212e-01 1.894270745390150834e-01
1.213624857875577057e-01 6.123753863372720652e-01 4.968753791724600521e-02 6.972030742507390189e-01 1.086617292338493135e-01
2.460445544384879391e-01 3.838605921427691303e-01 4.930474570064026230e-01 4.318187513123744603e-01 2.954091708718286080e-01
9.122118383794971530e-01 3.077277421317164974e-01 6.683564087144365784e-01 4.230477199289176538e-01 8.347038285683774372e-01
9.626738873183083856e-01 2.379817855713746155e-01 8.212400985742958071e-01 7.231866673374615084e-01 1.356838357053669064e-02
7.487073998888514881e-01 6.456126060993953031e-01 4.607390018605125315e-01 4.272989339824969646e-01 6.621874622781611652e-01
3.805608180795114759e-01 7.211564681923987585e-01 6.036115367249029751e-01 6.824449845245539326e-02 8.869257377709987011e-01
1.430695252743626744e-01 3.014716682060122332e-01 4.844513687657107104e-01 1.627054959256352129e-01 5.585618062423575170e-01
5.452435038503853360e-01 3.490693627167317237e-01 4.013318432344756825e-01 1.924181334910116670e-01 9.537999496488258622e-01
3.014262331745266588e-01 2.949185353007935939e-01 2.835232473238847861e-01 5.063170894924771126e-01 8.481601494460954127e-01
9.595501631948414323e-01 8.427733485016732917e-01 9.016127047608805123e-01 3.385927271936297611e-01 4.756518895476742337e-01
4.048304054341479441e-01 5.706510088974531270e-01 4.076840455270921426e-01 7.393233865919616177e-01 7.862706041782330235e-02
7.781950210517819544e-01 3.609163806971340538e-01 9.004390782393124626e-01 3.217592575305379121e-01 8.895002757241388114e-02
3.928449223849398431e-01 6.396655944583029552e-02 2.319903298855937601e-01 4.146211969823557775e-01 2.313864059489390002e-02
7.586114788861973990e-01 4.610291192557781637e-01 1.636426276020472859e-01 5.275637689376467820e-01 9.045943362199505566e-01
3.827804432084791486e-01 1.944305314495793358e-01 8.494328736963232540e-01 4.581978261406036701e-01 6.420314297239688717e-01
5.245129660083415191e-01 2.482717250892858551e-01 6.827076050970842802e-01 9.619949901907602907e-01 1.413714130360654853e-01
2.074699617157584886e-01 8.447771869663824873e-01 1.225992530990459572e-01 1.663352652915388585e-01 9.199683426276051845e-01
3.386348430933898701e-01 8.070575348500390600e-01 6.093151908563185781e-01 7.339669416032291727e-01 7.976642634881847549e-01
5.600977626795859976e-01 8.014664851120716360e-01 7.831670575315220484e-01 6.805030982556167229e-01 4.707046051045323809e-01
2.047533948892295008e-01 4.692012075845441998e-02 2.209526569692064069e-01 3.529624195350667959e-01 5.296750776128861249e-01
6.573540354749773940e-03 1.895755155669930359e-01 8.380936594379861937e-01 5.019829637029226133e-01 5.164538891046148716e-01
3.204117539446416085e-02 1.078037235961551987e-01 8.686071218560011964e-01 1.272329570445575042e-01 2.586828868650702384e-01
6.131133066608484006e-01 2.113089353520563041e-01 6.666384038886564722e-01 3.142563275964388447e-01 9.083080799835339114e-01
7.330593347629996703e-01 1.000335368194750219e-01 5.944433767471648533e-01 1.123548229769810725e-01 8.259275570026961555e-01
7.100556109170310659e-01 5.087266380095117890e-01 5.753173372546805941e-01 5.040506851839270386e-01 8.181371516509964303e-01
5.939577314655357654e-01 8.492743992155086241e-01 4.754891311063526027e-01 7.250738701427598132e-01 9.910689155274534645e-01
3.399227691494575154e-01 3.697754447369567821e-01 9.280030025224196288e-01 4.433704870004945287e-01 6.116278418949492313e-01
7.277412070093127738e-01 8.968684482558731963e-01 3.132083601831360253e-01 5.312377367168248377e-01 4.035456427218450104e-01
7.475201850734858322e-02 6.133071535308287636e-01 1.970380984607117414e-01 9.100499854189108007e-01 8.201700014567505637e-01
3.497312385042929961e-01 6.070668047528064992e-01 9.432084656059038785e-01 8.852905906223672572e-01 4.994841948019226319e-01
2.652522647556847524e-01 8.100183448891713489e-01 9.617606561393371445e-01 4.368677694585806348e-01 7.925694179827159624e-01
5.675720061246161130e-01 3.387765983038895090e-01 6.964087163312749906e-01 3.846189618336193217e-01 3.836037620194910902e-01
4.553766751585187622e-01 9.593311704867987233e-01 8.459581277917342934e-01 6.180587247563835707e-01 4.390362350392096324e-01
1.773208188416176556e-01 2.723645247258911217e-01 1.239194418150567634e-01 6.760353879549063638e-01 2.826607299168265586e-01
3.239656513608382138e-01 2.523298531996820415e-01 6.555898416932590678e-01 1.262803526023275058e-01 3.534989937561821005e-01
1.047870150286788204e-01 9.504530711293309730e-01 1.406088135976225617e-01 4.458304865472469958e-01 3.134288314851580992e-01
9.571897566930477330e-01 2.191913473030900894e-01 2.471990789958533608e-02 7.011336761095655623e-01 6.587151081464613922e-01
4.951691848606085689e-01 3.941278878316959444e-01 1.218871924327120659e-01 1.653677329213373293e-01 5.010686672241722039e-01
3.221638875531650514e-01 1.743912046835547347e-01 3.857789181019327662e-01 7.705207181448338050e-01 8.375478277462621302e-01
2.952967794924443723e-01 7.608854517137183526e-01 1.087004544297709430e-02 4.210756669043544953e-01 3.792068227150801052e-01
4.050910150481477068e-01 5.054738743645847965e-01 2.048821479353820640e-01 9.396770713312374568e-02 1.437131210827791161e-02
7.782864790993291315e-01 1.204277343657278454e-01 1.509656209840043450e-01 2.292156721824389898e-01 9.985883371402057840e-01
8.924659622587635122e-01 2.741220389055206708e-01 3.424808914349138922e-01 9.837383139863771220e-01 2.471849582798877343e-01
1.041064190089985297e-01 5.537413733671792127e-02 1.413250171718164472e-01 4.627833238129245297e-01 4.625402893855212749e-01
1.715608442865788064e-01 6.299795939330832262e-03 2.654656568402073979e-01 8.742477237567425341e-02 8.423771589529555071e-01
1.969020203779584532e-01 2.836210647377198635e-01 6.544484748829972887e-01 7.516776469965755769e-01 1.307025673604834681e-01
1.705096136215006331e-01 4.503901426809249209e-01 5.884593115855913936e-01 5.446483394658062638e-01 3.331795185738071208e-01
5.683134354897045881e-01 6.408703036266766295e-01 6.676359737302800523e-01 4.924045620624335484e-01 1.543730015068058847e-01
2.817470693824608574e-01 7.767372334379846199e-01 8.022980696817427759e-01 2.230713213166198861e-01 7.515278917076797516e-01
3.751940901350848678e-01 5.334168937997962878e-01 3.814600435844791582e-01 8.757922855049704580e-02 2.403918824275430577e-02
1.252690959864373177e-01 9.278202790179572723e-01 9.620511677018690477e-01 4.928000318735453744e-01 9.838071265483094852e-02
9.677567181796929985e-01 6.539162995344224294e-01 5.054219668571320323e-01 9.669181810944359468e-01 5.010660239053401632e-01
7.017088439592928939e-01 4.187185604612672085e-01 2.606567650133095881e-01 6.845435492703045854e-01 5.557562266498583536e-02
9.734224192639094886e-01 4.844268490394341153e-01 9.382177452994222566e-01 3.426177434598062232e-01 6.027015223214828854e-01
3.425211622757974306e-01 8.044185572442581478e-01 8.100879433444304611e-01 5.149056626966466155e-01 5.994568416996259863e-01
9.462668059724980152e-01 5.900518476770870713e-01 3.063309906069925370e-01 9.527035468094112725e-01 7.206841074235310618e-01
2.767891783565878949e-01 8.804048741402241696e-01 5.799127721450354489e-01 5.506414192390423068e-01 7.415997915062400025e-01
1.929684494586542121e-01 9.263452274655215035e-01 3.425874745244650299e-01 1.809380792106135560e-01 8.044941329269813535e-01
3.200792758998405318e-01 6.244877490389396657e-01 7.940013935997440875e-01 8.146835851571779807e-01 8.916445156372915237e-01
5.124675439542492050e-01 1.869306904774875600e-01 9.390403186444525874e-01 4.346467076815585528e-02 5.556844624930111776e-01
1.158406055982995619e-01 9.492906562291074657e-01 7.381866029808681340e-02 3.113968449813732109e-01 9.383801024513839240e-01
2.580139434705525092e-01 4.489745058047717174e-01 2.834276997993400160e-01 8.171187174805044640e-01 4.635013056309634782e-01
7.090777101281581229e-01 5.031502362245495741e-01 8.909803937656822770e-01 4.407490194662895266e-01 2.568204932009027219e-01
5.614760289968393492e-01 9.557156365632999417e-01 7.097918540323994163e-01 4.216452456374697455e-03 9.836607303105615596e-01
7.147406121416450819e-01 8.009421629642702323e-01 8.685942471573270263e-01 9.259661156235839963e-01 7.319500741069872030e-01
7.256110151937757990e-01 1.800636925918807085e-01 9.065758435777583335e-01 6.539919035748132936e-01 8.106222647166414497e-01
7.128520688212413026e-01 5.735401440091039138e-01 9.276359324110219351e-01 4.661507434894821555e-01 5.737570954613654406e-01
7.646160883325225921e-02 4.255908354923548798e-01 3.074092973246954630e-01 3.913030022017357501e-01 6.144478410489040421e-03
4.499966831571953207e-01 4.705277867939516856e-02 7.213632505069119683e-01 4.772305388029174367e-01 6.226364862028530567e-01
3.905036960293339909e-01 2.577954484813007596e-01 8.484271455687099062e-01 7.706565186142818602e-01 5.091017029275505257e-01
5.296125379051285220e-01 1.419534254398400197e-01 8.899152755578180196e-01 6.667544574630528409e-01 5.368148649576190978e-01
2.272229408619157454e-01 6.646524785419480885e-01 1.421479821457027892e-02 1.192915353830734659e-01 4.429079591491302814e-01
7.783728212843091798e-01 3.226817967295148026e-01 3.898887837020968972e-01 9.727664288459519915e-01 3.981917841647331091e-01
3.916243843540649916e-01 5.565353834993160831e-01 1.503835934135414609e-01 1.363207573010518647e-01 6.378712918932792908e-01
3.774929265907878140e-02 4.842331799913208723e-01 6.435642617033041635e-01 3.348646735028486532e-01 6.198142255642755671e-01
3.671237688600662574e-01 7.752183596286120748e-01 9.687704416145618280e-01 8.338727347548382518e-01 1.496695912617697077e-01
2.232481782175642637e-01 2.899331013964274728e-01 4.393687067658802459e-02 2.232566954084307387e-01 8.897290130611817949e-01
9.366849349243944189e-01 5.328339870764271513e-01 2.098958866184577055e-01 5.040841013392409753e-01 2.162705798374229271e-01
5.048492938271437191e-01 7.876476095481723672e-01 7.406955984571006457e-02 3.680371896168316281e-01 6.981130459475264338e-01
8.948863278985859093e-01 2.617690768489978614e-01 3.890026668747901262e-01 1.897560575380864423e-01 6.058929051218645556e-01
8.580820914209386086e-02 4.125241071797653980e-01 7.722342109725144343e-02 6.155990232751608060e-01 2.669630405630321057e-01
7.429904373766025305e-01 4.578777156629824097e-01 9.151163417901044816e-01 1.655147318493973563e-01 2.701474340961219633e-01
8.529134526158146379e-01 5.493940850413239207e-01 7.091668342928786339e-01 6.202745786592518407e-01 2.805739041743111617e-01
7.198933128061517639e-01 4.132391460508411107e-02 8.996173304573263918e-01 3.998940598759930243e-01 7.097317345989937465e-01
8.723696427988562041e-01 1.285712033546223543e-01 5.781755429171482330e-01 5.704896385901114808e-01 4.175286102746271766e-01
5.715332060677620341e-01 1.874097918379455940e-01 7.754596703917004952e-01 8.636328489118637597e-01 2.564708945752265379e-01
3.493612083217804143e-01 2.822060690223294754e-01 7.344630783016906639e-01 4.497430567223194009e-01 4.305007528418470786e-01
4.880370203713888522e-01 6.760791089239288620e-01 8.914368246357928793e-01 9.656865877411768828e-02 9.110267679335042335e-01
1.531145007670463576e-01 5.276701502870450033e-01 3.073856888188812864e-01 2.100300865556886665e-01 7.145018195074270828e-01
8.175258985756952423e-01 2.023876345416090183e-01 7.520782111255102098e-01 3.502943101055884245e-01 6.372686192392539306e-01
5.377528278772145676e-01 4.422451615846295647e-01 8.963273973091583358e-01 3.529916720369115080e-01 4.902505781627072290e-01
9.901047096783187618e-01 4.962284001419422497e-01 8.709334730367236377e-01 8.311678540578602004e-01 9.627647218584600708e-02
9.753740132577992661e-01 1.195715015794106550e-01 9.679939841636991948e-01 3.486119408642894824e-01 2.442063550718168718e-01
3.260318724324474671e-01 8.280426164672514133e-01 7.202442096408077088e-01 8.088820625659124408e-01 5.637321180597687498e-01
4.639085358546580773e-01 5.209413402879307098e-01 3.286687049483977274e-01 3.316503460049746721e-01 3.768525778821638639e-01
7.079561989346794260e-01 3.126808682766590852e-01 8.733355323503783074e-01 7.521052917767114820e-01 4.787492768993757419e-01
4.115767576245757953e-01 6.189133852605001040e-01 4.986740835429089858e-01 7.384116930448825222e-02 2.852483018172411455e-01
