2.483074231919810693e-01 6.505392142637258512e-01 2.882504128370609875e-01 6.316054477281055624e-01 9.285208627879910637e-01
7.376872745750728821e-01 8.098488316931873321e-02 8.785892118838195541e-01 8.468678381859821025e-01 8.806699361291547845e-02
1.129823409218808639e-01 1.505042931270716977e-02 1.708240408232588603e-01 8.045577923158125921e-01 3.289302824645969903e-01
9.631605066094016676e-01 6.283227793586919629e-01 7.409896296341770272e-01 9.448354059025985130e-01 6.531388830005994128e-01
6.025363464763235921e-01 1.451675694597682753e-01 5.446600550754953085e-01 6.385051402074882754e-01 2.022477676718033024e-01
5.472907515634932718e-01 7.287475793297019111e-01 6.534260866185720440e-01 9.019969416463605727e-01 7.473067454180826186e-02
1.914687669702763717e-01 4.838138290130011843e-02 2.852268893784837278e-01 8.820873672900640949e-01 6.912800382693345957e-01
5.688397622628110772e-01 8.542600221019374107e-01 2.715521603343651336e-02 8.956961329665878990e-01 1.828194939873520886e-01
2.421669475172983921e-01 3.167652777810349152e-01 3.089087083371585551e-01 4.315414031859889921e-01 9.695970980573622722e-01
3.882320785451437439e-01 5.673278529007405036e-01 6.772134961702180878e-01 2.875200436683466032e-01 4.327060902540669218e-01
2.773503413410737251e-01 3.503588072687080501e-02 2.364199994153082240e-01 2.578774037108371164e-01 8.230846223442970233e-01
8.228387028802887082e-01 6.514818769212125105e-01 1.743340523017311572e-02 8.999361934739695812e-01 5.116657009300111802e-01
2.995548776538525804e-01 3.198023052209142403e-01 1.822136837794182673e-01 6.808267965269303446e-01 5.954131361218972796e-01
2.899982073364644197e-01 1.030982217314950766e-01 5.989497519361570710e-01 7.164040278584317134e-01 8.307855347997291640e-01
7.788542006927318129e-01 5.537690270266003578e-01 5.974324209875016001e-01 2.571609593806197802e-01 1.834366033791207107e-01
6.455343467773144717e-02 4.185763299337613708e-01 5.877518675089492550e-01 7.804382494950934390e-02 1.384012300845205434e-02
8.740671959415006187e-01 7.050062312925471364e-01 1.001973347307588691e-01 1.402525467507480528e-01 8.002324506188726039e-01
2.467081730119993210e-01 3.676278203344437445e-01 2.062770346718917347e-01 7.524322410502455316e-01 7.422131382853058845e-02
7.580598064100374511e-01 4.723733468723975149e-01 5.786881907673323555e-01 7.035681905094626210e-02 7.485748275175012623e-01
8.772956725862883776e-01 8.763323320386562365e-02 2.593854787410895257e-01 9.549134682200055568e-02 6.199194491878526891e-01
8.893278179513793846e-01 1.333162699861234479e-02 9.857835512735447780e-01 1.180857895000446689e-01 9.434358075699069701e-01
8.786658079539162447e-01 1.950419494575769130e-01 9.885332174558818519e-01 4.002695701444821674e-01 3.141190916230358621e-01
7.621921778433555783e-01 6.295724740719326196e-01 6.220195895162350386e-01 6.371866308292412073e-01 8.613452989936533077e-01
9.747516767374581059e-01 5.210914951750450497e-01 7.077160896661784939e-01 4.672509390695944731e-01 5.369447058943292994e-01
1.355875264776692513e-01 6.286702258662139053e-01 4.994083979158230324e-01 4.474095108141773469e-01 2.505326084004333431e-01
9.057423212036868065e-01 2.781960987616308723e-01 8.859578446957437903e-01 7.494306093690173975e-01 6.466195280192237327e-01
9.838577168703752651e-01 8.076025977257050847e-02 4.498728092167636472e-01 2.981868368686626525e-01 2.587768806176433678e-01
7.106198587589598326e-01 3.673261404148200349e-01 9.058895626886889207e-01 4.902149135341956621e-01 7.921585804738380254e-01
9.457099684171614840e-01 7.863082552583496865e-01 8.769496048766548535e-01 8.374711778402945672e-01 2.656905126232946834e-01
1.227187298593436227e-01 5.747754788387625657e-01 1.395308389279816819e-01 1.645415066384471325e-01 7.926298748788457305e-01
5.204628157828448121e-01 7.950797833490308442e-01 9.217402413688169371e-01 8.185302884262045664e-01 2.880723161229072904e-01
4.523708043218847008e-01 3.918121526795961262e-01 8.426746330482027814e-01 4.305538622582989472e-01 8.736123131213028303e-01
4.255064622777566807e-01 9.047077487447683364e-01 7.246160868818830592e-01 6.874445296329639854e-01 7.274260955611759893e-01
2.735636056741115318e-01 4.550726190911174029e-01 5.539359512944292963e-01 9.507057891170808128e-01 1.971668063124133452e-01
8.228802271072160890e-01 1.744882967809892049e-01 6.093613585079410422e-01 1.476857184627078379e-01 4.212585168613983688e-01
1.951199821612903396e-02 5.021938628182549547e-01 3.106965113571040771e-01 1.593837426427568982e-01 3.275519927830784495e-01
9.009674569502265085e-01 6.381120252502332502e-01 3.156392082037030589e-01 1.715629158646482244e-01 7.740521476463951833e-01
2.476167484888753823e-01 1.292379565165970856e-01 8.565207452190519710e-01 7.123889212599232579e-02 6.400469308710245997e-01
4.742401668382645319e-02 9.275431611837694490e-01 4.651242562669549718e-01 3.357583241040617006e-01 1.344929680314783660e-01
6.718407333384186497e-01 6.584090289517642303e-01 5.447902663267227830e-01 3.404192761290930624e-01 7.272901066382031487e-01
3.483126637582933949e-01 8.478086588691712278e-01 6.316301907345662769e-01 7.195322477357092295e-01 9.889777648878109728e-01
8.923889235173450007e-01 2.834467184828731723e-01 7.447169136509829146e-01 5.571399749617303998e-01 9.647111613906362848e-01
1.988830019850476027e-01 6.658719334684234381e-01 5.373183336731728321e-01 8.853979511346447007e-01 8.789033034101226827e-01
4.923075904632121524e-01 6.401060284455811766e-01 3.533930243656577819e-01 7.985699631824956235e-01 5.033651815434723176e-01
6.008436470482982905e-01 8.404889770607701927e-01 1.720485495589137992e-01 2.378919726752313224e-01 8.288239069146369209e-01
2.498653094766379867e-01 5.572832752831146097e-01 3.528588784930855038e-01 5.824726053391644509e-01 2.971043660578895906e-01
3.631290673117375523e-01 1.231312840866909397e-01 6.144514499483517689e-01 1.477278434933948503e-02 5.326007882453041020e-01
7.741015735573312240e-01 9.191358188711923338e-01 2.819936287365165661e-01 7.562722854751311452e-01 5.553816757414994365e-01
4.162292852753168848e-01 7.167208728027339992e-01 6.226707041990227065e-01 7.136725826269589845e-01 2.987886803987248596e-01
8.433601110471738993e-01 2.224996501039412378e-01 6.216438041523932867e-01 6.154376247953793344e-01 9.112417119850675373e-01
8.663648370222504225e-01 4.644039456438999736e-01 6.808682058732598019e-01 7.952007793103388344e-01 7.451376676771415131e-02
6.478691503801627949e-01 2.111027615451298578e-01 6.849723383259889165e-01 2.371712076406169434e-01 4.202583692792498660e-01
5.990081329847174452e-01 3.762998965797117457e-01 7.834051416652991762e-01 4.390091889224081445e-01 9.512864203947578590e-01
9.684110901772310376e-01 1.380473026059938491e-01 8.855721648876683227e-01 1.892135677072602773e-01 4.034451786589621225e-01
5.765430354649381250e-02 2.348200307940796483e-01 9.545333267426048263e-02 8.257722084792286088e-01 1.135714077070595351e-01
2.319190491488187789e-01 3.095556780241955908e-01 5.796477473524855872e-01 4.088059953368775590e-01 3.602024878033784905e-01
1.126053875602456289e-01 8.564565427914864193e-01 3.302098080946233027e-01 3.112475549095351512e-01 4.093967618401427311e-01
8.807757750156050003e-01 8.873688641267497568e-01 4.760870550216500519e-01 7.699599704640270881e-01 6.035505461977415109e-01
4.444708197097840818e-01 4.219846234780966210e-01 1.830797870103147984e-01 9.840505400839716366e-01 9.082829276606991797e-01
2.859106753923347233e-01 9.595922017555629235e-01 3.645772864799859958e-01 9.585604425280425112e-02 6.899847518149956338e-01
6.651375206070735402e-01 5.202029682531640331e-01 9.166602131250966012e-01 8.995477060199065233e-01 3.023259608712390856e-01
6.379812816579175649e-01 5.474342245731110834e-01 3.081475279314253024e-01 4.172577822527626656e-01 7.158733541277332302e-01
9.409020187465373386e-01 4.714624479768365628e-01 1.458332184057434810e-01 4.724834236523942632e-01 8.195356986049218140e-02
6.119781130483550324e-01 2.853209894959127801e-01 4.934620736815187314e-02 6.981871546508042758e-01 5.394962840366750445e-01
7.528581497416892976e-01 1.204842673340089654e-02 7.959559940913581988e-01 5.752483922694950902e-02 4.778451575754126823e-01
3.238118523630240109e-01 7.246689112667645816e-01 5.587805221380356402e-01 5.866867714585899396e-01 3.908055632184790351e-01
2.430015504010707428e-01 2.110073435508444950e-01 3.865623584376456368e-01 2.051847491861807926e-01 1.045535622570071821e-01
5.153909079497487333e-01 5.081650895297193937e-01 6.777926695707092719e-03 5.115855357054375219e-01 7.501094578181510819e-02
4.563678381372295867e-01 5.882294075628488050e-01 6.902142545286461539e-01 1.976444859266325293e-01 3.399356399731179312e-02
1.763665080550776976e-01 9.826053966866377110e-02 3.703691657686750682e-01 5.307189259517661739e-01 7.758178380528716334e-01
2.511294488985806872e-01 5.435768631154319630e-01 9.996024014776746514e-01 1.541186420073662466e-01 8.814898008548361918e-01
1.247974385664764041e-01 7.527884083748567212e-01 7.051358119661902402e-01 7.918351793977467246e-01 4.423173663661357224e-01
1.886019880469291810e-01 3.144260330899490974e-01 6.107889643717425709e-01 2.695211435527881116e-01 4.739028033501583304e-01
4.284668851769899423e-01 7.296138802840261839e-01 2.635837500698939850e-01 1.932501582071141089e-01 4.833582050847291534e-01
4.265027765525868375e-01 8.790702552698648198e-01 8.553400331882926588e-01 6.899132240304468588e-01 6.161451569905719294e-01
7.646291309501118683e-03 9.243196006175935509e-01 2.534754902707653246e-01 9.753776318003972712e-01 7.434574210230955327e-01
6.625379956728583153e-01 5.886623074435234360e-01 8.653676968739778541e-01 1.628820565710841217e-01 3.853062004056637679e-01
2.020724483574827257e-01 3.777885827409332986e-01 6.282808708509188822e-01 5.335981322347068678e-01 5.381068811198378432e-01
6.492639713158591119e-01 1.402065831460169720e-01 3.667387713836021135e-01 8.520355443025764419e-01 6.475974500787147203e-01
8.895398517931736304e-01 8.405281607079241324e-01 8.138543072212164331e-01 7.660375478217608114e-01 5.020250698577233273e-02
3.029437048271125255e-01 8.867126111942332800e-01 1.117545952668775877e-01 2.225025943291745190e-01 3.341306682688094387e-01
1.241871599602313303e-01 7.545447925377041232e-01 1.391454899173176774e-01 5.749567126252810301e-01 9.785301588546910789e-01
9.677877778771259987e-01 2.793291954416597944e-01 7.429781499573298031e-01 2.727681234537667754e-01 7.929290288260610886e-01
6.347625211265442990e-01 4.102810787715231999e-01 8.384710253855055528e-01 4.559108919244085900e-01 9.892134386312315675e-01
3.383666075885215507e-01 8.943439331072594589e-01 5.356819070275625760e-01 1.333010393172530117e-01 3.449876366244032377e-01
6.528201853755464246e-01 5.671437830816993264e-01 6.535253031375635180e-01 6.150013163258027937e-03 8.861695651120552464e-01
8.632639812423537062e-02 5.954131428938997939e-01 5.787581355358775159e-01 6.851245962472261031e-01 7.288395076152378582e-01
4.967470802004260166e-01 7.245937288865660353e-01 6.330102437061304599e-01 7.203178937525382963e-01 1.271069036006892139e-01
6.149642951640490462e-01 5.577782242514227606e-01 8.657118954568050473e-01 6.401802681783143045e-01 9.216461264798854192e-01
2.420307682966474916e-01 3.835163772036123131e-01 4.239438886180421084e-01 7.290347523256639484e-01 5.770910988527818697e-01
4.466874597987946505e-01 1.614129307741498653e-01 5.217176917404675596e-02 6.170442658171376715e-01 3.569858747306655644e-01
7.714393193518986891e-02 1.798174352364432238e-01 4.035455866046443463e-01 1.131639449029122613e-01 7.582079689392313693e-01
4.980296843239445659e-01 3.856738192658334397e-01 9.465340007138345335e-01 2.828125125313505350e-01 8.729928340145410859e-01
8.722931927454952161e-01 4.352795891462499789e-01 5.510568682480387892e-02 7.268174089380435854e-01 2.992572818368265386e-01
9.624736261218861388e-01 4.998518147856942928e-01 3.547895102724414329e-01 5.987927362772261786e-01 5.269000055237836877e-01
7.456962294215855325e-01 8.703593365770879720e-01 8.394800185607561582e-01 1.375174239789491715e-01 1.670919420799134025e-01
3.485584154628655895e-01 4.543443529071830023e-01 3.669024545965970940e-01 2.013770283939936290e-01 4.844720745843330567e-01
8.851030061064435461e-01 4.957080787222224449e-01 6.963996823150812032e-01 7.663723955320497216e-01 6.417347961549639823e-01
8.474663770037929034e-01 7.836538168945335059e-01 5.578049259593108600e-01 8.520070259209044927e-02 2.646374065104312168e-01
1.563406723644095164e-01 2.647830302860681995e-01 4.563152038771470798e-01 3.347683943570666232e-01 3.493497613796544554e-01
