6.250113916786175228e-01 4.504535053030965797e-01 2.064521831183153688e-01 2.512456654924745125e-01 3.172491972558086903e-01
4.028684605869228275e-01 7.344569317843839817e-01 1.926401773892238989e-01 7.616216117332061941e-01 9.823962175157092691e-01
4.611124631887009162e-01 2.672435076348352867e-01 2.140226214875503574e-01 6.747678699034261873e-01 3.504022558901348505e-01
5.070284209614607240e-01 4.356863234945553831e-01 4.509125941646574542e-01 7.803962492044802524e-01 4.224837498133003910e-01
5.285400046146528918e-01 8.972224993089005229e-01 1.079917412701668633e-01 7.628919177146967767e-01 9.950195575743630005e-01
4.103113843783190440e-02 1.418595057315724661e-01 8.100627759438040476e-01 4.320159740113495017e-01 6.286494906780327740e-01
1.176055119328406340e-01 7.164828856747548214e-01 9.615815516610332070e-01 7.189599972210016787e-01 1.257509881079033054e-01
5.545091574446683325e-01 5.543385356027009658e-01 1.286839092890559311e-01 7.447098896705128812e-01 4.958671770488783936e-01
7.785620191316692251e-01 9.262534374186061070e-01 6.973410322038083864e-01 2.446129652039310542e-01 3.129656966013980579e-01
2.237290787240505674e-01 8.757201170021577941e-01 9.128099677391137146e-01 1.896329716551660161e-01 2.830774229805910203e-02
4.351126093618321589e-01 7.191910098677856134e-02 7.420771839754347621e-02 6.519588515480998492e-01 4.678413022239577002e-01
3.125933594340375432e-01 7.327845679468869555e-02 7.322344486186236345e-01 8.560588625396525764e-01 3.657787917398188648e-01
4.048212324021041031e-01 7.953243168013667264e-01 2.206794738043381665e-01 6.980876315669499732e-01 8.390100883444673308e-02
8.146598603546728601e-02 3.060361191429467054e-01 6.610396749206601807e-01 8.541197866302078223e-01 8.004108501715484492e-01
5.424517202305788599e-01 4.494081127028471956e-01 5.540173509502138716e-01 3.854348681208206173e-01 7.406434026140857885e-01
1.909090181483358295e-01 4.227225071040787707e-01 6.020304672854525085e-01 4.727106440374144736e-01 4.032795842042879997e-01
5.616815793119804834e-01 9.933568968381421005e-01 5.606175157693190636e-01 7.340541393263566583e-01 3.508035115049357167e-01
1.199963480239646385e-01 3.620028907392263129e-01 2.402472015976986341e-01 3.030914968035576251e-01 7.833377110259671650e-01
8.910539203624601168e-01 4.335431683690533777e-01 8.698960045479555703e-01 7.465554380657568601e-01 3.196234598584806186e-01
9.253712589343746631e-01 9.366235783013998617e-01 9.845730771196171682e-01 4.206572034204512089e-01 2.526226058045666356e-01
5.258402278521711048e-01 6.848463331676128973e-01 1.791259452581238643e-01 3.621098118064142168e-01 2.370579191129562613e-01
7.995457681243833825e-01 5.761829502980453377e-02 2.112141736529475899e-01 6.633552065699394040e-01 8.476601235606823215e-01
2.713864390851390418e-01 1.417352281302608485e-01 3.715403052901691261e-01 5.333057982902952299e-01 8.888932539818727996e-01
6.005966529172743762e-01 1.202349011030223735e-02 3.916461425738962943e-01 5.074462217978177314e-01 1.708000101933048187e-01
9.230481229094589235e-01 4.509140127518753705e-01 2.063340994175280052e-01 2.482321376146493508e-01 5.876627009823474079e-01
2.886500000785556797e-01 6.377579734777600873e-01 4.447101152314695272e-01 1.439010982939716854e-01 3.761809467004421093e-01
1.964281488853953928e-01 9.016641153153048815e-02 8.287212663564808013e-01 4.845346106227496064e-01 9.434411282183426950e-01
4.012409728814377852e-01 1.130816149999042119e-01 1.913530166073219574e-01 4.413232901907652161e-01 4.034765353666190935e-01
3.876814028702286752e-01 7.117130716703397031e-01 7.392010049647197434e-01 4.914579047637557263e-02 9.977429549129822606e-01
2.276052359946334480e-01 1.717124346549806502e-01 4.677785442870430188e-01 6.240729246165924726e-01 2.464536859805332991e-02
5.548222237806065271e-01 3.363551711605565764e-01 6.937199050313087589e-01 8.570074079596760042e-01 4.576520752943262771e-01
5.812392071421341733e-01 3.991491482967541859e-01 8.105834823588972116e-01 5.623304694763451295e-01 9.218224616610863897e-01
8.917700351049633323e-01 5.304720645004048496e-01 9.113246571132515017e-01 8.974377697119761965e-02 3.538054785023536652e-01
7.816628468354682724e-01 8.157935106669061964e-01 1.218319019687603699e-01 7.104488421829879830e-01 9.665469240655518712e-01
9.366366044930815038e-01 8.757144754148989962e-01 3.987517792733685784e-02 9.049307888739764882e-01 6.228031455157981844e-01
6.754757234655364151e-01 8.543682459379297045e-01 1.131134204800139376e-01 6.392501118767082158e-01 2.513816778349438064e-01
9.207552079044357685e-01 9.908135063582270696e-01 6.936270755957476553e-01 2.491759057746891770e-01 3.538906713198877174e-01
6.050503362362469328e-01 8.775135367291641009e-01 7.417613976453352187e-01 2.482676580805674993e-01 6.881950742118470021e-02
7.559391706319058546e-01 2.507303419944306722e-02 1.251489566179768698e-01 5.264280692888453350e-01 8.118244013831158457e-01
5.940169063511209213e-01 8.902937716731340601e-01 2.847651639741050067e-01 3.918588297382041841e-01 1.884955462023638617e-01
6.276271664285812957e-01 9.758587110497096706e-01 2.158589103484492844e-01 4.286673742675473076e-02 2.214506030269693948e-01
7.591056642108019448e-01 9.778829056766860095e-01 2.388869800334659788e-01 9.741791126348027241e-01 2.650846971385882878e-01
5.038724593302823518e-01 6.426379647051498889e-01 6.477343844484484414e-01 5.949756842997562245e-01 2.978452749856049797e-01
1.962507595043855302e-01 8.344241775538564498e-01 3.183179582739518176e-01 5.724559448880564005e-01 6.061873499101387841e-01
9.240266551396186800e-01 8.052334942372252335e-01 3.083056039691040029e-01 2.535331841504847583e-01 2.723389230549022599e-01
4.525194881510875566e-01 1.400413891365721586e-01 7.049822874662393657e-01 1.435714165872422621e-01 8.034603026166228235e-01
6.724927790968741048e-01 6.882086637483191272e-01 7.273782007564155716e-02 4.609841054376778713e-01 6.924273738468332828e-01
4.694908607173980952e-01 7.242478297727219516e-01 8.519286677020414533e-01 6.544635361329131928e-02 1.780490974846186125e-01
7.697857215639423156e-01 5.974384352949191346e-01 6.581206078453816222e-01 6.371559888163496055e-01 2.625193999136148371e-01
1.858017115803974884e-01 4.634972141072413176e-01 1.620240311259285582e-01 5.770049349744016398e-01 7.272624361789291614e-01
1.368462487629074076e-02 1.314976326116245042e-01 7.932548512867543256e-01 9.188508620284632222e-01 8.369345814991868693e-01
2.666313591192237542e-01 2.673697709231204200e-04 6.661827202789750713e-01 4.791228971737756526e-01 3.419787023637969048e-01
5.413967067378938625e-01 4.846915951687499335e-01 1.799726808415424983e-02 6.820332213542684707e-01 4.754378472291049817e-01
5.572455902292238195e-01 3.996930109922124386e-01 3.448836959780199329e-02 9.793549202914980656e-01 9.593702220558124605e-01
4.968379107972663578e-01 9.624792900334426804e-01 1.716686210613740382e-01 2.911032179228918437e-01 8.851382174452204765e-02
7.650274377592618524e-01 1.420986568090480962e-01 8.786363706120736694e-02 8.328101956137122786e-01 8.874028023072437765e-01
7.495189767333021447e-01 9.426530463518828507e-01 6.398462156520093869e-01 3.580707850629560873e-02 4.149931390445131818e-01
4.561512179693832936e-01 9.939811989609131926e-01 8.551660782375354319e-01 4.078740668521273482e-01 2.525891244606769392e-01
7.985482223517093026e-02 3.106413299650808701e-01 5.330178298316978758e-01 9.635952123779291112e-01 7.329921143294999553e-01
9.327302270607942258e-01 3.997237721995235971e-01 8.514511682510861323e-01 3.376196365121175713e-01 6.647005124604843385e-01
3.540217894298038903e-01 2.515237997233560341e-01 8.382076751275098214e-01 6.831910286802689303e-02 1.671553390390655425e-01
8.746213307440444673e-01 8.473618612060364041e-01 8.601187374955333587e-01 1.127834825800078100e-02 8.964735655809428216e-01
1.414831618459140294e-01 1.825424091947669414e-01 8.487535053072695623e-01 9.291260943782131410e-01 5.924862016960351641e-01
9.207099569411095752e-01 4.126588447305723495e-02 6.274170281979003505e-01 2.170557423158152588e-01 3.029754950911642819e-01
7.945014916055199716e-01 8.970077557695151915e-01 6.073554798260559773e-01 7.109893597597869430e-01 3.781612782229617498e-01
5.139383667396878463e-01 4.769067809706588612e-01 4.241850378219662598e-01 6.671275534256897455e-01 3.716808715639385863e-01
3.485852238463047481e-01 9.682627734999292857e-01 8.089465511930549191e-02 8.638560060372418858e-01 1.768843344413704166e-01
6.512380227787445408e-01 6.195036608771946618e-01 1.621002868707368538e-01 8.309335104433122066e-01 7.187363258598568061e-01
4.231640433971721738e-01 1.159513750738283555e-01 1.446863175429735637e-01 5.533634427923092014e-01 7.370179859358244601e-01
8.073524303499848287e-01 5.920432092910044020e-01 3.068367421196223077e-01 6.102073608536093818e-01 1.109665345839417894e-01
6.669889904054401297e-01 8.496198513349969561e-01 3.262844430895761594e-01 9.354131370010516644e-01 8.585921301597303490e-01
2.821499434166208076e-01 6.291837872401184750e-02 9.492015690066811784e-01 7.725394275287076340e-01 4.389099688659527931e-01
4.766631389094375670e-01 7.354029842847278342e-01 9.639391729860935509e-02 8.282397424834091471e-01 5.117075071109404849e-01
2.378143897785645056e-01 6.150730063211743426e-01 9.010370750557312736e-01 2.828777870489902480e-01 4.369667227540281473e-01
8.507357787313171160e-01 1.633768414118411672e-01 3.035733499143249414e-01 7.774431260184389014e-01 3.243271873056138288e-01
1.933224954923641326e-01 1.361720295403490155e-03 7.745359379465309724e-01 1.287736030746001736e-01 2.467410391731428287e-02
7.278971554238635733e-01 1.681104732873920371e-01 2.533891000860355458e-01 8.305596007524574942e-01 2.390422431019398886e-01
3.115496204410077574e-01 1.472953249032838974e-01 2.229539797480597496e-01 1.030658408136498894e-01 1.933300105222728327e-01
3.858726647057376669e-01 1.521297636107770135e-01 2.779676307696490323e-01 1.088368811014369664e-01 7.829065968478382542e-01
9.710935822707610354e-01 4.804693489058945444e-01 5.064490570178254991e-01 3.262256045754888811e-01 8.950348059736286110e-01
4.558418979563674256e-01 9.986562751273336813e-01 5.470767521049978432e-01 1.111768848246291741e-01 5.963737663698764901e-01
4.200513964555007140e-01 2.798784123027281412e-01 8.358135824459567154e-01 8.062554691784019623e-01 7.401390101549051304e-01
8.637662482391951224e-01 4.126055023039658654e-01 2.809896263502619229e-01 9.299015508131477370e-01 7.530154815035756677e-01
9.826035908339189051e-01 9.526807115390217851e-01 4.779916972619244753e-01 5.726452915391696541e-01 6.920120428046724337e-01
6.442310175194322364e-01 9.233139119678968054e-01 6.582155561130460519e-01 9.069330709868428375e-02 1.655927376384067617e-01
8.716633433887654991e-01 5.584622769639375761e-01 7.998036855004702073e-01 7.395661718941030083e-01 7.329923500857042917e-01
9.202569888362766015e-03 1.838935154562101326e-01 4.916133748606358322e-01 9.286683000656590359e-01 6.656705304218263342e-01
2.466706167382803905e-01 9.694271421641675879e-01 9.465114280413476910e-01 8.051850041336916508e-02 5.205018023621260648e-01
9.253154840568029726e-01 7.262571185732334955e-01 9.050264167898450784e-01 3.538252046057109856e-01 9.003436774444375512e-01
2.965890985958170578e-01 7.008451903586639942e-01 3.053603032498630743e-01 6.805652433484816743e-01 5.612808090605281297e-01
9.501931268394204766e-01 4.542111721964734450e-01 2.644825596071861407e-01 3.132962651557090750e-01 4.262457238932341186e-01
6.646844567836739381e-01 1.058366911674716304e-01 4.841514217282472110e-02 4.202707708061912406e-01 4.841021597694866729e-01
8.592996825145614581e-01 2.807135955555900564e-01 2.229182308528554479e-01 1.710321965038976710e-01 3.155416132134242213e-01
3.441322581261818669e-02 1.285225147559027059e-01 1.974205002991398228e-01 5.019992161474430281e-01 2.464497283950904949e-01
5.517499889172435834e-01 1.613994359529228317e-01 2.488688479791816288e-01 7.262950665728022948e-01 4.379707679613895621e-01
6.895875454222085699e-01 7.381353456098502797e-01 1.528559187957080345e-01 5.464942274352476703e-01 7.131721347203323624e-01
8.684128006978186765e-01 3.779210945798170407e-01 1.851032030028019193e-01 6.223394306477630922e-01 4.309894703628651680e-01
5.920257101346041440e-01 9.723313390822143631e-01 9.732281031144972561e-01 2.653682941198967082e-01 9.148943181353980103e-01
7.544425754142105589e-01 5.197757212271959526e-01 8.902342654591234306e-01 2.913988052601934609e-02 6.638768465871197622e-01
8.984040187750969020e-01 4.425704118470148440e-01 5.675885309182816529e-01 7.876862958142607507e-01 5.662909905747406381e-01
