3.390243993636782305e-01 5.116814373405644822e-01 5.069715789469799727e-01 2.099363185882432981e-01 9.529821088537089313e-01 2.878708101046044132e-01
8.901042155739735673e-01 1.281170503548986428e+00 -1.533434645013775910e-01 7.209730954822317628e-01 1.453615791982356908e+00 5.238453294698969254e-01
2.715547684126111694e-01 5.387371799120582727e-01 3.127598650798176227e-01 -8.505459530592979212e-01 8.116145234905978167e-01 6.331109533075801599e-01
2.966666081331948979e-01 6.250289506919890492e-01 -6.743885992545306518e-02 -6.135784446968827188e-01 7.583233057351527195e-01 3.876112562631935377e-01
3.415741043420391088e-01 4.768944394075553816e-01 1.384887111255760361e-01 1.268932528071755328e-01 6.020314663155045265e-01 1.025464660648877979e+00
3.378112927126458165e-01 5.029144961538203340e-01 6.469627680514794532e-02 7.923882318094488397e-01 5.433534789590745984e-01 4.613001215534366373e-01
3.223897667634245678e-01 3.979931889452334448e-01 3.201020173876493180e-01 1.505106824624257433e-01 8.872881461562627248e-01 4.459986352341664961e-01
1.267482050179900011e-01 4.840252215362594868e-01 4.968616279467930053e-02 -1.827499961635139503e-01 8.021535361295750732e-01 4.999991229469803455e-01
3.113474300577677711e-01 8.233041215680608760e-01 -1.766425171994550070e-01 2.027555961250882000e-02 1.019570229717432941e+00 3.592344375452075633e-01
8.407523145055889602e-02 1.689604849478142379e-01 -1.488101137584489919e-01 2.438885011105288575e-03 8.264650586920894160e-01 4.273674371358382462e-01
-2.378232741408224937e-01 -1.729080313991092910e-01 1.222668267030089240e-01 7.647297122010575376e-02 8.871249967555093763e-01 1.048502664607779522e+00
-9.838833715246342315e-02 6.838235331674411555e-01 -4.524564100713561188e-01 7.578077692328041848e-02 7.737692215999489864e-01 6.777118106607504799e-01
-6.529332582891808623e-02 4.355152239108339152e-01 1.524303572164263931e-01 2.138839330814709949e-01 1.341648352342258876e+00 4.735553512620929023e-02
1.332214238469355272e-01 5.032989613691296604e-01 -6.700211470664503288e-01 -3.666252186210194886e-05 1.006979040102866652e+00 5.424874690173803887e-02
4.872569720139781069e-01 3.959393013258762917e-01 1.625231448132670176e-01 1.204862104672040635e-01 9.284286648442436896e-01 5.486915410344433974e-01
2.702478737120326269e-01 1.308582594629247309e+00 4.075779259303885516e-01 -5.045548182455728004e-01 9.253154540596327804e-01 3.539408630762979069e-01
1.040305166470767984e-01 1.669433088709289525e-01 8.522500342971617293e-02 4.821352874659871057e-01 1.065569655826257955e+00 1.448201602888670170e-01
-1.521545779437939450e-01 1.615548746877508712e-01 7.034769496153392421e-03 2.136943991421330069e-01 8.657441734712281178e-01 1.152211704791837876e-01
4.141726834513332900e-01 5.786657101058461095e-01 2.477696257311815253e-01 1.621885518940079651e-01 1.145501831856907682e+00 9.048980599657041601e-01
-3.393117148662505578e-02 6.224209172506778298e-01 7.970893526470235191e-01 5.375072323921264994e-01 8.250863641384149627e-01 1.572495139238173911e-01
3.606519077474966695e-01 5.504434929639782093e-01 7.588959188838267922e-02 5.302806999454348635e-02 8.262399875076618105e-01 6.583237015334011399e-01
1.246897895078891594e+00 3.689250053131427620e-01 1.163480305273979498e-01 3.803997310305035073e-02 1.167347281580461971e+00 2.259720652825113196e-01
7.532327832828906722e-01 5.747923379635675456e-01 -2.376754746726994494e-01 -3.544985909105545785e-01 5.000095863521886175e-01 4.573134091741118956e-01
-6.425779782637641713e-02 4.548149099014353602e-01 1.757143389112022780e-01 1.032463353740285944e-01 7.912436604910180193e-01 -7.994471816413190046e-03
2.784736372660511772e-01 8.309900358132329412e-01 3.419964761068561843e-01 1.299760779935788424e+00 8.610191416444545887e-01 1.166625388927281959e+00
-4.678700438647082072e-02 6.531704526361447050e-01 3.117188914130926136e-01 -3.900818873876132908e-02 2.333938390949891195e-01 8.448011111163302722e-01
2.048543676670227520e-01 2.620267883497177652e-01 -3.283146961297939148e-02 -1.661464711021515550e-01 1.131930378487317368e+00 8.678357408278167817e-01
-4.533716447009890071e-01 5.363241671249548981e-01 3.208864482284111141e-01 4.186904982721207508e-02 7.759386944205607373e-01 1.045163767203587835e+00
-3.580222243787976044e-01 4.805780509136813317e-01 7.552504033405407768e-02 6.467180735828683691e-01 8.397728624793179275e-01 5.262183659083961018e-01
3.299243883930979004e-01 4.247760802009290515e-01 -1.994863252736881476e-01 2.659906751871005115e-02 4.664818540890252052e-01 1.786918443252367705e-01
3.237288294280611378e-01 -4.961705724094810921e-01 3.470890482747845951e-01 2.477927335645464246e-01 1.330070562950952162e+00 4.313456056420266194e-01
2.465030620632849834e-01 4.784104609188475354e-01 3.379976645873311591e-02 1.392617861656315903e-01 6.499857132910311641e-01 7.532597159243130669e-01
3.106913862352701505e-01 4.552779308853487361e-01 1.661105046629170190e-01 1.448550751769663303e-01 9.563699613558326318e-01 -7.200705970792087296e-02
9.344158363005923285e-01 7.501614697567591250e-01 -3.815134215451555511e-01 8.379186847195236876e-01 1.472623573707948497e-01 5.381946917206743564e-01
4.185643975884834056e-02 5.621461143955988060e-01 -6.746976183260914306e-01 9.416361048897359254e-02 1.069667565679268684e+00 8.563544246177856589e-02
7.636698391448565326e-01 2.310148302993581815e-01 2.038643110265211389e-01 5.453243722167322449e-01 8.140095766862636140e-01 2.632387858005735826e-02
8.093241960323143136e-01 4.575198817167542842e-01 3.815122328286154607e-01 -2.826815978911643157e-01 6.601499877370129443e-01 5.726086206859872796e-01
2.118256964987056123e-01 4.484071337593148465e-01 4.017456096080740946e-01 -1.567965868162455451e-02 8.366354474229787952e-01 5.735770480545452354e-01
3.182000727535918005e-01 3.167357690930893144e-01 5.308138440380910650e-01 4.575641373489456876e-01 8.399422492643222604e-01 9.947888800003594767e-01
-6.650582176739688878e-02 5.791656722773566024e-01 3.380201389691793734e-01 -1.089122217767783396e-01 7.406436077579761079e-01 7.156059862213335343e-01
8.990828307627496407e-01 9.181529517691635611e-01 9.627156239456935438e-02 1.373199718445868023e-01 1.146886748567416792e+00 1.446482272108271072e+00
3.461102215482654287e-01 6.191272292577736369e-01 -1.996518385853777167e-01 -1.893929140306584991e-01 8.928942973397435701e-01 1.930848197370873542e-01
2.878759671475517035e-01 5.897064309122804771e-01 -4.856797357123446290e-02 1.630827058792457679e-02 2.535394835884735021e-01 3.743499701862409434e-01
3.721577611542203901e-01 6.213858975152868336e-01 1.130239084152665774e-01 9.720578394454840732e-01 3.673374277033813473e-01 2.657347523750009932e-01
7.247578972545059006e-01 3.854817426311614170e-01 -1.029916435165175725e-01 1.711971624686784155e-01 7.897774534099032406e-01 6.443496859945138100e-01
3.734874680845594042e-01 1.779479624520939329e-01 -1.702699738236972404e-01 -4.942754342887772934e-01 1.317645164923668677e+00 2.983701430866941839e-01
6.345052378379145708e-02 4.108127411023165809e-01 1.833551823275561543e-01 -2.044076878278586473e-01 1.152008683658192201e+00 1.024599153520727945e+00
-1.862823895620979719e-02 4.654511986787908118e-01 4.711155593795439689e-01 -6.023746570659405108e-01 6.012177966915910332e-01 5.028668602161998624e-01
4.677558533754102577e-01 1.641730620959580556e-01 5.251552415015769970e-02 -5.077106378485318761e-02 8.198756204450202700e-01 4.603803303145562187e-01
1.021234385328964184e-01 5.997956796660099954e-01 1.795032888925152392e-01 7.977620733815268816e-02 6.635041496678710793e-01 4.759296806941155644e-01
3.897067755424183377e-01 1.287251116330441647e+00 2.157278822467400825e-01 -7.866871455393826817e-01 7.569037596301103621e-01 4.925685971507630656e-01
4.631928321087050437e-02 5.120116617964309835e-01 3.304987081691854178e-01 5.619869169486954030e-01 1.773233876922408303e+00 9.416371599323265507e-01
4.056580532461074307e-01 1.610098140676859968e-01 -4.950291236757731195e-02 -2.309983702517071080e-01 8.108515160571457825e-01 4.110528233381375851e-01
1.426231842167037245e-01 7.744105571292110302e-01 9.166316913433110170e-01 -2.713180328908770811e-02 2.402853506541479389e-01 4.726411725050830848e-01
4.265091578706836639e-02 3.685167050571537262e-01 5.585613085796750088e-01 -1.764888139262067029e-02 9.798061217440392490e-01 3.592349091089608870e-01
4.099964965630397140e-01 -4.674139930222080963e-01 -1.399575444067782115e-01 -1.544458136451541397e-01 8.891280502353380299e-01 5.170295883697318962e-01
2.927535469659193756e-01 4.359237372051114057e-01 3.748944701901041343e-01 1.740427536637699502e-02 8.842854492813028155e-01 2.523095474370124977e-02
-9.353771839307428726e-02 -4.656433703271400937e-03 2.447799340503864773e-01 8.598798830392871961e-01 1.111101017860705475e+00 8.946938288158666763e-01
-1.327766639608873867e-03 4.921078794325393080e-01 3.195942740191665132e-01 6.139959278368511963e-02 8.700079225619343770e-01 3.429611217909830367e-01
-2.320877500267332083e-01 7.256461682325582307e-01 -7.196237786923631585e-03 -9.443046851960537613e-02 5.172986852343799402e-01 6.405426620219774048e-01
1.911105812376764357e-01 4.697914249669616904e-01 3.537691040305635526e-01 -1.068616560112596869e-01 8.886561451664968247e-01 6.622768782653580821e-01
1.704594331283415809e-01 5.352312067365037063e-01 1.355011087505010536e+00 -2.422136770675094586e-01 7.011552472720041784e-01 -8.789959638618949356e-03
7.005222430996644878e-01 4.201178065800726946e-01 5.327318088020895903e-01 1.875235714987517621e-01 4.778782896853004392e-01 1.601665919816727124e-01
2.727064017896871917e-01 7.093764229322329085e-01 3.687152422999929180e-01 8.138407868263758393e-02 5.660960643974033424e-01 -4.326864225883741977e-02
5.572224042183722137e-01 5.292116377006333972e-01 4.295034747157396859e-01 -3.970958136690100337e-01 5.729600684298573610e-01 1.260919757753310222e+00
7.138280745400025218e-01 5.284983022098120875e-01 -4.298279224627121753e-02 2.445776400528426597e-01 8.734554129089351360e-01 1.441178456121148810e-01
3.217865452306892249e-02 6.104690108426916728e-01 -3.215120401346855394e-01 3.889803188898484365e-02 8.371385228525265454e-01 7.382600879926373150e-01
-1.733501242380856011e-01 7.563697785238614468e-01 2.110260189797859565e-01 6.215062123387393722e-02 8.608341485014131544e-01 4.287526035065929442e-01
6.741431095786698524e-02 5.714586186993287908e-01 6.071043384927086173e-01 4.985262108664219038e-01 7.529343975745730333e-01 3.379114235114106801e-01
2.106863427818131129e-01 4.333872058284549134e-01 -1.050827800169837345e-02 -1.761808308132253309e-01 6.864044662096103755e-01 2.930796760454361660e-01
3.622734637865612228e-01 3.231306876320801935e-01 3.394502588951990307e-01 6.595954071535975460e-02 3.946492453379106258e-01 1.890853903894016974e-01
-2.905364627314437342e-01 3.701628466405055828e-01 1.303871763915611104e-01 -8.710013289995273411e-02 9.341383046094953180e-01 2.580136227682021666e-01
4.274803762121535122e-01 7.148354886579153522e-01 3.322065239576404982e-01 -4.270737116862744487e-01 1.708154563346181654e+00 4.815837909543737028e-01
5.085878365848395255e-02 3.564444315454622370e-01 4.554730738751331942e-01 3.100919788577222724e-01 6.873249118975792715e-01 1.386704136399482756e+00
6.620283184416894673e-02 8.285940857150470018e-01 1.352058829533372974e-01 5.228399558717837792e-01 6.770642169572638203e-01 1.188989722617775358e-01
-4.184457208872312262e-02 4.712755219124685757e-01 8.136973546114681932e-01 1.966975301788345676e-02 9.160310243693485788e-01 2.608314059751598579e-01
-3.805662414057698478e-02 -3.536427814176842932e-02 2.580544159867356746e-01 -3.080767715580522981e-01 9.288414899492686283e-01 5.096509258177053248e-01
-1.012915238274291196e-01 5.301418633583869777e-01 1.893637996210453256e-01 -6.345832073972285103e-01 8.925577299095532879e-01 -1.414419585903031740e-01
5.347867138581214874e-01 7.887489257105695373e-01 -3.911137102797023757e-01 1.480060010312670704e-01 1.064429189556391542e+00 3.384378381572513139e-01
-1.267267325263979894e-01 4.465456465544268005e-01 1.404755357669007498e-02 -8.211384705038107801e-02 8.803154158846494548e-01 2.548007411090390528e-01
-2.885513179564930253e-02 5.076921904465976354e-01 6.049306422205641409e-02 -1.269268428638675172e-01 8.155894748654035631e-01 2.658436402869018278e-01
1.531058716970671585e-01 4.174235182945914002e-01 -7.331171920951679022e-01 2.939943224751384587e-01 7.522952341462215697e-01 4.212070427296644715e-01
6.592634769834749831e-01 5.498544686183506336e-01 5.871854307966879460e-01 7.016629364475106545e-01 1.106475683735553606e+00 8.238913209801386195e-01
7.591009860390740549e-02 2.295823718429162996e-01 9.222726233249334271e-02 2.666087196653582625e-02 8.712795111294980854e-01 4.672822367071371996e-01
1.315082094397552526e+00 4.741648684609887088e-01 -3.400287004649181766e-01 4.100475470153597257e-02 5.822628899793821367e-01 5.092112609751852093e-01
1.103977176863650822e+00 5.605616101670581886e-01 9.376681105823403417e-02 8.735766020580647551e-01 8.564231872281735658e-01 1.474411192828826711e-01
1.442414235282444002e-01 1.247785203602568727e+00 3.041117847828181953e-01 -8.215839657883075020e-01 7.392349509094870985e-01 2.740686096854098586e-01
2.348440564269602127e-02 3.818706232958971603e-01 1.693002287963396579e-01 -1.111207877373511788e-01 6.167472605440826872e-01 2.243283894441961690e-01
6.393770754181204996e-01 1.389087445396878451e+00 2.921299763683837813e-01 7.400926585083069664e-01 1.997400905859484377e-01 7.035274262069345363e-01
6.621436831249348787e-01 -3.760521743801721328e-01 -3.635967756987978916e-02 1.049040922146451171e+00 6.279298232822634329e-01 2.579821790205063525e-01
6.028722194208764318e-01 3.561094843687230838e-01 7.009404237732858034e-01 -5.835639420356883433e-02 7.170697893220987496e-01 -2.249816123176494598e-01
-4.567120741261482264e-02 -1.090706859663015255e-01 3.552713370592607833e-01 -1.544458258583336629e-01 9.214403418650538580e-01 3.738442347313358227e-01
2.074898698017206555e-01 2.179351172548776860e-01 -1.171376010404884260e-01 8.624798687352847049e-02 1.228491443430085095e+00 4.302765762955332862e-01
-3.479963163494659284e-02 -4.175548577085907986e-03 4.052280899609712606e-01 -6.519456046281074668e-02 1.233964726385323285e+00 5.194671949738849381e-02
6.642457671748813741e-01 6.274911426695730654e-01 5.013305291919367690e-02 2.201710053765345565e-01 1.155875502699799107e+00 -2.625149366003931006e-01
-2.200255387779418981e-01 3.663239494735036628e-01 6.400803993817549831e-02 -4.296680728475927857e-01 3.453072979156930900e-01 1.881170778884322381e-01
2.477188944701223250e-01 7.241032296925508094e-01 4.992086902010776928e-02 8.410548029692439809e-02 -8.196917073109599716e-02 8.869102182728039185e-01
4.174231851885762401e-01 4.901227489698662398e-01 3.021882442806306246e-02 1.874703034824356518e-01 1.215635263540760791e+00 6.938100582544116657e-01
3.820152012471354080e-02 7.950953344129154665e-01 5.677629802631540823e-01 -5.402512237372925075e-02 6.575109861735579653e-01 -3.121124285993226444e-02
9.453019994281846028e-01 5.872396929990008063e-01 -5.228571858936255090e-01 2.731625381271300668e-03 1.158431729084404394e+00 9.482859900286767507e-01
