2.350815359713171945e-02 5.276363544107966208e-03 0.000000000000000000e+00 0.000000000000000000e+00 -2.584199445443396276e-03 3.191741540448733011e-02
-1.937852856941387272e-02 -9.929069285255852362e-02 0.000000000000000000e+00 0.000000000000000000e+00 -5.977196055100682942e-02 -9.885133636298294810e-04
5.039652552585077022e-03 -9.101628727575319933e-02 0.000000000000000000e+00 0.000000000000000000e+00 -6.399851800068856456e-02 -2.109110329646438076e-01
-2.925004494869123256e-03 3.684580081348265423e-02 0.000000000000000000e+00 0.000000000000000000e+00 8.979658240673786540e-02 -1.115524172279469400e-01
-8.437107898159507124e-02 1.367696615354582201e-01 0.000000000000000000e+00 0.000000000000000000e+00 6.995074368598742931e-02 3.679397075523531402e-02
-1.573897762384477914e-02 -2.077670298536607729e-01 0.000000000000000000e+00 0.000000000000000000e+00 1.597354330683524448e-02 2.637669589832550981e-02
-8.962137368462227971e-02 4.296170131974479389e-01 0.000000000000000000e+00 0.000000000000000000e+00 -1.214387941851931274e-02 1.476939795490052158e-02
3.744628923416545851e-02 5.513706098112164389e-02 0.000000000000000000e+00 0.000000000000000000e+00 -1.229584277214518795e-01 -1.835222912820866012e-02
0.000000000000000000e+00 7.181498783248912998e-02 0.000000000000000000e+00 0.000000000000000000e+00 -2.029393847077617594e-02 -1.539492904443428289e-01
3.525553543062613648e-02 3.678298900781307168e-02 0.000000000000000000e+00 0.000000000000000000e+00 -8.824632185025266598e-03 1.827428211262932534e-01
1.416668756602954549e-01 1.178191467504752232e-01 0.000000000000000000e+00 0.000000000000000000e+00 1.115500624596282679e-02 2.288883857853027740e-02
4.378260925794820457e-02 -8.458511208967801898e-02 0.000000000000000000e+00 0.000000000000000000e+00 9.381967121652956543e-02 -1.790207400294032206e-02
2.559634115520405540e-01 -6.026417889621132201e-02 0.000000000000000000e+00 0.000000000000000000e+00 -2.273515232913156468e-03 -5.918783336508713633e-02
-2.528228610346452618e-02 -1.007298107878260157e-01 0.000000000000000000e+00 0.000000000000000000e+00 -2.168037652598556186e-01 5.886635948175134199e-03
-6.169215882888519353e-02 8.294741286483828246e-02 0.000000000000000000e+00 0.000000000000000000e+00 -9.862759406251381256e-02 -6.245760415329963677e-02
3.864711832534988845e-01 1.715362161491439663e-01 0.000000000000000000e+00 0.000000000000000000e+00 2.032518908861645143e-02 1.086397996312069847e-01
8.201090660438602187e-02 1.633013272163089807e-02 0.000000000000000000e+00 0.000000000000000000e+00 -2.774697418886792888e-03 1.115367380112045059e-02
-1.251758880321761358e-02 1.966891059517167917e-01 0.000000000000000000e+00 0.000000000000000000e+00 1.377590353363712661e-02 -2.912183558332296501e-02
5.033900940481063693e-03 -9.799999999999999822e-01 0.000000000000000000e+00 0.000000000000000000e+00 1.464755594597924593e-02 9.041407158926079157e-02
0.000000000000000000e+00 -2.380605691254800149e-02 0.000000000000000000e+00 0.000000000000000000e+00 6.635247108508083094e-03 -4.394541814731715325e-03
