2.424545267438170670e-01 1.199553659269742556e-01 1.000000000000000021e-02 0.000000000000000000e+00 6.588224683314788388e-01 9.570760659040765672e-01
2.540796964660137491e-01 3.051571501624020799e-01 1.000000000000000021e-02 0.000000000000000000e+00 7.321581480662218144e-01 9.410489601083722455e-01
2.342574533667559911e-01 7.799668392699371511e-02 1.000000000000000021e-02 0.000000000000000000e+00 5.676337087892366906e-01 7.898541747410980918e-01
2.518818522013459016e-01 1.102556990962687833e-01 1.000000000000000021e-02 0.000000000000000000e+00 6.842662615506143187e-01 9.979312974927605495e-01
2.500052587730497988e-01 1.761282784107182087e-02 1.000000000000000021e-02 0.000000000000000000e+00 6.677980956246881705e-01 1.000000000000000000e+00
2.521404837974312585e-01 7.932035966230729929e-02 1.000000000000000021e-02 0.000000000000000000e+00 6.753435135046321758e-01 9.098822728719733188e-01
2.504637444717429107e-01 6.393496488841388103e-02 1.000000000000000021e-02 0.000000000000000000e+00 6.902536062760478153e-01 1.000000000000000000e+00
2.503582688075890461e-01 1.431730920412750685e-02 1.000000000000000021e-02 0.000000000000000000e+00 6.329945720699036160e-01 1.000000000000000000e+00
2.166294003706947524e-01 2.081824438322996129e-01 1.000000000000000021e-02 0.000000000000000000e+00 6.753438960222351017e-01 6.850733576490828369e-01
2.405349103258306864e-01 1.000000000000000021e-02 1.000000000000000021e-02 0.000000000000000000e+00 6.966440992001506904e-01 5.641725923913901708e-01
2.488025696517031093e-01 7.683773655757053511e-02 1.000000000000000021e-02 0.000000000000000000e+00 6.839119496035842571e-01 9.861679640574402272e-01
2.515304730429312463e-01 1.184003225360426292e-01 1.000000000000000021e-02 0.000000000000000000e+00 6.813350317727635552e-01 1.000000000000000000e+00
2.491310476255265693e-01 2.626229251853722246e-01 1.000000000000000021e-02 0.000000000000000000e+00 6.765356997448760401e-01 9.947543047327211951e-01
2.541686243993252492e-01 2.489258946736355171e-01 1.000000000000000021e-02 0.000000000000000000e+00 7.037917952698270474e-01 1.000000000000000000e+00
2.414054401499133584e-01 3.149069557692302235e-01 1.000000000000000021e-02 0.000000000000000000e+00 8.845299367056144169e-01 8.592991181448548232e-01
2.574373693892419435e-01 1.285915706594381591e-01 1.000000000000000021e-02 0.000000000000000000e+00 6.790513557174983061e-01 8.966327214956353320e-01
2.503645802856486746e-01 9.621134680389303862e-02 1.000000000000000021e-02 0.000000000000000000e+00 6.728016337506887989e-01 9.400486767685731770e-01
2.409744905324826547e-01 8.415625746557688081e-02 1.000000000000000021e-02 0.000000000000000000e+00 7.061813519452928567e-01 9.000999737193384753e-01
2.444341424452260714e-01 5.352290941738151453e-01 1.000000000000000021e-02 0.000000000000000000e+00 7.166136565775238498e-01 9.424587766942122968e-01
2.508737063061696193e-01 9.496110754093688155e-02 1.000000000000000021e-02 0.000000000000000000e+00 6.945776053669617811e-01 9.237140563320872522e-01
