7.742698276235415733e-03 4.024683261943511337e-01 5.992376322036481184e-01 3.789705198613897430e-01 3.712272591436065472e-01 9.259595954920155636e-01
8.601177400413890783e-01 2.535286371416880513e-01 8.681340737326910251e-01 3.457595508017748953e-01 5.324393089689404279e-01 4.996229774826091985e-01
8.462347383019291902e-01 2.139198097206751470e-03 7.232732039682628900e-01 4.021542219701708110e-01 2.324222324142858342e-01 9.388373890957437684e-01
7.256170625767925930e-01 9.007741279773440191e-01 7.803595886850982488e-01 3.765008687904042306e-01 7.257140640869521597e-01 1.279848554112494874e-02
5.942665338819206333e-01 1.692264590951086944e-02 9.388204884394646399e-01 3.512983761841163011e-01 9.621637500310332713e-01 8.667769020265527757e-01
8.422840069847886690e-01 5.678420285313739990e-01 6.544775374621256692e-01 3.494416249958203213e-01 3.959292888717301784e-01 2.668388895476273559e-01
8.999270394245688642e-01 5.491507453123873894e-01 4.048252000602658995e-03 8.758235310164028675e-01 8.281848422151116829e-01 4.324109407793763626e-02
8.082178533028546719e-01 9.424152196772029866e-01 3.704977329385595874e-01 2.466757906920473697e-01 6.018970085190459285e-01 9.758584819235665009e-01
4.812937661204782502e-01 1.643186573726367339e-01 5.809913628686522724e-01 3.634989109080144498e-01 4.066803414607150780e-01 2.079051653826832213e-01
9.877947105965222407e-01 6.385026419583409441e-01 6.813017341510737568e-01 7.975047704112814273e-02 7.525286436368896492e-01 2.661867452061220662e-01
2.589865754747394666e-01 8.935351195817003989e-01 6.084719516813672513e-01 6.381255384187306534e-01 4.611152287409514550e-02 1.537217298454727210e-01
8.705317941577790375e-01 9.009311766493273144e-01 9.254603644030903187e-01 7.401942668324155150e-01 8.886856606565595174e-01 1.413468976017088208e-01
4.918586516227096972e-01 7.931523873526453716e-01 6.455890843233226262e-01 4.352768970475374699e-01 5.566258120980170920e-01 8.813434372313313503e-01
7.026364247689342868e-02 1.961539996792808216e-01 7.223409197733045017e-01 1.539651356042185393e-01 9.469159266076536685e-01 5.446517532671381057e-01
1.641520831918593659e-01 1.617073126894255086e-01 8.685599200487612581e-01 4.916132343150155792e-01 9.541329844540314964e-01 7.411462353105167100e-01
9.605359876592733936e-02 6.387508565337474131e-02 1.870646304322787223e-01 7.112122857749243465e-01 7.327129130663575518e-01 7.589528724501648504e-01
7.502050180329699058e-01 7.788274477363921200e-02 9.838042336916026365e-01 4.295484581246582501e-01 9.048447258675319516e-01 5.938350021023292014e-01
2.809540312023690589e-01 6.890675412354788643e-01 8.635616546570257235e-02 3.517211588141671008e-01 2.207264986630562698e-01 9.854291953004956639e-02
9.936990200558198927e-01 1.643646428371335899e-01 1.506904339918080371e-02 5.641423820684954293e-02 9.598631909543964280e-02 4.457940820575778673e-02
5.534052110699404503e-01 7.368235468117223519e-02 5.924177388768181451e-02 8.710066868475854207e-01 4.496685328904173051e-01 2.416529255299371126e-02
5.031014710334327233e-01 7.678121210243250561e-01 3.205797530510257065e-01 2.342657697117003224e-01 5.748793751605201230e-01 4.335013346029913395e-01
9.945323425254329885e-01 7.243117060858593748e-01 2.206294699087902877e-01 1.193167654030555802e-01 6.189206915247521534e-01 3.239404843180246907e-01
4.951857555109415721e-01 5.686647507236316512e-01 4.966146286942374477e-02 8.252207027278083418e-01 4.978942768481386949e-02 7.748916619048131782e-01
3.309679334505384318e-01 1.572930778262950913e-01 2.234805883375653446e-01 4.332013611744656156e-02 6.919807003920893651e-01 6.543369437298721669e-01
6.909072509950912044e-01 6.301292049065078116e-01 5.321951093659781362e-01 7.470837038729566393e-01 4.182012965490170542e-01 2.260677551501986127e-01
6.824704952875569886e-01 4.923056365460996009e-01 9.685703102259625163e-01 5.053246140550444743e-01 7.503598518851710697e-01 1.575031649589906380e-01
6.986376786731751665e-01 7.403965855612163471e-01 7.111435515359204595e-01 3.477939109095568027e-01 9.388869531725051454e-01 3.482494322195838210e-01
6.554517473748131540e-01 5.324248209279679456e-01 9.887672578384227862e-01 8.497464541971000429e-02 8.844726980652195536e-01 9.583513346637189123e-01
5.204505163053994021e-01 3.965289367195889980e-02 3.639834490296017799e-01 2.430029847540791099e-01 2.203497623183816589e-01 2.837839334372502798e-01
3.461209846551941416e-01 1.997066737520712953e-01 1.987645169714742366e-01 2.241651656355895250e-01 9.997983590407767407e-01 7.418302993866736639e-01
6.797706973183884616e-01 3.296760143972697898e-01 6.938548298549096494e-02 4.565188508836370840e-01 2.686196896033739012e-01 6.652931309118703673e-03
4.576295837633816976e-01 8.916310732247432203e-01 8.256190665618964308e-01 1.183595581935334984e-01 2.900493913167743187e-01 5.431003637037672416e-01
7.662156073880501683e-01 7.006523546193665908e-02 9.555602811407648556e-01 4.008924873378794107e-02 1.756384934393796504e-01 8.283445830378134422e-01
9.457651038417037581e-01 8.879724129939461363e-01 7.339064228863289019e-01 3.609622305331032788e-01 1.817787683241046670e-01 2.015622740071064678e-01
6.360852828398919634e-01 1.376691637175577743e-01 2.511525017595523934e-01 8.667388453437313567e-01 9.735832457231619053e-01 2.993914293397940130e-01
3.963037715512300885e-01 7.244023791294256220e-01 8.650095981589970284e-01 3.845651266580990546e-01 8.938070057699484261e-01 2.377857082091530128e-01
4.840811077241753413e-01 7.250191214863263012e-01 1.987087140487465708e-01 8.134153514623125858e-01 8.680381273470079151e-01 6.370582321389691716e-01
6.792371873957808726e-01 3.381254330637298855e-01 5.887873062207593655e-02 4.035852910781164704e-01 9.681060542415116377e-01 1.399127020671155908e-01
9.571405975366176211e-02 9.870507330350245523e-01 2.948169047337607651e-01 7.260695740785835239e-01 6.175061512402312269e-01 2.184915065410875101e-01
2.948567885235493513e-01 3.272993254319650491e-01 4.958513909953040644e-01 7.878296896230203572e-01 8.168266342558682114e-01 9.655749856483749616e-01
9.941775364241181023e-01 9.686431999548761329e-02 9.075289331815410421e-01 6.876881985619850424e-01 5.948157198495944709e-01 5.233205269159473261e-01
1.222535332540621855e-01 9.934695094120790104e-01 9.862581609891460932e-01 4.467109501224457713e-01 5.005145749030688318e-01 8.984532487176773996e-01
2.667631194027183517e-01 3.559654206770271889e-01 9.657479338075952713e-01 4.126901506954111509e-01 4.668980231647028578e-01 4.432482661247976186e-01
3.105335425037016872e-01 3.741384487595046382e-01 8.260064494561614179e-01 1.930411793725097525e-01 2.610136539842045078e-01 5.592733074164659701e-01
6.518340405478548760e-01 2.924910319856049989e-01 4.553216337652093992e-01 1.071241281298339620e-01 4.976001430250290847e-01 4.053097096488332829e-01
6.213698777266175588e-01 5.960527534017121543e-01 5.681457536688667709e-01 8.515393023761889113e-01 6.917542431041980855e-01 8.304531267898446201e-01
4.801880126379483027e-01 6.428535756901014864e-01 6.926479128516135342e-01 9.401923490254082694e-01 3.731340412663111117e-01 4.419288091578918998e-01
6.697290774412549830e-01 6.284414188963172165e-02 2.559971692730149684e-01 8.542713517707770654e-01 9.666167499739598545e-01 7.186852142484552175e-01
2.080169781851657351e-01 2.638385856686465969e-01 1.229487840659777564e-01 9.138454905649451288e-02 6.081333026666942976e-01 6.447573093340652761e-02
5.931274697418524866e-01 3.432685125794894265e-01 4.908433429875110887e-01 9.487059215801629808e-02 2.599759757546219463e-01 1.979018699775254575e-01
7.874068170839995107e-01 5.167634483494164543e-01 4.616887544897106954e-01 2.415060485447034777e-01 8.148158095628964537e-01 4.278371423238358506e-02
5.739226575782181428e-01 6.335258589664143347e-01 7.190454037204152549e-02 3.639680039880607287e-01 9.421375194309993262e-01 2.441235580720076959e-01
3.380281191191801815e-01 7.670480084307288449e-01 3.216420255762495461e-01 1.471934638241721993e-01 4.820592557700630332e-01 7.180022674506103542e-02
6.633661581988603562e-01 5.593379155326377861e-01 8.195704116053157406e-01 7.746424037019934428e-01 7.098439905414537510e-01 1.637912937058301210e-01
7.115654531112237668e-01 8.563609459844725436e-01 7.570653094812204165e-01 1.399749841151290974e-01 8.370645657792552541e-04 7.032288179859221833e-01
1.295037194978669870e-01 3.609265847092663071e-01 1.392853254150066000e-01 7.849736026515681253e-01 7.560111888399975166e-01 7.700802573635155968e-01
3.532954843762616814e-01 4.869811739638363335e-02 4.081735122800649318e-01 1.203144906204161035e-01 8.096905995830914193e-01 8.896559099706440321e-01
3.026668014808129303e-01 2.566984677459689390e-01 1.512090117857486371e-01 3.577372297382018784e-01 2.440466223365889142e-02 5.847166924856594949e-02
1.138263000659863744e-01 9.410557609939483870e-01 4.828968345443457322e-01 5.186239980644443692e-01 4.656280848183332877e-01 1.501625873797698407e-01
6.717123705710188464e-01 3.347513820481066160e-01 6.287078839272447484e-01 8.279442103898875249e-01 4.494156385003985621e-01 1.292581245762258746e-03
7.860273616212493097e-01 2.704298792137637131e-01 2.653406063160003159e-01 2.070066778282179110e-01 8.814259840864389073e-01 3.457855718837454795e-02
5.385480932442484603e-01 8.645846681032257619e-01 6.953080032704708202e-01 6.898679983382672853e-01 6.336610637586572725e-01 7.827929908739813536e-01
9.299518390343748386e-01 3.833903864753962498e-01 8.914795840904035096e-01 3.504373764032978622e-01 6.969585069317746351e-01 4.902757580418034555e-01
7.884735500823252252e-01 3.273945735950546387e-01 2.725220995451954620e-01 8.521721479609640770e-01 8.129745484563987157e-01 5.227748591581471427e-02
5.926683064550584135e-01 8.009088052837644023e-01 7.470383291816931060e-01 9.670419838094471698e-01 8.202196697529773317e-02 2.647809475936220291e-01
3.049872061892162645e-01 5.956285403326974093e-01 1.495445413442035854e-01 6.981336695414183113e-01 2.961129535303553828e-01 6.960710239516632036e-01
6.448687742850527371e-01 8.200526010742753558e-01 4.653376816955486772e-01 7.667684603225399798e-02 6.527034907049205081e-01 6.508738818330801479e-01
3.929887350793745959e-01 1.031676665618342925e-01 6.008884687349161924e-01 7.896041457861298074e-01 7.685943374642679737e-01 5.253499964437774450e-01
5.865695447883959579e-01 5.990657526223721607e-01 2.856993593159397049e-01 3.300247550392708673e-01 1.474505510854384749e-01 3.756874224754207514e-01
6.630374913041893192e-01 1.985109715175185086e-01 9.888991778363959151e-01 3.450091187754884547e-01 8.970337060706650156e-01 7.430249518489784322e-01
3.050407345990924224e-02 1.263814629756898622e-02 1.670433297349990243e-01 1.024066556667102557e-02 4.900859128688253019e-01 4.095090669297183350e-01
1.988392498917912476e-03 8.478886443299863407e-01 3.616780835345190237e-01 2.567826641270236632e-01 3.667205357119223130e-01 4.905916983902768314e-01
1.883624170895243921e-01 7.980846234251242066e-01 5.503242952521810727e-01 8.513673455971197956e-01 5.930292600585296281e-01 4.366543590011954246e-01
8.904271383045271326e-01 3.766404300153753937e-01 1.605146079171733131e-01 9.558676769248286575e-01 5.351939824390246070e-01 4.484778693346546108e-01
1.319398248566810983e-01 3.615021919106997661e-01 5.527048048303735417e-01 3.323518091886331627e-01 7.435255532928760625e-01 2.090831912493462674e-02
6.063703923493003467e-01 1.239431575796551277e-01 4.241759939370862709e-01 8.543870237920581090e-01 8.804013247667314968e-01 6.080444056450214907e-01
8.015452515085699225e-01 1.596279012118593243e-01 8.233776458150412481e-01 6.794812049002533216e-01 7.032542768168237313e-01 6.491992264849278937e-01
5.402361027051139075e-01 5.980021694067761961e-01 2.186536308731612532e-01 4.610768671649528860e-01 9.580940157168443827e-01 1.781032431209939038e-02
3.523766196091333569e-01 7.650882610045621757e-01 6.213373092930402075e-01 3.162749155413911994e-01 1.405917297017392764e-01 7.216455116766915534e-01
3.426082378263699546e-01 1.173905677633642064e-01 1.623866865441184748e-01 3.574204911775356042e-01 2.731965917369898467e-01 3.546403184511597306e-01
8.966656911739555591e-01 9.934899868102428089e-01 3.252721264158562331e-01 7.389781814437959007e-01 4.544699333999971946e-01 1.058405297925687494e-01
5.714591498019681026e-01 8.374663262498400762e-01 3.070021917733642969e-01 6.846003018470918633e-01 9.167172785442678773e-02 8.723867831315630372e-01
9.725015446366601646e-01 1.246652383736535086e-02 6.124271165324217669e-01 7.250170817308719817e-01 2.609051518549497795e-01 9.606779122317532504e-01
1.622650606667974671e-01 8.089305839857454661e-01 3.416445233021310202e-01 2.796427018362714900e-01 3.968741632034444855e-02 6.216042909731407384e-01
1.762866557787221566e-01 2.399023304024572312e-02 3.779385432511708220e-01 6.856170837702391108e-01 2.557139682033501282e-01 4.169183708478929606e-02
2.603365718567749454e-01 7.287627899665904962e-01 2.720776657453327640e-01 1.627169311561804665e-01 7.015817155233960989e-01 6.366231172315662823e-01
1.280186257427711194e-01 7.141734218511477383e-01 3.049301240198167839e-01 4.669601332046735553e-01 8.523171995845402193e-02 4.631356534567269145e-01
8.062229053394454059e-02 2.081476366861997329e-01 8.393119830730892961e-01 3.360228050562207303e-01 2.642428852603061484e-01 5.655287353829386854e-01
9.223384314065881107e-01 7.150802650290190021e-01 9.770213867131796182e-01 4.870909348913810000e-02 9.725054745560454128e-01 3.510400000891977790e-02
2.330482558908163471e-01 2.737656514973496602e-01 5.704803223328093198e-01 4.910333716941380766e-01 8.886654941942840891e-01 5.210611229750498063e-01
2.670472045141799589e-01 6.770496502981970810e-02 4.806580936921514002e-01 5.352979189020234951e-02 5.495349181217124013e-02 6.129286638030838619e-01
4.566076537631887922e-01 1.479022199572601615e-01 7.460352710049263925e-01 2.977978111381123227e-01 4.912303631724442843e-01 5.760984843802642308e-01
4.128730542559879702e-01 7.352932416740187715e-01 7.275947060255507637e-01 6.017119409545235165e-02 9.027684955820469703e-01 2.152211667842147680e-01
9.525329385045413488e-01 8.015854557239879830e-01 4.502249688292569996e-01 5.477688174786139452e-01 2.894683066330149268e-01 8.143817281501375405e-01
3.276362824574098331e-01 8.116542847283558793e-01 4.461985591859009004e-01 7.390809075246757009e-01 9.021871347173490152e-01 8.639696408705267450e-01
6.045054298758220090e-01 4.704021355556103900e-01 3.895173155369258122e-02 5.325629337874693281e-02 7.814245898763017006e-02 2.830677926531105504e-01
6.721748535343752273e-01 5.793549239197395284e-01 8.626135086286671472e-01 3.330833629563590970e-01 5.558748294860762496e-01 9.381540830919437024e-01
5.782481517340961608e-01 9.002021663880926949e-01 3.132553764657356465e-01 1.472506698930022839e-01 7.928351934121729006e-01 9.284245702387785570e-01
2.939053100726094492e-01 9.853274076187017450e-01 2.108644448210099664e-01 7.288982284937104428e-01 8.197437190338814350e-01 3.984850555015370110e-01
3.475768119329029071e-01 2.470553721481110188e-01 5.631356624316700143e-01 8.809529521505943261e-02 9.306041715376049961e-01 9.960553922711276043e-01
