3.423189495048414299e-01 3.760443212944641900e-01 6.581110458863147494e-01 3.689353715835841374e-01 3.943120228878252975e-01 5.523460371958893722e-01
1.267283574911934885e-01 1.865251535594226739e-01 4.480599545654352367e-01 6.366759765593242859e-01 8.620863305132197008e-01 5.112634310383679104e-01
6.461950530119027203e-01 3.758376126455764688e-02 6.488298350300210071e-01 8.590524274610567002e-01 8.030533642916171111e-02 6.134540161303059236e-02
8.868295843789881783e-01 2.269867831313024942e-01 3.390489155431510859e-01 9.037883434390592274e-02 5.132985258230511327e-01 9.750829814468197076e-01
7.989904393523130643e-01 1.252710893146441462e-01 8.896387501470686132e-01 3.469013766590788306e-01 9.822964153958183564e-01 5.898315370528565138e-01
9.199824643134358881e-01 7.241977780515982399e-01 8.097324562945168447e-01 4.384851031493973705e-01 7.501466274339781970e-01 4.923412149349505329e-01
6.165171837837499780e-01 8.648882846790214574e-01 4.012105406620307679e-01 6.310732566713683767e-02 5.602632937828984083e-01 9.187700312337412356e-01
4.278505219967185802e-01 7.168025755712118530e-01 9.652678218302930269e-01 6.191050946120322251e-01 9.495178358210925040e-01 6.105216065263991965e-01
2.093211316624270513e-01 8.684612745155195768e-01 5.125072178517349197e-01 4.799589221828504115e-01 7.737799572397116021e-01 6.309113234114817059e-01
7.111886082248009000e-01 5.148330123303335171e-01 9.928371490154315193e-01 9.962037343029459535e-01 5.018449115933008020e-01 2.789488775995421221e-01
8.987355898731215209e-01 3.346039563203292433e-01 5.052971853918705181e-01 7.950291114586962582e-01 8.054267424495310523e-01 3.088475774315597722e-01
1.856486208429178886e-01 8.834858718964775370e-01 3.874378344380656758e-01 6.314407162687872832e-01 5.643600124804806217e-01 9.244200905877897334e-02
1.642641215450260095e-01 7.144100333619032295e-01 4.845127145595664597e-01 1.702326982325770288e-01 5.414260278866078746e-02 8.271125908998624432e-01
2.284470149020405572e-01 8.405371936490565465e-01 5.450985402781960421e-01 3.325967382624906987e-01 6.291393801862528168e-01 3.515982101946433236e-01
1.350618918085784159e-01 6.065067088959242847e-01 2.232437182084083815e-01 6.652159758371342102e-01 8.467382719073289765e-01 4.415502769473399480e-01
4.664254596428529798e-01 1.738749500727430064e-01 5.871745535219287104e-01 2.527405855830714421e-01 1.785122694808868316e-01 7.936428012308793800e-01
9.011738829878429557e-01 3.711187354012895900e-01 5.813807198169484991e-02 6.785275303434001870e-01 4.677476008733983948e-01 1.538136378215048117e-01
5.850545773343280853e-01 3.581594483367694925e-01 9.313741717208725568e-01 3.250277022952445805e-01 6.005244713824350322e-01 6.328945608800157219e-01
6.374465258336359241e-01 5.622930453271833828e-01 6.614156108003501622e-01 1.641795268029713206e-01 6.301581394706585737e-01 2.573812506674917344e-01
4.922524544699631299e-01 9.336790567932387042e-01 7.278872342473466928e-01 9.145516820138521741e-02 2.435120653482937270e-01 1.576939687664467016e-01
6.804379308777475099e-01 9.336159546795437247e-01 7.148952663501143556e-01 3.170280465318551233e-01 9.846369375926933287e-02 8.508917790056370611e-01
4.289048781112143605e-01 7.514306543679918349e-01 7.664352352516818900e-01 8.322617756564288927e-01 4.544560606962039229e-01 3.448208697282375557e-01
3.619104812167638352e-01 5.305342771971878202e-01 5.617142870651719022e-01 5.463050231653615585e-01 4.772147683164669196e-01 1.724567980982225635e-01
4.411561335944058637e-02 1.502206507291552473e-01 9.410616077130633528e-01 4.316439889961487530e-02 2.116469360591101134e-01 2.833474737139419775e-01
9.887052623042982269e-01 6.035507365719563477e-01 2.492211963294079791e-01 8.770824031844215440e-02 1.844625582904213523e-01 6.525685801022308441e-01
6.330396173056627163e-01 8.490681276368019503e-01 2.473218698342188882e-01 7.499782215672978758e-01 6.714811757249588009e-01 5.613539146134226554e-01
1.205112943729834685e-01 7.894542520141737407e-01 7.464731317988860804e-01 8.379257238379809181e-01 7.115243416568975965e-01 7.010166964112052312e-03
5.379600369200836507e-01 2.561890441711460742e-01 9.461407362955112088e-01 6.887802651890105876e-01 7.164417250017105498e-01 6.937346571851824573e-01
9.969610160074358074e-01 6.852023783731790996e-01 1.041740544308257244e-01 1.222109188419887582e-01 5.352136959274637062e-01 7.574204281704686181e-01
9.350824573650566851e-01 9.230142071598335107e-03 2.044018991446402422e-01 1.810369942633326401e-01 2.401348067375471684e-01 1.601920467693479511e-01
5.150401177765555616e-01 3.346021381978784293e-01 1.727787819277754044e-01 6.993256663387839023e-01 9.270052472334411320e-02 5.685397547054086287e-01
1.646015436939336496e-01 4.058826931609065269e-01 2.077763149651281616e-01 3.993972320646583807e-01 9.209308523963177784e-02 5.840560585749833278e-01
9.705565137665415065e-01 7.812931828221375552e-01 2.071893614720494714e-01 6.587832398210103912e-01 9.535811106470140075e-01 7.906234374211353888e-01
8.703097276217950373e-01 9.798927848473268920e-01 2.350122314091600551e-01 8.423777283371484126e-01 8.284041041132198524e-01 6.550168421848807654e-01
4.816634699751878301e-01 5.217755641028454239e-01 1.508311258351733297e-01 2.298187689363342390e-01 9.143411660812599262e-01 4.190260783998334126e-02
1.081670649864996392e-02 1.887221125810513156e-01 4.017022659559125186e-01 3.078587628894688955e-01 7.466005653298666278e-01 3.913401591484826358e-01
3.014823185715910236e-01 1.369190968957286758e-01 8.890532165740052672e-01 9.498936382054751215e-01 5.659803348174810012e-01 1.012829728068125323e-01
7.507076271016045466e-01 2.234716136585676027e-01 8.743086219806849302e-01 4.425636246514860206e-01 5.688264657005768221e-01 2.416188196448176839e-03
4.213201401643492661e-01 6.905670495952286325e-01 7.044027229061869955e-01 7.079921483936149063e-01 8.187493415290658660e-01 5.113580377013776657e-01
4.786036895075616027e-01 3.036492868793216893e-02 6.965370160091447493e-01 2.276501608854458736e-01 2.695461761629905917e-01 9.033222451181506241e-01
5.519647652289623174e-01 9.609192926618232988e-01 4.988945408064837661e-01 9.828386842090203190e-01 2.667722971628625483e-01 5.814101192086640335e-02
4.319748768251575610e-01 3.067718361463772636e-01 8.011720532911361659e-01 5.035063939629167429e-01 9.526756641264484404e-01 5.789703980248350756e-02
4.389025984971591798e-01 4.570827605885326994e-01 5.347544533811787737e-01 7.494022423439110625e-01 3.205041603554336094e-01 2.452566647209956097e-01
8.840946017999495865e-01 6.324587368274016130e-01 2.683453453898979602e-01 7.468112221392049221e-01 7.032270248054129924e-01 8.736447567935919922e-01
6.312134386474977932e-01 2.032064587159629898e-01 5.141898219669815973e-03 6.051237220853544763e-01 7.942780803688314073e-01 1.758910974962368812e-02
8.061013516139667878e-01 9.916846726976120685e-01 9.523589414420159383e-01 6.954182576627311319e-01 2.881950277163229934e-01 3.697760275364762039e-01
1.913584925776973256e-01 1.572580146618018926e-01 8.945328060190553821e-01 7.484071707918559246e-01 1.506051653147483238e-01 5.656514426504117843e-01
7.532933214546385647e-01 6.293335940725039990e-01 7.969130528754406750e-01 8.870895233499190846e-01 5.199184284305765624e-01 2.843511722774368922e-01
6.559321043644804616e-01 6.230385917684488906e-01 2.730699453801098686e-01 5.373060880691881147e-01 2.177225515475954554e-01 2.860665007092340062e-01
9.389491462307826275e-01 9.021982140992228505e-01 7.989794095608604430e-02 8.434511465411808073e-01 1.722566939995837654e-01 7.158524252794914444e-01
3.473265661618460953e-01 1.781629563748590162e-01 3.064553764811343006e-01 5.088564304792041471e-01 9.280022321138821084e-01 6.865072938020477800e-01
9.719900592674285411e-01 9.762142844315173651e-01 1.185849553901311415e-01 6.167937778435409468e-01 4.607727964210951432e-01 1.362563081089542827e-01
4.701626832908970544e-01 8.838604982854182390e-01 5.559627941793442440e-01 1.632959143219512299e-01 2.214162736306576340e-01 6.400745656831633434e-01
5.760383392674122138e-01 7.486170500504805148e-01 5.193555754683630843e-01 4.079207781323931359e-01 9.506040127210628743e-01 8.534063779818965578e-01
6.139729462009495542e-01 6.525723564999832416e-01 5.721818727226510859e-01 4.927581335486364011e-02 7.637214562498536585e-01 9.172351056126865076e-01
3.010867670854079359e-01 7.539248081380589550e-01 4.282897311528285345e-01 6.137426624876007875e-02 8.767308620593238233e-01 7.802349982445622167e-02
3.510545044941423276e-01 3.273780476150347507e-01 9.157187371122187391e-01 4.405008507876638779e-01 6.291855999333091365e-01 8.342533649521042260e-01
7.520321973162902296e-01 9.759938161842495186e-01 7.602865022321144695e-01 9.057964291330772300e-01 9.547257503790012034e-01 3.334511501262962252e-01
7.743407560657554756e-01 8.507605530949112760e-01 9.418355543384482331e-01 2.801873177451200680e-01 9.401270462413073847e-01 2.428570930500472125e-01
9.832519070078183931e-01 4.198853110005049682e-01 3.157334482321237923e-01 6.769593065591490433e-01 1.974201252518852368e-01 3.477927015535808852e-02
1.526329824503642740e-01 7.752734671915244569e-01 4.288419938729179925e-01 6.111834132780770146e-01 8.287729655196001133e-01 8.871332122610454674e-01
3.792997029782543272e-01 6.820577465087008795e-01 8.356090721029798551e-01 8.142067035811537679e-01 6.054012771827819162e-01 3.667424223707761444e-01
4.033226445872217791e-01 4.205433044942260556e-01 4.253769753860222602e-01 5.723651162746683507e-01 5.410920801674344860e-01 5.400515280297938370e-01
7.101613805469723095e-01 6.317088742506028476e-01 6.029051124558045816e-01 7.292056772094366313e-01 6.947958296007491485e-01 5.896687370995803423e-01
1.476608709398508079e-01 9.449097112321661607e-01 7.446331923446329881e-01 1.618764277264161944e-02 5.989431479781275325e-01 9.668059297147162390e-01
1.444469256654189460e-01 6.672891268371183848e-02 2.733700940327500328e-01 1.686053868111336840e-01 4.661977093841044306e-01 8.026065275154303791e-02
6.260519356740235075e-01 2.477733295861711538e-01 9.222282616148862466e-01 9.504577832104462720e-01 3.901356817454454395e-01 9.768486631183658231e-01
1.753983805622334469e-01 7.093956836900102703e-01 4.454523493895278241e-01 2.960452153991335322e-01 2.744258150550659137e-01 2.173737737475608389e-01
1.452019837597172680e-01 7.992954877881515152e-01 9.926798448120656149e-01 7.021818875384339131e-01 9.778637267352905393e-01 4.058144449905393136e-01
1.510512848978099454e-01 7.760221966505720381e-03 8.295093553846930590e-01 9.873746978631021687e-01 2.856922234339294153e-01 4.121808369409942774e-01
7.690745799582499043e-02 1.559975423924904181e-01 6.490889842213732885e-01 5.788567276763904035e-01 5.586251799341586111e-01 1.931548872772267389e-01
1.716018637472899178e-01 3.796349920863151262e-01 2.901899653871654605e-01 6.452631949994710459e-01 2.797522066161808318e-01 5.928723975683695135e-01
1.036913157405916497e-01 3.711079115913314963e-01 7.796408507651647612e-01 7.708549164601001813e-01 4.391239100616031177e-01 3.003311055590552892e-01
9.611115006704114005e-01 2.500039860594249763e-02 2.753905985128916045e-01 7.920145983571982296e-01 9.990938427996651772e-01 2.611885015673323096e-01
3.936539895668419442e-01 5.970058587397731875e-01 9.999171947716726239e-01 9.260902118077480871e-01 5.362191289929365556e-01 9.691697973789309417e-01
4.701739660219018679e-01 1.500751520412668683e-02 1.921231812127521810e-02 1.542211929322587771e-01 1.708488667357443980e-02 9.802419059299357640e-01
1.105053693520395841e-01 3.375447473797958953e-01 8.702487408871831809e-01 1.995223891271827865e-01 5.026827377830862531e-01 6.557061971335365058e-02
9.427908264287533369e-01 8.538947186189381755e-01 4.804381388146721221e-01 3.525655100480826754e-01 5.639052216867688205e-01 3.392671942964249343e-01
3.003487081020453919e-01 2.405025470692215839e-01 2.196054903195546748e-01 5.238909257346782145e-01 6.521866307696627674e-01 6.419181481357648655e-01
9.480018756974750715e-02 8.129341934752366550e-01 2.768604674461333515e-01 3.992429865654811838e-01 2.971944884472657034e-01 4.219950840115727075e-03
5.295091173831453224e-01 8.119214518364903377e-01 6.977987613165602676e-01 2.887383610479649088e-01 7.608814833737188588e-01 3.990197980813856571e-01
4.072864059738925402e-01 1.982179519495466113e-01 6.873361941605005132e-01 3.103892543036360641e-01 5.625304142303388932e-02 3.981842410841490709e-01
3.830650247953423237e-01 9.467032625597233686e-01 9.885689730783466800e-01 8.841278506760149591e-01 6.621407999124802046e-01 9.272997822166828552e-02
9.481611868830506218e-01 3.746627692472289661e-01 9.671090798684158774e-01 5.661469603906112980e-01 9.223267473661941329e-01 9.115291913429128812e-01
9.102829851147727913e-01 7.083820630010706498e-01 9.775503823181397323e-02 8.659361449009577161e-01 3.030429123400369962e-01 5.019255136978841847e-01
9.626619125161228752e-02 9.130538209505423275e-01 1.763175481066640016e-01 8.518497209075385213e-01 3.353507347679034467e-01 5.690864310578032104e-01
9.675240369138857766e-01 4.036452692404005616e-01 4.554406622734492593e-01 5.667976709049356021e-01 4.048493667676646979e-01 7.599929553261302040e-01
7.006389327162874103e-01 9.326154909552575312e-02 4.703737551549953544e-01 5.375199003495548800e-01 7.973202602460758293e-01 8.802701976276759988e-01
6.400052917598970659e-01 8.624524672173363715e-01 9.774717021895970026e-01 8.345269464246873881e-02 7.556281445904090566e-01 6.043109325020148415e-01
9.169744748080865815e-01 7.114588800609155106e-01 5.783209403317184361e-01 1.577233284331653884e-01 5.371125079275972380e-01 4.128420649333294223e-01
1.133288215912088281e-01 5.230878681669950403e-01 2.422340948981422937e-01 2.213284392057359717e-01 3.716221788709354046e-01 1.928625364677077902e-01
8.494445603229757724e-01 9.567154244624698212e-01 1.387315730723488461e-01 8.936776674029935918e-01 3.162670834553602539e-01 3.156539687135864192e-01
9.388560135080774582e-01 8.910386698739674038e-01 1.646565583495518403e-02 1.060073593249012402e-01 4.714547525509646952e-01 8.370706680921824461e-01
5.161061208648198839e-02 9.591714838432984225e-01 7.111987316960112215e-01 9.194163467595110051e-01 1.016961068629230747e-01 9.459729325170906922e-02
8.677930221485291584e-01 1.889948016785980567e-02 4.301527526565093185e-01 8.345788777278033699e-01 3.927806136882927568e-03 2.438133198536217572e-01
1.531202428976938812e-01 8.648843845477516279e-02 9.718238319464275188e-01 1.871999498879927115e-01 3.317974757388592044e-01 5.259448127051197241e-01
9.319852432800048714e-01 9.890687806046489783e-01 7.597833653730458048e-01 5.918825304699874001e-01 5.555509575104772280e-01 3.720535023252953266e-01
7.427973874439425250e-01 3.217405574677895119e-01 3.444923448495071927e-01 1.659187314510076616e-01 2.721077092150808729e-01 4.888738720251701864e-01
2.856765361011627258e-01 1.199824593036292741e-01 8.361459424432515775e-01 8.873625097677683149e-01 1.632086532793054490e-01 9.497535876341982597e-01
1.000773577148516003e-01 5.014552479745435498e-01 8.061445257724686453e-02 4.889269195959509151e-01 3.599972741942428778e-01 2.459958105847648291e-03
