4.847927156091899059e-01 9.625623320993792476e-02 8.921509635627341561e-01 7.934944149905541755e-01 2.923679238522444157e-01 4.832478961131343453e-01
3.785259812252038669e-01 3.203443056101237252e-01 4.051640453834759459e-01 8.756232466886723076e-01 3.551536951820736254e-01 3.463108598997326482e-01
2.312771340180768131e-01 8.950936662259795229e-01 3.386307689052810987e-01 7.983570585520616270e-02 6.880923468435961032e-01 5.941096306778135272e-01
6.863974714317230275e-01 1.821262892936514888e-01 9.068108919829085401e-01 3.017249596080162632e-02 4.929405092039016445e-01 6.114935688556338844e-01
8.104036521524408121e-01 5.797084856096491601e-01 6.078211067908252385e-01 3.984356085335654107e-01 4.536153565918025210e-01 9.477227307017158653e-01
1.402247832776621905e-01 1.878322981803548508e-02 9.486585375161874500e-01 5.906969037836922176e-01 9.269234346320325280e-01 1.262690229898947303e-01
5.049239768346830415e-01 2.631405679284037902e-02 7.566270348354797726e-02 8.539411081250101176e-01 3.132226939290383427e-02 8.779929703421696097e-01
8.025189851676518549e-01 3.152986599343682306e-01 5.055818584697845397e-01 7.782962666129227269e-01 2.392869084816003911e-01 5.398047680324702391e-03
9.238516618300809391e-01 4.135667440307053688e-01 7.584349756377815055e-01 2.866621513884024530e-01 2.417027619824559936e-01 2.726941658650047229e-01
5.233392434018188100e-01 2.654674069958222749e-01 3.918727604227283390e-01 5.955858779173298645e-01 9.782033766058509938e-01 2.892211460505592635e-01
8.424083830551312158e-01 7.280607650889343585e-01 6.487398238842800868e-02 9.081855936939793317e-01 7.733258973109459200e-01 8.159885903926524797e-01
5.747685733007645847e-02 7.359944003301308602e-01 2.421837317551058799e-01 4.956305379862221416e-01 3.652568568751879408e-02 9.698629453711737902e-02
5.947719089210052879e-01 5.243066621593966969e-01 9.103377139941034590e-01 7.564805756506038925e-01 6.467637417112183096e-01 3.753805154392784171e-01
6.357217458879742544e-01 2.552312386104355069e-01 4.618555398994348415e-01 6.823745679602890579e-01 5.721220940752518302e-01 9.444723722377030839e-01
8.398094194260020684e-01 9.738146857450058480e-02 2.524967848245446289e-01 4.198595835109242280e-01 1.121179157140108629e-01 4.974244155684787172e-01
7.461277917729721709e-01 4.759605699564837256e-01 6.735439031122232301e-01 6.270935424203025743e-01 1.268743690213824937e-02 6.850887061024159008e-01
9.913860120581563518e-02 4.896297363445252238e-01 5.369858656672023001e-01 4.248304080755307410e-01 6.913855408364693034e-01 2.419663012066676222e-01
9.590744350362243598e-01 7.562911375268198677e-01 6.774537063609504806e-01 8.200318991461239548e-01 6.879678033069559495e-01 8.845517828295599294e-01
8.567833657099360734e-01 4.263892687922496982e-01 9.926009693588222493e-02 5.492421412521830693e-01 1.411104811126476788e-01 3.670405799385545453e-01
4.527474234381667628e-01 9.393123184223275413e-01 7.724644314376662990e-01 6.490137903515759144e-01 6.554328171569646644e-01 1.328141897345702649e-01
4.106288947016532020e-01 3.756665961098952788e-01 4.481631161289696408e-01 2.485348673821323739e-01 4.204705406434576798e-01 7.000926184559512766e-01
9.615590318867082154e-01 1.272204846327356087e-01 1.261603518978194893e-01 7.493128740255236009e-01 8.227796788398624717e-01 1.924107540306649877e-01
7.971578029904037299e-01 9.491673688105842777e-01 3.680921979668558830e-01 4.731253370286347959e-02 2.954855617528069356e-01 6.218857421716461609e-03
2.268515544209240842e-01 4.387035717255127754e-02 7.906916466742218708e-01 3.575601632413749620e-02 7.358254912617256949e-02 2.625100208071717844e-01
7.612899802258965565e-02 1.112951517732836404e-01 8.640170573301981793e-01 3.186358445623891367e-01 1.656442058156362140e-01 9.279999145307679109e-01
8.268421835817104659e-01 2.203581583129277099e-01 5.129700226082976044e-01 6.019197986524136290e-01 4.352521926486500048e-01 5.145851916814141447e-01
7.475212036824504525e-01 2.506697626450044014e-01 4.420219247245074090e-01 5.953764026936737563e-01 2.761268856855408904e-01 3.838199476682268019e-01
5.983946042755033945e-01 4.271595044608489378e-02 5.298910854599575559e-01 4.806251841462658714e-01 8.565810713035995061e-01 6.615549148674909619e-01
5.963185053521552481e-01 5.784647856245027642e-01 4.563655330086761053e-01 7.289325630890559626e-01 6.816491318901424235e-01 1.721307528095428196e-02
9.399380116784600281e-01 7.951232639456973228e-01 3.751587273711046722e-01 7.729203820444979778e-01 4.427713176310676957e-02 3.334009868659653097e-01
2.695015917138143813e-02 7.755524682125145564e-01 1.299806649833784578e-01 3.093534169413182378e-01 6.766128535302284863e-01 2.039149955154145877e-01
9.115058439406696911e-01 7.612288984211739162e-01 5.364759642651888427e-01 9.267704730357873011e-03 7.046967354483013590e-02 9.336178656164956235e-01
3.337660073245852788e-01 2.729271236030539338e-01 1.227453819765995657e-01 7.700634422401643198e-01 9.185866288618249609e-01 8.823804854638916950e-01
9.838367289794285320e-01 4.498914312402392257e-01 2.951455113047207757e-02 2.424956755258997898e-01 8.278561649713319648e-01 5.205330090975706092e-01
2.798389391486766353e-02 2.020138471491778054e-01 7.591764463957422215e-01 3.378710242483291548e-01 5.040336201467453536e-01 4.386226855507192601e-01
2.061663401862637857e-01 7.207683389249367467e-01 3.746454199768541882e-01 3.217508849706427476e-01 3.848550577799667582e-01 7.788125713147970863e-01
2.005689493432631920e-01 2.273113106226983815e-01 1.224359537881241078e-01 7.516309406188940168e-01 4.877482487187140281e-01 6.190388650674264470e-01
5.151248042761762402e-01 8.209810648784388043e-02 9.579329666566447354e-01 1.094047374631101910e-02 6.425303995245860156e-01 1.736274668664390397e-01
5.419344915224001413e-01 6.726189509613538231e-01 4.557332290239801686e-01 3.108266341448053804e-01 4.378693066425126679e-01 7.260000392724464957e-01
7.398634750153983974e-01 7.174793252471054483e-01 7.449539224581247510e-02 9.779365942888834651e-01 2.286357343701439504e-02 2.272464161707812291e-01
4.917907371281550200e-01 3.005278133350096637e-01 8.543912675903247989e-01 5.953339915901858515e-01 5.220735694442791841e-01 4.337820158558189920e-01
9.464856531983030230e-01 6.978907206739494162e-01 7.056152194317752979e-01 7.810402424782614261e-01 5.777599769917940442e-01 3.006458669409598494e-01
2.315484247439840715e-01 9.269647110581045180e-01 4.829210405788485483e-01 7.204546498697661505e-02 8.550473461485352811e-02 5.419804701378797551e-01
5.481355974419056531e-01 9.447954727695723198e-01 8.249116534698652803e-02 2.151993516916814730e-01 8.608311452491758109e-01 3.021413875083200917e-01
3.871519639984732919e-01 3.043289031720904925e-01 8.007477116468738609e-01 6.028432638788581155e-01 8.832388316325934241e-01 9.687721565444781247e-01
7.794844520942005861e-01 4.715211945702549867e-01 9.064346594993620831e-01 6.456608549988103185e-01 9.850679283542496112e-01 2.153478690545542751e-01
2.207612232491020787e-01 8.306539189631501063e-01 2.248532606124598043e-02 7.244104944279518010e-01 7.535362782704058127e-01 4.942483111626787551e-01
5.355594295441069574e-01 5.405980889196565498e-01 3.541668774720000412e-01 4.047930795099377033e-01 1.327292371629311685e-01 1.453859803506830639e-01
5.565163835294362205e-01 7.653116105962858295e-01 9.349042280876287414e-01 2.263543412032478219e-01 9.010054550064862111e-01 6.797064096267544375e-01
9.099525793954682529e-01 7.775924690762872071e-01 1.786832083843631347e-01 5.024830419584327412e-01 7.485912193668398107e-01 9.721966251628914035e-01
7.345621764796285147e-01 1.346384516002198106e-01 3.483272568538678948e-01 4.185263183275635956e-01 8.300700974495146545e-01 9.376952302515604298e-01
2.760414621889466513e-01 8.810500337263850179e-01 9.466438440790269082e-01 9.221864562279707966e-01 4.246541122008540281e-01 3.760374339897920581e-02
6.454560922441633375e-01 6.275146352699535468e-01 3.529244323491822488e-01 3.152765485471376028e-01 5.234207667129202601e-01 5.653993833290480442e-01
4.810009225692932766e-01 4.306376865596750481e-02 7.261212750328246424e-01 5.140884074286539152e-01 7.999069370090101661e-01 8.726934690203062006e-01
7.524305969152866869e-02 4.085317182578339645e-01 2.706402256744748769e-01 3.619037203116877155e-01 5.568715088274700520e-01 7.616342007169041306e-02
6.087316774130906438e-01 4.329661563647736466e-01 4.477290859080141905e-01 7.426481392015471528e-01 2.113041701427208485e-01 2.660187212569251614e-01
6.294208543358874586e-01 1.272251505183268350e-01 9.158909998591622248e-01 9.196041103342900147e-02 2.275995205298092516e-01 2.498145433880439858e-01
4.556475035249230032e-01 3.406287354349686325e-01 3.913641207516976861e-01 8.750710354429623861e-01 6.014057220972516271e-01 6.648664004492055302e-01
8.749961456069593746e-01 6.429464803020701336e-02 2.394481049199064238e-01 7.522308461717885919e-02 3.075866425032774965e-01 9.444363528744725844e-01
7.786816213736832415e-01 7.927513765654624622e-01 4.787864627633418024e-01 2.407277485297255604e-01 4.029941494979563110e-01 3.862444128251940612e-01
3.412183266928152658e-01 8.606200818098758143e-01 4.707301738620921494e-01 3.314117516274673880e-01 3.231412049408161069e-01 9.077072572898451375e-01
3.350866069068221265e-01 5.297898928512190242e-02 7.508059245875731147e-02 1.062296819657335689e-01 3.651530505198220533e-01 9.371049887235711751e-01
8.310439772650670687e-01 5.995974988280696749e-01 5.230733121619054460e-01 4.461269300045617170e-01 1.956313730768628467e-01 9.460444304680547534e-01
2.390567064240518569e-01 6.381087851209157336e-01 3.528242159166570246e-01 1.957644660897577271e-01 6.911763241494705001e-01 4.620023849048401354e-01
3.301152188067202342e-01 3.007007928072318315e-01 9.137073565648955453e-01 7.985725922220506812e-01 7.066086196559240307e-02 9.333534622817509785e-01
3.968821189127461624e-01 3.566872908262435082e-01 8.923528483029551372e-01 9.767932499859165452e-01 5.749365320789876499e-01 7.250872916099614374e-01
4.369981354875795976e-02 2.344030203343109298e-01 1.233156295402790814e-01 3.715367938083460331e-01 5.971001209648006958e-01 2.121615263493946690e-01
9.119526057969914445e-01 6.911443371289389681e-01 7.271136896827455898e-01 8.556436829954527923e-01 7.853365549307458338e-01 7.344720903412897961e-01
4.847259692435934575e-03 5.947040321953966924e-02 2.314333824139878093e-01 9.422439103319733000e-01 9.176803937473002604e-01 1.119879477129025469e-01
7.899339782625475204e-01 8.949247032619364051e-01 4.787732837349218951e-01 5.635611432685332378e-01 9.354360169594329033e-01 9.294117341589591685e-01
7.587543431233236824e-01 9.510659285335906210e-01 8.387664106292413990e-01 9.917180470311006690e-01 9.907435174033485392e-01 9.943862098364861790e-01
7.162188432781601000e-01 9.315575882497095783e-03 7.060996349542110195e-01 7.185490050773214454e-01 8.940118709672049135e-01 2.030170275847920092e-02
6.222807206452832807e-01 4.364218593832694948e-01 7.798997730571554099e-01 1.214926719649043196e-01 3.130880717611757014e-01 5.075559509560567673e-01
5.155243237464690598e-01 7.717171615800212381e-01 6.241656432089147666e-01 6.261268517363089980e-01 6.766070882735448766e-01 4.980837481064953609e-01
3.117410068452902694e-01 6.417480207645072099e-01 3.255604280136465967e-01 9.594878371377669746e-01 1.513385183610111984e-01 9.044824318992323864e-01
7.484468833978705771e-01 4.580561219310630428e-01 5.170843488615247674e-01 3.094319119007638008e-01 4.901871643283227664e-01 7.210148858362327440e-01
9.381353173382913635e-01 2.858856264450654328e-01 3.442556526304763054e-01 3.057966822730855405e-01 6.925627345683305069e-01 8.301967512966471618e-01
7.424341667305287551e-01 9.627177422373178750e-03 5.346633735250116981e-02 3.180218237261205338e-01 6.078242411814891444e-01 9.213037609023214669e-01
4.981926140953019111e-02 5.196686130533497705e-01 7.617775072738776077e-01 4.120360327660748112e-01 2.260351764893769877e-01 9.191346098143075016e-01
5.452490572410826353e-01 4.148261338567260648e-01 8.151183906540431234e-01 3.225732383132959846e-01 7.574350932670854686e-01 5.027889667991584099e-01
6.805364514257912223e-01 2.244290567423958827e-01 1.637404660311763127e-01 3.200712492636519357e-01 9.575479475254462525e-01 8.911775754477303524e-01
9.898164008029167737e-01 7.970108703207915424e-01 2.994775477734734626e-02 2.775194675835491731e-01 1.483321171301115182e-01 6.240291110318925139e-01
2.564410704508672811e-01 4.791457673661673189e-01 7.412523524771366112e-01 5.921065404642372743e-01 4.214732285130384781e-01 3.070092621853173220e-01
7.785029751359473504e-02 8.870237544416520459e-01 6.840301310583979388e-01 8.766397965038082996e-01 5.188522284671803764e-01 3.152638346687075543e-02
2.695953672527645617e-01 4.583959304527505108e-01 3.908841165699512565e-01 8.612978467141365613e-01 6.165638859373442360e-01 8.766140795443984057e-01
8.950717427199583742e-02 2.563194859484067001e-01 2.648791246956053724e-01 3.977621933489922101e-01 4.913679183715241594e-01 3.391893528782474743e-01
7.406124158207048058e-01 7.124308501636298363e-01 4.107672294239645971e-01 1.347601245046432528e-01 4.584528255624998883e-01 7.952055042655392647e-02
6.061339599471740058e-01 8.071732553955326406e-01 9.370521639205252606e-01 1.499999215071774472e-01 6.448080064980847848e-01 9.031495327891682079e-01
8.367127593912283556e-01 4.033320020308374110e-01 3.945548768016237107e-01 1.696225622713206649e-01 9.729595071730674505e-01 1.006390361717630633e-01
5.300940328904973908e-01 6.407483479469452403e-01 8.808336162102614608e-01 5.896741294047943560e-01 3.488869478512078848e-01 4.692649535490071022e-01
1.716013072495914393e-02 2.187611914279226077e-01 8.168819084424926436e-01 9.001687658420064464e-01 8.205995117845403808e-01 3.585877797178378401e-01
4.742589575331376262e-01 7.571134183672600937e-02 6.236630434082841568e-01 2.336056499702520162e-01 7.515726581258852512e-01 6.307025752152787268e-01
4.451994825855815074e-01 9.265593632384346856e-01 9.062730760965783672e-01 9.092301962189538456e-01 3.695195246765284880e-01 7.138816985242449897e-01
5.453209163339705068e-01 9.412175959581503548e-01 6.324264556781580282e-01 8.862553923054962146e-01 4.001997082314373566e-01 7.589951863717333547e-01
5.414591549072107490e-01 7.917756752860771741e-01 2.450192164127577010e-01 2.473024284031433151e-01 5.346988121158785523e-01 6.190602455370691759e-01
1.217234773567499317e-01 9.903334847960617582e-01 7.763321901367148392e-02 5.376373400277926207e-01 4.555386839563504431e-01 1.684152294910636893e-01
5.103887391084013236e-01 8.073111089877176294e-01 3.140176311781779361e-01 9.855328742690196986e-01 7.688306008845403605e-01 2.353360938702979688e-01
2.257319122176006942e-01 1.512442546373845564e-01 1.742774697121188821e-01 7.906916167661227623e-01 6.132871376050614831e-01 6.058974111742247981e-01
5.163211886703550357e-01 7.179072850467101974e-01 3.905748283819879818e-01 7.898956999725564865e-01 5.648422047955549141e-01 6.645135397773466179e-01
2.101736172989209228e-01 2.095724575457968974e-01 2.470821699199508004e-01 9.898121051281879579e-01 5.230290711116317715e-01 2.905116953385752376e-01
