1.266897704730749474e-01 4.565415855868797390e-01 1.037217088601211090e-01 1.898136428925327746e-01 6.499442826334957957e-01 7.813291777485261713e-01
7.538887421654791865e-01 9.107770164754863673e-01 1.033990245128983965e-01 3.270182602253528525e-01 1.695831034974630835e-01 9.717763517254169869e-01
4.095157374254541072e-01 5.611063054361707936e-01 4.991133126370960182e-01 6.472554842250874962e-01 1.544915514245942534e-01 4.727514955188734103e-01
5.960424120129484971e-01 9.621691982491452633e-01 9.514453704125056532e-01 7.763888791388827704e-01 1.575169587321870734e-01 6.124704268228826631e-01
1.568449190841635366e-01 1.563725692622490726e-01 3.706638332734911723e-01 6.211439114432683040e-01 5.158059258230459632e-01 4.082869737772988339e-01
8.214845252104668871e-01 8.661168142646780144e-02 3.600368590420777171e-02 5.813274405423157765e-01 7.863561594672421329e-01 8.434958789972762938e-01
6.849011302499554699e-01 2.792938956908352921e-01 5.449391324749609522e-01 8.578971752726771705e-02 5.329590919314020070e-02 4.796962934432952297e-01
2.242274945637857675e-01 5.239782550402931616e-01 6.642610248113138827e-01 9.716719719026303270e-01 9.795665173219866295e-01 7.205240453584502713e-01
6.562594897364576463e-01 8.726147894695093221e-01 7.408215598565421889e-01 5.284167391716408924e-01 4.037158693829401290e-01 4.283037846607132826e-01
7.039830869261630708e-01 7.133388113679184350e-02 9.328046782540067028e-02 5.859716062143152104e-01 2.372158538664193017e-01 6.737394235725719938e-01
6.802793768056336621e-01 8.693474875297088067e-01 6.199424123173103984e-01 6.347599157232796108e-01 5.452823966597254435e-01 4.592214384887436385e-01
9.651820745927193190e-01 1.935312085261945425e-01 9.298758114316962864e-02 5.239705322942889154e-01 6.122829700949166121e-01 8.736038950594060548e-01
5.889318776309485637e-01 5.814077380292511643e-01 5.631265743352216191e-01 1.529664244793422778e-01 7.086169969269615621e-01 4.778639011463259312e-01
1.269427822808455453e-02 8.154283576871900197e-01 2.064252607312001553e-01 9.535751044373759200e-01 7.447083429976631974e-01 8.739113622197176579e-01
3.156292763277587232e-01 6.884231191331524613e-03 6.695009405207767994e-01 5.282274637979434972e-01 3.488308819061339827e-01 2.661717889453271146e-01
6.354915909755367576e-01 6.303369956516258199e-03 4.522096360816301175e-01 2.138469553151187696e-01 6.163758447616237701e-01 2.813444855149533907e-01
6.531990552082185264e-01 3.889902759067328519e-01 5.523173692156438941e-01 4.585996792845103975e-03 5.813617049221574407e-01 1.840464339698945073e-01
5.449867100101156714e-01 7.412669220614069854e-01 4.900096518371497289e-01 5.869846459938616867e-01 5.338306009545598085e-01 9.311594087106755957e-02
5.712623349619997404e-01 6.161710276038915302e-01 3.736482275415031751e-02 8.932369751111788325e-01 6.864079569747763010e-01 8.366336243085685798e-01
3.243722949041383252e-02 2.823490386614403436e-01 5.750678630443939454e-02 7.190325797752809001e-01 2.070950554580641700e-01 7.112097731415725210e-01
7.426085141648167687e-01 6.105230258501230800e-01 9.608436351810605291e-01 1.397843593332808165e-01 3.078830168963397895e-01 7.090571082381313950e-01
3.721990853740365646e-01 7.790237547561613685e-01 3.573962866767489421e-01 7.432635528626644339e-01 1.421114189898323721e-01 1.241436113608808123e-01
2.962460011541837579e-01 5.041836132483878963e-02 3.415753409855437628e-02 7.037879041233666699e-01 2.396858470590643719e-01 1.223586708517188093e-03
3.371822093801087883e-01 7.426136248936783257e-01 9.015477856398305123e-01 9.522983413051200330e-01 4.753985380504370806e-01 3.093904735656020089e-01
5.874988132166354404e-01 3.936713328213149454e-01 3.075224616774392405e-01 3.374871496699106688e-01 2.414401595980325554e-01 4.223417460325215034e-01
4.995082540630841894e-01 2.572677660760553930e-01 6.086398679484545937e-01 9.376936663088201174e-01 7.412837369272684551e-02 4.239498631098559400e-02
9.184394179939806557e-01 4.521185794384530166e-01 3.157675746125421234e-02 3.863637731841625955e-01 2.582635476856377510e-01 6.752440650111634080e-01
8.587992247516462729e-02 5.158424074955428873e-01 7.271503072595963957e-02 9.353667203792235263e-01 7.796776770479272312e-01 6.511204364247383802e-01
1.404980329219962520e-02 6.051752978191177190e-01 9.591227272276491300e-01 6.861606721019043453e-01 9.619401184481951583e-01 1.795896255394693330e-01
1.370769581157562644e-01 5.366252809147556979e-01 3.830922641199785428e-02 2.880703211099031602e-01 9.190343534756798549e-01 6.017160198174394958e-01
7.687021801770388407e-02 7.017218378193156303e-01 3.493096460252738122e-01 9.213607089453927923e-01 4.516530527967692610e-01 2.409268326610328748e-01
3.248060664907522765e-01 3.805690780431258968e-02 7.333682684656496198e-01 7.715036475027475804e-01 6.232935677144043618e-01 2.653518466380859753e-01
2.244050287356746942e-01 7.114813161678277265e-01 6.792458377370768074e-01 6.032294766268508912e-01 9.849754369088318251e-01 7.554929436985634572e-01
1.121536047505700129e-01 8.623914057560561064e-01 9.974368724089318627e-01 6.048739380069338978e-01 5.906529317467723583e-01 6.981081856100527228e-01
6.758933594314217030e-01 2.357182723940858260e-01 1.530924530751418544e-01 1.621923822227899770e-02 5.360439562709117256e-01 8.891883586787577842e-01
2.783347990942400818e-01 5.974326150060996765e-01 4.449047479790025905e-01 1.239596712684889468e-01 1.080455516627917278e-01 1.729883822855692310e-01
7.178536642608454033e-01 6.320293617544625597e-01 5.380197521316872900e-01 5.378952947652079208e-01 9.384021528604632456e-01 5.745003025428874199e-02
8.800880541233346843e-02 9.133425952112317336e-01 2.579078060756757607e-01 4.848159986912170538e-02 7.627469778555996394e-01 3.960227150539236129e-01
6.436455019604810923e-01 2.716651402227554524e-02 3.906456267099394086e-01 2.011216199734678911e-01 2.675949988530139656e-01 3.568371242473354910e-01
9.430530693183964974e-01 9.585441011784716636e-01 4.927182906973031074e-01 1.821614616739556380e-01 8.632608926874876243e-01 3.094029442130428187e-01
4.251529669056486327e-01 5.140410514124853503e-01 8.345670244733804921e-02 3.730502309499861280e-01 5.387296513619227456e-01 2.314982688508124831e-01
3.703467639390640720e-01 5.570857614495990928e-01 5.044920105259773635e-01 9.555486200158059829e-01 7.972448389887745179e-01 2.892338542412549174e-01
8.608960514311876366e-01 5.171578333310447029e-01 9.397228367847620945e-03 3.527282843030186132e-01 1.988575101021671232e-01 4.199451445893043200e-01
1.061606605248932578e-02 7.907258331594769762e-01 4.690312892215593443e-01 4.128064125211867719e-01 7.341502784200130138e-01 3.564755731651414461e-02
3.556022835451999597e-02 2.510174418709539834e-01 6.103636316933607198e-01 6.727498884792304512e-02 9.298211168257498604e-01 5.010495465482520672e-01
3.302074833518225949e-01 8.609435967760971087e-01 6.406292319529139911e-01 4.142316471038869352e-01 1.051412089971912600e-01 2.039121673415955627e-02
7.174740861277121295e-01 2.113576435172836998e-01 6.680506783069453114e-01 5.801227032229216984e-01 4.995867225980734627e-01 9.991721058580191883e-01
9.802700258155694346e-02 7.439051662065473414e-01 9.335914962965522479e-01 4.796665206074883780e-01 9.215402161177654872e-01 6.891564795979909785e-01
6.144974506915378276e-01 6.451026156258197197e-01 7.803765085355113262e-01 9.801970186768385052e-01 6.195161907306689919e-01 6.874195683216063335e-01
8.818875942767657738e-01 4.713754377983331301e-01 9.213472142651976116e-01 9.801406744160925388e-01 6.865271342472550886e-01 2.035864355554785066e-01
8.379956990322540156e-01 8.344707496161093419e-01 1.761640354702715960e-01 6.725414849166322373e-02 4.806143155050262017e-01 6.818690857979252673e-01
5.973010002992928946e-01 5.872444880797018651e-01 2.140996681708873250e-01 3.067342436833808694e-02 1.029227652770197121e-01 6.308914023493369383e-01
7.130081602775882876e-01 5.081185524682516608e-01 9.636511132245865197e-01 2.106625481302910607e-01 6.592598807383830417e-01 6.444337240175228576e-01
1.653276334338067421e-01 1.203101277382511158e-01 9.429067758810536493e-01 6.928221717106447519e-01 3.418728324171845800e-01 8.119388679409975662e-01
1.729377558170668294e-01 5.977968108632706334e-01 3.504009392175766457e-02 6.660590795417153931e-01 6.246979062106613467e-01 9.567469454958350550e-01
6.689422444021262404e-01 6.220967585882936079e-01 6.365628010685371319e-01 9.203628882616216034e-01 5.720779897176011541e-01 5.206404159586874858e-01
9.637533907318674986e-01 9.874463136283979647e-01 5.471798473417968101e-01 5.897102120117840851e-01 5.781360463978686415e-01 9.964433294733449076e-01
3.269381770578472235e-01 3.265480201527999338e-01 9.393431961721124823e-01 1.727303926270508105e-01 5.146468772564339877e-01 5.138484141820884865e-01
9.017969865894353010e-01 3.457106171593029575e-01 8.653586197461092810e-01 2.632350119568591662e-01 8.967548636691584640e-01 6.544380107673136715e-01
9.241348212801895334e-01 6.980467900437097306e-01 3.103651215253033779e-02 3.397709171046241483e-01 8.080341370204546791e-02 8.275072862795453954e-01
9.815439532534175893e-02 7.070911858152781893e-01 3.046239259120947507e-01 3.696893432782315525e-01 6.674630986706910907e-01 2.872008403151860012e-02
3.541709859983410702e-01 6.645132396034899580e-01 8.075668447552163398e-01 4.684270597460242769e-01 6.455288916846069203e-01 4.782051553616579742e-01
8.520787132095258842e-01 9.904761467097300542e-01 3.229271658519425880e-01 1.578590157982587838e-01 6.100289284877599139e-01 6.001801567760115530e-01
4.661724447123356541e-01 6.330004956084114287e-01 8.124086099570857478e-01 8.765053210405974182e-01 2.083962503706586755e-01 8.346045023792495465e-01
9.835117234710623046e-01 5.826401514530183956e-01 2.660264819029383165e-01 7.586010780351051253e-01 5.958134109699368963e-01 2.864475968409200268e-01
9.068175235819498914e-01 8.190770636109196978e-01 8.082201205651909914e-01 5.970987712548719850e-01 2.820751022720507928e-01 4.186099246044294730e-02
4.015233299530555078e-01 8.375430767496958584e-01 8.478308105069299883e-01 1.953272996613626411e-01 2.962789325150366748e-01 4.305504375669622075e-02
6.007013244628323090e-02 4.174546478443473818e-01 3.460482895774155132e-01 8.786451141820939004e-02 7.744604768955577478e-01 3.931232973065548197e-01
9.450242595795286249e-01 4.332752296519598589e-01 9.568477722287779264e-01 8.976055163944396398e-03 8.533887133593635044e-01 3.777240219298250157e-01
3.037553030018088629e-01 1.048917601033759750e-01 7.463971881309684475e-01 8.824017539235828878e-01 5.982180062072013360e-01 9.569973885487504939e-01
5.379218360924697961e-01 1.686833423024758360e-02 8.544252918906136696e-02 8.906006816641441892e-01 3.769024597363520579e-01 9.215348771207906298e-01
9.372674585838278727e-01 2.033083078228626883e-01 8.747660016391489712e-02 5.814699615808412991e-01 2.723672049350406299e-01 7.848153925374665718e-01
6.399923355214034437e-01 3.964095492190916614e-01 1.217515225200255236e-01 4.153388089172997955e-01 7.311425438953049749e-01 1.665845959447324054e-01
8.222466492720698072e-01 2.137263683841504891e-01 6.453237776768571132e-01 3.411966513942342738e-01 8.645374156273238908e-01 6.925661903400357478e-01
2.315302876685749744e-01 2.693442155751574196e-01 2.795327197715723466e-01 9.872776337514767020e-01 5.090953302706775485e-01 4.613553166751779289e-01
3.264324822993565078e-01 6.383601894852806158e-01 5.038336736948889616e-02 9.483030433039952856e-01 8.142579958600363321e-01 8.890259513480666120e-01
8.042484968017292735e-01 8.603819174766620392e-01 1.546019333888553060e-01 5.746833993817596076e-01 9.498157778466812529e-01 8.207732972016463791e-01
3.119853814377722134e-01 1.379324817548599480e-01 2.588713810859261111e-01 1.100070637096547399e-01 6.234464405330786274e-01 5.366079104878145323e-01
9.113887011853364362e-01 1.983744027015397204e-01 4.990736459759045340e-01 3.979423030903058711e-01 8.142430400182386618e-01 9.756840682704076562e-01
9.722778909013132242e-01 6.448757497615686951e-02 1.670363345069822980e-01 8.308436570563214607e-01 1.989395337744389591e-01 3.695201612895789856e-01
7.079113064396524990e-01 1.345234609003400639e-01 9.081519656242165173e-02 4.028479933587536532e-01 3.227839048007112854e-01 7.933844049982665680e-01
8.265479077146022924e-01 1.641405967883290407e-01 7.199157242744166352e-01 8.184629976518068561e-01 6.666459441387091456e-01 9.774114618651065234e-01
6.461681205275441320e-01 5.643635336330469210e-01 8.733184231150459276e-02 9.796152856065947212e-01 9.099165259714440124e-01 8.876276100230717780e-01
4.394290783111263199e-01 8.847893737607859244e-02 5.187507904754746768e-01 6.744963494015391303e-01 5.730099084114386176e-01 3.041265877694621089e-01
7.119375155100324815e-01 3.061516663003245320e-01 1.134558540510030022e-01 1.721337231167231474e-01 7.832375964704252347e-02 2.872367305270695503e-02
5.642631215380808918e-01 1.415435334676267143e-01 3.307139247975319218e-01 8.215547133958598369e-01 2.197281699570217128e-01 6.949157693046705830e-01
4.419095037666587178e-02 4.507515443220311280e-02 8.174635384335759980e-01 6.732103552139534486e-01 1.436103921407511086e-01 8.251730965802861473e-01
4.325351421737753110e-01 9.745325102806149387e-01 9.970304470850912537e-01 5.296871873036634870e-02 9.073320424694311104e-01 1.641236401981484017e-01
5.497635095381502301e-01 9.378375263286738983e-01 5.298345777426805014e-02 6.585160895583376250e-01 2.030637447520912131e-01 8.966964254578465576e-01
4.752361330108528792e-01 6.934164747231539305e-01 7.951614107403681686e-01 4.088491855095581773e-01 5.807102712361899011e-01 4.614950822953034493e-01
7.531852256457299832e-01 5.862834756403846326e-01 9.257639692948316235e-02 5.204187885291817750e-01 8.562038527563974322e-01 5.685988308045129003e-01
7.355980242515032241e-01 6.538972473247528505e-01 7.654131333459964770e-01 9.122686037284198912e-01 4.321015249008185455e-01 8.643241925364617551e-01
6.415267348206132869e-02 9.726493681966558169e-01 2.637690418823587235e-01 3.617772698644592388e-01 9.631793670927617512e-01 4.989047981634917583e-01
6.462874098584214799e-01 2.177439913878965738e-01 2.691647201124430788e-01 6.840114098488726535e-01 6.524776382796235730e-01 4.905319611367727761e-01
2.939512481314244807e-01 7.998818100095782535e-01 2.541726963505570591e-01 8.167488559842845941e-01 6.401043742539924697e-02 2.291939823826250056e-01
2.624384036977929213e-01 1.964693484415300784e-01 4.737459863442530228e-01 3.173014522114817604e-01 9.548264428138024673e-01 6.928387738142735008e-01
9.341608804043988190e-02 5.829219217020609189e-02 5.984257746123007315e-01 9.075564122969641545e-01 2.784821859766561936e-01 7.938170405026867549e-02
6.577617555204307020e-01 1.523906896321614024e-02 2.009103824897140456e-02 3.744812456551044333e-01 9.979521335917138636e-01 8.198656292134868240e-01
2.634837469504345275e-01 2.833868872634792702e-02 9.311813632661494200e-01 9.197802044965658341e-01 6.479132600259893682e-01 8.671181167125030509e-02
3.051813030727388298e-01 7.005331654664851415e-01 2.268310699875685232e-01 9.359482194896276974e-01 5.556629162843145231e-01 4.583043779436852816e-01
