4.613241338960626936e-01 -8.805477721641752353e-04 8.199953264309174372e-01 3.109345770847371515e-01 2.297503021204317375e-01 3.062082464972102902e-01 6.421959539597229538e-01 6.034357760494625245e-01 9.025193405368270305e-02
2.283012683087320416e-01 5.893017895022352182e-01 5.773215055756489855e-01 1.165310262538463926e+00 9.589060169982560611e-02 5.588644777881844883e-01 8.048818373144126515e-01 6.142892370367308841e-01 6.525903915351909390e-01
2.810514154286423150e-01 6.077161193507290005e-01 3.878190684711264047e-01 9.470746012115199841e-01 1.211784562884772182e-01 6.191061000309782125e-01 6.847748449685933103e-01 6.825416078393105046e-01 5.586448806177335413e-01
4.611256984808204673e-01 5.060186554758330235e-01 1.219743769253298638e-01 9.417458449488407268e-01 3.974758725719684804e-01 3.344713498621096348e-01 5.371012632881693172e-01 7.072226308831357500e-01 5.602202982406618847e-01
4.409406996083978791e-01 4.860675484002333624e-01 4.889494892680604221e-01 7.874035998510282575e-01 3.163263480928849569e-01 6.665000281252343450e-01 8.066442189348275171e-01 5.289588442746052666e-01 6.032059483420209034e-01
2.035583698578975476e-01 1.318394482429801062e-01 4.235510077428786824e-01 8.541473508857828634e-01 1.059356303902749541e-01 3.354589933830204873e-01 5.835487914309001045e-01 6.812032825387693835e-01 5.389524301015941044e-01
3.125942438053953554e-01 7.289168708614437442e-01 5.483098393385696934e-01 1.185405443456770236e+00 9.701591244632407074e-02 4.276659984573981665e-01 7.170269356487741774e-01 7.253268866068999232e-01 4.811425248164135637e-01
-5.052662476016889226e-02 6.052569213895969691e-01 3.404653501522763581e-01 9.607006077847022318e-01 -1.140068562999767277e-01 2.629323849067642938e-01 7.273514196926612607e-01 7.282206088752882778e-01 6.872985380825008539e-01
4.133740646558849985e-01 5.680313160752608059e-01 3.769425491429596042e-01 9.393494804907713824e-01 1.550311338590939503e-01 4.302229719934263508e-01 6.931493617720068112e-01 7.586975488453682193e-01 6.238615278468089276e-01
5.118335832091931437e-01 5.999208434880231033e-01 3.821265291134657294e-01 9.410835700971265094e-01 -6.751289816503019958e-02 5.364065327747260525e-01 8.402038346207657549e-01 1.044322664206660534e+00 5.632924139462195390e-01
1.969318434798783546e-01 5.107148031250570153e-01 4.279201205065961688e-01 1.891373441161389723e-01 1.430840683753528964e-01 6.543077594407278319e-01 7.467684437717325707e-01 8.033775079040004208e-01 5.243660410774290126e-01
3.786473867155556450e-01 4.400907740321492456e-01 4.185082562640389248e-01 5.556509659886366137e-01 3.240364999256588052e-01 -7.115893353248914366e-03 7.940659805161460749e-01 8.439891855635566209e-01 3.313704786648830614e-01
2.287442877576281730e-01 9.530385493189439394e-01 4.925076502548701440e-01 7.968193064076027898e-01 1.401816422504120196e-01 5.087845871891193417e-01 6.834534595945236379e-01 7.788206415340027666e-01 3.076725737267813066e-01
2.569590359366035748e-01 5.316334673247211651e-01 3.695031637919687362e-01 9.799400212192150850e-01 1.571326982568945485e-01 6.697098018070856140e-01 6.718899965059833557e-01 7.641595791546835770e-01 3.701182701624013971e-01
4.564603995476432807e-01 6.192724058196888981e-01 7.552853082675953234e-01 1.149821603976123319e+00 1.866260776223499229e-01 7.599116769049272246e-01 5.883404983014408618e-01 7.964516588331707059e-01 4.786214828606021876e-01
5.788186796247944965e-01 5.091697094990016437e-01 3.335905516170987184e-01 9.100389699675088817e-01 -2.110576631552055216e-02 6.163541000710894835e-01 5.698565588619317612e-01 5.860169077227103118e-01 4.855078245185399100e-01
4.168296284491180836e-01 5.413517312708299167e-01 -4.601410590949295276e-02 5.923110903608996836e-01 2.358809731579306068e-01 -1.003780973416208699e-01 5.862783739244326053e-01 1.218659884581008601e+00 5.169352866033407601e-01
4.899735069686104172e-01 9.341927798692686302e-01 3.377570475712414200e-01 6.263824723800937022e-01 1.671039405190605787e-01 3.454093616120670340e-01 5.226754122187182716e-01 1.004185926650159599e-01 5.491857192304114843e-01
4.844323586347801247e-01 6.668462766903662242e-01 4.156855711684355748e-01 9.727949901969472624e-01 1.094120764207040658e-01 1.011780617196674087e-01 6.382656068048403464e-01 7.687147042907778172e-01 6.697468656053892078e-01
2.952063893255835181e-01 6.445419334058897221e-01 4.039989082804135156e-01 7.353623553756403197e-01 1.964664994625614503e-01 9.444309546486149287e-01 6.214979058908147724e-01 5.835854548637839923e-01 5.775172250929473394e-01
4.207399813890506102e-01 6.017385076072847561e-01 1.741993847046533483e-01 9.490943218887367694e-01 1.457077809408507674e-01 6.531190161636609703e-01 6.506583487935884147e-01 7.791654112803452215e-01 5.659316716617673881e-01
4.596477945063465187e-01 6.444259391905388101e-01 8.159208790802725542e-01 8.937881112566308239e-01 9.564393959133490331e-01 9.328116468195064570e-01 5.730040653383895455e-01 9.208157038574059650e-01 7.441310330749391078e-01
4.422102633629676482e-02 6.764993120370976776e-01 4.251873009840222428e-01 5.428641125701940684e-01 2.548117252666091681e-01 7.094549144539561425e-01 7.958217462579907364e-01 3.344454900048383639e-01 4.988581751712291013e-01
2.739463086367889821e-01 6.281965404125062769e-01 3.849197005511314496e-01 8.337945862969768918e-01 5.255623891193048625e-01 2.243054870191824590e-01 7.010621129237286642e-01 7.615104483140929803e-01 -2.344111455661929133e-02
2.891580848249549196e-01 6.028211645560326293e-01 2.379797657156660362e-01 6.871552127890376838e-01 1.647670967348026372e-01 3.580988058116188477e-01 5.089582865850895699e-01 6.947207596845641486e-01 4.935829849118180679e-01
-8.113965841752152075e-02 5.522024680895666338e-01 6.932271262755594909e-01 1.012783073212442764e+00 3.121885766869046397e-01 5.725719599148468841e-01 4.813215586714710281e-01 6.145336004544543762e-01 9.096504455551819579e-02
2.297764134655991830e-01 5.477278264797086349e-01 4.187034263109570276e-01 7.171442591471020034e-01 5.335419349200354322e-02 5.299387222214909654e-01 6.651148071126202765e-01 8.909394907669320185e-01 -4.628861377541110267e-02
2.575872034631366825e-01 7.866658311144731908e-01 4.111448816476401258e-01 9.029292539862532330e-01 8.337317798567293048e-01 6.292332946417702466e-01 6.406058733489168322e-01 6.380532053992897801e-01 4.931160530180528911e-01
3.446938763843971354e-01 6.250643413700938122e-01 6.011549746595515886e-01 1.401275567957564805e+00 -9.226636705143734241e-02 6.280988091784749372e-01 5.714057694296965639e-01 7.411347052999105456e-01 5.637646832434450861e-01
1.814763068028180104e-02 3.912613517575344035e-01 3.883515157276548613e-01 9.470911350467019485e-01 1.022494714244993885e-01 5.003320535852537887e-01 7.682428138787107397e-01 7.312411286944702216e-01 4.260906514089644603e-01
5.887154040096955754e-01 5.843553852301308638e-01 3.824580689159979840e-01 9.603783900101290349e-01 4.549278347357155194e-01 6.579942407521700565e-01 7.784964717108713295e-01 3.984177228233780066e-01 3.834428735196370730e-01
2.438052178180180052e-01 5.065112946908798541e-01 7.386199879466675000e-01 1.310108363310191981e+00 1.852933375419609507e-01 1.372255506173368778e-01 6.820191941791581280e-01 7.160955127493182637e-01 5.596534670871516903e-02
-3.509889304600777304e-03 7.028331043842114267e-01 4.596824968889661189e-01 8.640308021750673362e-01 2.569721736708673321e-01 4.027773500780516547e-01 5.159498353834041096e-01 8.425930744063061528e-01 4.113913878411000202e-01
3.416611214966301380e-01 3.988555819457155760e-01 3.887250784238264756e-01 9.156265630559373703e-01 7.071424811884020611e-01 2.712224082482512788e-01 5.827302650209514878e-01 7.615349561210785767e-01 7.690479884879628525e-01
3.024601040706438870e-01 6.031339816547992561e-01 3.199546910686835721e-01 9.233415132348179455e-01 1.132417496099181742e-01 6.259581287264357474e-01 6.525106929888445650e-01 7.554434143797539303e-01 5.612674277199259931e-01
7.001874336028917067e-01 9.185861969034765373e-01 1.126656088446696291e+00 9.873134571876827081e-01 2.914276262664194372e-01 2.829868009587234168e-01 4.316746221747949641e-01 7.287389550005602956e-01 2.419529163814165829e-01
2.707741812240909152e-01 6.178679964243849465e-01 4.467772613047624186e-01 8.910425895588679479e-01 1.253545094323739173e-01 6.639030998004104012e-01 6.737827447492384936e-01 7.497284303513029879e-01 6.410359188777194905e-01
3.744546002561228715e-01 4.302926682070576936e-01 3.690624564104202920e-01 9.663919675967244105e-01 1.561052804070798272e-01 6.042914650737493121e-01 6.818401240301465993e-01 7.890128256596569134e-01 6.007086078258236927e-01
5.633868124158417645e-01 5.627676478086289791e-01 3.757241752004373270e-01 9.610978713427925646e-01 2.944404947256730187e-01 5.809987835896299746e-01 6.220928778222157840e-01 1.025615209786846282e+00 2.478963871723391388e-01
5.236684012753619610e-01 6.353764785429582007e-01 1.081852700312328386e+00 7.491983925721562576e-01 6.133979332984700328e-01 3.081991422516880963e-01 5.340193244327378075e-01 6.725500686152381391e-01 1.768177706821013884e-01
1.265193646700956132e-01 4.986622426040938638e-01 4.163921997912611306e-01 1.000610950145243594e+00 4.433974215408137409e-02 6.377603786566636845e-01 9.417623528681626777e-01 7.867386873822083126e-01 5.150362492307904994e-01
5.056919063706738493e-01 4.440218547913420966e-01 4.079579887414833128e-01 9.318940524110366219e-01 1.253477697989888451e-01 6.064711649680348815e-01 7.051462196645299496e-01 7.540588154574344726e-01 4.765180799568917713e-01
3.896859444997780031e-02 3.817312718792831294e-01 4.321172265576151417e-01 7.259145027809621453e-01 2.065031514909139165e-01 4.303001503622080337e-01 5.566566288568732812e-01 7.479776761439309585e-01 8.856568638147288564e-01
1.685723506499258173e-01 8.585235355463025630e-01 6.765871832000593944e-01 8.711006198691872981e-01 7.181131726417429029e-01 5.846880155607799834e-01 4.296087632171003423e-01 7.011315709463458168e-01 7.337207240917792417e-01
4.222371178937023850e-01 5.651228420604111902e-01 4.733788356811440279e-01 9.344642697359074601e-01 1.922409473253460233e-01 5.310848058990746967e-01 5.597728203950053105e-01 6.168812465815861623e-01 5.781448374906413834e-01
1.272796310141664500e-01 4.879774169574701004e-01 6.549375682886210415e-01 6.874036003709050879e-01 3.456116212606160087e-01 9.940845660595547528e-01 6.178925015905553098e-01 6.865663245964968020e-01 1.074249701704696469e-02
3.869666211102109621e-01 6.218403774156722186e-01 6.944688953627601302e-01 -2.828422559737338582e-01 8.631514772117639955e-01 3.649642618622143675e-01 7.666552928171661563e-01 1.001670487581148183e+00 5.501650958899342303e-01
1.230650729823215273e-01 3.839803304925837879e-01 3.846784209874390403e-01 6.946811450135204069e-03 4.807399915130211587e-01 3.505011037184692646e-01 5.369499791449601211e-01 8.535557155394525308e-01 1.750589205957855110e-01
3.278754940448870281e-01 1.127604174495178135e-01 7.333210446784793612e-01 9.694187847271960035e-01 1.976748588385827121e-01 4.200443951944623500e-01 4.730541204924565979e-01 7.044898579248414228e-01 3.672793952098186709e-01
1.460380018695170423e-01 1.384794244624890092e-01 5.836696098642271124e-01 9.870887097512121011e-01 1.335588419098385216e-01 2.999809843164391587e-02 4.211503869004079581e-01 3.882222684737914320e-01 3.611823579175302834e-01
-9.487420091202869443e-02 4.242352919556549584e-01 5.337995041780631000e-01 1.039094597494629513e+00 1.570014416739558549e-01 4.832743840034329219e-01 5.420849702981391793e-01 7.121188160044807924e-01 -3.927962712053406635e-02
3.373523227211450703e-01 9.595620036318202040e-01 4.351690812961374055e-01 1.298510250788192932e+00 1.689568452238582874e-01 8.123905761310135087e-01 1.156243864346191863e+00 7.689507880483107405e-01 3.816291246176911622e-01
1.491829041957339896e-01 5.372378676949932652e-01 3.403349226078109524e-01 1.778286429948179759e+00 1.245274757683156042e-01 8.049592490213111073e-01 7.195764315225378072e-01 7.566421668545774137e-01 5.298544447464621499e-01
6.149842214902375703e-01 6.218257928315004124e-01 7.615270808093278498e-01 3.022599988427573381e-01 3.350122375072762670e-01 -3.381286521864945716e-02 7.917557946814693937e-01 3.550205817736252767e-01 4.824023580219516383e-01
5.312788858507434542e-01 5.322024520157730976e-01 3.441071982765125381e-01 1.035142959514545158e+00 3.538724769201369025e-01 6.843672750921196979e-01 8.657740048537202471e-01 7.687510708141672700e-01 4.580131938378158019e-01
4.591402372319642877e-01 5.702019267213818132e-01 1.213740683892712280e+00 9.939325367912287268e-01 1.420997254734923942e-01 4.242868363701198797e-01 6.496671572257040062e-01 7.339340204753781460e-01 4.891561813268273662e-01
-1.063557873458890191e-01 5.526504513869276991e-01 4.474800390617353352e-01 6.172458003546117400e-01 7.730030661596168362e-02 5.589083713978982848e-01 5.226514628711493859e-01 8.243197211617268039e-01 2.110757013441440788e-01
4.066292499899792912e-02 5.436035503522064216e-01 1.013694981510705251e+00 8.380883781137192790e-01 2.725279138253666189e-01 5.515480521787305968e-01 6.142825709046972893e-01 7.728666096474166025e-01 3.254094020562297018e-01
3.465517729363706834e-01 -3.712068164753864474e-01 1.602317988711216834e-01 1.068121892079043844e+00 1.187081760925336876e-01 3.352207212804783065e-01 6.218971460005441321e-01 6.558911030066666425e-01 4.818685991231928534e-01
5.028250639795469601e-01 6.757589309280707113e-01 1.048883504451383786e+00 8.315652695142584649e-01 3.129925847810965944e-01 5.564478400156875892e-01 5.163030151019960545e-01 7.714788652061166374e-01 3.119452844807777403e-01
5.044447793584939665e-01 6.985027576438342933e-01 3.177828847918641175e-01 1.049464625050351207e+00 1.145987117703576724e-01 4.633445565740539895e-01 4.832628491490925660e-01 7.146417249282739359e-01 6.962041883480725168e-01
2.657780828246306681e-01 5.524395062318762095e-01 9.596445322450769533e-01 7.713846852420565003e-01 5.942192113308222279e-01 6.650047134347069067e-01 8.923572910684589576e-01 7.826788923116564378e-01 5.469263889362090403e-01
5.734678325201922888e-01 6.105592040006119214e-01 9.683566390358300247e-02 5.339528360438081656e-01 -5.935540539136230365e-02 7.248972420127807181e-01 6.961089396711499511e-01 4.393831334854017001e-01 2.576656220208580761e-01
4.551481186308402038e-01 6.283951136754912792e-01 6.036953974483587615e-01 6.933906368271456344e-01 2.333076630777078386e-01 6.066421798072387794e-01 6.774624629354176752e-01 7.575395598445229250e-01 5.403741731643472157e-01
4.857190200778807587e-01 5.035210394635559750e-01 8.099327924981197802e-01 5.728232680345639594e-01 2.516860263544706267e-01 9.628557529922265878e-02 5.735717605419813347e-01 7.085413033368478386e-01 7.561979068146457150e-01
4.059776089075273209e-02 6.230870536649277813e-01 5.436475880215660972e-01 9.252970420684109021e-01 -5.978504742426032914e-02 6.673045609616388152e-01 6.511667406578133255e-01 6.944318108322937722e-01 1.018524406021943829e+00
1.725765601842426944e-01 2.666359820008088466e-01 6.566654896936493513e-01 1.037075397637243324e+00 1.687111062011842633e-01 5.525897362056900741e-01 5.864395129882777891e-01 9.726642474842981390e-01 3.265722602779495554e-01
3.010363777222064274e-01 6.927257234756137860e-01 2.993798439749048024e-01 8.574588881462148482e-01 -7.870465991887631851e-02 4.728284410606930499e-01 8.067839329847406038e-01 8.768913011005459168e-01 4.209899634977556926e-01
4.207423623310163063e-01 5.727298585112953200e-01 4.596178694158501998e-01 1.192238380085697269e+00 4.532908533196865486e-01 5.812549148061983972e-01 8.925868423684951702e-01 7.791161504278489858e-01 6.177470616893003807e-01
4.181463934511379654e-01 6.737869975237041897e-01 6.568091392654933358e-01 9.770573449260989696e-01 1.246390277407266878e-01 6.074578898941274119e-01 5.939126426154283100e-01 9.568514258021837415e-01 7.142579598872909052e-01
3.092808236302092562e-01 5.216790663333218392e-01 3.874776930978935940e-01 8.312682811143796702e-01 -4.844290721374644448e-02 6.421915255221471996e-01 7.475625612559715361e-01 7.306007457114396253e-01 4.491895205312257389e-02
4.274788896530230531e-01 6.035897614587640847e-01 3.018824587586126929e-01 1.102049340815149714e+00 3.391902891153084076e-01 3.603434550903563127e-01 5.765117786542119926e-01 7.240918040960826474e-01 3.777099999264941221e-01
2.457940074009934417e-01 5.195587940084588352e-01 4.306360661397062306e-01 8.593844081848213134e-01 1.985730471008514408e-01 5.577612696886711241e-01 6.363654037870678515e-01 1.454375756978367074e+00 1.210270554190478576e+00
9.586724771718581062e-01 9.995601718008142456e-01 1.887214726958158506e-01 9.251935319916673173e-01 3.406685050746427468e-01 1.063152982837438421e+00 7.390742809154088322e-01 6.690457756134895462e-01 -1.753563542977858436e-01
2.137906155345648263e-01 5.377371117205368423e-01 1.290331652298585041e+00 5.592770685049703872e-01 4.913716233034616798e-01 5.051776460323265106e-01 6.902175017123985956e-01 7.538316652697288900e-01 2.720364886275260519e-01
5.246529741643999323e-01 4.540673435597729624e-01 1.531930686379974205e-01 5.157030166728634457e-01 2.078201032509120194e-01 5.614185004340339624e-01 6.301112195407597705e-01 7.100757263630508298e-01 3.695128810804780284e-01
4.007500109698042268e-01 6.731990362123746463e-01 7.290593356672226966e-01 6.700360390439641378e-01 4.116678253113356112e-01 6.150914181587602281e-01 3.840975530242916602e-01 7.761382060241308611e-01 3.232496402739972741e-01
5.230108239384922975e-01 5.931403696027208738e-01 4.402670318307611019e-01 1.033957844689396000e+00 4.326621892058329921e-01 3.827984928410864685e-01 5.515223283861712122e-01 7.680238989879940581e-01 5.241005301223430335e-01
6.122748639663502246e-01 6.026338594047349062e-01 6.077935712758837372e-01 8.268639216601687547e-01 1.242981760764631793e-01 5.718385555315992352e-01 5.673847649013727956e-01 6.741934722378453149e-01 5.723879836753510419e-01
3.639991394306556494e-01 6.459527088809863260e-01 3.375197504144369365e-01 9.421287490635283923e-01 2.333487167081801372e-01 6.344453581306020995e-01 6.258482082516678702e-01 7.722580525722341216e-01 4.108751735698044638e-01
4.181655779842522458e-01 5.229530303942639957e-01 4.961871630643463482e-01 9.031180020852558332e-01 5.219350336449318783e-01 5.803407879614855824e-01 5.955987507870036390e-01 6.584729772820698823e-01 5.932926719939870530e-01
-3.412299774095753357e-01 5.883783841544133475e-01 4.456028452609051560e-01 1.015611565983599585e+00 1.154220967031245604e-01 5.847935295952094714e-01 6.411809723951584772e-01 7.395294195586701314e-01 4.998778822269075439e-01
5.201794069755828476e-01 5.639534697014635389e-01 2.784578952101212646e-01 8.941141536526161504e-01 2.218180594765592761e-01 7.965753397891907062e-01 4.569255835845992819e-01 8.856255535090766795e-01 4.738523155899790895e-01
5.979576323323596565e-01 4.858780415764529237e-01 3.994897129401602243e-01 1.006538285496538565e+00 1.637595453381737176e-01 7.405461649824318648e-01 6.980977095168288127e-01 7.327940035726666634e-01 4.622327216207128275e-01
-1.762769735538444738e-01 4.053752122029941618e-01 1.337631290193714628e+00 6.837487010199824189e-01 3.629115819962659972e-01 4.492878167238064657e-01 4.351349781323546884e-01 4.315578396928888560e-01 1.049322060494164432e-01
4.619283191456202142e-01 5.907318526250185942e-01 5.279254621299045436e-01 3.234660748095136706e-01 1.376591387454803583e-01 7.615433147771086819e-01 8.436659809910680430e-01 5.048560829701398411e-01 3.040820202433482389e-01
7.869763034155542736e-02 2.892844036229733629e-01 6.599730889710609949e-01 8.981432214166927830e-01 8.108695983055262679e-02 5.365995173702799992e-01 5.045604175841085226e-01 7.446915093574342226e-01 3.002872044098686133e-01
2.309634526578494551e-01 4.114774812516212021e-01 3.472884528669955562e-01 1.047885826494560524e+00 -2.615304771625477642e-02 7.256087309190295542e-01 5.426047186072584516e-01 4.068737843561017753e-01 4.564164889067575670e-01
-4.334045319034006694e-01 5.472514298791484322e-01 4.815317313963464185e-01 7.256500299126178444e-01 1.534877216295942315e-01 5.271289003135731788e-01 4.952157854871049869e-01 8.159738272308221241e-01 8.368904994476241699e-01
2.654301323175292104e-01 4.232073920282542479e-01 6.285395720250619434e-01 1.128601391155712452e-01 2.159469320627902811e-01 1.156810566645716465e+00 3.176028182218864626e-01 9.046347931122402652e-01 -3.679865689573225129e-01
2.515449073411212821e-01 5.243611872461271251e-01 3.605941620500816569e-01 8.807513981746251108e-02 1.124573966365092492e-01 3.476944437609054139e-01 6.356395350494411511e-01 6.341771992051558060e-01 5.077372829879951421e-01
4.732419389812983490e-01 5.235584453570011343e-01 3.003216575720561443e-01 7.321526511619811384e-01 1.414885157801573923e-01 7.357293614446815955e-01 5.860285237491826837e-01 7.609582695797156848e-01 4.368105846469268472e-01
3.765504838023432943e-01 4.711390281239442590e-01 4.748738317795161423e-01 6.215049966784216284e-01 3.410889759032035284e-01 -2.822314176878670811e-03 5.257866344909729595e-01 1.142241309507628699e+00 2.455774627661644338e-02
4.149759218150091411e-01 5.739915645149992196e-01 1.417356447198995673e+00 3.598423833870614819e-01 1.193192045759021935e+00 5.408273502183641446e-01 7.171351146635790430e-01 3.927769674786635301e-01 4.273267370053760450e-01
1.669093672032129216e-01 4.380468967566811811e-01 5.136791601613663882e-01 2.706282243814557287e-01 1.159618808058852646e-01 5.874312166288788717e-01 6.474295554068817404e-01 8.615021976714436480e-01 4.665791841728024747e-01
4.108491386528593248e-01 4.877551184124675476e-01 5.976708548652178710e-01 1.078459127463601286e+00 1.164648587845091565e-01 4.630251827371228979e-01 5.807783308967711111e-01 9.966851775002296687e-01 5.332470996028815247e-01
1.264728803178506999e-01 5.583717015190883259e-01 4.544018891401578886e-01 8.320351918100505895e-01 2.194738357644212268e-01 6.696563572716804913e-01 5.721461317651557188e-01 8.000420977559199454e-01 4.858086480635757098e-01
6.920457996509982168e-01 6.112503513579455872e-01 3.526530559294422940e-01 9.108695871237058039e-01 2.172864269402724757e-01 7.712570507080110938e-01 6.708080704159217200e-01 7.955097404778891379e-01 5.769285836512607624e-01
2.351698007482989072e-01 5.994157735103864404e-01 4.331118479003175925e-01 9.019828317607184731e-01 3.489879870936114514e-01 2.263829468864501093e-01 6.699217452595228606e-01 7.048741091072350251e-01 3.781522145974055005e-01
5.522590414284683780e-01 5.876612342131702915e-01 7.229607546338530089e-01 7.229180261935136409e-01 1.055726387237655162e-01 7.590208246967686812e-01 5.950532466091054129e-01 7.616780680608785659e-01 2.406800469729859782e-01
