-3.591679096244448921e-02 -3.062969064213627579e-02 1.062947318935159258e+00 1.770336259566891446e-01 2.177266479274077571e-01 4.356935087611725210e-01 6.659036826950794907e-01 5.416239722823755764e-01 6.325258919940583979e-01
4.487479501428254247e-01 6.200620429182512883e-01 4.389993898671280537e-01 5.463122799699089427e-01 -9.239498980868243727e-02 4.880808823603491331e-01 5.730770182916354871e-01 6.876811412823098379e-01 3.021858371538487242e-01
-2.058095674249174611e-01 6.400457487328072848e-01 4.546000069648835074e-01 8.843087534737538169e-01 8.184904221535754809e-02 3.940392345029953836e-01 6.867085928994079991e-01 7.319123773993261306e-01 5.541754980844978418e-01
2.059019873780446597e-01 5.199251992945022049e-01 5.346078160041861649e-02 6.633261067050325588e-01 3.569350620590862055e-01 7.365360061803811753e-01 6.511451223323382331e-01 8.506663591681052905e-01 4.954084122823620984e-01
7.814947570308056202e-02 5.357133819558405063e-01 4.730099949682377014e-01 8.854177777226318602e-01 4.381360737340844191e-01 3.959346046640490613e-01 5.749631884012477157e-01 9.283440939859576302e-01 5.510367890346159481e-01
2.770727561770230385e-01 3.819769992864874286e-01 4.900075589517460806e-01 6.032487164480742070e-01 1.108289092990967367e-01 3.191384986557608272e-01 5.423890138710868447e-01 7.504217372537771436e-01 4.595351545903145762e-01
1.510559523201930876e-01 7.651107207823146794e-01 5.036788893006524104e-01 6.104718269512556805e-01 4.454568047558233324e-01 4.511231829994217790e-01 6.361232139465843316e-01 7.870352196251991783e-01 3.217817196913086430e-01
1.483152480851805954e-01 3.580496656258108645e-01 4.116026357436949334e-01 4.971156701821488610e-01 2.923972851150635766e-01 6.803695016052970779e-01 5.417191671637597850e-01 9.987437778811351086e-01 2.851993047697983230e-01
2.633358564232771148e-01 6.554183000082268729e-01 5.349730046232475944e-01 8.179093438020884621e-01 1.348469804073522127e-01 5.369151431304209909e-01 5.070171299370700435e-01 7.539070942661979524e-01 6.233958894806194140e-01
4.148514085309580879e-01 6.528628277942493119e-01 5.826171146068150897e-01 7.717389948135430222e-01 -1.258567787567817509e-01 5.531127684347015849e-01 5.088421158741840422e-01 8.852648629007549008e-01 4.162970213444628920e-01
-1.891335028627416648e-02 6.600381726831658913e-01 4.833322894561034588e-01 7.000669954400822181e-01 1.176270557161608610e-01 7.980225858375882275e-01 6.453608406605488845e-01 7.810404970242728062e-01 4.920138975102275047e-01
9.891880990278301145e-01 6.627554813039793213e-01 6.046962761084690996e-01 3.655321452197744514e-01 2.287103413098193483e-01 7.360647126999461110e-01 -2.872795782775387496e-01 9.615617332713527476e-01 5.559081280837897543e-01
2.235264124592467594e-01 6.080434333999005236e-01 5.193273445356874074e-01 9.762071384261034046e-01 1.161940998637950723e-01 7.317907644511774112e-01 7.376647578021986451e-01 7.538796427786361720e-01 5.987270120504191162e-01
-1.373368025898114020e-02 5.968463840322522085e-01 4.398354236099876191e-01 7.022086318901483715e-01 1.100622257867710507e-01 7.088660787212451853e-01 6.258733673936225372e-01 7.424790028884681314e-01 4.375097420728613073e-01
1.927864772967085583e-01 6.030452902555801797e-01 4.579185113627053383e-01 6.881852330010200802e-01 1.641706151898672805e-01 5.692908109989824883e-01 6.300409987095729747e-01 7.572486302796428426e-01 4.773617718377464736e-01
-2.841373148419745753e-02 6.513917049202403442e-01 5.490267918775013634e-01 7.120092321645320466e-01 1.256976305047785847e-01 7.089485551126392116e-01 7.889309681554999010e-01 7.471145094269637799e-01 5.001158072338771632e-01
3.178509394253951070e-01 5.880070741226676168e-01 3.271508981785262171e-01 7.228079460212990526e-01 1.792570562513215171e-01 7.177794335857656804e-01 7.226940865433484351e-01 5.835037203573947284e-01 2.709368446966597954e-01
1.772777299342943036e-01 4.100190938652169548e-01 3.385669147869480589e-01 7.203771112196257764e-01 3.335411635369700534e-02 1.021119600781197789e+00 8.185740272081376556e-01 3.976905253000521112e-01 2.908339173700087987e-01
1.321161286161430526e-01 8.909703371569390740e-01 4.775820842702124813e-01 7.736338004636568177e-01 1.220268503000185717e-01 9.791295856775728002e-01 6.404987285623197080e-01 7.420654672601956214e-01 5.115766518417925734e-01
1.840612095562144945e-01 7.723036098304036923e-01 3.906104931335503405e-01 8.959410389977798816e-01 1.936964497679298791e-01 3.917294227866444101e-01 8.001907844930556957e-01 7.101598013664449649e-01 8.525575070366503416e-02
1.710596361247442021e-01 6.013903326604785882e-01 5.966393474623882254e-01 8.522271465472888163e-01 1.225110798435824488e-01 6.653530281369944843e-01 6.352952163769722826e-01 7.613365753074873288e-01 4.395554430217321618e-01
2.878289569518077684e-03 6.380785212000654738e-01 4.186707833557052894e-01 7.859550782127782131e-01 3.631254149379502527e-01 3.850745509660740140e-01 5.748468623227881436e-01 7.293238640457325728e-01 3.737329017624699823e-01
-1.806852599473218746e-03 6.918533921833022182e-01 4.406462108051985016e-01 7.887666162662818614e-01 1.844372700094455697e-01 7.830895987724190155e-01 6.537745008964019888e-01 1.304123923489571624e+00 3.898846805858826592e-01
-3.327242156193255251e-02 6.279929589251660449e-01 3.371647216613802844e-01 7.307145064377528199e-01 2.540101712131134226e-01 5.934443758974784489e-01 5.252932351167319824e-01 7.673951531123883729e-01 3.021293241160715182e-01
8.466753022010786722e-02 6.342536463014660786e-01 6.712350163454390284e-01 7.542408502309932983e-01 3.032982136206368029e-01 7.697989866350480881e-01 6.077760700853085396e-01 8.058411222043257993e-01 4.975348126270132676e-01
-9.625375279914832882e-02 5.954289708597626518e-01 5.888482147553282253e-01 3.030823538476836720e-01 1.193427347127563459e-01 6.808671185069039566e-01 4.898083822694899725e-01 8.042524254392340310e-01 -6.582601373383994980e-02
-2.648912556770789684e-02 6.223095234324067526e-01 5.090641214001240256e-01 7.146661693962235162e-01 3.244120826937430535e-01 1.002511538319500239e+00 6.501896978813683781e-01 7.416026270172210166e-01 4.536307322734550729e-01
1.633869048004379931e-02 7.564162373181919641e-01 2.919539076049371684e-01 1.033230487779100759e+00 5.848849821651127545e-01 7.140531049903937610e-01 6.006624863566443207e-01 7.154132629309033486e-01 5.245947483597211969e-01
6.875257349115684868e-02 5.548500401476135213e-01 4.632663270153816182e-01 1.384364716312977972e-01 3.477843894524603741e-01 3.469922873865862178e-01 6.784502986809919367e-01 7.736548446210715912e-01 7.013711975504511864e-01
2.925551263790105438e-01 6.421240451539732552e-01 4.838269938104576839e-01 6.418916812196214794e-01 1.353266698983765504e-01 5.701647687016091481e-01 5.948328096320600888e-01 7.577047372064604769e-01 1.968294366813610197e-01
3.184744640711503205e-01 6.371381732819200172e-01 4.079195185200722440e-01 9.436103444037340360e-01 -1.355686479354046015e-01 6.769828251247114181e-01 7.166854566359074363e-01 1.220184686767347593e+00 4.345544205307825814e-01
4.194157639385512337e-01 6.030687161721759448e-01 8.217301626053132857e-01 4.771488473089373628e-01 1.894758635048998108e-01 8.539943712520357000e-01 2.637977699055670811e-01 7.320053925955218865e-01 -1.854602862244258965e-03
1.911102639719390039e-01 6.469777160332191857e-01 6.276585293128769116e-01 5.439920952229932993e-01 3.440551226649311012e-01 3.314342159640525365e-01 6.648648147755382709e-01 8.576536106629941703e-01 6.027212444162969307e-01
2.133299260301340095e-01 5.474771116655605674e-01 4.654803397209338334e-01 9.068844791910120051e-01 1.158575774084408816e-01 7.343300763799045505e-01 6.127381765760020471e-01 7.619096429959573147e-01 1.236333404840351813e-01
1.740828358510130014e-01 6.048818344067794506e-01 5.246954864750305036e-01 8.145557825845550770e-01 1.252675764508439371e-01 6.074955119084278765e-01 6.497139508959719478e-01 7.571048851597259599e-01 4.751361486843499460e-01
2.968121165358238445e-01 7.562797584014971930e-01 4.191641884777160820e-01 8.551440523632910518e-01 3.377681937124693001e-01 1.135998720737646961e+00 9.093996468923092324e-01 7.595337036518752249e-01 7.687305394993015906e-01
5.274105152617349079e-02 6.157561613706220571e-01 4.782071848265074809e-01 7.581828240123127394e-01 1.181607110174097974e-01 6.921488360347729518e-01 6.588242786909824789e-01 7.555142803803511775e-01 4.252966888932770417e-01
2.266415851842965845e-01 6.385540885351908003e-01 4.765292125573354354e-01 7.763935767100323959e-01 9.418715252812739913e-02 5.183476568022683528e-01 6.745658150811333353e-01 8.117389597375525012e-01 4.455497818555082534e-01
1.509443201071420382e-01 5.579379686745926659e-01 7.524160609691944446e-01 8.715128928640238914e-01 4.303609691108283286e-01 5.937736404527556022e-01 7.414273736404535242e-01 8.436051082992657157e-01 3.379774099704883628e-01
2.386971659849759508e-01 6.143740439627844996e-01 1.763588652013590163e-01 1.015119781302808999e-01 2.570469225064831997e-01 6.659583740703834964e-01 6.497758451315664985e-01 1.074337108397650287e+00 1.301587872047804961e-01
-3.844637541215446541e-01 5.281122173059377145e-01 4.464890393227710086e-01 9.108075208680161960e-01 4.612888936739193424e-01 7.869907849766997199e-01 7.851729036423932273e-01 7.609206138547255360e-01 4.952219851101972714e-01
-9.385674077689240558e-02 1.408098905709659565e+00 4.777129480867141620e-01 7.794429661656768760e-01 7.040864054283602069e-02 8.265531116240992793e-01 6.668699980544325889e-01 7.692092861062772569e-01 4.527589300113013526e-01
5.383648775977277756e-01 3.599420091474097028e-01 5.952911149282378300e-01 7.608281118624830031e-01 1.237609555367339409e-01 7.646631895685939151e-01 6.184444567049875996e-01 7.790522880318020427e-01 7.050146248686494088e-01
3.982441462674447541e-01 8.434573754426843983e-01 1.020759622854477522e+00 7.384708167745873686e-01 5.389733342995183252e-01 5.917647307833872050e-01 6.716327617325857924e-01 7.659333243197047336e-01 -4.554457789410011337e-01
1.811991803960630865e-01 6.755186287144632207e-01 4.837867924584802748e-01 7.246332489143829658e-01 1.749777286926450792e-01 5.487255291609098862e-01 5.889209594799034164e-01 6.219157768449136148e-01 5.588227879101148599e-01
8.607171539193254894e-02 5.846880351061441994e-01 6.261040953758290062e-01 2.718637657742585256e-01 3.010110855557373011e-01 6.804218229898805204e-01 6.489020647348792137e-01 5.214544832636021088e-01 -2.674514908393388346e-02
-2.370405171321660065e-02 1.889056819099490248e-01 4.125062604905936903e-01 4.668735524127642922e-01 -3.176687901155994531e-02 4.837939498754022516e-01 -2.722775605038917912e-01 7.281722800052868871e-01 2.092669063253486395e-01
2.044234897128601458e-01 6.735502701990125907e-01 4.106750620033925991e-01 8.413433983802576233e-01 3.457010470319130668e-01 6.551378816443126363e-01 8.677473494491235728e-01 7.273063347250987576e-01 4.476929628385353799e-01
2.245990078080189190e-01 8.998579606011191112e-01 1.600763018729379761e-01 7.971767547330138592e-01 1.398378253760565459e-01 6.837627142803860414e-01 6.390374541658812024e-01 7.427103591235760804e-01 4.273324280295654476e-01
-1.136339238031029431e-01 9.013090528207402530e-01 5.471305184847721215e-01 8.096717940725619567e-01 1.206743956351901265e-01 8.810129964322034324e-01 5.028294568480000670e-01 9.772627696235621775e-01 2.301154602793982762e-01
3.410667858081715687e-01 5.610356568672351107e-01 5.199280346110748408e-01 6.832157465164963028e-01 2.175213497492244907e-01 6.040323184818181534e-01 5.777929549025867528e-01 6.556801245458127037e-01 3.072434257943687519e-01
1.809495147000689808e-01 5.990880793370503277e-01 4.245739541517218885e-01 5.232719153219214103e-01 2.032158841381372094e-01 9.211778616411736564e-01 2.797195416545775748e-01 8.030146783387549503e-01 5.573340638857799956e-01
5.419256569324293338e-01 4.724947796980084047e-01 4.057123763253591697e-01 2.328475405411893351e-01 2.369744905447634942e-01 7.265472175967808699e-01 6.237885990761927735e-01 7.536529988534013125e-01 4.578787535557662935e-01
3.926472440592457813e-01 5.867834360647137260e-01 2.713242206474032470e-01 4.123732996506316306e-01 5.177122342886758544e-01 5.086933493836840459e-01 4.748112297583168551e-01 1.952916869459239146e-01 2.758021848932319386e-01
-7.713073684173937794e-02 5.512165567971234470e-01 6.213426459829326509e-01 -2.847259911391497589e-02 4.758895266453347372e-01 6.045037241719742882e-01 5.339864427120859514e-01 7.658756666076379505e-01 2.885843485561603305e-01
1.393284066194524773e-01 5.884669330602008142e-01 6.003073032137528076e-01 7.121726021448856470e-01 3.561184857752539012e-01 6.782578101233832646e-01 7.071231424020140155e-01 7.827723476768022604e-01 5.089589489371705300e-01
-1.942200472413321832e-01 5.746779425495404103e-01 6.342435945629808502e-01 1.522149877589773492e+00 2.114696565305700937e-01 4.578780045563690670e-01 5.794526557474064532e-01 7.235886438715559699e-01 2.905505475089542600e-01
8.056020144115189074e-02 5.347616781393880192e-01 5.400749584550739169e-01 7.806038123389031913e-01 2.851672071058802271e-01 7.244807292559714007e-01 5.976216895140719076e-01 7.206066332830576293e-01 7.123237701571414338e-01
4.749933401118511256e-02 7.434696165983550875e-01 3.072421157299058958e-01 5.770548810109548121e-01 1.999857168822527509e-01 1.192921038807752687e-01 6.230459587357416451e-01 7.786310225029721144e-01 3.700271842659381138e-01
2.356492529871721808e-01 4.552736564274115216e-01 5.667322806879853125e-01 5.541780599463429491e-01 4.175760665755776646e-01 2.177268846176046990e-01 6.450228027201685421e-01 7.274399441254379983e-01 4.537921647358275634e-01
3.530283417450728878e-02 6.220459562031364076e-01 4.099321719683047816e-01 6.402600843539651976e-01 1.037551013950502449e-01 6.188619354720868992e-01 5.424021494650699271e-01 6.975972688132102695e-01 5.276760886397657835e-01
2.695936740796613940e-01 4.545798753082490595e-01 4.574157017875057907e-01 7.327146845445036138e-01 -1.314021142909793660e-01 4.993228856477880395e-01 2.494095795467912158e-01 8.189747196828200959e-01 3.685225314893822435e-01
5.018015026983732030e-01 5.408467327474223429e-01 5.218972217373570865e-01 6.328080367033046549e-01 -1.735206571020117550e-02 9.471816812301797617e-01 8.116481544573012075e-02 4.385065179640068589e-01 6.480342508338553520e-01
1.284920526215080627e-01 6.074560323024852382e-01 4.459609776577538875e-01 9.856092935249950449e-01 1.163986112846677190e-01 7.184654086345075852e-01 6.426926169678688350e-01 7.542632220722480518e-01 4.733890633279812521e-01
3.944687953356429411e-02 6.177718565053531563e-01 5.641880468095799017e-01 3.218837958189791904e-01 3.568836078058367223e-01 7.344325834343123915e-01 4.238767681723867864e-01 6.512800400392826372e-01 8.459648759830044884e-02
2.461151871499959731e-01 6.047246392598598641e-01 5.020817281477434335e-01 7.497621701161816254e-01 2.066706317503918533e-01 6.792736558762346721e-01 6.555243656632550042e-01 7.943310417147031455e-01 3.364703682726137290e-01
1.470592106153774115e-01 3.911101110966708205e-01 3.963654579431678537e-01 6.446821160201502421e-01 1.349998318686480292e-01 8.236993625888546777e-01 6.991155027158248991e-01 6.007896892465589556e-01 4.583732881373986934e-01
1.927536108093516332e-01 5.197835085413159417e-01 5.884424829075779462e-01 6.793910361188129077e-01 3.333009887499988610e-01 5.932812704269927462e-01 7.513758453551815375e-01 6.882898231009668688e-01 3.545054280458828089e-01
1.024194307674560211e-01 6.049932400349852246e-01 2.822802618265893293e-01 5.045014547077283362e-01 3.210995124669625556e-01 6.528659926491231502e-01 6.427376301762526278e-01 9.013335381989762141e-01 4.838434777556609445e-01
4.258741482633807141e-01 6.198232109169250492e-01 5.289525472740074230e-01 9.124765291015389801e-01 1.600404357836673619e-01 4.044833425269142024e-01 6.210699102108317993e-01 9.937864124277701050e-01 1.874744762848575552e-01
8.666593429251980840e-01 5.537103488123861217e-01 1.162843285835096996e+00 6.333725552046124418e-01 7.115057201999646086e-01 5.725140435660667215e-01 6.739344545054876123e-01 7.819402339890084708e-01 5.909923797926097677e-01
6.516499564306085790e-02 6.417831101933438864e-01 5.854069006329404301e-01 1.065487011869487022e+00 2.263668073365233124e-01 6.254359747242709267e-01 -8.449484459929967883e-02 7.784499189592550827e-01 1.304065072163865802e-01
6.776136727427134465e-03 6.005308854520858830e-01 5.697391147515733500e-01 7.316559177547080628e-01 2.457474426707168536e-01 6.568611445007792593e-01 6.827678706004696174e-01 2.377609807777948947e-01 1.780582593246667067e-02
2.579644542857778000e-01 6.096374037870019302e-01 2.518276778505515456e-01 7.826435919420197118e-01 1.932458591569627959e-01 5.462642074117260993e-01 6.772312470403833995e-01 7.239581247896125227e-01 4.991589122553089508e-01
2.413345368765449361e-01 5.557752044948225389e-01 6.465539348294577771e-01 5.149816195413647879e-01 7.667100098151749532e-02 8.246681557197427237e-01 7.214048949121379950e-01 7.824577761900550765e-01 4.245496619063325872e-01
2.157075404928084361e-01 1.185903812046079087e-01 4.916569746528290930e-01 6.553839065569172506e-01 2.419363448485906676e-01 1.512602232852135464e-01 6.712792984056451528e-01 7.736972792037548619e-01 3.326541559962660211e-01
3.802548158288341917e-01 5.609983713442440179e-01 2.876393087030929552e-01 8.058347260977507531e-01 2.102099264560407521e-01 6.709368919754378213e-01 4.477779468763632975e-01 7.949799784330048302e-01 2.935169101287907756e-01
1.246296140834213251e-01 6.158511762495836317e-01 4.833895182303990512e-01 7.822437456182949056e-01 4.760954303343987726e-01 1.690228573102956489e-01 6.849084066951426353e-01 7.478091344777675342e-01 4.731778632618298674e-01
7.013493923635150118e-02 8.071859363074490590e-01 6.556802803118072509e-01 9.506938382980009150e-01 1.926228948424872356e-01 6.962343386280188673e-01 5.860968697459008059e-01 6.480972098661008651e-01 4.008701630949039196e-01
-5.619179935773332968e-02 5.236560093154937201e-01 5.389362681890431661e-01 8.300793037833658072e-01 1.841287884340872538e-01 7.256601107425684205e-01 7.714132472442765120e-01 8.470048266059845288e-01 3.423159453925580520e-01
6.861630959310682787e-02 6.173738039027225621e-01 5.165673097173133499e-01 8.518645844166763403e-01 -1.110617687927851621e-01 5.071119017048474342e-01 6.071497738153159851e-01 6.429588940834185529e-01 4.432023185777029806e-01
9.964028438207650495e-03 6.115720590938197310e-01 4.428872095611918747e-01 8.789562796117819099e-01 1.216553057212114153e-01 7.167977209600883137e-01 6.496199195792582426e-01 7.668802923289887996e-01 2.702095099477943574e-01
1.332715346419326985e-01 6.260860510603974971e-01 6.622334611424277595e-01 8.928496412799273863e-01 1.990884956052305643e-01 4.373588693400319860e-01 7.461008270555594679e-01 8.497551620352574719e-01 4.698898451555010292e-01
-1.205479344132773800e-01 6.074860639133226048e-01 4.904507137469613642e-01 8.876804576975020344e-01 1.040798943507528773e-01 4.741994516960074124e-01 6.493047668700274722e-01 7.052079766111134518e-01 5.180067887236299295e-01
1.224876450615691725e+00 5.413578580987589151e-01 5.156369004530283462e-01 5.728409715114691769e-01 4.102107793124821211e-01 2.023329517866332694e-01 5.319075058317289662e-01 6.977339450600738013e-01 3.572360620271232134e-01
1.588531507716398616e-01 6.239726766591534579e-01 6.042285820613166880e-01 8.140775460975810951e-01 4.403665640445090235e-01 2.510778017511129390e-01 1.356938827100257483e-01 7.171436660939602969e-01 3.104645260489432568e-01
-2.457759608249936445e-01 1.641292349240353055e-01 4.137453308048432143e-01 8.150385984523679239e-01 3.622073898067693087e-02 6.610615512487907353e-01 6.043991898779924599e-01 7.165407813507375101e-01 6.549298866721423584e-01
1.175788626333699599e-01 1.916235350606602106e-01 4.154891227149090094e-01 9.083212584195329287e-01 7.350750949762385744e-02 6.888876086383060038e-01 8.487322317983858611e-01 6.898307078336172182e-01 4.430034631473207529e-01
4.495411141268503830e-01 4.898772365058464695e-01 6.371186565053216233e-01 4.824862322909422296e-01 2.117634464854540044e-01 4.264325853224071317e-01 4.664587269832470295e-01 7.203080759103521746e-01 -2.374987429445123421e-01
2.033802150098970862e-01 9.937000728428885266e-01 6.153208049595668694e-01 8.118936407473152927e-01 2.211986541739471845e-01 6.902288001961554009e-02 4.130167281060416196e-01 8.360751674597979299e-01 1.135831420398480285e+00
4.294998252559876772e-01 1.030341742158685792e+00 4.924812007436626948e-01 3.492601654685956181e-01 1.323602074014814389e-01 8.984690921277240783e-01 6.314168581806616221e-01 7.817041296051041588e-01 4.577079797187211807e-01
-1.734446975585282047e-01 5.831687455823421073e-01 6.508404510645675600e-01 1.032702119503211780e+00 1.129662456771839130e-01 6.486760531876070157e-01 7.036983900307697271e-01 7.530893175111355031e-01 5.350123751585097454e-01
1.266252888020912848e-01 5.496458959522566579e-01 8.134629711371846872e-01 4.285674485008177381e-01 2.503767397027715780e-01 7.079714271007295778e-01 3.429845928765865026e-01 9.420291610191049436e-01 4.002013393008429509e-01
2.781815774830428412e-01 5.286785197250319923e-01 6.367531267560622155e-01 9.551383799568289312e-01 4.400640136675601499e-01 4.645670643392973975e-01 1.521476115839083820e-01 6.889825350736510368e-01 5.408156352040499604e-01
1.515267808597567378e-01 5.101542525973008502e-01 4.214589621820369891e-01 8.737171298053765245e-01 1.573067768698886426e-01 7.268001037125787489e-01 6.630342943983750237e-01 7.324943442306569574e-01 4.636407615557010531e-01
2.963321485710050940e-01 6.072935009810891405e-01 5.709212519233407557e-01 1.656418935738800113e-01 6.845570143121817441e-01 8.124227719417397298e-01 6.164125369632647011e-01 9.089634443321176205e-01 2.549952810315348484e-01
-4.483462709311503147e-02 6.453063302352409769e-01 5.377671769018032011e-01 7.983937396915415929e-01 2.728700061652938880e-01 7.342782330543193847e-01 6.801168965768615848e-01 7.228160778135570563e-01 5.089602757298957725e-01
2.036196683557889853e-01 6.371060275055830946e-01 3.584404766790417751e-01 7.457183485533576128e-01 3.913152880090315922e-01 6.022101831658899229e-01 7.453404645031808107e-01 7.879823050334043844e-01 5.594423318487514729e-01
2.842015659394256932e-01 5.643260418209794516e-01 5.418534537148417263e-01 8.917976956309026093e-01 1.710670384561050472e-01 5.043868496416148428e-02 5.541616323642947206e-01 6.617283503840851733e-01 3.402830979308124615e-01
6.457528332114620406e-02 6.665769952692678357e-01 9.243829729420065533e-01 7.790517743817847451e-01 4.844163591706429628e-01 6.421841476365309775e-01 6.182851890660309158e-01 9.823980026799808973e-01 -1.016825363013855732e-01
