1.418179864559120928e-01 1.167121604002852919e+00 7.364464898873078758e-01 9.103635849924269774e-01 2.276726837549494786e-01 5.063074763489269214e-01 5.449208515683614529e-01 4.299189110234462041e-01 6.166600187374315922e-01
1.540155410095175870e-01 6.961592437083229390e-01 5.611146340091918150e-01 7.603543289956671281e-01 6.838257051925162866e-01 9.494377662349252622e-01 4.099349540537819969e-01 7.044395419329138042e-01 5.647650614202104347e-01
5.413929889185531419e-02 6.380169882919356494e-01 3.848425918470584906e-01 6.736026371147405545e-01 7.728977950304438682e-02 9.334790021256598180e-01 6.498927555238417364e-01 7.108988138984918548e-01 2.773634973432363982e-01
2.383447914575102522e-01 6.278576538237735649e-01 8.595470872950847774e-01 7.327836201913974223e-01 3.374853204486782388e-01 3.028537839313643065e-01 5.304621054818525749e-01 7.023944473475923767e-01 6.058518873435163599e-01
-1.257638965917853846e-02 7.542199579404473830e-01 4.369255505090138825e-01 5.240577162046777815e-01 -1.938885170291634874e-02 7.645590659800141076e-01 5.677733858333231520e-01 9.076305530884470896e-01 3.615932709040572401e-01
2.011294059738437390e-02 -3.132185428609124411e-02 4.183208459085904218e-01 7.544183008069310636e-01 1.146810463859931489e-01 -9.511927248724516559e-02 6.837413335009008275e-01 6.848794149692956079e-01 3.370878345901546780e-01
6.108687111052890639e-02 6.640696678785747986e-01 4.059192442307111293e-01 6.689565318841791397e-01 6.866021331165290953e-02 6.183704516798672612e-01 5.669263644136661728e-01 8.072677015900140418e-01 3.991309890615245548e-01
6.475501504649974205e-01 4.236030820519233187e-01 6.589464622152303441e-01 1.717614821080976073e-01 1.523983612332363013e-01 1.042318394063286718e-01 3.934583604215708408e-01 8.487430479969595432e-01 2.700566473659042344e-01
-2.585358941942184074e-02 6.225900050130307450e-01 5.273421110097571418e-01 8.222806977607993728e-01 1.535512437187988022e-01 6.587948596535291301e-01 5.495299367089030440e-01 7.449963133358635803e-01 5.340600295278112863e-01
3.627449978942260955e-01 6.979500953867274760e-01 3.750108706317675233e-01 6.311101149654676501e-01 3.248384486381488134e-01 7.724286790922300083e-01 7.052632287025757396e-01 6.788289779666090151e-01 3.096227177955269139e-01
1.319307240000407444e-01 7.659754622477590313e-01 4.267112807883277070e-01 9.691403379570806553e-01 1.699345562454354641e-01 8.971538286291076414e-01 7.313882132162481398e-01 7.882626497784959163e-01 4.305615117287704408e-01
2.490380338476629318e-01 5.663312277154175511e-01 8.664640665817449072e-01 6.726454607286553866e-01 1.769134986828513334e-01 8.205833530105602902e-01 1.283985269034717547e-01 3.064799469433886481e-01 1.473548084602603336e-01
7.160718487483509753e-02 6.855441276604029577e-01 4.270054596807126290e-01 5.552097812042511293e-01 1.311248404266381618e-01 6.239935834255602165e-01 6.169098785506640370e-01 7.320934476435961846e-01 2.536160330218267811e-01
5.599005253367037582e-01 4.632759300389178159e-01 4.711693430401633353e-01 5.716679818860975759e-01 1.400008204788140143e-01 7.050277922235094197e-01 6.454736555116254992e-01 7.550094135222867875e-01 4.325740050349348165e-01
4.428901384739701574e-02 6.406157839407957688e-01 4.090616968501282202e-01 5.132385707481724735e-01 9.148228132288858949e-02 7.714313090558098107e-01 6.607498522362789117e-01 7.915279141657746154e-01 3.626534146084802179e-01
1.329243976226391899e-01 6.547763157426390590e-01 3.548149594268332763e-01 7.874205113943404388e-01 1.109580143556579551e-01 6.558214532270008057e-01 7.928693705990912388e-01 6.696258118031409579e-01 3.655227248142760565e-01
7.006951019080114029e-02 6.494504831077171358e-01 5.678689219087791340e-01 5.125716540516082054e-01 8.724213757571258610e-02 8.370074654759507293e-01 6.410641754906882817e-01 6.655659353878051743e-01 1.778398916129325658e-01
3.741442180993629352e-01 7.388819508470576558e-01 3.696626361742714195e-01 9.219125614366588950e-01 4.883410394766279361e-01 -1.819068110609066979e-01 3.678010072414465981e-01 6.229377044753869885e-01 3.531857313295247991e-01
1.699737751270585517e-01 9.998710561713080036e-01 4.333113977229484659e-01 8.441428878096602917e-01 1.330890569786416511e-01 6.478317361847324429e-01 5.786248240641548302e-01 6.129227281126879978e-01 3.247497337160753506e-01
7.255086028839594081e-02 7.566308147118867566e-01 5.049606049813510911e-01 7.005626910238368366e-01 4.693804248221263020e-02 1.022573854846980712e+00 5.925463826863355266e-01 7.366299452467347519e-01 1.867229843459118355e-01
2.727180943385559830e-01 6.351815522882413578e-01 5.409900330927646106e-01 6.096764883138736657e-01 1.059280904758808234e-01 6.331566158095933705e-01 6.308174785669699025e-01 7.389664538669004079e-01 3.467699183998290136e-01
6.826487864740357625e-02 6.493816185731712265e-01 3.664374787615437556e-01 6.277080188573341823e-01 -2.408735420984624565e-01 5.878503724278685283e-01 7.269687690837345340e-01 8.804470146627094707e-01 2.843765696494089945e-01
9.338660935172093946e-02 7.064670907788214160e-01 6.011163333859150804e-01 4.816540639934336898e-01 2.871382084866528905e-01 6.888230110572403087e-01 7.237051093102480070e-01 1.164833432223973508e+00 4.417854813810062065e-01
2.244528409818618009e-01 6.337152183294583185e-01 4.456263951059636352e-01 5.826553777537295531e-01 1.544300253281871427e-01 6.232767032534275442e-01 6.525707835081148156e-01 7.601316427646882534e-01 2.381141494720374896e-01
4.041139908259769320e-01 6.922319876879676759e-01 6.888956314983346596e-01 6.044704270523567624e-01 3.048978592060575532e-01 5.578556125227568385e-01 6.031848350762371025e-01 5.895974771561207639e-01 7.956718072054901059e-02
2.553807002096979417e-01 6.620109884503924125e-01 2.282118097162369463e-01 7.801174057007735918e-01 2.767307566564945476e-01 6.454601543451757850e-01 7.674921695626244489e-01 7.251034963297001701e-01 4.444765113007865809e-01
4.586867758576248372e-02 6.547281713889258059e-01 3.814239214986993587e-01 7.574526322768059261e-01 9.207760858156700812e-02 7.855578542390871943e-01 8.569024108492147018e-01 7.535895671334362778e-01 7.093867683131678259e-01
1.559191559088545787e-01 8.164108888340885217e-01 6.001865449894487892e-01 5.180303914877919524e-01 -2.800099012618495475e-02 5.952064044867509951e-01 7.331089528162044733e-01 6.543809389735490978e-01 3.721049980467446838e-01
4.869105428789395340e-01 5.999692571153586451e-01 3.577587471309237044e-01 8.252905382617323760e-01 3.553305908096978105e-01 7.643012280361992650e-01 6.585449708049665452e-01 7.617315302857255999e-01 6.301399520376280705e-01
2.509915275336822016e-01 6.997444519901853122e-01 4.754345196984764987e-01 4.745397248063276119e-01 1.590265908620187574e-01 6.610147572661825288e-01 6.818945339330608757e-01 6.186419693041134149e-01 1.154803445944800333e-01
9.768102562565351976e-02 6.673933814098099715e-01 5.347068994289739807e-01 5.764289097407285789e-01 -7.482528653650466488e-02 7.090102772496291728e-01 5.814700627295330548e-01 5.747307070425833331e-01 3.599889529543738864e-01
-1.163474307367421134e-01 6.010459971805988122e-01 8.028911729633836369e-01 6.562981756294143931e-01 1.863203618093410008e-01 4.990835201640907437e-01 3.846615128039569953e-01 8.182919667770736094e-01 5.207711895901019350e-01
8.074534378476855290e-02 7.195044130713011965e-01 4.915957908311392455e-01 7.091311477693414966e-01 4.011075694846539808e-01 5.816913881855484414e-01 5.376762298437611776e-01 6.747713228644872663e-01 9.580065424868260127e-02
8.929971991683977040e-02 6.024723391703477038e-01 4.056790744812585059e-01 7.755481617192674371e-01 -2.683884153685622831e-02 8.866480054515909481e-01 7.622221160386856154e-01 7.360535439058910612e-01 -1.447787844935912727e-01
5.262842511710282695e-02 6.369660504173852988e-01 5.064739846340570173e-01 5.912188197540115819e-01 1.298077949135222064e-01 5.994444702216885634e-01 6.630818849155467598e-01 7.298382050099364582e-01 4.178041996458156104e-01
2.512083521713530665e-01 8.052125097639195594e-01 3.815107722651283062e-01 1.042849460824977426e+00 1.424409991677751952e-01 7.280112202944793998e-01 1.926705936515240025e-01 7.596925562018210787e-01 6.925570314133220329e-01
3.072058203845869431e-02 6.789862256932970297e-01 4.666025933817952165e-01 5.830553674144532961e-01 1.207396316070337011e-01 6.907976854788558940e-01 6.568275233521542189e-01 7.412314992376730638e-01 3.774713784931814642e-01
1.302783532787602505e-01 7.513553796947838315e-01 3.750757146805681619e-01 6.853954135239046508e-01 2.257784679074456013e-01 7.012583723994064711e-01 6.617026315178516915e-01 7.659136090744028680e-01 5.380534495977514764e-01
8.510968333185339740e-02 6.540988467876095447e-01 6.042396856593760246e-01 7.187290636296954638e-01 1.698916384104587618e-01 5.917427690144335672e-01 6.958646602630047528e-01 5.842491145550844367e-01 2.369814518103560697e-01
2.586909673844448032e-01 6.297433892978151482e-01 8.551169918856627028e-01 8.862770447372823046e-01 -1.995935968736094468e-01 4.722916991601844305e-01 8.664520525138286189e-01 5.323002460489515419e-01 8.397756410749351863e-02
1.338914295433154544e-01 6.159722942314850291e-01 3.994142409267408267e-01 4.890923417316117017e-01 6.783478282453867525e-01 6.789348108270037985e-01 8.515323250968609425e-01 6.942671681573514553e-01 1.149881416870632833e-01
8.017470692044046388e-01 4.221593854957276237e-01 4.698781266118920996e-01 6.949905375567323462e-01 1.605813356598299879e-01 7.328567413452061752e-01 6.773329809731942763e-01 7.440506325539354426e-01 3.543354581289324123e-01
-3.355673293443376393e-01 6.313512717861092804e-01 6.590084610934960896e-01 7.575425148481802484e-01 1.744056846754629408e-01 7.053432203836611514e-01 6.472590025466549157e-01 7.495754349169573283e-01 4.174878515610978558e-01
-1.017738413254944685e-01 6.988819744513704579e-01 5.053527349549462588e-01 7.443302831787894647e-01 9.331099762608363601e-02 6.619584193664558303e-01 1.311329428248708406e-01 7.549384764788407143e-01 1.051630037659913919e+00
3.784017959925731756e-01 6.275605221761562103e-01 4.443726206730802542e-01 6.197252909521435704e-01 1.241838246909072740e-01 8.380624619808884068e-01 6.737219839527086584e-01 9.193267859252418628e-01 2.224402692243368229e-01
8.909365833384480515e-02 5.369087968993317972e-01 5.937164547953097671e-01 1.975720537841335056e-01 9.871871679907810726e-02 6.679224476506018249e-02 6.448883261698589164e-01 7.465460317806694723e-01 1.748394651820021350e-01
8.998177432626365269e-01 6.342483868651864753e-01 3.757003025139879493e-01 5.831440160418749352e-01 8.467187741700138437e-01 -1.606094357271962147e-01 2.273880416513862635e-01 5.561312316713218351e-01 4.703717068624064801e-01
3.876026948911612258e-02 1.108573195891112972e-01 3.485058724341577596e-01 5.605050569578094999e-01 3.605850636036755374e-01 4.884267444422501492e-01 7.779918912721865976e-01 5.087005501566156385e-01 3.740422875415926329e-01
3.721813147619924544e-01 4.914138322246504043e-01 1.951714325674465123e-01 6.538730833927816066e-01 1.987322068142492459e-01 2.599739944774363543e-01 6.795057745183092912e-01 7.669268860834728141e-01 3.501296662638450630e-01
1.603834680864257012e-01 9.306722695126902201e-01 3.238422894181464118e-01 8.052747060291259862e-01 1.190476540451147203e-01 1.202093731131763099e-01 5.930057518938921524e-01 6.418334267616436772e-01 4.967893744334946349e-01
3.220378946707053158e-01 3.838105615939552684e-01 5.779474317551200890e-01 3.772304493454131658e-01 2.261257080252193907e-01 4.402588386709271884e-01 6.362604014079136228e-01 6.986115317356369481e-01 -1.331374499535235567e-01
2.800273618501932238e-01 8.635561966258308297e-01 5.079918216394712083e-01 4.711657164455953506e-01 1.098110549420071164e-01 5.632010276351910871e-01 1.301543493611703628e+00 7.380870591819204130e-01 2.452667541919304472e-01
-1.616296475475555161e-01 6.046957532674703817e-01 4.332450659256802394e-01 4.703676776431232609e-01 1.369957565589820514e-01 7.087859615454473738e-01 6.840385547378519115e-01 7.449452171944958012e-01 4.534227614758110647e-01
8.219665340353323746e-01 6.807722198925967305e-01 9.262786661792145049e-01 2.521360115026947124e-01 3.456915532396721558e-01 7.574386885226894739e-01 5.037856610770818921e-01 4.895008177183413078e-01 4.442624038396574271e-01
1.446087041250811722e-01 5.491971232836834194e-01 1.390862835831051247e-02 1.422624675305376396e+00 -1.665960721348540008e-01 5.794375170078628345e-01 9.368140600080031577e-01 7.613729095321978280e-01 3.774023247780519119e-01
6.936423729076104383e-01 7.469110587902971776e-01 1.324782274362194812e-01 5.545462496801518704e-01 3.339007218614571393e-01 6.714823069049713489e-01 6.790987916369847222e-01 6.019812330711735715e-01 4.001005471091133026e-01
3.472809008911752482e-01 6.899372141183398588e-01 3.649570200364644079e-01 8.585989142336017399e-02 2.387902781809646824e-01 7.789642781148992112e-01 6.763375441480241612e-01 8.332719770051333352e-01 1.450924234692773096e-01
1.328050796141890255e-01 7.221914531055200204e-01 4.159563511154340532e-02 7.676922313831325839e-01 3.378790829355389769e-01 7.807379878157612030e-01 5.835422990936153242e-01 7.295988854023096604e-01 1.067063122006530307e+00
-9.777405446074560746e-02 6.872954532580561882e-01 4.380552276480127460e-01 5.851281690174174877e-01 1.520371750673443767e-01 6.643557941595228389e-01 6.877555914890597366e-01 7.429339622425192857e-01 2.848327702663713268e-01
4.028800068832559256e-01 5.952574834916009028e-01 9.315293304232388216e-01 5.990316284523713453e-01 1.021705673089243205e-02 8.319875652284811629e-01 6.733870762601674720e-01 7.171838881732525151e-01 1.346547600089862962e-01
1.316444160505225169e-01 5.833969176652362698e-01 7.956372251406049756e-01 5.715576862512368184e-01 1.253308764197201275e-01 5.863491741485969966e-01 5.013474173943237577e-01 7.252631333385340939e-01 2.674391704881922682e-01
1.333923407699929564e-01 5.553497055700982177e-01 1.088570115970097341e+00 5.062078789541708534e-01 6.201952824413008436e-01 5.575099978328469374e-01 1.551629861451686576e-02 1.015115452098342530e+00 1.893271353489533460e-01
5.172374995940952624e-01 8.324721851271604800e-01 3.868555624118453773e-01 9.971791960230150242e-02 5.316325994210657768e-02 8.006077590353249951e-02 3.891044976072535189e-01 7.291911919904523476e-01 1.391626248133881472e+00
2.593714679954848279e-01 6.874475347453232743e-01 5.466809478222743879e-01 6.482174276047404371e-01 1.090332010526373768e-01 7.472547302382963608e-01 5.875921006707512939e-01 7.416633351870498547e-01 5.735165921214722129e-01
-1.039319894435233871e-01 6.456835255009182317e-01 4.776467476579369098e-01 7.989918231103055879e-01 8.140951879616248332e-03 6.243814875271855858e-01 4.467199132550541130e-01 8.724669841057757225e-01 2.969784401208505065e-01
5.448689233075181271e-01 6.183386893219009472e-01 4.354317684458220983e-01 7.989310590872860107e-01 1.364400965278762534e-01 6.699542174879729028e-01 6.697430927484339103e-01 7.192700225333432673e-01 3.103051518118041252e-01
5.827518629709098341e-02 9.114355440025047050e-01 4.156562242882504421e-01 7.086035164345225734e-01 1.138897569850280261e-01 6.414900946546722160e-01 6.734021746961148525e-01 5.970126350516274938e-01 2.949316664300283275e-01
1.495647698098148681e-02 5.806203824909076383e-01 5.866403950047478499e-01 5.962377810567023317e-01 3.102623644201690789e-01 6.553329848710733874e-01 5.836156096830430462e-01 5.260760955067624867e-01 2.564410798396659086e-01
7.277633721194458616e-01 6.707419063558828221e-01 5.080710185809146351e-01 5.304579067844767959e-01 2.302306582239285748e-01 6.507181815066129804e-01 6.874034838221032562e-01 7.273166671216181323e-01 5.199442936811207172e-01
-9.378018352887718123e-02 4.852699571273752510e-01 4.997024118138225779e-01 4.024085022622452823e-01 1.253586273261984019e-01 8.275557706815971359e-01 5.874671754504054988e-01 7.662969139374642413e-01 6.807077256561661072e-01
2.157541145783468117e-01 3.773304127055105983e-01 5.015733300659359628e-01 3.531827157099761694e-01 5.234002692144310576e-01 7.739877174044637043e-01 4.620444043565463677e-01 7.892062442992465732e-01 5.968500325241983262e-01
3.684663873601216610e-01 6.558359013434158502e-01 5.660112715559347807e-01 3.244550654708412418e-01 1.191537217180849706e-01 3.626829796179202869e-01 6.558842385231722361e-01 8.014487418084146331e-01 2.280912414695527857e-01
1.120404345624228803e-01 3.793275162500835407e-01 4.140400096061469526e-01 1.004905625193013963e+00 7.502472072449314910e-02 6.979428111179762917e-01 6.356174851115297120e-01 2.646123029868624466e-01 9.635772730706890776e-01
-1.838697230765862223e-01 6.870651386392973015e-01 4.128824794357769945e-01 1.425406119074166256e-01 7.227146704580701408e-01 6.446483785733169158e-01 5.271460732865962395e-01 7.452998603872856842e-01 5.991759153471245547e-01
2.225755227326413899e-01 6.761403333818197803e-01 1.985061303697278623e-01 7.288720625521295515e-01 3.458454947948808589e-01 6.845073568993976787e-01 6.739538691839779272e-01 1.013523351016385909e+00 3.024402304250451978e-01
2.344732783248223706e-01 4.393153688864093187e-01 3.783140706233958928e-01 7.373323688687806188e-01 8.583830970013266171e-02 3.601483811897677190e-01 6.028670140873012562e-01 7.703269606912019896e-01 1.261955562389674435e-01
-4.063732735002228980e-02 7.676848069150269405e-01 1.050828323534155118e+00 -9.976423112686066963e-02 3.221887359837856124e-01 7.039794469761780915e-01 6.446150804515435873e-01 7.501056096878098156e-01 5.292677050971797970e-01
1.418122840495051884e-01 6.875578781614807289e-01 4.496522558918554791e-01 7.498038318875358543e-01 -3.611966751063383496e-02 6.578717372201685620e-01 6.682160210286042235e-01 7.555879515275821801e-01 2.890616647843050613e-01
6.284378427266491540e-01 6.284377565026058043e-01 1.104518842181206439e+00 7.377328695460955155e-01 1.202294758928359047e-01 5.586650397534298484e-01 6.337179927544148716e-01 7.996928677379224748e-01 5.978904469530252896e-01
5.903666175663355720e-01 6.748960692813056328e-01 3.554269164045123497e-01 6.089410862973099192e-01 8.445392893919712041e-02 6.433177863361946303e-01 7.367117979071962086e-01 7.913813398144721178e-01 3.252134843619141069e-01
3.768542202490854920e-01 7.173267778766720948e-01 3.895133813871770601e-01 7.398762018372728733e-01 1.820326153134796954e-01 7.039342303652121879e-01 6.309100491775631037e-01 8.022700667439010003e-01 2.887976167642604119e-01
7.679304582741531826e-01 6.129908445121783345e-01 4.458131795853544355e-01 5.862325023363983423e-01 1.243235123724844293e-01 6.955486013164752235e-01 6.573157895608562340e-01 7.317619630178809897e-01 7.397888131702330394e-01
3.839854125632026216e-01 5.821515306224498421e-01 5.281176498577174749e-01 3.761986828178652265e-01 1.003547473542544255e-01 8.928182876507054777e-01 7.676408428282075480e-01 8.183658820326616956e-01 3.662483866655484865e-01
9.911126258605970629e-02 4.420890206836095015e-01 4.724908564186145465e-01 5.776536652989122667e-01 1.400257549694614856e-01 8.367909586416778511e-01 6.633075537741616179e-01 7.620947532952961900e-01 2.901809056837044709e-01
3.987724954664987331e-01 5.380234933407254116e-01 8.506392788700534169e-01 7.467087375898224799e-01 2.543733827118687119e-01 7.384104864067169149e-01 7.043622557748772106e-01 7.339243062340434776e-01 1.798443399869405768e-01
2.340188319202859968e-01 6.117791886857326666e-01 5.354508906522523759e-01 6.049395103477104296e-01 -2.309956703220400476e-02 4.666757246322494335e-01 2.522272905826927758e-01 3.324315096043432005e-01 3.840244419095936168e-01
-5.204057154458216483e-02 6.211959476525912294e-01 7.082157829280854022e-01 6.927711823009147230e-01 2.276780885619938410e-01 5.020200887315127147e-01 4.513745206233428231e-01 7.017277157434287371e-01 -2.302384951789384626e-01
1.396237858838196566e-02 7.703629600457255755e-01 3.317675166594437619e-01 4.893836795978618870e-01 1.885475402052628202e-01 6.136021378595051257e-01 4.737077026346260267e-01 8.903368783979117573e-01 3.527267466816772501e-01
3.082147629151947843e-01 6.944602478752736063e-01 3.706497687400965302e-01 7.193973847324381943e-01 1.212549604305706574e-01 6.531446566525975772e-01 4.282925888941859216e-01 7.867698170700451188e-01 9.285408771242860126e-01
-5.948072995550229836e-02 8.280582021695905848e-01 8.127359607707500544e-01 2.155969678553040225e-01 1.383297217058631901e-01 1.505317582767850659e+00 7.834113035231878852e-01 7.146281645214844769e-01 9.164855742412664208e-02
4.013018280536587712e-01 1.015125786193417534e+00 4.452837306958151165e-01 7.868001283910699417e-01 7.626149701239615109e-02 2.843734666782938292e-01 6.613226263274967209e-01 4.257897828832010179e-01 4.736970482843800290e-01
6.111784471372975203e-01 8.307234457717835863e-01 4.650676447722082996e-01 5.363073081480965731e-01 1.364650092306730067e-01 7.200710827358467458e-01 6.432000066838705621e-01 7.248657473294167763e-01 5.556536647144355578e-01
6.293572705942698797e-02 7.074418036884719818e-01 7.953735661434280235e-01 6.130393837412622116e-01 4.003002725536042306e-01 -7.287120710641373234e-02 6.357004419291344410e-01 7.510016585636065667e-01 5.306180862766233242e-01
-1.655160406036045861e-01 5.832468673449776597e-01 1.302991143224236925e-01 4.046223582686295228e-01 6.965381879988503666e-01 4.006552851562367179e-01 8.878233996554227847e-01 6.154715210042421836e-01 3.517972340896927674e-01
8.968629518290312241e-03 6.218714767823316780e-01 4.747093274017479270e-01 6.056636596174231890e-01 1.093391071814221877e-01 6.567984516088761771e-01 6.525447923653532323e-01 7.944160325937195122e-01 3.633207433884278470e-01
2.956492212506489081e-01 7.289420400419508450e-01 6.363771308206529476e-01 1.010161489140444235e-01 5.837745972219894330e-01 4.625814798258460203e-01 7.295334260359271905e-01 5.321425471702656562e-01 2.122812730406007931e-01
9.413155450501850541e-02 6.608285165206226885e-01 4.824684258722713448e-01 7.172200952554501630e-01 5.913342815180967771e-02 6.671775469801838332e-01 6.623136151529160909e-01 8.035949606234765730e-01 3.948794114926045262e-01
4.766361255404666375e-01 6.151995511002386063e-01 5.297386652801893137e-01 7.304344111148504126e-01 -7.698208132079883970e-02 6.569367100743654930e-01 6.297327528471330371e-01 7.316803234149596991e-01 5.688082485899725871e-01
2.944639523909151069e-02 6.872056916274988936e-01 4.610784113320020028e-01 5.370386997232404758e-01 1.129852887481590518e-01 3.710124274494810415e-01 7.289066101592596159e-01 7.436468454102637127e-01 2.914574363066084750e-01
8.718014952664648876e-01 6.980400425208266313e-01 7.815571908268783563e-01 6.335131632093042864e-01 7.339247181233992112e-01 8.562691563282036622e-01 6.011896006192982700e-01 8.164812167566166679e-01 8.247249938258330859e-01
