-5.442774629627982613e-02 5.235050420915234870e-01 4.559692122428142258e-01 2.271202183747713932e-01 8.438510757339348634e-02 -1.605400773433630357e-01 -3.049448852340896562e-02 3.243542264918271995e-02 -1.683733683612090581e-01
6.891874123933928731e-01 -9.834269397676356772e-03 -4.743255118183010988e-02 -2.751774916923456840e-02 2.661130030923587464e-01 5.900953031126552339e-01 4.738093542701184852e-03 2.632009984111551015e-02 2.346561141914894622e-01
-3.604433414600144436e-01 3.058373044877076841e-01 4.843652460619099487e-02 5.332379618171271263e-01 -5.558434163871662018e-03 4.193808360685072900e-01 -1.136491253639380916e-02 -6.176193417142045172e-02 -1.890283275117412842e-01
-1.891479801534134420e-01 -1.107997320456478030e-01 4.763904674627818525e-01 -6.529387138751265030e-02 2.131251113745103853e-03 1.575791330200862761e-01 1.290653441290880339e-02 -9.832534140453334792e-02 -1.297624755545756792e-01
-2.600781565764862836e-03 -2.774366713690778335e-02 -9.282261032199366421e-03 -3.565676299508455799e-02 -1.721441893191742456e-01 -6.270740053598995722e-02 1.821785557183614379e-03 9.513888410976761162e-03 -2.804218227058152824e-01
-7.474565405693738007e-02 -6.960555774029772436e-02 1.183676112645252153e-02 -3.150052022236370791e-02 1.685525606731331366e-02 -1.620606924868761567e-01 4.171157113108955872e-02 2.966082513057188147e-02 -1.297408206499233996e-01
1.400540082569358136e-01 4.978205606480191892e-02 1.498550605871328267e-01 -4.737790961700573400e-02 2.948547452321848006e-02 -6.212419525479721122e-02 7.221424842317208936e-02 9.793712201484653171e-03 7.971098460961623111e-02
4.415975975195063352e-02 4.138922280308898749e-02 -1.608983003284004606e-02 1.842627428288731162e-01 8.502297649588137773e-02 -7.274779405297955581e-02 -4.872301947007680496e-03 1.893739504227884285e-02 2.546832876334255077e-02
-2.206040886447316052e-01 -7.293483135705373932e-02 4.069335047408414313e-03 -2.236890682041907386e-01 5.664710438721441872e-03 -1.410598844144902650e-02 5.885091555370076943e-02 -1.119272101006716161e-02 3.640003743295747163e-03
1.474486331912543136e-01 -3.415356330388543554e-02 -1.680684507982875275e-01 9.879509742630451785e-02 3.176233029050568729e-02 -1.098146041055280964e-01 3.863776938024288121e-02 7.099617407151945225e-02 -4.171588927939837155e-02
-1.241104563205492894e-01 1.668805014268272269e-02 4.495071182460693565e-02 3.270064567907966097e-02 -1.012642051392579484e-02 -3.877321836775757952e-02 2.062224462697567415e-02 1.701963394229296517e-02 -1.343728843120476843e-02
-4.253347592660552956e-02 2.623887192783048994e-02 5.798140396773757317e-03 2.101095962934038108e-02 8.335757804918468850e-01 -1.376132541394814168e-01 6.165776631214411330e-01 1.940607938189724546e-01 -2.497360130054846958e-02
2.285051532285501882e-03 1.171574010573692322e-02 -3.902534905822415703e-04 1.249949297519297375e-03 1.279684115916026460e-03 -1.047851160415339683e-02 -2.788737406359577398e-03 2.839999613762312844e-03 2.175474993489097397e-02
4.958722425863805738e-01 8.625538761253130626e-02 6.800682502678296075e-05 5.661058825447090603e-02 1.296385371047520559e-02 -8.901189522385033123e-03 -6.852728880357395261e-03 -1.986388401535039983e-02 5.681798583374137596e-02
2.224611903699277513e-02 6.928929075819507261e-03 6.507646337487772714e-03 5.260551233400247995e-01 1.017670913251885953e-02 9.269796301276667094e-02 6.675728061531258951e-03 1.646921110416611073e-02 -1.105215482900410648e-02
-4.581986065511316208e-02 -1.254006916780690470e-02 -5.968651283737596430e-02 4.607045428330229508e-03 -2.459844916024323536e-01 -1.256438843449068400e-02 1.153832539264350587e-01 7.778616836222859536e-03 2.467549073378611235e-01
4.609738678678317880e-01 -4.004862804649353208e-04 -6.223742043102021421e-02 -6.432091868673105173e-02 -1.767024621853240454e-02 1.432488080429189792e-01 2.458124937627392537e-01 8.161773405610459053e-03 -8.920809259673869243e-03
-2.932586047072818780e-01 -5.469290786666801928e-04 -1.079553567432902685e-02 3.524539486521056919e-02 7.385799555451730281e-02 -3.305701897540009315e-01 2.293351608912840359e-02 9.311055101171444859e-02 -1.905754524327134183e-03
5.520182865564383923e-02 3.910729717277300899e-01 -2.405287370458560406e-02 -1.210532397429924106e-01 -3.472464742440300838e-03 -2.246531887635219160e-01 -8.320769969219594941e-02 1.441030980064131328e-01 2.969323006650174679e-01
-4.733725699883044591e-01 -1.143484863248132866e-01 2.501230797310787235e-01 -2.151038072205203877e-01 3.917668293344860747e-02 7.537613533479146088e-01 3.496078352299662045e-02 -7.995839668739095074e-02 7.161201765839940447e-02
-3.461644605402431490e-02 1.124189868954760842e-02 -7.009530523018055181e-02 4.789880034616582349e-02 2.801952825680491341e-03 -1.785314634477825832e-02 6.727802009333342867e-03 -6.630378868348232868e-03 -2.772375260231124336e-02
5.635066143438748343e-01 6.502876018888910370e-02 3.207145489875785210e-02 1.503363965320276552e-01 -1.000000000000000000e+00 4.027693873999897978e-01 -9.688215083621614862e-03 2.007876428922757972e-01 1.311153020151462345e-01
2.188228739538678747e-01 2.867736348835374025e-02 1.145829540240039801e-02 3.591067440347108473e-03 1.005426235595910933e-01 -1.650334022335364637e-02 4.656643264081623129e-02 -6.922207835429937395e-02 -8.429416452153239148e-02
-2.519447057039960192e-01 -4.177460430729137975e-02 1.291609182496547374e-02 6.094177084568869890e-02 1.313400137809543899e-01 -5.286713078452549563e-01 6.740476554397666249e-03 2.876821890206371704e-02 -1.655948120331482767e-02
-7.130706227744368908e-01 -1.919160655487982259e-02 -2.358651914103889191e-01 7.682680885698111098e-03 -2.014041887534640252e-01 6.313566317448345011e-02 1.336837658640091242e-01 -5.667193617195373512e-02 2.775960673871453663e-02
2.344823014506877690e-01 6.022489162659191465e-03 4.574771755476648299e-02 5.028719393878655630e-02 -9.782734246395162481e-02 2.120429391782319498e-02 7.382356379688760628e-02 8.294510841289516948e-03 3.040556138032800629e-02
7.652722393445397786e-02 8.882162937045909312e-02 -1.087758324127660742e-01 -1.132634184053180060e-01 -5.568199626430209853e-02 -1.628457190690896922e-02 2.007707677444993399e-01 -6.114326686282992897e-03 4.724013641135532682e-01
1.277826904330033320e-01 -4.935025252377609611e-02 1.427290810680026910e-02 5.038830368070821219e-04 3.420455840295918426e-01 4.889491621233969798e-03 5.671829939316063059e-03 -1.813984056575751805e-02 5.524844544038619819e-03
5.407513985093324697e-03 -1.112366509882663224e-02 -1.859115378888439585e-01 6.265594433694758603e-02 -2.897191000015846354e-02 -1.568862621703261823e-02 2.721711674789070723e-02 8.294163935134662990e-02 1.638357871501922025e-01
-5.878136167205796209e-02 -1.244258620256841336e-01 1.346993204771049181e-03 4.538265944437143429e-02 7.558196960513124431e-03 2.176675795788361040e-02 -6.012401790699185844e-02 -3.511416773160772747e-02 -1.158235188592755538e-01
5.600965507305420005e-02 -1.468667484682591451e-01 -1.089124115163816672e-02 -2.990173018264034172e-02 -7.167827071523165394e-02 -1.227351764556208931e-02 3.661755198271417905e-02 1.931123989691570508e-01 -3.956333556280992002e-03
3.219971903475174480e-02 3.235497559064950263e-02 6.791971381635324434e-01 9.345087126834089597e-02 1.119932337172585037e-02 -6.668398447676332497e-01 2.563396417554315160e-02 1.037849644174947822e-02 -4.345110308064986104e-01
-7.323439207367042625e-02 1.646210849465185380e-02 -3.650169016686824475e-02 2.034831175423128247e-01 6.185829965073983416e-01 7.511513058181690239e-02 -1.353305389159501215e-01 3.532603949193539872e-02 -1.119229610706799945e-02
-1.011307613195908117e-01 -2.677212925502852822e-02 -4.011224170281164035e-03 5.356728095423649721e-03 -2.303925715550054348e-02 2.060356373219542903e-01 2.786150184380851713e-01 1.232343705097675452e-03 -1.299058946944216530e-01
-1.461812024121147136e-01 -9.995724300304974566e-03 -2.384486068256492022e-02 -5.170400661586279506e-02 2.080600031594091216e-03 8.250494682646093703e-02 5.091803746517378944e-03 -2.871199479823096160e-02 5.178510146416596266e-02
3.240585932265980240e-01 5.488820221386182113e-02 -8.528541763390970476e-02 -9.736034848976371503e-01 -2.069284784246901709e-01 -1.886753862988093181e-02 1.853162681325608643e-02 -2.320848440205751026e-02 -6.686058275633455228e-03
2.675348983816911927e-02 1.635366498889361539e-03 7.439620401010038631e-03 6.637663655425110609e-02 3.062599065407230897e-03 5.364876253778332743e-04 1.230409405616993482e-02 7.711086461128787740e-03 2.525266905372895374e-02
3.757675685973180246e-01 3.632944399547582970e-02 4.458255698949521034e-02 -1.094695158899167131e-02 3.163902081147362821e-02 2.754387396346388156e-02 1.024560913178814911e-02 1.129614550521453910e-02 -9.024364423382866263e-02
2.451157667931553111e-02 4.249420590456404884e-02 -2.072684514589886312e-02 1.655647638579769154e-01 -3.417928674219999907e-02 -5.596087447204436266e-03 -3.038927629437180797e-02 -5.311624595973266083e-02 5.180666799204855510e-04
1.293468574171544871e-01 -4.403686530356968817e-03 1.268377305455725967e-01 3.449170204366605597e-01 -2.465016309330932825e-02 -2.346141775535590668e-01 -3.850260923215521880e-02 2.917659574882528958e-02 3.009149412601811457e-01
1.879311963185854584e-01 6.147366035735175177e-02 -3.392299986840118659e-02 -8.103387558218888564e-01 -2.508540848006947099e-01 -3.952305654451607891e-02 -4.035609338340851449e-01 -6.527750602442267645e-03 -1.549637115340040394e-01
7.539868678971687332e-01 -4.665736294190019895e-01 1.460849803159574266e-02 2.431782960341710986e-01 2.598898353821078866e-02 2.374682021868166834e-02 -5.347702295236725877e-04 2.093694497828622620e-03 -3.213274234699170159e-03
2.047527401307243922e-01 1.444224795246792925e-01 3.444175402044120232e-02 3.131135810975241296e-02 2.459913734346152667e-02 -2.376792636417946608e-02 -3.722351960270245744e-03 -2.709477105916012260e-05 -1.959339278547391761e-01
-3.447313745014585207e-02 -9.668706218315573087e-02 -1.000000000000000000e+00 4.471894219955974137e-02 5.444449161206586785e-02 6.216170149549203605e-02 8.082288250392437659e-03 2.588576289977573622e-02 3.323319473076923325e-01
2.951776831501271361e-02 3.920146331819669011e-02 -2.141944323819541807e-02 6.597079027530622364e-03 2.424878978279094120e-03 -9.258981528653219620e-03 -7.317869771454857310e-04 -1.756506487139415998e-02 -1.514844640323898262e-01
1.926526163776344155e-02 -2.324515548228548584e-02 -2.687461443398509245e-02 1.634338807676539718e-01 1.057960874187502918e-02 7.713413489985286413e-03 1.721004363246906102e-02 -4.829409321246150993e-03 -2.007671624809438324e-02
7.498001133507140592e-01 5.414861429855075681e-01 7.277320622639894820e-02 2.084681547421257941e-01 1.000000000000000000e+00 -4.408594238739355631e-01 6.620723677782819339e-02 -3.653927848985313309e-01 2.170609749221673046e-01
-6.545522070655979130e-02 -3.347027815194043021e-01 -1.436354837295155187e-02 9.421349498849507578e-03 -1.488097343727265709e-01 4.241338685209738307e-02 -5.428579266536206344e-02 -6.148702898742470363e-02 4.739086334054463771e-03
2.531646546268051176e-02 1.497016666579734263e-02 -4.246282378779744349e-01 8.260796239071002689e-02 6.567003613768539194e-02 7.546603881541893988e-03 6.401802940781843587e-02 5.187329884795470469e-02 -3.367045410188327509e-02
-3.621548301297505823e-02 6.540797525122120648e-01 -8.795659297128892440e-02 1.276153012131384379e-01 -4.249662664512455015e-03 6.634660426075143606e-03 -1.382321728660004523e-01 -1.491232637199259650e-02 1.122166698664669310e-02
4.253352103167801213e-02 -5.145323973564477210e-02 -1.878062471801762168e-01 9.442584344174546895e-02 4.555825933507452741e-02 -1.195732919415122136e-01 -7.395360887777027714e-02 -3.548541298109647579e-02 2.508737039411492731e-01
-2.143772517930319643e-01 3.355072945922931565e-02 1.404098486364470030e-02 4.942216349403912717e-02 -1.008562135583329113e-02 -1.406972009615011232e-01 4.207109569376943359e-01 -1.207152959441720221e-02 3.201494920329766430e-03
-1.677089537559722440e-02 -2.903363522666161170e-02 -7.045839379918168678e-04 5.651032879419699839e-02 -7.783310784830037299e-02 3.824616510476852582e-02 5.832747699463382285e-03 2.934321954111646091e-02 -3.456259418878612766e-02
1.000000000000000000e+00 -5.774617975969213723e-02 5.258502892750293034e-01 5.789530237442839233e-01 -7.378630735205159441e-01 -3.825221328697052670e-01 -2.374273497691708340e-02 5.341701746079474677e-02 2.826888031157344730e-02
4.062470778191278747e-02 4.334978092193910132e-06 -2.053847655566162222e-01 1.827173358622520283e-01 -2.244651965563173798e-02 -6.082151891231543650e-02 6.594620154450912819e-02 -4.708510840639347906e-04 5.644462090300562257e-02
-8.648496338401772121e-01 1.245742697720958686e-03 -1.162646861510131385e-01 -6.301636143762334719e-02 -4.834929243051455106e-01 3.825116638848570227e-01 -1.794299571032592633e-01 2.682341850192662344e-02 2.396739614674928409e-01
1.283473431285668820e-01 5.641761897106958162e-02 4.035354129984206062e-01 -3.653433909031508775e-02 -2.408414991875370281e-01 -1.228968836789842006e-01 -1.653189739037362951e-02 9.148728819839867243e-02 -2.126595583368006137e-01
-1.494620920368024963e-01 -1.313606912458178434e-02 4.469914127425599903e-01 -5.562827200320322879e-02 2.235881364100064939e-01 -1.075597792395524555e-01 -6.764751811562025319e-02 -2.091344852477596515e-03 -4.311919225065853345e-01
5.011237271542863525e-02 -1.283028217803479192e-02 -1.762261008603574442e-03 -6.943003281950283108e-03 -1.956296887940187079e-02 -4.204290974901981892e-01 -1.334047802329098309e-02 1.941801329918181693e-03 4.284210345471350240e-02
-4.449648869499646386e-02 1.106032397072368029e-01 7.849609462596547453e-04 -5.109234120231244923e-03 1.933479473772154247e-02 8.638217750072124668e-02 2.752050622171047303e-02 3.840566647302751102e-02 -2.844536327797966835e-01
-7.202882774860763782e-02 -8.051211950678764662e-02 1.009285703052417715e-01 -8.725536890989674110e-02 3.896603183694733689e-03 -8.961014461775058948e-02 -2.620010714253593331e-01 1.646474291309691848e-02 -1.602413309536096162e-02
-1.054673992985455111e-01 9.151981801468619948e-02 1.264217221215473974e-01 -6.783375944618526276e-02 -4.097414243570400849e-01 -8.598013955614860482e-01 1.966387410898407517e-01 4.603679406653776035e-02 9.351453450147437577e-03
4.610492917666079993e-02 -3.619482010310830222e-02 -1.924922133203261707e-02 -2.057947231546163047e-01 1.295058008984663056e-01 2.246048881124307062e-01 -5.832262423619814784e-02 -9.176937930691916878e-02 -3.139716991319829176e-01
-5.169494877004294359e-02 -5.094602122908686859e-04 5.829263545531425394e-02 1.778886145743408531e-01 8.696827975354643261e-03 -7.088354701396873576e-03 -2.139454604501999507e-02 -2.646919349214786718e-04 6.091582307501314936e-02
-1.910209937378893885e-01 -2.047857910531469122e-02 -5.886045287407637439e-02 1.038636603750272142e-01 -9.867262526107586917e-02 -5.197600575976704107e-01 9.651084419503519474e-02 1.693073904790029505e-01 -3.080424991857407327e-02
-7.622771234045267949e-03 -7.541673327179331844e-03 2.972465682393240962e-03 -1.416931524321110580e-02 -4.191072923181282835e-03 7.402342003713143631e-03 -9.584190509712837286e-03 -2.611062250236767437e-03 -2.302169616790567253e-01
1.501657149515522567e-03 -1.000000000000000000e+00 4.878538933185874032e-02 6.821047323989240518e-02 1.366629117099023251e-03 -6.435469608593552548e-02 2.022094452154596725e-02 4.462029156299675975e-02 -1.931285299405138128e-02
-8.004284524078643728e-03 1.027474510969770410e-01 -9.142663841385248458e-02 1.142443947744859051e-01 1.514845043463595720e-01 6.706557164760754142e-02 -2.251322678400658472e-01 -1.095702675703165568e-01 -5.383046135219760747e-02
-3.941917710945415099e-01 9.681014701091420968e-03 -1.627691416060189633e-01 1.825173692898682531e-01 -4.179658521940546323e-02 3.368149257548065656e-02 1.021127175072742699e-01 -1.387538102081838261e-02 -5.673960013566528571e-02
3.302749172444946479e-01 2.018212814058925608e-01 -4.654831538852748085e-02 -2.471378986628709751e-01 3.349331402490823839e-02 1.871492313945446462e-01 -2.516351776156375286e-01 -6.225480930582717731e-02 2.533469514008354628e-01
-9.646794718029129134e-01 -2.362573436895330226e-01 -6.209442046558159151e-02 -1.235315689078339274e-01 1.145598040951559399e-01 3.386722251238318271e-01 -5.147218329403028397e-02 1.464570799409155473e-02 -1.353137542614233357e-01
5.377627032866106882e-01 -7.298491590438847820e-03 -3.511520836938210599e-01 2.136931015306862622e-02 -6.998998666977335192e-02 1.457320035483085641e-01 5.946252808877577900e-01 -1.560613326488137498e-01 1.722593274245720063e-01
4.169623447067818955e-02 1.566314401739495044e-01 -1.245525440821816376e-01 1.012929057997159626e-01 3.037224525436212769e-02 -4.253936060467238683e-02 2.578540856566435228e-03 -4.527222728718913736e-01 -7.609751580914862756e-02
-1.192683528291203915e-01 3.248077323096676839e-03 5.588185510133520523e-02 3.897863694012265179e-01 -5.363937011743119543e-01 1.223745199023132946e-01 -1.304203491174600882e-01 8.294474242353350527e-03 1.584525569263079969e-01
1.884167427682321809e-03 -7.192316666067024265e-03 -3.186650198657910993e-01 1.942476572647076211e-02 -4.426345018346840299e-02 -9.698638667952845516e-02 -8.689372490971226243e-03 5.745979650335415745e-02 -6.479842000242124443e-03
1.535206010988937608e-01 -2.609141833960217927e-01 7.485923651506800613e-01 1.240292766217221537e-01 -3.512141844766512866e-02 1.150609079511983462e-01 6.066991553856954968e-03 8.181581648253895278e-02 2.968266785491956855e-02
-1.238654683773495330e-01 -3.462798497293452515e-03 -1.181453941659682261e-01 -1.620520377068292162e-02 2.310003641804644625e-01 -2.403774794004758242e-01 -6.992529219427558174e-02 -6.771161547180921600e-03 -1.205293327752538779e-01
-4.863437845803158383e-03 3.027289455691252701e-04 -9.052114762420822650e-03 3.381833688713102581e-02 -5.770747802158854994e-02 1.810420467616190993e-02 -1.696993528194106621e-02 1.262835221142405949e-03 -2.202352947011056855e-02
5.948303632489491122e-01 -6.563383609456743817e-02 3.716028683104715680e-01 4.747064721017995037e-01 -9.690436625341579055e-03 3.233543713529671987e-02 -7.313286650491934195e-03 -3.599608455227446685e-02 -1.196427904245737361e-01
1.337698577682099391e-02 1.437025045683206978e-02 -1.526151609701172258e-02 4.764785587777538994e-02 3.716578490185615258e-02 -9.757100822465689105e-02 6.080273507142913009e-02 1.529648088504668123e-02 9.345532123635567900e-02
-1.117258786561754341e-01 8.207629160645428523e-03 1.003846175648541866e-01 1.088753241539220512e-01 -1.790767966290622570e-01 5.719360067265920854e-03 -1.443468078934812514e-03 -1.379866785783357974e-01 5.560428957927629479e-02
3.174393213470537711e-01 5.679623054356933848e-03 -4.815776271190813640e-02 -6.504006283085961293e-01 1.404036494662823722e-02 -1.240909984240220684e-03 4.412090040322970246e-03 8.225814988705358599e-03 -3.646131739229578339e-01
3.297620632301206944e-02 -1.548696560227037951e-02 1.631928904335300523e-01 -8.009442005186473423e-02 -2.543514632885937946e-02 1.004228722295000681e-01 1.582964198955510715e-01 1.150254349947456844e-01 6.627813850425229129e-03
-1.997909315582410000e-03 1.567228101716278688e-01 1.795789634555255022e-03 -2.352738578139161596e-01 -5.202675847519323523e-04 -8.621784187853323567e-03 6.182566063043710460e-03 1.465743396644885810e-03 -7.739829561352712384e-02
-6.330671757328835136e-01 3.338760827826912636e-01 2.175332204138506753e-01 6.352886122786870204e-02 -1.040877446340976176e-01 2.299218590616285973e-01 -3.314256031494824256e-02 5.626078145562569688e-01 -2.509441925289938036e-01
-7.714374671968680930e-02 1.108206515134435360e-03 7.198351616123699337e-02 3.509226345572723227e-02 2.936021830424130272e-02 1.042898985676607021e-01 1.260086136553112135e-01 -9.415799765103467778e-02 2.600433031020158575e-02
1.237594783475013810e-01 1.000000000000000000e+00 -9.934763621632738961e-02 -2.935596128660330484e-01 -1.025109067972511112e-01 5.901024181683858782e-02 -7.673605915496996277e-02 -2.359960759952979895e-02 4.731673630992291879e-02
-6.249424333803604500e-03 -3.700391992546188391e-02 -2.371149520877264272e-01 2.554341600872232498e-01 1.458031695059686661e-01 2.455786395543596845e-01 6.953170451099648097e-02 -1.346085589977903951e-01 -2.533126793384688977e-02
-4.468472444304841251e-01 -1.990768610981636932e-01 -1.635211055151093440e-01 2.617684959466805641e-02 1.622699825954554767e-02 -2.051476581937243526e-01 8.204457296419261081e-02 -8.196695638965496855e-02 -6.415773629409649882e-03
1.956256702674614295e-02 -4.900521373519364787e-02 -5.991660744962461899e-02 -4.836109047651288018e-01 5.030876592717351686e-02 -1.405933196283416509e-01 5.341768867323664488e-02 4.355087602349747879e-03 -2.163787031078986123e-01
1.000000000000000000e+00 9.741466746973553859e-02 3.230497632186046797e-02 -4.666889092407794370e-02 9.325522041179383492e-02 -1.862141860265427093e-02 -5.753839927855118434e-03 -3.142475721599627403e-02 -1.281256290689240449e-02
-2.870532440106363450e-02 1.721412991473430035e-02 -1.042672351917333512e-02 3.539734952851072980e-02 3.472396394721107699e-02 1.487121668765663826e-03 -1.748601212008844526e-03 1.355804230972039275e-02 -2.869287230809531436e-02
-1.720715806960088634e-01 -2.107011744722161739e-01 1.863467455046014520e-01 5.715555899299726295e-02 -1.762195470667099820e-02 -2.144524916338662601e-01 -1.115123542284811448e-01 -2.922271573662923450e-01 4.514502303581472559e-02
1.758515913782510709e-01 2.507756233423866156e-04 3.249881784511826077e-01 1.788343942204752013e-01 -6.981543403040051388e-01 -3.959623458311725686e-01 -2.310265204545600137e-01 9.929467727277478672e-02 -3.272226245104912362e-02
1.294230198980548131e-03 1.270275540095956723e-02 1.819591126160488917e-02 4.078338781766097099e-03 4.624240346777344635e-03 -7.772263329507314404e-03 2.404942692225171038e-03 -4.029311994529000823e-02 -2.554793590188037672e-02
-2.493309527847278884e-01 8.670527932102484181e-02 -7.805138263366150075e-02 8.392564020127511737e-02 4.257673511729950788e-01 1.541115359429952869e-01 -5.635715806160178365e-02 2.908011528204989399e-02 -1.243073340590263726e-01
2.955478342650443013e-02 2.545767258739969115e-03 -1.730334388756557887e-02 4.224147424256807226e-01 -8.505751100467603965e-02 -1.594271240882567768e-04 -1.029429196538979123e-02 5.906100331809725594e-03 -4.786154035501083426e-02
1.436278179518427067e-01 -3.831249089338414904e-02 5.024117878979823641e-03 2.946791793027154008e-02 -7.322529280433652532e-02 -7.176266782890951268e-02 3.277293798236141642e-02 -2.565236314062248682e-02 2.424837258584741917e-01
-2.812920032529634892e-02 1.875387721322296641e-01 1.830400809498143253e-02 8.859454206923660369e-01 -1.052194596408223271e-01 9.146585126205451777e-02 1.495799342353058663e-02 -1.225770586284963444e-03 -1.010642221686879616e-01
9.209647080933756891e-02 1.952058528191413442e-02 2.326131058799090767e-01 1.001367277315953902e-01 1.246391279814778180e-01 -1.122526485889560194e-01 1.472840158902618581e-02 4.140255178556753041e-02 3.398703560379498501e-02
