5.743319719250072203e-02 4.446360432699433818e-01 -1.395552484260967063e-01 2.918950544075039066e-01 -3.915467088724852718e-01 -1.651268923808384415e-01 -8.187484040786603690e-02 6.104259172357766605e-01 -3.753768867074331883e-01
-1.116738690522704608e-01 9.126041603312603319e-04 -8.081677067932506731e-01 -6.921080715816041451e-02 -1.987872679833820322e-01 -2.375004969280758091e-02 2.238397756101438985e-01 -1.775903469077413088e-01 7.226442950215311578e-02
-4.200347604821466629e-02 -1.742139315105968311e-01 -8.582083184261540820e-01 3.681922375750205229e-02 4.869465694898508779e-02 -2.608820049665418472e-01 -8.864131344511716817e-03 1.550712000004296209e-01 9.765195511418348073e-02
-4.059306458112094118e-01 4.691461230625250667e-01 -5.762166750555769434e-01 3.191603870873189197e-01 -1.722741109454273833e-01 1.137989108596982983e-02 3.227427543137574850e-01 2.754922789332603372e-01 2.716996499628381856e-01
7.153884991782945291e-02 1.555520062497641465e-01 3.948559898148740754e-01 3.591387851066115289e-03 -2.223370182734814016e-01 -8.321093331662360315e-01 1.469474731472949769e-01 1.062612503154545252e-01 -1.349302874600948610e-01
-5.252282459006747395e-01 6.719110638767187282e-01 3.063379844876658042e-01 2.186359196527344617e-02 -1.815222385168326347e-01 2.288943875923096088e-02 -2.427779976611165597e-02 3.117819514988585672e-01 -3.247323749001772286e-02
-3.856189294859818650e-01 2.507908866669161796e-01 1.513556078557005968e-01 -2.266930014357553536e-01 -5.710214186255802016e-02 -2.880306246502915314e-03 3.430070935486785877e-01 -9.272667049753589852e-02 -7.903990244612055238e-02
-4.288371646945328131e-01 -1.709206001842722145e-01 2.158361061616498044e-01 2.228878427987031619e-01 -3.188433369736148881e-01 -1.160659727206646424e-01 5.851441862099817509e-03 4.166683784163802140e-01 -2.261961540903511814e-01
3.576178831659911073e-02 5.066258264833561203e-02 -5.028964677484963897e-01 2.040507322559747400e-02 -9.676393738272034972e-02 -5.214264971236424323e-02 1.764498162568483020e-01 3.182081548941617655e-02 9.073340737811323720e-02
-3.640092965574440870e-02 -1.797001634680238102e-01 3.057661622870855855e-01 -5.277361241874421044e-02 1.244101855745930185e-01 -3.428864127462083466e-01 5.337362938856807792e-01 1.521574233778917595e-01 -1.152884093813719979e-01
1.980001988013089520e-01 1.256215658733333684e-01 -3.382944427618095884e-01 -2.055314525327052097e-02 -1.243805744270738423e-01 2.846250798960550110e-01 3.228154653659795134e-03 -2.173807136036348397e-01 2.463424880717980936e-01
-5.647925432437660431e-01 -1.142329802494487651e-01 -2.845728670440531016e-01 -2.403389487767151889e-01 5.352597325962296648e-02 -2.123521650935691618e-01 -4.018172459795886220e-01 6.622728801389260456e-01 -2.052257325800258270e-01
-1.299198705119350705e-01 1.350235869981247783e-01 -3.188998694480697088e-02 3.106092768204288812e-01 -9.598159591899303733e-02 -1.785537441043968665e-01 4.835823774871624292e-01 1.702529007986309031e-02 -5.959543881042015517e-02
-1.435733122229332359e-02 -2.176044944841852014e-01 -4.988835086525707507e-01 5.196276128521198218e-02 -4.639040816736892531e-02 -1.994123499452542247e-01 5.729659363052551357e-02 1.471206281912505465e-01 -3.507999271203484648e-01
-1.504901621519986153e-02 1.569337290008098740e-01 -4.451829394088136493e-01 -5.142594399823787604e-02 1.102680669762262783e-01 -4.719914390576304686e-01 3.739845317534944841e-02 -1.183285066574532307e-01 -1.219573754537360694e-01
-2.443392084966599098e-01 1.389641162114543249e-01 -5.676077039853203712e-04 1.833355317235936810e-01 -3.259577249618745287e-01 -8.083334354186979404e-03 2.435582083768168260e-01 9.916852525291497411e-01 -5.583739622528988145e-01
-1.579920645527151668e-01 4.526857764113699500e-02 -4.728724645007457150e-01 2.500337760833292178e-01 4.778893100484461059e-02 8.585368154716857547e-02 1.208123269422595961e-03 3.701926715301477322e-01 -4.490556025230894033e-01
-5.860471569853240720e-02 4.510291037575348549e-01 3.788293291148463471e-01 -2.859753169828728736e-01 -9.365279894175544684e-02 -4.493161334933757911e-01 2.290978894588276971e-01 8.227293844266716505e-01 -4.886110123321862897e-01
-8.059141763410945791e-02 3.318992253101289425e-01 -4.272542571322448524e-01 1.471024064743821080e-01 1.563463668770599321e-02 -3.811951716961867742e-01 3.758602382502154726e-01 3.222252324884687380e-01 -4.595365369302470970e-01
1.568537296538734527e-01 4.541594800302521939e-01 1.543940053276249558e-01 1.484359002842476349e-01 -4.279928383665412284e-01 -3.876945259577530556e-01 1.940022559824867709e-01 1.907340989960313593e-01 -5.056006509126842463e-01
2.962532325202694994e-02 6.490543231261348966e-02 -3.072666097142469632e-01 -1.313393603740596605e-01 -2.470748084981443660e-01 -2.073237258642061931e-01 3.165574348233506363e-01 1.279235867910253621e-01 -3.425878819135956266e-01
-1.874105348698937301e-01 3.593139092565355019e-01 1.068957075870785312e-01 6.032741079795383987e-02 2.158294401308588628e-01 1.460344933316869848e-02 -1.203619473833493630e-01 3.198187577858849218e-01 1.158734743132680822e-01
-1.150430078860083249e-01 4.415987733392024994e-01 -5.863843428106576411e-02 2.898332603549588216e-01 2.640420128369889291e-02 -3.712950194775318513e-01 -1.037441715834946376e-01 -1.955827261121161342e-01 6.736042252101798189e-02
-7.216284309711215594e-02 -1.530438999976533598e-01 -4.198944279175330641e-01 2.122690186746648694e-02 3.437887689851674700e-01 1.694083432988244264e-02 1.198771864837694240e-01 -1.169509784679280129e-01 -1.085675125623436904e-01
-2.334714826685175548e-01 -6.768728588146556702e-02 1.691908223472541901e-03 -2.360196175992553339e-02 -1.033302031508143981e-01 -2.984581005952858385e-02 -3.843925214723568212e-02 3.852371939310212934e-01 -1.321102643300589852e-01
-3.296930413223949086e-01 -2.612345848826045924e-01 4.503677215172286474e-01 3.858317717547326414e-02 1.316211698151218135e-01 1.517946333829538474e-01 -4.033331284983546761e-01 1.658222160045667026e-01 8.336457414931556370e-03
-1.280711723865006757e-01 -1.535851399750972068e-01 2.115689076658966161e-01 3.234758525821900682e-02 3.866859706504149723e-03 -1.020121194882827459e-01 1.378301530610836489e-01 -5.692026931358930009e-01 -3.265027569614890879e-02
-2.114966022126300860e-01 -2.266827644300432529e-02 -1.362836250930507254e-01 1.166034322442707988e-03 -2.593933180990847243e-01 3.895159218247017108e-02 1.521272998445039881e-01 -2.029241106597262367e-01 1.669602550882444136e-01
9.340321837214726752e-02 6.517233816711934247e-02 3.397508526588819411e-01 -1.564966701391307460e-02 -1.108644198522348162e-01 -3.952588685508008903e-01 -1.900374603501330806e-01 7.857822439482940735e-02 -3.656992577409882705e-01
2.126766570263186051e-02 5.913977627036449691e-01 -2.619887552440484657e-01 -4.057797412711104147e-03 -3.344245974683611178e-01 3.358196020683653499e-02 2.899382946744996636e-01 4.455090025996901737e-01 5.932328562479706191e-01
2.649988285664930387e-01 1.734671818934224452e-01 -3.074628493174956234e-01 2.766073136476938574e-02 7.754782276880856778e-03 4.944668145297811401e-01 5.836767434524756971e-03 -3.505514908170735411e-01 6.240786364332877589e-01
-2.656654689035442204e-02 1.568809242238730084e-01 -1.541099552046230892e-01 5.617280218853755967e-03 -3.077823783739021615e-02 5.622815068834318211e-03 1.587929442550446157e-01 -4.838861595538172800e-02 2.664502716688674135e-03
-1.393766580040792791e-01 3.579280632647356408e-01 -3.433017989742769005e-02 -3.890507214499459854e-02 -7.850493269325538315e-02 5.738712126079572109e-03 2.376041840141480954e-01 -4.136467112610763275e-01 -6.612114794909013105e-01
4.197979554086505444e-02 -2.281041543779280811e-01 -1.000000000000000000e+00 4.020010677616250305e-01 -7.853983146794760520e-03 3.816597307723699085e-03 4.194475736767590557e-01 -3.389424738717007612e-02 -1.488554844654306764e-01
1.695804299576735355e-02 1.087238436941104572e-02 -4.747238237178657561e-01 5.329002068937539922e-03 5.425392591655751884e-02 1.531931652425937429e-01 2.032972019745907521e-01 2.919540174016584944e-01 4.719987065121082348e-01
1.504631523559852788e-02 3.486113390848826765e-01 -3.251059280960797437e-01 -1.748165743567640096e-01 7.062873605624887807e-03 7.357158205967297138e-02 1.724512316156348590e-01 -2.172357513198416856e-01 -2.361136679453220699e-01
3.344331093664063698e-02 1.579166353641163756e-01 4.048624294776901472e-02 2.301711211980926042e-01 -4.389076209566831338e-02 8.976824728375573659e-02 1.865161798186309450e-01 1.709893642215989593e-02 -2.917920490828720403e-01
-2.866760825903981111e-02 7.849995728340958268e-02 1.231495481427719169e-01 1.572100225029029671e-02 3.257846744655789606e-01 2.803794294396002584e-01 7.479052601825918190e-02 -1.572051174725853581e-02 -5.555053731767845004e-02
1.988536104046610686e-01 3.100070896239052187e-01 -1.469702433300660027e-01 -2.211984006469293884e-01 -2.341941976100208114e-02 5.447241028347769680e-03 3.519674192697335724e-01 -2.608315817658138913e-01 -4.441329171937394849e-01
-1.666116310036456702e-02 -4.657853044205328974e-02 -2.162214516809571885e-01 3.450908627423936448e-01 -1.569199969939496508e-01 -4.597525311093562106e-01 3.133497975178441419e-01 2.861434601871934991e-01 6.575632000648901163e-04
2.348566765923768285e-01 -1.483341244046173235e-01 7.123139872799348626e-02 -1.269669408256202670e-01 -5.854341943943443954e-02 -3.417019050919768430e-01 5.516014445593430127e-01 2.273263591858727117e-01 -2.617918259485130794e-01
-2.080618387023823457e-01 -1.960081570115736194e-02 3.966564010535989504e-01 7.810661111002777102e-02 -2.646433305489441223e-01 4.496537964495322948e-02 1.985818454962162971e-01 4.866130621534868195e-01 7.812514633981142154e-02
-3.047315152219134959e-01 3.250362835893569891e-01 -5.084165945255104679e-01 -1.789527671157519206e-01 -1.152658280308631600e-01 1.635629228639315924e-01 -9.753407376349691391e-03 3.615704537380812766e-01 -4.654377607892091206e-01
2.511660284118341288e-02 3.719788704471115870e-01 7.998345017443141136e-03 -6.184285136341407391e-02 -3.169424482877080673e-01 -6.692376000030232364e-01 -1.335217149731942211e-03 6.316975262025162352e-02 4.721699643320308865e-02
-4.288885898883236514e-02 1.518553770589470553e-01 -1.000000000000000000e+00 6.260327854986154350e-02 1.062168029708689815e-01 -7.877818793540901365e-03 4.160913982748198348e-01 1.320818953043304544e-01 1.884701749012397953e-01
9.635966969474858701e-02 1.328061814777522776e-01 6.539538951878345885e-02 1.967123573377508317e-01 -6.690720942747296722e-03 -4.187304637369661936e-02 8.391389155198050731e-02 -9.465414751825196316e-02 -5.287553078298665860e-02
-2.800864570349024807e-01 2.620400054440095161e-01 -2.963572829469531943e-03 4.341104920238157971e-01 -3.023219086344224316e-01 -5.002554409631360111e-01 6.660009368358386916e-02 5.674483533665335422e-01 -5.177096979070150429e-01
1.166095973163439603e-01 2.876112574678293399e-01 7.110628368675973865e-02 6.671771430393787618e-04 -7.201228435181573906e-02 -2.198432465580282269e-01 3.648314668733385613e-01 -5.535195075404755194e-01 -6.847418402412601413e-02
2.175206980447814409e-01 2.547820848190230358e-01 5.161684263897661079e-02 -2.743804457412022391e-01 1.804463460850612086e-02 -1.203663565908543037e-01 4.229505861636213560e-01 1.322507204344423593e-01 3.025442132370367854e-02
-4.020040195133585403e-03 3.198233477473790276e-01 -5.338682177038115428e-01 2.991076058945386085e-01 -2.254970194048431381e-02 6.800710092671856909e-03 -2.672395460206550832e-01 -5.136893128674956399e-01 3.768591704888859528e-01
6.488648753143276549e-02 4.037378114992186129e-01 -2.526881047760032861e-01 1.214520149091210116e-01 -4.121505097470115619e-02 5.321763963224599575e-02 -1.732559218448931071e-01 3.244656311359268575e-01 4.785886777520553109e-02
2.016772796431363576e-03 -2.000184252485303904e-01 2.764137698989627481e-02 2.885277905985353039e-02 5.224436237346253599e-03 1.730566974496373367e-01 5.113727254749208528e-01 -7.927331064538281971e-03 2.169029718894665559e-01
-1.974479342126239101e-01 1.284711555444809777e-02 -3.651649527877036117e-01 -2.739267710920978427e-02 -2.026663451148107697e-01 1.964428576554735351e-01 1.365708101284573463e-02 3.299777332121528461e-02 8.068344504395023875e-03
-5.641570240627126198e-01 -6.837489195450482601e-03 -2.510721635714349698e-01 1.044066077343728388e-01 8.261494217266750206e-02 3.196008783257744956e-02 9.832842158442092403e-03 3.959601891044458033e-01 -3.592360647045530486e-01
-9.777090922580804200e-02 2.551329839322418747e-01 -5.953936390317901006e-01 -5.865973926808611960e-01 -3.030666408119773725e-01 1.561058621744249725e-02 3.172913801392220901e-01 5.816922045244656524e-03 -7.376571964251424363e-02
-1.049806187909890498e-01 3.168622337218636453e-02 -1.831285855766740245e-01 -9.562011892278085004e-04 -3.985467884294383589e-01 -6.724105027565947801e-02 -9.113050812523307287e-02 1.824844713440003097e-01 -7.180123819456581125e-02
-3.761439093067509010e-02 2.056369836660156825e-01 -1.964079144951401679e-01 -6.727677572909761261e-02 7.849665572679203999e-05 -2.860964470507469937e-01 2.899624867035279774e-01 -1.106528773922954983e-01 4.173202095792791222e-03
1.081018614799540423e-01 7.379079753544805741e-03 2.739239344080168781e-01 -4.863600729379271431e-03 1.457276586652538619e-01 -4.999380824506634013e-01 2.449110505443944930e-01 4.060012029397132016e-01 -7.330946266890528973e-01
-6.556261854378934995e-02 -2.894926432141161077e-01 7.305230364638641560e-02 1.866950986994428408e-01 -4.763348582215626292e-02 -2.906009329812164199e-01 3.442303610188410801e-01 5.651373005484641165e-01 4.850761911667876569e-02
-8.531422494272587753e-02 -1.412624538776804106e-01 -2.644434942379886300e-01 4.581517521120285347e-02 -4.567116805752160363e-02 1.013171067324340341e-01 2.715219323569899590e-01 3.699703857075125613e-01 -7.669665975557168891e-02
-2.366685035231609890e-01 1.612770819046178972e-01 -2.351152926017737940e-02 5.155375292784019486e-02 -1.813368853787970802e-01 -2.417450452521693327e-01 5.926889891890452233e-02 4.649171414490064352e-02 4.781044150750579647e-02
-3.815726217441857138e-01 1.116703488126919719e-01 -8.676165953624423444e-02 1.476210030945231677e-01 -2.282650690470506005e-01 -1.637436341818028496e-01 -9.002165709302886731e-02 -2.742325240534702890e-02 -4.776964936205020384e-01
-7.082808706945069310e-02 1.410724906488607100e-01 -1.491613951446663089e-01 7.410637070758459288e-02 1.558701271021333823e-01 -3.525902677555542951e-03 1.855198680188511473e-01 2.317848418994591930e-01 -2.691634886107656666e-01
-9.209571871382044028e-02 3.760839761071380072e-01 4.364127083693224995e-01 -4.210608413796543964e-02 -4.602951212128640612e-02 1.209803826236686419e-01 4.924292135238668433e-02 2.562808173200687989e-01 1.108661561256292644e-01
1.317046650076500805e-02 9.977686767913908350e-02 -7.655034714006804519e-02 1.437917003283233630e-01 -1.813145896747419550e-01 -7.430127478966476462e-02 -6.320639056795872290e-02 1.788901624690871217e-01 -1.158859760946802896e-02
-1.374569964941328992e-01 1.571814807346791007e-02 3.556855776316267606e-03 -2.924150890435720657e-02 -1.504939466555409514e-02 1.094387400373522806e-01 -5.240333535556733480e-02 6.981729112387161096e-02 -3.106096203330207736e-02
-5.775186533748724767e-03 1.327824678272455095e-01 -5.795599025725115538e-01 5.332089806647399843e-02 9.410325420013664066e-02 -1.873179013314519581e-01 4.179167022015795041e-01 3.775286026094175074e-01 -1.681338504690190749e-01
-8.463191146778502316e-02 8.742896116331946854e-02 -5.638673427763580825e-01 -2.571553409846860302e-02 -6.175040332897292067e-02 2.042363987414925752e-01 1.278582453003836161e-01 1.686568291514109474e-01 1.667720514381802743e-01
-1.312717308995914600e-01 -1.540531434994046878e-02 2.600730185987203957e-01 -1.835797999870307853e-02 8.732701250868400711e-02 -4.099914750529624063e-01 1.896797889471502629e-01 1.488845956016408567e-01 -5.489774381273232473e-01
3.901169714940707633e-01 -2.578414266920268094e-01 -2.066230960680606743e-01 1.875173872700086619e-02 -1.352405067559272756e-01 -3.820001069062982091e-01 -5.082393354113060591e-01 2.372954441476586573e-01 -3.138326721349773973e-02
-4.527702804836742922e-01 2.523947998861175712e-01 -5.644378233364785169e-01 1.863697928444537355e-01 -4.284108088134819803e-01 2.847157699207675599e-03 3.375894974223442313e-01 4.608021283919384176e-02 7.620180726359410822e-03
-3.088949082839723137e-01 -1.649991649948540084e-01 -8.249507117038215598e-02 2.424938749609366617e-01 -7.328236839565312188e-02 -1.647368063312834585e-01 3.647272671163951929e-01 1.952959797771835204e-01 8.359545015668448653e-03
-7.837468763443174169e-02 4.965393225072833316e-01 -1.688345738406522023e-01 -5.659827903076639077e-02 5.488881260339938811e-02 3.412185716666821245e-01 2.067108945627333175e-02 5.124996827472063643e-01 4.046195243752760962e-01
-4.840937387929858393e-01 3.119998096668983312e-01 -5.680561460925876993e-01 4.238329172008327428e-02 -3.909940836061566172e-01 3.535736294250404477e-01 4.225238680534404989e-01 3.208812935598742699e-02 -2.512471185012873365e-01
-1.857981669957353421e-01 -5.106461234906706226e-01 3.516541630105997629e-01 -3.597801150692114813e-02 1.485648923823680856e-01 -1.434986050904209776e-01 3.715456805679001606e-01 9.940950638297786635e-02 -1.108958036973480971e-01
-1.180365814967107574e-02 5.202147419798596184e-01 1.042571752375985733e-01 -8.821120276149731557e-03 1.613334711207692618e-01 5.780478737813242451e-02 -2.051742300582170275e-01 2.198186893886483195e-01 -1.331854559764991328e-02
-3.156361818560308174e-01 4.467159045640433507e-02 -2.716945159284260281e-01 3.990515840506936862e-01 -1.383781900440060053e-01 -4.815940653567225005e-01 -7.010613444307102482e-02 1.822210078034115499e-01 -9.492258388994383178e-02
-7.348737230603456794e-02 -1.262776162036227112e-01 4.391237726521876605e-01 -1.795014194124322782e-01 2.652621749778847904e-01 -3.367335198622593562e-01 -1.920734039663835602e-01 2.219490332876162264e-01 -3.186647807730287330e-01
-2.699633116688777146e-01 -5.529340420709399906e-02 5.217111978465472921e-01 2.419529278596545818e-01 2.130876667055217333e-01 -2.405203720942028223e-01 3.725743835145179372e-01 4.586527178435957919e-01 -7.112465988124287708e-02
-3.712826214093836730e-01 3.286403327913859918e-01 -1.163972532326616044e-01 -8.747349131584672421e-02 1.032760137523427713e-01 -2.912997396094375024e-01 3.050860265583049125e-01 3.692799952414766440e-01 -6.424981074470650921e-02
-4.913711546865988655e-01 8.673139646539761161e-02 -1.073656781676123606e-01 2.580598380019943558e-02 -5.115020477915880326e-01 -1.263266865481146028e-01 3.955354860965738101e-02 -9.620540096070480107e-01 -3.320466939998911182e-01
-2.451405982177810305e-01 -9.579815411060702002e-02 -3.277528554295027208e-01 4.126083842118810630e-01 3.993154308146720788e-02 -1.803016536044117421e-02 5.037169581591168788e-01 5.885423287782336477e-01 -2.624070763936997910e-02
-9.760013629431399385e-02 -1.306024011209142854e-01 -2.588816736798641230e-02 -2.737671169495268786e-01 -1.628446862409427820e-01 6.019950236177197544e-02 2.351923573176220583e-01 6.650419285066891395e-02 -2.520487063485828405e-01
-1.904645869854204310e-01 3.888239887221554185e-04 2.028293311418829549e-03 -2.064553135447055876e-02 -3.796339757598216069e-01 -3.637611428412159675e-01 1.603999466621086056e-01 -1.044148633083345351e-01 -1.387216815296970218e-01
-3.344486032896639705e-01 2.906248201798822262e-01 -2.906288876365218932e-01 4.059649504255271046e-01 -1.808249969352075381e-01 -1.659340091666197392e-01 4.250178693060462365e-01 4.870974567913774478e-01 -1.459342677334114491e-01
-6.977933192786628380e-02 -5.316282970007432662e-02 1.308931150882869376e-01 7.292222136708706448e-02 1.220943471025259242e-01 -4.077383742105868403e-01 4.983045139739243901e-01 4.156393583442942186e-01 -5.209493547413567710e-02
-1.863919700793638667e-01 -1.260703373277072825e-01 -3.373133702117189076e-02 5.015121407788892399e-02 1.463217490758691730e-01 -2.845969065278339261e-01 -3.034385912089499482e-01 -8.105208386957987732e-02 4.569101572347270684e-02
-3.237917928089135977e-02 7.566113368160619357e-02 2.362831665819898619e-01 8.836941087957930763e-02 -1.358619541660321117e-01 1.499389557391806183e-01 4.470518029018276662e-01 4.500601751288256236e-01 -6.768737914585892801e-01
-1.073765009934808251e-01 7.674115487677686531e-02 -2.509071658379220457e-02 1.233428506472120934e-01 1.140422776030989155e-01 1.142895891260515689e-01 2.084395051707585711e-01 3.323935096649774379e-02 -1.761500006822133979e-01
-6.126958419640242404e-02 1.182195093513765428e-02 1.074395139532861310e-01 2.687074397142843463e-01 -1.725810457169590362e-01 -3.897027528313401490e-01 -1.514567932069686984e-01 -5.270442806293659105e-02 -2.713207499009112622e-01
1.233734336019799011e-01 -1.242492928970834881e-01 1.194584474693244497e-01 5.297913757671588453e-01 -1.133777736972274991e-01 2.128164215880156904e-02 -3.161203696951977310e-02 4.240686005672933412e-01 -4.610364370783962551e-01
-8.338209513862952782e-02 5.480461862377369181e-02 -8.838559765400190171e-01 8.926681115147742582e-03 -2.993358673469082021e-01 -1.578518098104221279e-01 1.422083360962376475e-01 -1.814023436130551004e-01 4.190537984973359553e-02
2.737149429088039931e-01 9.563686066411510034e-02 -1.532139473199776170e-01 2.046566147739891650e-01 -8.031337524074881606e-02 1.595788282416475135e-01 -2.551703284472847111e-01 1.138573586984749225e-01 8.281722994200357846e-02
-1.345171612530038641e-01 6.149202052699082044e-02 -2.288101226103163577e-01 -4.512428040245098360e-01 -1.383768730101880562e-01 -1.703011178023352071e-02 4.505204953245194044e-02 -1.685764065696128133e-01 -1.611646621880047925e-01
2.346025803504863949e-01 2.708576100009202903e-01 -2.016010668486362123e-01 -2.459477421327827540e-01 -5.013161598284375797e-01 -1.590096455017357413e-01 9.983457099185986949e-02 1.417510400362233247e-01 1.871244723484265975e-03
-7.461056242613076095e-02 -9.057753562341554210e-02 -5.509915926544454307e-02 1.344024524183145240e-02 -7.829838257022284087e-02 1.029406746654715384e-02 5.577401158689315047e-02 1.518434814286537260e-01 -5.848484746259452168e-04
-3.229978208330943623e-01 2.601207194142712842e-01 -1.155170603397125267e-01 6.755891162215212076e-02 -6.370093233132938237e-02 1.132548527239801428e-01 7.010465106725516371e-02 -9.966188172030377747e-04 -3.637925049935839539e-01
2.691487596915110303e-01 -2.931464735331462679e-02 -8.836387065517955497e-01 3.045014850686470972e-02 -9.797503987671213332e-02 5.657290336773981299e-01 2.157034371256584190e-02 7.763277058267750719e-02 -3.897059606232886747e-02
1.400911895449215017e-01 9.969041866315665745e-02 -1.913565545248934255e-02 -1.796671751615293300e-01 -3.081088718384548675e-01 4.266576751551884317e-02 4.215372628405258948e-01 2.567845933069421438e-01 1.583040104486676397e-02
-5.594664155780931791e-01 2.359860372915015964e-02 1.540543194909007318e-01 -3.331692295392048309e-02 -4.407657700802997680e-01 5.847226251847012501e-02 3.339949129685714779e-01 3.100355212286354800e-01 -9.185028277118519047e-02
