1.523979965246500812e-01 9.837018484954149766e-01 8.207764774891420645e-01 3.484353434834265850e-01 1.426213668940926049e-01 9.620143565222794013e-01 5.736022508028679745e-01 1.283406382540945301e-01 1.619662720915613918e-01
6.003847047890309430e-01 6.671082620488020254e-01 7.869284526475515129e-01 6.809328232772655642e-01 2.199499399559512181e-01 5.539224075156345961e-01 7.467990269351567623e-01 6.828836845754467921e-01 3.036586227867674737e-01
-1.912991506410557929e-02 6.945306458244658865e-01 4.532468303750439298e-01 3.989172607455381825e-01 1.195627185751131361e-01 8.441747759098605641e-01 6.666423889192585328e-01 7.395863313160410124e-01 4.235552575123170405e-01
6.476508093312660641e-01 6.967492730477586882e-01 3.611245347148695495e-01 5.395093119263409953e-01 1.223321073941282533e-01 7.171392306500566916e-01 6.620913509087511528e-01 7.587986953391210321e-01 3.674517581259603149e-01
3.759041269666072577e-02 7.049880201397834556e-01 4.817724684653094669e-01 6.059162377233913155e-01 9.532522283813654740e-02 6.467880403127361788e-01 6.772796143301097471e-01 7.576216313930455026e-01 3.650904639556881714e-01
5.408437940375403902e-02 6.914133039479025689e-01 4.625889052085268571e-01 5.658835853992552067e-01 1.280526976787703108e-01 6.686829523133548392e-01 6.632507270919606457e-01 7.314380699413657316e-01 5.294225706574007262e-03
3.460289910538486002e-02 6.954027132221994867e-01 3.875605434027954987e-01 6.129942013071768558e-01 1.270121211565779229e-01 6.594469325602330123e-01 6.740146375845369464e-01 7.478598672190099883e-01 3.801407804427243686e-01
9.478717958263678522e-02 7.120973035141890950e-01 4.872475568126861112e-01 6.331070985524631656e-01 1.261606118184164516e-01 6.604400612593362974e-01 8.626843774764361150e-01 7.409823564598571055e-01 3.898769837567042651e-01
3.619744702002242187e-03 6.874348413561752746e-01 4.605046177908431737e-01 4.332710200468371520e-01 1.239422155394522274e-01 6.895346516945121129e-01 6.510312836790504987e-01 7.396345573170972632e-01 3.820949827342485783e-01
4.606792932676880697e-02 4.758966303693752398e-01 4.255815776175156384e-01 5.663443986968040855e-01 1.006665631719172727e-01 6.464185562404931584e-01 6.691050687248029094e-01 7.246147965032413429e-01 3.842810910924521761e-01
1.284227884509311357e-01 6.957391174036652304e-01 4.403104823629868658e-01 6.517705560153183031e-01 1.235985138933403948e-01 6.809722280604948441e-01 6.771573932095695803e-01 7.395421435608932059e-01 3.814699428354238475e-01
8.296290765294919711e-02 6.708529567248369130e-01 4.626026787552995345e-01 5.981973114818223136e-01 1.443654882179480348e-01 7.368827928203385280e-01 6.245923187625167516e-01 7.901768684960535083e-01 3.915065006510877188e-01
3.705008660008398541e-02 6.956348768441084074e-01 4.599789117269326710e-01 6.135578305810732713e-01 1.232693200032431852e-01 6.838932241552024838e-01 6.632151299086490592e-01 7.413231210017180439e-01 3.841095487462087843e-01
8.318769649348613238e-02 6.648184112724135897e-01 4.605281407456284226e-01 4.634836496752454682e-01 1.232451153417210010e-01 6.824530197213066751e-01 6.638486174650756189e-01 7.409740707356547995e-01 3.829401572704824175e-01
4.389959785562237704e-02 6.949009895671742765e-01 4.576302110584045124e-01 6.194821670323291674e-01 1.230438906452802905e-01 6.898292016240150648e-01 6.748373375232908922e-01 7.361094018829276164e-01 3.914913221841134772e-01
3.777211806596670468e-02 6.911143784808011503e-01 4.513935592886320625e-01 6.702968653047040037e-01 1.181815328652936203e-01 6.889767421482799747e-01 6.635415616592950094e-01 7.411566197840706582e-01 4.427114702716585803e-01
-1.299701963975848917e-01 6.723024537729719308e-01 3.880533478709864981e-01 7.645956156833977335e-01 1.973603795844501227e-02 5.273899543787560207e-01 6.377633042834155441e-01 7.828864658794133513e-01 3.830287240053084075e-01
-4.915215427581330621e-02 7.026156952036264336e-01 4.735421039063432702e-01 5.944094336077179186e-01 1.196777588283328836e-01 6.185808429888755011e-01 5.610087727459824869e-01 6.557909507551115125e-01 3.888474726980543639e-01
5.836924960075938473e-02 5.765901236821786568e-01 4.600062114406737179e-01 6.298405167450246145e-01 1.269857289532655420e-01 6.672773014490827048e-01 6.810786390416645464e-01 7.749508655457866269e-01 4.824017355149873287e-01
2.101563057638203280e-02 1.192400704661535693e+00 4.840224573183916079e-01 6.137078436721027375e-01 1.040802768591116423e-01 6.940387537097653103e-01 6.812033254099598700e-01 7.720906226594788091e-01 3.779201477500045425e-01
4.035849354180920390e-02 6.902747919469129911e-01 4.424632898718817708e-01 6.029761225764187493e-01 1.235803262176279060e-01 6.884539179964896949e-01 6.683161437325096932e-01 7.416111215990818240e-01 3.780095875283429607e-01
-7.841816844955110111e-02 5.499078123674800977e-01 4.845633470846464341e-01 6.111360625238717592e-01 3.714006659646606479e-01 5.588479059521860304e-01 6.693741747662097508e-01 6.919861401331613981e-01 2.777150728597148621e-01
5.639070524227016157e-02 6.652544664620818615e-01 4.597261015667295503e-01 6.228501588658073018e-01 1.235941420140849456e-01 6.667368533602837655e-01 6.889578879345876761e-01 7.398110238308963638e-01 3.684104225543675670e-01
2.520456001350432351e-02 6.898265687095430643e-01 4.600040758678128894e-01 6.132809626271643610e-01 1.241390466810202708e-01 6.968928851049777107e-01 6.643113650183654073e-01 7.424026966488960211e-01 4.131755851857767392e-01
1.539208790921985370e-01 7.433650183211278906e-01 7.424661809918708943e-01 6.509061888066065560e-01 1.579776492325681569e-01 7.082678845251244582e-01 4.931586158635284378e-01 6.734321928575890404e-01 3.502832425961490692e-01
3.617651242810608347e-01 6.457185484672349762e-01 4.617953720432582121e-01 6.212475407374082881e-01 2.301594021312402538e-01 6.770826403097672808e-01 6.845427506377561588e-01 7.417884837804900044e-01 2.552727135576164930e-01
3.805584365341479341e-02 5.953930058493015487e-01 4.717489298021091404e-01 5.592309891701847668e-01 1.222174380824162521e-01 6.108233212560693071e-01 6.513413887466136254e-01 7.387057084399504259e-01 6.104104325453875157e-01
3.846492681135951081e-02 6.904517799341546302e-01 4.702168876437884393e-01 6.233113821054029335e-01 1.267604891783596366e-01 6.781161317838798608e-01 6.630937596640227305e-01 7.065870191472842787e-01 3.836366758853078651e-01
5.360433088306590377e-02 7.036448091363857182e-01 4.600280305859396623e-01 4.809370136317311917e-01 1.174251699235996649e-01 6.901160741720555603e-01 6.634373983575865275e-01 7.413578919901628872e-01 3.912166893619094532e-01
3.696212565541941164e-02 6.959709803537796891e-01 4.581414164274261736e-01 6.033467274319584961e-01 1.233774345970648084e-01 6.837626563815839553e-01 6.634007639634266207e-01 7.458727084226486337e-01 3.839578553685799589e-01
5.690894064295064503e-01 7.088216151995877512e-01 6.122211649292720326e-01 6.203173718572716488e-01 6.081268830126087543e-01 6.647196875714422859e-01 8.544246694863973923e-01 9.215337071317722950e-01 3.699544010212141298e-01
2.367678983440940077e-01 5.757162529742704260e-01 9.671502667884597226e-01 4.997014141709804069e-01 1.248344242885569833e-01 5.211798318084448489e-01 5.848325494433189720e-01 7.559476425330005078e-01 5.519167386970444400e-02
1.496857932101987032e-01 6.940066737325489843e-01 4.602839657018656383e-01 5.777984695440552265e-01 1.702304299260573028e-01 6.664241978664076083e-01 6.712434389128048018e-01 7.087580663638874956e-01 3.180253615408165091e-01
4.768838021970016328e-02 6.854742811269805003e-01 2.910143208119689850e-01 6.116971884597001141e-01 1.228097259936018065e-01 7.102146048632905773e-01 6.665195570853746920e-01 7.405436006101754343e-01 3.680923045144108841e-01
3.403581822677999302e-02 6.855499599918647435e-01 5.175831030045023873e-01 6.307892450459912093e-01 1.243413553059400933e-01 6.887676336162531499e-01 6.610039334367333597e-01 7.671917871383582277e-01 3.809641490600627622e-01
2.973175711319435421e-02 7.052600721101134340e-01 4.580353315628669097e-01 6.228460034102070164e-01 9.739857100444451743e-02 6.825880974437349424e-01 6.659732418950595756e-01 7.412500581345488060e-01 3.859790712184762440e-01
3.103837460232869092e-02 6.937404045035973077e-01 4.697755938328071479e-01 6.172371181788698369e-01 1.219703373383916739e-01 6.850512523333992521e-01 6.623555741899450622e-01 7.417902157733994306e-01 3.791161427030664832e-01
1.086519139989174931e-01 7.175757774672737455e-01 4.284782030738157332e-01 8.245976182741145966e-01 1.161090010157537628e-01 6.020916600596303292e-01 6.716064394340477417e-01 7.106271550375641288e-01 6.114316549458287398e-01
1.677522633307634153e-02 6.845857853728490872e-01 4.389937201787538767e-01 6.252083678168283143e-01 1.355133245308487167e-01 6.851237976154060938e-01 6.723553111903231017e-01 7.127699258930159099e-01 3.836995109251487568e-01
6.016643005974865732e-02 9.336145040661214534e-01 2.050508337415219984e-01 6.492209096393055656e-01 1.149667684509409760e-01 6.767087365899053797e-01 6.823221080602525079e-01 7.370395281258284026e-01 3.542770108191194978e-01
2.686046829925211044e-01 6.080390798856232237e-01 4.238060215128887642e-01 7.939571055617322681e-01 3.026746034963564425e-01 7.107215176698137293e-01 1.281983366833712168e-01 7.419047043106792305e-01 3.038312013914057363e-01
3.134488815994682098e-02 6.966956738607479327e-01 4.602541902280619657e-01 6.493331227500950265e-01 1.236304345298200741e-01 6.846064945552908787e-01 6.633789267483403140e-01 7.402168693898069085e-01 3.941783495589359365e-01
1.359856915273559841e-01 8.725362534750360499e-01 4.650697799662926180e-01 6.216441271920550848e-01 7.026575030738632655e-02 6.833665584693322526e-01 6.638092282233467589e-01 7.405403353968891267e-01 6.312649449619215369e-01
5.799567485958405377e-02 6.796124204214599729e-01 4.439094319893245322e-01 6.095942163347340959e-01 1.948375382532590017e-01 6.828961543188112326e-01 6.594294717919675364e-01 7.239045334822962197e-01 3.575788282357731940e-01
3.680324905251949191e-02 6.974165352025807341e-01 4.589565847597608106e-01 6.136584749996923938e-01 1.230725579007854037e-01 6.839924716916627734e-01 6.643733448366522243e-01 7.406838581023208468e-01 3.837000118263980686e-01
4.142574759503525605e-02 6.913749984283602545e-01 4.507879840191506560e-01 6.076122023543660822e-01 1.237136023791755024e-01 6.806785217869235627e-01 6.617535588567954319e-01 7.408092025733785668e-01 3.839761875832643501e-01
3.379265666488140973e-01 2.829669047811239069e-01 6.769153402087932925e-01 3.698550349678719762e-02 2.313592440687790575e-01 -9.936614705999541330e-02 9.772354044719666621e-02 6.666680488963122597e-01 3.981277073838521696e-01
3.841724342582340801e-02 6.975516038730664725e-01 4.603992911218843798e-01 6.275191317588896256e-01 1.207662282999445030e-01 6.866418946449364125e-01 6.617251826307649631e-01 7.373995560653718861e-01 3.823452104623896175e-01
1.058235056493253556e-02 4.869498057159212245e-01 1.232969078712558897e+00 7.561285419130252539e-01 1.911515928819983723e-01 4.768862754671115978e-01 5.665624142934533314e-01 6.962556668605159871e-01 3.733464725471846712e-01
5.666199150542258756e-02 7.998737390501776678e-01 3.767738358094180895e-01 6.563526183699797123e-01 1.237082410862680310e-01 6.250853006950781721e-01 7.752853914531979695e-01 7.320381445785318908e-01 3.806939549913456178e-01
1.071937649173678730e-01 4.511889460472092162e-01 5.012208066811122409e-01 6.327774147459401810e-01 1.793868001878461682e-01 8.466351075706520790e-01 5.485948895612426934e-01 6.706987514428085495e-01 2.779270250869181336e-01
2.954577465797247893e-03 7.050439523915799089e-01 4.639832783344463585e-01 7.158796680281613867e-01 1.235408104856536987e-01 6.502835856022501915e-01 6.629268680269611025e-01 7.502167874358012245e-01 3.008881845233654095e-01
2.813981457250475798e-02 7.212334564175864049e-01 4.293050560833582274e-01 6.165138618539403037e-01 1.803327041683109033e-01 6.821886199437113829e-01 6.528498816520335035e-01 7.419600092792306700e-01 3.827831405701322964e-01
-2.447724580797172589e-01 6.366878608015501539e-01 4.265667272744552152e-01 5.949590018660334545e-01 1.975423161239241443e-01 7.648381495411804565e-01 7.069350736334933938e-01 7.270279206181621268e-01 3.838962990843369227e-01
4.190001593022436854e-02 7.167378853026675767e-01 3.444114691930166283e-01 5.291028608398633537e-01 1.193776527202970728e-01 6.841405924674618388e-01 6.731370923903612358e-01 7.188438281311312350e-01 3.948820139827582953e-01
5.164300791686911030e-01 4.870502114541499505e-01 3.659065541043490799e-01 6.339824648550277386e-01 3.063816225613441580e-01 4.477834671058071314e-01 7.696876158712027127e-01 7.547939382555016730e-01 6.156660155501465503e-01
-7.446978165880871470e-02 6.959811132991114979e-01 4.480415753797031830e-01 6.171570909637453806e-01 1.323242840919856278e-01 6.891602414896433881e-01 7.036519747570616490e-01 7.432255511504365364e-01 3.867989535798214140e-01
3.584840199500569785e-02 6.952381701851180207e-01 4.691114059789414092e-01 6.133552947216164286e-01 1.306681960757481720e-01 6.790918937505139308e-01 6.632871385496424965e-01 7.386280668018918583e-01 3.840133692599624893e-01
3.675267609211008146e-02 6.937379361985829274e-01 4.018402102899412132e-01 6.106440445368734871e-01 1.226773956828002277e-01 6.887319776152033279e-01 6.608266860212498317e-01 7.406623308048106979e-01 4.879326419403995363e-01
9.210588599012302369e-02 6.225569129318505590e-01 4.250804732299219846e-01 5.896196438912255644e-01 1.837443620783803522e-01 9.553534377778720721e-01 5.687501152070595367e-01 7.446218097764417676e-01 5.396004339168227748e-01
2.736735899494838198e-02 7.390589530351303615e-01 5.459957239228570014e-01 8.419602774201804252e-01 9.388597859511348120e-02 1.025637937099817432e+00 3.107550042335967544e-01 7.226135384996335009e-01 8.258755554756163075e-01
2.785264221886615266e-01 7.234834048915033122e-01 4.544470736634008690e-01 6.127158336746411083e-01 3.724350781535040733e-01 6.101694143543836546e-01 6.203926310120178034e-01 7.540526046013950046e-01 2.251680577569965536e-01
5.300562257039546227e-02 7.316493563020994850e-01 4.567454004616983698e-01 6.390113118908016254e-01 1.809248277266293781e-01 6.780272790153940576e-01 6.532984741033871501e-01 7.396320120438643064e-01 5.203456867092435267e-01
2.404663361429389828e-02 6.956189380628607921e-01 4.584461143320965881e-01 7.411107139701148538e-01 1.247956071649194282e-01 6.942029285258305427e-01 6.771714317718519061e-01 7.476383052018990005e-01 3.718212666320805937e-01
2.214964288408691889e-02 8.427643036654184350e-01 5.779537613805161289e-01 6.236529734422865401e-01 1.513685538651399209e-02 6.532514850764916670e-01 6.862566440489961117e-01 7.460057018442891597e-01 3.770442541436780370e-01
3.547379266325433045e-02 7.256277981301594293e-01 4.429214782546709861e-01 6.082206019392258911e-01 1.226534025081648660e-01 6.838533342608942300e-01 6.651388263115820543e-01 7.540261237756900048e-01 4.244504739036664698e-01
3.497397681097721284e-02 6.988191128865319790e-01 4.606487627666648321e-01 5.798910515233809404e-01 1.241268563681276194e-01 6.854885663164189680e-01 6.664439812049069989e-01 7.409228480098351000e-01 3.839535741447588912e-01
4.807733380253087496e-02 6.225444996344563497e-01 3.991429558798355592e-01 6.739324317291779387e-01 1.062624546565118511e-01 6.858092812666021221e-01 4.804460492665926230e-01 7.223280908655285160e-01 3.840195010671200726e-01
-2.531826547854668097e-02 6.896147008756818853e-01 4.840132894928643181e-01 6.105669493562587702e-01 1.182945916579381390e-01 6.970416007248217971e-01 6.596319341672269854e-01 7.577194946411368592e-01 3.836578680859482615e-01
1.738955601254285055e-01 6.941246129454810010e-01 4.547169501355131649e-01 6.130265018198971516e-01 1.227774428584255395e-01 6.809939503891074830e-01 6.630161730509291917e-01 7.420665509172310603e-01 4.147660630923753478e-01
-4.513086399331882326e-02 6.488079102192793046e-01 4.442117276673073767e-01 6.015096115909249752e-01 1.923906790355173480e-01 6.850586992790326235e-01 6.743430873276932136e-01 7.288759797844370780e-01 3.637262369440558696e-01
3.841723146206346695e-02 6.964601327031667566e-01 5.937889763579926594e-01 5.884900359043304663e-01 -2.468498963903310861e-02 6.996198684456452765e-01 4.426880981054593378e-01 7.133914223535895438e-01 3.237253145013627709e-01
5.833071260353049625e-02 6.787062933620436889e-01 7.093283954038864803e-01 6.014187266683992394e-01 1.434052143922951716e-01 6.986587992388489932e-01 6.532901266459397727e-01 7.388589318074664236e-01 3.851348384781699830e-01
1.264365589469263196e-01 6.113942567175818521e-01 4.562414714286865403e-01 6.745531394631124611e-01 3.528957083352799451e-01 6.968634447012048705e-01 7.939991465490696676e-01 7.143603462556085137e-01 3.205703559792166257e-01
9.111811544107070171e-01 6.972814618390986707e-01 3.873566622856770003e-01 6.077637795929183850e-01 1.182665361214554761e-01 6.707050881371016127e-01 6.590646902736050361e-01 7.276157600126360592e-01 3.769846455457686041e-01
1.518558312452382708e-01 4.614230570106614415e-01 4.639623045381534583e-01 5.957302380431306332e-01 1.349416986399941121e-01 6.669988085325890825e-01 6.634361391608585290e-01 6.679541455659734339e-01 4.064097325892864765e-01
1.410252254863368360e-01 6.946907775806282492e-01 4.709037823435939241e-01 9.587289996148005145e-01 1.031488554239515382e-01 6.723116777808446631e-01 9.175747285647022355e-01 7.801285991877854320e-01 4.643941139190307377e-01
3.620382490056327229e-02 6.947569118343549510e-01 4.598818225876057375e-01 6.140784212263814545e-01 1.233544095138656704e-01 6.845017382691862551e-01 6.589568159909632294e-01 7.417145111415014425e-01 3.841280685817787255e-01
5.436191835277248002e-02 6.968959581808393811e-01 4.449160963407104985e-01 6.159076756428070176e-01 1.213821527098000036e-01 6.398114942047282705e-01 6.710414690745535315e-01 7.609966939927514940e-01 5.237505170637688501e-01
8.874787294402941562e-02 6.457562053328287366e-01 4.953449174011165801e-01 6.555401346753648717e-01 1.160489310784166422e-01 7.429585480770636297e-01 6.805342414735688905e-01 7.409634100119296685e-01 2.095416747568329963e-01
1.674490905124358109e-02 6.868908704160624490e-01 4.740483732334591083e-01 6.112395755593584834e-01 1.143957272980648116e-01 6.576700588910011636e-01 6.622126483014695308e-01 7.400744482842663841e-01 3.868266017644959032e-01
1.956151443430558801e-01 6.175051149997250466e-01 4.194998597027229659e-01 6.603833396546067158e-01 1.220767855552396253e-01 6.987683004070172066e-01 6.531798260010185375e-01 7.402830500664797642e-01 3.913016457662933378e-01
5.015250166494507333e-02 7.491369480826408633e-01 4.927421038461999858e-01 6.154658765718448166e-01 1.268906841779500194e-01 6.192739862421203778e-01 6.681969724478763473e-01 7.235791819303155625e-01 3.867983318470725740e-01
4.566639943320249806e-02 6.457946603779110006e-01 4.600887947328975436e-01 5.722599689003916579e-01 1.235008381038989050e-01 6.853040943685162478e-01 6.681860566456321315e-01 7.406344567360267916e-01 3.429722076298328259e-01
1.748463598733125124e-01 7.161353869215446588e-01 4.571584311353871777e-01 6.119149716223593050e-01 1.582840104017599892e-01 6.053631383981732395e-01 6.264823484922271701e-01 7.120921744585991808e-01 4.382434088830695629e-01
3.854109242353996601e-02 6.955504775739390633e-01 4.429544647053806350e-01 5.998315811587611179e-01 1.218941666869727963e-01 7.325107440732162578e-01 6.542004001483403552e-01 7.420494078439101582e-01 3.859582189969803512e-01
1.511052574526449126e-03 5.153172981154081622e-01 1.018444415807509884e+00 7.136694657438847900e-01 1.836635374896677941e-01 4.634723838477709523e-01 4.440143730107041220e-01 7.376511982079101415e-01 3.135133383320360401e-01
3.554692775406474020e-02 7.189517915633983902e-01 4.596084365709120489e-01 6.937152821961009019e-01 1.318035874415139919e-01 6.588244088547768884e-01 6.720548206521083090e-01 7.738272900361892193e-01 3.841565152003459382e-01
1.142028842462652793e+00 -7.555440794496437462e-02 1.188465790606495709e+00 5.624636906025696215e-01 3.211120527201756780e-01 -1.407289002518571919e-01 3.400197208177141439e-01 7.793203701622540835e-01 2.988643972333898113e-01
1.215484976031601383e-02 7.098564756885130667e-01 5.827552212264459630e-01 7.918638444239201046e-01 1.355132855183489582e-01 6.972460005451923681e-01 6.538891358349346872e-01 7.169398839569930404e-01 2.535362599745378809e-01
-5.808465263496664921e-02 6.828091052105528247e-01 4.346706770049336144e-01 7.960297217438562223e-01 1.798702906678720514e-01 6.545517339773494481e-01 6.713435481242596703e-01 5.429437863984476476e-01 3.571667774817101626e-01
1.604735752520253522e-01 6.942380398731792246e-01 4.593309971352876331e-01 5.649978212192655613e-01 1.217917971163812313e-01 6.842397163988162001e-01 7.055771185426682468e-01 7.385804314296019468e-01 3.863425525494100787e-01
1.172047866069624300e-01 6.740399558535197233e-01 1.247643692442238272e+00 5.955623887438148412e-01 2.318194242063930099e-01 4.097292764989581282e-01 5.608671831113203332e-01 1.171976217236667894e+00 3.685213462725711042e-01
-2.672997515109004074e-01 4.530413897444894866e-01 2.817859873532236881e-01 7.579713067105333657e-01 5.405971283341475253e-01 6.490343234398643357e-01 6.736597616259090149e-01 6.673079269700366023e-01 4.036150992710594299e-01
3.684740189940171468e-02 6.932575474722785236e-01 4.745619684163405183e-01 6.022949584997104866e-01 1.261862906013682673e-01 6.829657928710090031e-01 6.660158652550216551e-01 7.470256170914537641e-01 3.840727075918953792e-01
3.170256105844298372e-02 6.961211894169450076e-01 4.591027866266686464e-01 6.001064536841163033e-01 1.233546792829165323e-01 6.996924601196091720e-01 6.643284186629573318e-01 7.434276030314783679e-01 3.832903710297569377e-01
3.875283472898825160e-02 6.956039685208768031e-01 4.592400266221233207e-01 6.143802475711189759e-01 1.019999768258983142e-01 6.851915131054885366e-01 6.646580169750082590e-01 7.418723825847926001e-01 3.714665525173831417e-01
6.406617673525742962e-01 6.834022022191547086e-01 4.634304815403673672e-01 7.641349067635445635e-01 2.048864534119126668e-01 8.104112876759523854e-01 5.886592020305555506e-01 7.296626326982242894e-01 6.280313853204951835e-01
5.738483327703584880e-02 6.715101171276833814e-01 4.641650680033850840e-01 7.794450793289854351e-01 4.525922474335135615e-01 6.724691956378564539e-01 9.856569791120575186e-01 7.422978560137625248e-01 3.846344519467249090e-01
4.145359285191618781e-01 7.020056332373950658e-01 5.430771812246132368e-01 9.020848209052030331e-01 1.793142359533136110e-01 5.931191016919836745e-01 6.570068838947376033e-01 8.231210421945570621e-01 4.280236300129702798e-01
