2.366610186987454789e-01 4.697709367784271839e-01 7.433090310947486623e-01 3.434137856877673145e-01 3.487408139151486619e-01 4.770943678693633228e-01 5.736190697414116357e-01 5.042347107309532728e-01 2.053420885232867255e-01
9.174144633764245160e-01 6.561509535286091932e-01 7.341849505404018927e-01 6.844328556136347608e-01 3.632624601373619644e-01 4.518774338996349726e-01 5.465296292200799710e-01 6.543187525373292956e-01 5.833925610765351433e-01
7.978599624656476652e-02 7.145064482184345644e-01 4.549095386698622789e-01 5.201240407342546668e-01 1.229459953994915256e-01 5.968676100519730854e-01 6.455430307834172377e-01 7.433900267167915521e-01 6.621370216290178856e-01
4.111690584098263296e-02 7.058291633707837187e-01 5.462011849063355129e-01 6.728137542841856611e-01 1.226728487015184971e-01 7.024262735871396046e-01 6.424300124776746168e-01 7.639830940391151293e-01 4.859846038590723838e-01
2.318972976453519130e-02 7.320751511939699308e-01 4.596776722210150212e-01 6.795910529405153611e-01 1.199343670400809941e-01 6.255507173931676990e-01 6.330866274111376368e-01 6.901203730540725889e-01 5.885018305191298538e-01
4.566484903748615348e-02 7.368237976926154120e-01 4.826738486925181704e-01 4.760657438244043638e-01 1.270386870408385660e-01 6.125006286184845328e-01 6.392930811829111715e-01 7.446567343589142185e-01 6.097530160715112224e-01
3.713338434907195035e-02 7.270156613921776589e-01 4.552084978215432676e-01 5.329683067202070079e-01 1.249302122404694210e-01 6.439081272694383573e-01 6.513548270773951154e-01 7.469143124091289776e-01 5.691077788650659164e-01
1.319393433664279858e-01 7.028809009557593912e-01 4.602904409457671542e-01 5.147240845758404015e-01 1.026750413288073233e-01 6.669795387629866568e-01 6.682850322074136429e-01 7.394629107533094992e-01 3.716334365176710564e-01
6.844007499971210828e-02 7.571973427431971659e-01 4.604994203392644980e-01 3.750504044462366071e-01 1.273741477004158573e-01 6.145491374291380815e-01 6.504254389793702185e-01 7.459991027236906325e-01 6.376137494352693835e-01
5.201549168123775768e-02 7.516993481003522160e-01 4.367138799866114862e-01 5.096207584144929470e-01 1.253874311966079458e-01 6.368857882707931184e-01 6.437357009883030168e-01 7.458926442228901443e-01 7.277397790061799210e-01
7.304923774989534324e-02 7.049157369333854950e-01 4.692137155245493796e-01 6.148880134641497852e-01 1.263459720775693684e-01 6.387779622002025537e-01 6.661248100289834939e-01 7.480564762905052012e-01 5.622319956481705017e-01
1.288832333540551600e-01 6.569365172756130855e-01 4.502300369660385271e-01 6.013943309474951704e-01 8.717048311389657966e-02 4.371180414448374574e-01 5.597818481403342705e-01 5.147242688898076013e-01 4.163558482645949299e-01
3.742898887512091655e-02 7.572802543255646723e-01 4.265963393151706029e-01 5.127130221091769080e-01 1.240094640324297670e-01 6.066194339769386268e-01 6.384950134673397226e-01 7.410734929225788470e-01 6.988088740850852965e-01
3.560182427465639898e-02 7.112803483855772990e-01 4.169372017455033053e-01 5.381817884250280626e-01 1.248884606351954585e-01 5.257963569643818724e-01 6.301648434963004197e-01 7.450997186744450218e-01 6.737183377811944984e-01
2.985546127957087320e-02 7.607023670392908388e-01 4.670904053422627600e-01 6.483221056022429041e-01 1.229651869340163406e-01 6.559875616386255937e-01 6.415954420000801184e-01 7.434710637820133305e-01 6.004388556067791205e-01
4.001736553850532285e-02 7.479309783370963194e-01 4.320086500874895097e-01 6.517852550801801481e-01 1.287850225363163237e-01 6.164923523830556640e-01 6.510200173971559812e-01 7.424423828395989577e-01 6.019236844333640812e-01
4.239405749866861917e-01 6.114803383468973008e-01 6.241502132590396323e-01 4.598251805809796533e-01 1.968270980561420413e-01 4.677000579606357400e-01 6.209131606258759817e-01 8.188979886583087620e-01 2.760927934881581836e-01
9.222099580722858958e-02 7.297112728504571155e-01 4.923798962925647338e-01 5.315844974428929337e-01 1.284453189760720593e-01 5.956541718172428945e-01 6.697448063977721189e-01 7.442206024789262964e-01 5.408355095811493429e-01
1.217993886762575723e-01 7.640798509467269239e-01 4.654581315327094293e-01 5.780861198683316937e-01 1.171757813997558462e-01 6.222470179946969493e-01 6.546634363789560762e-01 7.535077577251536596e-01 5.852702566008277651e-01
1.252861808002875554e-01 8.243127740158758820e-01 5.072271115322366519e-01 4.094630572859915829e-01 1.336497020620349141e-01 6.640058384976287309e-01 6.677568538039526658e-01 7.263824469244469784e-01 5.921738591263852047e-01
4.015419220637739955e-02 6.839171396107396328e-01 4.534374313995311878e-01 5.906822109585191383e-01 1.231913298731895506e-01 6.883114135633200403e-01 6.688791373982864163e-01 7.414844562660429794e-01 3.665856095588320152e-01
3.891904496648216361e-01 5.698165106864000462e-01 6.165797607213955311e-01 5.805171868497088772e-01 3.313330939257407293e-01 5.311035548029239273e-01 5.985701173276466447e-01 6.644454856398545051e-01 8.979519132528559489e-01
4.852650748860630470e-02 7.063488549800496230e-01 4.447279600729636684e-01 4.218766486794561787e-01 1.256241246705400993e-01 5.783061992023221798e-01 6.515209008726577933e-01 7.372437081929908986e-01 5.893621109712851025e-01
3.869114144817827061e-02 6.950796516732508090e-01 4.598278859396140450e-01 6.136063024943649857e-01 1.264365809399786156e-01 6.794366644614547868e-01 6.646511905865682968e-01 7.390940368977664265e-01 3.916067563129409512e-01
4.451057753942719852e-01 6.064550827091257368e-01 8.830667515795258549e-01 6.706642446181290129e-01 2.665907951621307448e-01 4.124215896937930559e-01 4.775316501864427243e-01 6.722164947103963506e-01 2.231366227153153137e-01
1.802300953914922899e-01 6.162447589579601592e-01 4.561413618244384849e-01 5.160047416815837229e-01 1.705969348074596326e-01 6.537352393263827777e-01 6.602425520386684399e-01 7.480056331887444676e-01 8.912031646299189980e-01
5.984294247259743654e-02 7.239885840632807046e-01 4.479400582749240578e-01 5.755340414960410378e-01 1.244928596449103031e-01 6.038768332768063019e-01 6.505812407123038321e-01 7.439675512172128080e-01 6.206098394209427216e-01
4.218465056609128905e-02 6.990417714761687495e-01 4.151838204006445543e-01 5.411299628231838188e-01 1.228749995372480780e-01 6.169773777545809468e-01 6.468189080722529516e-01 7.190868181709810791e-01 7.619124726210264598e-01
6.337140563375723290e-02 7.354277351225235737e-01 4.934395422498345507e-01 3.625069715725975361e-01 1.163656538087886050e-01 6.532429198534733805e-01 6.365493116643070604e-01 7.452828848815756801e-01 7.159593797408494442e-01
3.741952565547266435e-02 6.976531855597791765e-01 4.594779540907286131e-01 5.838124757252617369e-01 1.232458645756567273e-01 6.838725325820664835e-01 6.634069194213201293e-01 7.392060049302744407e-01 3.834972418830177032e-01
5.092942326391516339e-01 6.735646972789541831e-01 5.956673243532748518e-01 6.026864800363359587e-01 6.327054530360288753e-01 6.704576527546095566e-01 7.346023220291663103e-01 8.789403862328198924e-01 3.704671260750155848e-01
3.462743533886558644e-01 5.039604595867130943e-01 8.728437782659204114e-01 5.266037432638375204e-01 2.042423745856122297e-01 3.261346902775500434e-01 4.134527680216137369e-01 7.747624369139304301e-01 2.969503656316945239e-01
1.447993671269123539e-01 6.912402038139394689e-01 4.633569447190937773e-01 6.086991130367659375e-01 1.563720860835094983e-01 6.094348471404378298e-01 7.011463833380664479e-01 7.176456448942740707e-01 4.408882856306350351e-01
1.231227520982758339e-01 6.596654029356990856e-01 3.367682096461765973e-01 6.765852684521524996e-01 1.246527363540383820e-01 5.536417709280258004e-01 6.589700547410066722e-01 7.409835108679287963e-01 6.673336151530412375e-01
5.181784119079757556e-02 7.736678733207215108e-01 4.626769418987526361e-01 5.596004156031126886e-01 1.206718256738641137e-01 5.963809647622764221e-01 6.360854212812215858e-01 7.418973362974359276e-01 6.511099136128540854e-01
3.696924562896618249e-02 7.266222336291507933e-01 4.357882962435282170e-01 5.033234784667968142e-01 1.195292080755032682e-01 6.242950330318536301e-01 6.333058669616767888e-01 7.386273340046258795e-01 7.610704886945918179e-01
4.325441036189728305e-02 7.500785918342581793e-01 4.595368660694514329e-01 5.839567511681565959e-01 1.292207208056904699e-01 5.949392264046943213e-01 6.323581495993474411e-01 7.416268090787974110e-01 7.027494073509857886e-01
6.278733003524999967e-02 7.858316207343858384e-01 3.603895248500805226e-01 6.782033283861242934e-01 1.264353670120268447e-01 6.062992964336403334e-01 6.590083110578198733e-01 7.465799641955640498e-01 7.541447284918736393e-01
4.315490263488847705e-02 7.854445067801230085e-01 4.422279632270698091e-01 4.894827148955285256e-01 1.184250220531903597e-01 6.014479793269736918e-01 6.076859553502158562e-01 7.358981899860985720e-01 8.142760992298617717e-01
5.507847105713306601e-02 9.822023450299268710e-01 1.572336159025382041e-01 6.846490113252623466e-01 1.066481433022793690e-01 5.886361140677132120e-01 6.892383183697535776e-01 6.798342754472311844e-01 5.259949545000017768e-01
1.981691559366140221e-01 5.136593185991081834e-01 3.828509047784325880e-01 9.006896293215073124e-01 5.019726242898934210e-01 7.348916900071463809e-01 8.401022048933479702e-01 7.279239840727640409e-01 3.030303943757660656e-01
6.833546980258384251e-02 7.274349537665568688e-01 4.587136504550524130e-01 5.889363891171633947e-01 1.243316076692143057e-01 6.067803741603311485e-01 6.452965967175809947e-01 7.437189883198035423e-01 6.510130638407181092e-01
1.266601359709399466e-01 8.486216319007892084e-01 4.453314838168447309e-01 5.632098875632276513e-01 1.044047371530717194e-01 6.065631677939699040e-01 6.375408313230390700e-01 7.379953542601855876e-01 7.576434852463259650e-01
2.654101778129556999e-02 7.594757844060781027e-01 3.990461163063845906e-01 5.053075948693037667e-01 1.593160075042445722e-01 5.726287909942446852e-01 6.210590713908578087e-01 7.412761814863891852e-01 8.358675412503359103e-01
4.254174660038007039e-02 7.289822495597587659e-01 4.696504911132490245e-01 5.928765649898273260e-01 1.231648204823643650e-01 6.341093094499508087e-01 6.440793005427217777e-01 7.409001447730652057e-01 5.740525889007670468e-01
3.676549162974827173e-02 6.961232683497281526e-01 4.627851111893216962e-01 6.123760518885459359e-01 1.229818880737826858e-01 6.822296093386976956e-01 6.628872669288935482e-01 7.408824722443470012e-01 3.840964768094275450e-01
7.342808971396858064e-01 2.719647110949635627e-01 7.033055239639484091e-01 2.464126654197852928e-01 8.456318301450206354e-01 7.550943652538444351e-02 2.728830610276729018e-01 3.154520272031191008e-01 2.490933999261163434e-01
4.132884654256629986e-02 6.869268149615995744e-01 4.720450300192529092e-01 4.877925590848621873e-01 1.196751371917039591e-01 6.179186482788513457e-01 6.336482829716996168e-01 7.421088023931464717e-01 5.841651353487127274e-01
3.776579621755887795e-02 8.618558778444325164e-01 4.757720717333682181e-01 5.200853059590678784e-01 1.197275738463706024e-01 5.769864703425348074e-01 6.201567805771412978e-01 7.437462098863787396e-01 5.351893481137164343e-01
4.767794544015240693e-02 7.737493159947828048e-01 4.368897736058028336e-01 5.183085118208797804e-01 1.236150068624172760e-01 5.912942260544478135e-01 6.461409503176176461e-01 7.351012291502817542e-01 7.219980478073844132e-01
7.550809101474098561e-03 2.263127788452771738e-01 6.409940867502573747e-01 6.249410504578063463e-01 2.881688996347523402e-01 4.256954442935618199e-01 5.223355429134740602e-01 6.822957788415776603e-01 9.767943838999348927e-02
3.043760391793084996e-02 7.634764608739725844e-01 4.609082283591248164e-01 5.678439655521089202e-01 1.227022897511148708e-01 6.231777295409968165e-01 6.342237534092763918e-01 7.411814338262947555e-01 5.974197216147600908e-01
3.434109391133165212e-02 7.217873809220353154e-01 4.658914225766673800e-01 6.134386902299534539e-01 1.338931417531375734e-01 6.807094218505735927e-01 6.587900758876208407e-01 7.411338813689872795e-01 4.628974778057970418e-01
4.209454744059337727e-01 7.741757682545015173e-01 4.611061364081353031e-01 4.535649131534478795e-01 1.497383268045126559e-01 5.869795842318736856e-01 6.386566429044422399e-01 7.661595331934470954e-01 5.595208953790977713e-01
3.991868114165219444e-02 7.372735831465704326e-01 4.466903073545531733e-01 5.282970433167251123e-01 1.247568374319633910e-01 6.298040223182942432e-01 6.369319708986709294e-01 7.431923692683377602e-01 7.288118333698339057e-01
7.638539949772743531e-02 7.533257469370071568e-01 4.655098991492731542e-01 5.264662160573849725e-01 1.191977433979510420e-01 7.304009630991978863e-01 6.644105806750247867e-01 7.383391555497228476e-01 7.824039583463471281e-01
1.125046358737534780e-01 6.950869824152952070e-01 4.554927612813644000e-01 6.190852683754166641e-01 1.362902302723002501e-01 6.894627291827858384e-01 6.886187024357800501e-01 7.426546076232154459e-01 3.869703304962271995e-01
4.195345319550795871e-02 7.204280348243103926e-01 4.537419798391871262e-01 5.277941126099117142e-01 1.239104935264874752e-01 6.209802908877789518e-01 6.581866247043364204e-01 7.376721442365032910e-01 4.865962598362437719e-01
3.884769850938316754e-02 6.881280629096110379e-01 4.103067464198038028e-01 5.882236296812558551e-01 1.237720177031039620e-01 6.013407814803671814e-01 6.526451927249777851e-01 7.416680420657965067e-01 5.779265784087727065e-01
1.819394045990814224e-01 6.288502620654037312e-01 4.266197072512138977e-01 5.261272317241499907e-01 3.688559032509673985e-01 1.540284375182299215e-02 4.847782191846837785e-01 7.090472483080390020e-01 2.002078033170313354e-01
1.955440757557898035e-01 5.923524249693982169e-01 6.649556771475761963e-01 8.061780919093715081e-01 9.864503708069524701e-02 4.232691383166116705e-01 4.648503153672482457e-01 7.127113804353851778e-01 5.449393689911141703e-01
4.277044394155331275e-02 7.247321463265746777e-01 4.618634038940291897e-01 6.132343744404645802e-01 1.643500847779123808e-01 6.288980813168313366e-01 6.921640367624960488e-01 7.539029909221511838e-01 3.777323647712179100e-01
4.474637045337005042e-02 7.418592305838208611e-01 4.573675120181470155e-01 5.695862178614519156e-01 1.177470583866400550e-01 6.923445758878474798e-01 6.653961373561578796e-01 7.329628765293447756e-01 4.424926681005192375e-01
3.678062783816506143e-02 6.959767992891094934e-01 4.579174770236273950e-01 4.687233628773129768e-01 1.252644121303889135e-01 7.087865401927850861e-01 6.708129006221845714e-01 7.489010272138461044e-01 3.883022545875087217e-01
9.298094645125129509e-02 6.495549952182810838e-01 5.975135027280096267e-01 5.522622732052546723e-01 1.031562921949255862e-01 5.499844986534595526e-01 5.655588405823814835e-01 7.335869369898206926e-01 3.078931041309986294e-01
5.296633224986373178e-02 7.516496552827198752e-01 4.095988685600091550e-01 4.480494763228781707e-01 1.238459785373516309e-01 6.220032467323096670e-01 6.570471860666160513e-01 7.425806465315648586e-01 6.187430760452738987e-01
3.253348292449326218e-02 6.991080639082355441e-01 4.550011796869035119e-01 5.878459346183539935e-01 1.244106385746168442e-01 6.823559525911472301e-01 6.606352782539137714e-01 7.405997995497763942e-01 3.925853832926624043e-01
3.678321584083738688e-02 6.812442858591470918e-01 4.315080542873480640e-01 4.713824532089001540e-01 1.247259171915237053e-01 6.000454314132599443e-01 6.563658935430463082e-01 7.448861900791794444e-01 5.349828224514006081e-01
8.809696876412842492e-01 7.711893065835572214e-01 4.725252700375701109e-01 5.429208918562052899e-01 1.244202482725635800e-01 5.966262160180004770e-01 6.445073508783973892e-01 7.233180674891434014e-01 4.593747500306177844e-01
1.556791150123965906e-01 7.942357551842815777e-01 4.506623109349973677e-01 6.043380114684782090e-01 1.231023743567306178e-01 5.768235339012094398e-01 6.461436774157915952e-01 7.414281628719150419e-01 5.785887340890881747e-01
7.308998715032830051e-02 7.775425983377961536e-01 4.392342802132749302e-01 4.628682245052423982e-01 1.119226929811400206e-01 5.898588721336813778e-01 6.294544764744718357e-01 7.350850098978517488e-01 8.271549351393211458e-01
3.352607496143623911e-02 7.510361938603069554e-01 3.186879551362171714e-01 4.761582483312634118e-01 1.576111318238781756e-01 7.115600962327274237e-01 7.006422938872903794e-01 7.439621465119905519e-01 6.800815513577057603e-01
4.878451010812161898e-02 5.376871857351019912e-01 6.358550887375389316e-01 5.943110512453555483e-01 1.899060284202093996e-01 6.606123358801739842e-01 6.433546812304654638e-01 7.931767851361772870e-01 3.540245179206796267e-01
1.264365589469263196e-01 6.113942567175818521e-01 4.562414714286865403e-01 6.745531394631124611e-01 3.528957083352799451e-01 6.968634447012048705e-01 7.939991465490696676e-01 7.143603462556085137e-01 3.205703559792166257e-01
3.216255196404330108e-02 7.054181881651304664e-01 4.299423859950772253e-01 5.598503449549497857e-01 1.212896223806241014e-01 6.365655404003570661e-01 6.466463489261250475e-01 7.399255322907465349e-01 5.869700063547764746e-01
3.626447136373493751e-02 8.041491073346034302e-01 4.073723903209137687e-01 5.105193272823227435e-01 1.237771463696165919e-01 6.284237999971366007e-01 6.628818204606538034e-01 7.554195791082870537e-01 5.069275990705013335e-01
2.505241588145659670e-01 6.918046605984158326e-01 2.750367694489853632e-01 2.640703713876729752e-02 2.860324367493781716e-01 6.567706758141181878e-01 8.150180514334843807e-01 7.879309829608770466e-01 4.794396598379032093e-01
3.543717390389561350e-02 6.922849570551550258e-01 4.599895049621240961e-01 6.191438222181584461e-01 1.253522052484638827e-01 6.840649424588074456e-01 6.632760543230711292e-01 7.442823756629864951e-01 3.813048850517518629e-01
4.730021538847836715e-02 6.923024553971462991e-01 4.290726412383961130e-01 5.990692653792586420e-01 1.330561381409621768e-01 6.304172737453654918e-01 6.738380317416007292e-01 7.282856240572146422e-01 4.345953706793115323e-01
3.349858086460495987e-01 6.380131333644418756e-01 3.942066835830447258e-01 5.228087580561397996e-01 1.022285998335423496e-01 7.567721109740896956e-01 6.952898697243595771e-01 7.367229519870819310e-01 3.079167470021982322e-01
4.917402032764807418e-02 7.611813427856800596e-01 4.456404059898374515e-01 5.342839760233957236e-01 1.190534671106159154e-01 6.078139164119560345e-01 6.496311095444357031e-01 7.389358863052093440e-01 5.219822514993264218e-01
2.698023499423379823e-02 6.397606450404307310e-01 4.152374264719802532e-01 5.222393821117079504e-01 1.241317763989486928e-01 6.449989828150913818e-01 6.394879652932058400e-01 7.401566554269437548e-01 7.291449854195608538e-01
9.326534276206971397e-02 6.479240301324238338e-01 4.310792517221782028e-01 5.419540102889802702e-01 1.168558445581041744e-01 6.137098294860333647e-01 6.438254264882610212e-01 7.380819493601189496e-01 6.517808655019504682e-01
4.169722708064408506e-02 6.766528642801253879e-01 4.600376491669220802e-01 5.805219959374964267e-01 1.233532517756822100e-01 6.844327674538692730e-01 6.644873113523157571e-01 7.409109940658832327e-01 3.919868748589711571e-01
1.573109480386553072e-01 6.992220669178208503e-01 4.834455970006307779e-01 6.146093195269196618e-01 9.249478260031915311e-02 6.425868565803124488e-01 6.145839854665100521e-01 7.152738825096921493e-01 4.011068119657967834e-01
4.121884404122114903e-02 7.674071587623464419e-01 4.024477928722871578e-01 4.875199366165990367e-01 1.359173328167433137e-01 6.653501296467689841e-01 6.591055980586483232e-01 7.407929059421080042e-01 7.965465354387774033e-01
7.251240676949544106e-03 4.340617841728267035e-01 6.987631060734676991e-01 8.646616216282194678e-01 1.888261227202265302e-01 4.298612744140429265e-01 4.476965989980478677e-01 7.211706460969169452e-01 3.036962268877065330e-01
3.418556975194861347e-02 7.054568056513901286e-01 4.383241046055414980e-01 4.889169389539428923e-01 1.384815318595930544e-01 6.655539231031935010e-01 6.810778364884889635e-01 7.538505308687584172e-01 3.860332751167984688e-01
8.831949942442813839e-01 8.525120161501964500e-01 2.646658039942234586e-01 5.783780277767024414e-01 3.223057632485410440e-01 4.380945467610127819e-01 6.800582745560741493e-01 7.855943107427394434e-01 5.610015640704842932e-01
9.013329140138512385e-02 7.338105030462205303e-01 4.823031035330118121e-01 7.213904435995074360e-01 1.222565265694834369e-01 6.348484191930707787e-01 6.361610523450309529e-01 7.660749360569045763e-01 5.482934041776514889e-01
6.022477533732618904e-02 7.410534920083042820e-01 4.933082055434410140e-01 8.110987636297097847e-01 1.025170490874009882e-01 6.265165316646608140e-01 6.353011081504208457e-01 7.604275389330894530e-01 5.542105724844590409e-01
5.109561232114447765e-02 7.713624767713007646e-01 4.454909803271228652e-01 4.827135595928319090e-01 1.236159407571740254e-01 6.334974304954651414e-01 6.362465618667165757e-01 7.401606069615020989e-01 7.596682013048903226e-01
2.565463938637327912e-01 5.183339583529981143e-01 9.598960208044583498e-01 4.759957246384616258e-01 3.690425633868097965e-01 2.378861480098390380e-01 2.283139405492666807e-01 9.488283190179483961e-01 1.698554270810914146e-01
4.595582857394970855e-01 5.250840937086554971e-01 7.514880135207067102e-01 3.281182699895138222e-01 6.446577378995516083e-01 5.418898050554113999e-01 6.165549473394027480e-01 5.635530892413578297e-01 5.025166939699509117e-01
3.700134503842608669e-02 6.927090501606322226e-01 4.666349479568245862e-01 5.836648003924295169e-01 1.256579419007591292e-01 6.834959315479156583e-01 6.616457044953922839e-01 7.469400951185285464e-01 3.855691628176090013e-01
3.170256105844298372e-02 6.961211894169450076e-01 4.591027866266686464e-01 6.001064536841163033e-01 1.233546792829165323e-01 6.996924601196091720e-01 6.643284186629573318e-01 7.434276030314783679e-01 3.832903710297569377e-01
3.860807061361702652e-02 8.156096386805828935e-01 4.470206401479982494e-01 5.100630363952665114e-01 1.220215070433053883e-01 6.059349058559166945e-01 6.385465506413879888e-01 7.445184129931476935e-01 6.440051396930412952e-01
4.348518631390513312e-01 6.230756378441464349e-01 4.331352566479214072e-01 7.792258133453145996e-01 1.955434120554644939e-01 8.083503557126872074e-01 7.308557671209513495e-01 7.783445786556024704e-01 5.856663799320778185e-01
6.791326148872982305e-02 7.226152351281988073e-01 3.996660174132208310e-01 8.293107599157799603e-01 1.601382576175781058e-01 8.062067204801524056e-01 7.086165117955959269e-01 7.325439549395265093e-01 6.626500662404521957e-01
5.089259526558246316e-01 7.294273749641909665e-01 4.184441246562481953e-01 4.394993172439877194e-01 1.051775168841971864e-01 5.726597738685579309e-01 6.372120861455650154e-01 7.319538925594751833e-01 6.086955066493973110e-01
