-3.614053371359024491e-02 9.422066833702273936e-01 4.890516483634970712e-01 2.768030187285589472e-01 2.608891230513867288e-01 6.039802366936812827e-01 6.036982497883456311e-01 5.094584001946043106e-01 4.087725201650016515e-01
2.802901810264410987e-01 8.156312951463139393e-01 5.915867560099601352e-01 6.802291705728295002e-01 1.946521490211975403e-01 4.908921987940347842e-01 5.151921894064681595e-01 5.803260296432315446e-01 8.150690572528447309e-01
4.772525210625764430e-02 7.154854864638884315e-01 4.361221471392471294e-01 5.326275106948811233e-01 1.227405962737936757e-01 5.745262455576110039e-01 6.436396597449232093e-01 7.415399335585264318e-01 8.259559658137196614e-01
5.228886087380101716e-02 6.952596376533646261e-01 5.162173383339085930e-01 6.389519237965066711e-01 1.118121729162560168e-01 6.331593827152905973e-01 6.198843723049518584e-01 7.586308917195586643e-01 4.434747985162040829e-01
3.517357824129289240e-02 7.191844315457318615e-01 3.966943390321786000e-01 5.808066206360861239e-01 1.253057298674879472e-01 5.494927461863162721e-01 6.283407382946361031e-01 7.562492507831599653e-01 7.530920319533649376e-01
3.922333211379133711e-02 6.847333249341616135e-01 4.548941929613972146e-01 4.556323545910936357e-01 1.186514142994702925e-01 5.839981881269985520e-01 6.305417963603553444e-01 7.381925126490131994e-01 6.373953306998058066e-01
4.556445951177495041e-02 7.256804891360375542e-01 4.288527109078235089e-01 6.120699253838520759e-01 1.231638081097116144e-01 5.523268742620041083e-01 6.249983217540313607e-01 7.362376457939227015e-01 7.355067734097318066e-01
4.843255893544150259e-02 7.225530308107341870e-01 3.977167232678083253e-01 6.130100281701277298e-01 1.191126493393895452e-01 6.068746788420497085e-01 5.934475115170932957e-01 7.366793666963108445e-01 7.437699879172003925e-01
1.654038089696005798e-01 7.568790474520309397e-01 4.379907390442124293e-01 4.498717554318189538e-01 1.274541743520046511e-01 5.188831871223930081e-01 6.343860943228282201e-01 7.361800637614902554e-01 8.390346017053773586e-01
5.661925472878560905e-02 7.118349672393627925e-01 4.232267227281635291e-01 5.509021779858884749e-01 1.238621585664852892e-01 5.864714817957606963e-01 6.340964404213639272e-01 7.448492401329260826e-01 7.044016293908665904e-01
3.876088066379375363e-02 7.213084426506845004e-01 3.929974591702084519e-01 5.594838543898605909e-01 1.224177638971572640e-01 5.635355656765589361e-01 6.119385407814026401e-01 7.395694851176680684e-01 8.292379397358263793e-01
8.976453298221868937e-02 5.864044078010310912e-01 4.014844370098392123e-01 6.671424083987040898e-01 2.534005077968720654e-01 4.621319770823867357e-01 6.027946794366776384e-01 6.607244283907162119e-01 4.111035155691799003e-01
4.370257862278006944e-02 7.555911825673421456e-01 4.200510453178507020e-01 6.080245058852365991e-01 1.223965641139977134e-01 5.617127159613378717e-01 6.403830315530574246e-01 7.405093662967420221e-01 6.632209547445322428e-01
9.267966108219202748e-02 6.371729289016283548e-01 4.052385318182269991e-01 4.475026456908926531e-01 1.157527104749065949e-01 5.528740869311512540e-01 6.321926279954892536e-01 7.367491972748599904e-01 7.670188426718946850e-01
4.783940038376669618e-02 7.443638803839478513e-01 4.335396557634335069e-01 4.572859292836201073e-01 1.223776881081583973e-01 5.666506468753339520e-01 6.261539002902741791e-01 7.342521279400271439e-01 7.612532051349447659e-01
4.693277695935808153e-02 7.366384434721614527e-01 4.547877799119702247e-01 5.461285947863498969e-01 1.216280140939365456e-01 5.386224146266618273e-01 6.293290683405695640e-01 7.405359678658219869e-01 5.214008980788078507e-01
-2.755701036832967910e-02 6.905410489803723850e-01 4.896237518259792809e-01 4.743088350866172531e-01 2.875072310645999663e-01 6.442992642643026180e-01 6.107359555065544621e-01 7.551500203746008832e-01 1.793055586491403841e-01
2.963960685322980862e-02 7.037689756184433154e-01 3.201951790072348758e-01 6.370080718251645013e-01 1.169212817095864609e-01 5.413633649930549296e-01 5.457686557900566227e-01 6.739950799972704854e-01 7.976718685920820562e-01
6.417728922712133410e-02 7.567625688892790636e-01 3.928110901620550655e-01 5.401397401022908218e-01 1.190034822931892444e-01 5.538124717960281052e-01 6.626986985025739019e-01 7.419832024559370742e-01 7.202268263645964508e-01
-9.503689115363193884e-02 7.191437848193180660e-01 4.146701559642253510e-01 2.211196552040583241e-01 1.157241065198009733e-01 5.398109714321167596e-01 6.186451696074821704e-01 6.803289648445091098e-01 6.766411256195679069e-01
4.289112707571836325e-02 7.752835603935479547e-01 3.486083503179022713e-01 5.378407993761310513e-01 1.211465556424545092e-01 6.268220071652019776e-01 6.401063875666083147e-01 7.402758780996274712e-01 8.841743866224419657e-01
-5.234485968803146427e-01 6.174442184679357348e-01 6.864860764185845010e-01 5.416491390448888721e-01 4.109223319217737702e-03 5.632848190804523592e-01 6.267948099321711819e-01 6.442877724989388710e-01 5.508535709109789735e-01
2.615138799587175822e-02 7.161500432375041969e-01 4.316514259104222151e-01 4.884276839841463769e-01 1.214460159830131614e-01 5.152160806147902949e-01 6.475778061307363442e-01 7.502506895001125331e-01 6.346415941248942927e-01
4.385675381324716932e-02 7.094631893365981323e-01 4.143480579124902419e-01 5.510614935786334323e-01 1.317661978398861622e-01 5.758845090276687451e-01 6.380277996131130669e-01 7.406657381341893442e-01 7.739251135514959579e-01
1.648917335676002849e-01 6.923950210336941025e-01 1.381597420663018383e+00 6.415022624011399444e-01 3.010859545749766664e-02 2.994699001291256657e-01 6.142043127659549961e-01 7.628170421354699693e-01 5.000084544471474768e-01
1.012707928999663498e-01 7.103157097706532808e-01 4.573188456395622103e-01 5.697277098817383756e-01 2.421565868928813314e-01 7.161733953841404876e-01 6.055460313256951776e-01 7.449441831147755044e-01 6.431416395089903926e-01
6.934263472584295540e-02 6.943868626226169516e-01 3.942701865964552410e-01 5.398422131491291687e-01 1.174704156778381692e-01 6.006974689923281208e-01 6.542440320696606415e-01 7.367969475960995940e-01 8.214682644122608401e-01
5.117368969250407629e-02 7.201635622626025857e-01 3.925262726186896645e-01 5.684089632188131791e-01 1.213668102155607137e-01 5.431749077443199791e-01 6.114888474195750989e-01 7.222032592537878104e-01 8.657354331122699698e-01
3.820459621137579920e-02 7.270357924175281372e-01 4.023725483115688784e-01 8.749886777239722635e-01 1.194010867607608051e-01 6.242608394856756782e-01 6.275503681076858298e-01 7.400297428656092968e-01 6.318941878633310694e-01
3.693639986328718650e-02 7.432024944349212570e-01 4.233189487487913905e-01 6.989720445092215684e-01 1.269128345696051707e-01 6.517365696755393900e-01 6.158619567264441708e-01 7.370487596552728338e-01 4.821085047654981581e-01
7.463655163949349802e-01 5.882390580902148169e-01 5.876271116276443607e-01 6.148260465668525798e-01 5.916645301357895681e-01 6.421631123094060367e-01 7.698674840696592137e-01 7.670033006485259541e-01 7.996526835012527368e-01
1.242142380103329335e-01 5.743924417314467679e-01 2.331810144703493071e-01 5.211276895160890099e-01 1.313642186650219312e-01 5.172192567400250018e-01 7.019367734606063447e-02 7.302786696500007668e-01 1.413097841075393324e-02
1.324870552998221040e-01 7.308430848295033311e-01 3.576891421354804201e-01 5.664518143161310082e-01 1.202015592986723780e-01 5.514568308598297719e-01 5.493567722264772746e-01 7.396926010580501254e-01 8.858309385850037243e-01
6.754386950075538798e-02 6.187855261161291365e-01 1.999757830412785542e-01 5.433372331437698044e-01 1.217451753292575489e-01 5.786624363188566100e-01 6.623007994240153185e-01 7.408331058639806566e-01 4.074385471573924167e-01
5.400566385557395432e-02 7.183517075168354138e-01 4.051867773603346490e-01 5.780508424404022794e-01 1.156121908429585954e-01 5.711623166265802354e-01 6.217481284803886288e-01 7.384565121314798919e-01 8.060005401262416713e-01
4.674306297701467244e-02 7.167584254709734592e-01 4.073918669728467945e-01 6.122099751481671071e-01 1.234932310151694024e-01 5.610517450539669326e-01 6.297211045207595781e-01 7.379850184928404833e-01 8.186123774668224717e-01
4.084398558291354314e-02 7.272972389707600405e-01 3.640994312479653439e-01 6.114283319525576355e-01 1.238517225073285238e-01 5.726740780048770185e-01 6.343888866748258470e-01 7.404732980836919998e-01 8.121372927509529216e-01
1.740950776677475595e-02 6.538905778135593039e-01 3.788947189968722706e-01 8.170804425383120240e-01 1.192898886616854115e-01 5.626746460429394858e-01 6.453785191980563329e-01 7.410496594590798569e-01 7.574890174726346403e-01
4.357762621532169228e-02 6.859163104641747832e-01 3.836993208984060821e-01 6.258626121238124451e-01 1.192292978362388955e-01 4.966281940895238556e-01 6.262861650529482072e-01 7.386338481298470038e-01 4.512464267310202781e-01
4.454536949741779578e-02 7.679323639697041015e-01 2.728693899719297766e-01 5.323851092502316362e-01 1.166414602084448054e-01 5.219161930582212339e-01 6.003227040905839695e-01 6.355287405774291409e-01 3.534627064158187837e-01
1.858379122067500278e-01 4.616179566950013857e-01 3.513750381748210749e-01 7.885434845140264493e-01 3.126270953970469169e-01 3.227288298989339776e-01 5.541257394450459506e-01 7.316525221423380021e-01 2.865355351106921855e-01
4.360786029060136765e-02 7.311368629629904081e-01 4.177421941489120605e-01 6.044726721865759655e-01 1.233081372696793743e-01 5.627813331109320361e-01 6.339283789644089007e-01 7.412272482293719156e-01 8.722826082154190308e-01
1.068086617167436220e-01 7.210301623858907938e-01 4.040869699364204592e-01 5.604505075930957814e-01 1.141319350127017046e-01 5.139125627242235872e-01 6.187296205092526202e-01 7.308579205332400575e-01 7.855744730165036271e-01
5.404151991473283428e-02 7.333964593464594728e-01 3.984980538167333664e-01 5.974181097405740770e-01 1.194039762298178264e-01 5.984904070996580616e-01 6.239436163802796198e-01 7.389632400067185358e-01 8.780920479427198888e-01
4.242827180253494479e-02 6.981349560079741501e-01 4.250902069612309542e-01 5.741130703239281097e-01 1.177153563420209048e-01 5.088640289359881441e-01 6.126521771196151711e-01 7.373660831858814824e-01 5.659720417192399822e-01
4.627545089901085457e-02 7.702032696342197005e-01 4.032361863857433781e-01 5.847374960663390686e-01 1.239481725054418226e-01 5.954894073950436351e-01 7.151407106246400192e-01 7.423073231547052675e-01 7.019244732069643833e-01
4.005936893479682959e-01 5.663670933266321539e-01 7.891326319806339917e-01 3.999539457853519830e-01 1.725808809398615140e-01 -2.125923822110775685e-02 9.418178412814481870e-01 3.815991855369589847e-01 2.755918024872213712e-01
4.348194798715598886e-02 7.076851431020858563e-01 4.565067814440815219e-01 4.938689626586254544e-01 1.171198524777366801e-01 5.942034864651021264e-01 6.173434070249369521e-01 7.348062891524953510e-01 4.578335619502996723e-01
4.478883168785537106e-02 6.855119563526889115e-01 3.440732555800724013e-01 5.629967757929003058e-01 1.200456898896365698e-01 5.544949377573120675e-01 6.284805171178780014e-01 7.418686346119310882e-01 7.592009560082759734e-01
5.690824540732947190e-02 7.334653663390386935e-01 3.681979679975412867e-01 5.546144609700284223e-01 1.217558427474681043e-01 5.598409447147372209e-01 6.341562111523623146e-01 7.367804765883902984e-01 8.365206661460878879e-01
-5.057361239027502453e-03 7.185672011034309747e-01 4.377200463711452549e-01 6.346678959313247770e-01 1.292988434044057000e-01 9.998481792909036381e-01 6.310354347945077436e-01 6.687732932012591114e-01 1.181250036208348453e+00
5.394119251340852988e-02 7.487691493458469294e-01 4.408108435269482150e-01 7.871896838929295370e-01 1.125409772690911803e-01 4.644560694967380665e-01 6.263470424085693100e-01 7.534396554405036195e-01 8.621496198097395869e-01
4.867841073016788284e-02 7.943628405518581292e-01 4.097459421972339255e-01 4.965618389609420813e-01 1.145706949890573784e-01 6.185611517465580134e-01 6.154755339549772275e-01 7.374541641247551738e-01 7.681769816219625735e-01
2.660332199780948148e-01 7.646701447538218899e-01 4.597045190422545669e-01 6.541315721213618595e-01 7.247394086099501198e-02 5.937600770746614964e-01 6.373867254198105625e-01 5.882104076794084646e-01 8.776705093364259858e-01
4.209719634749740924e-02 7.384680116777866399e-01 4.247222823119426449e-01 5.976566050903714400e-01 1.212588712936168711e-01 5.851922735530188380e-01 6.304177659094842845e-01 7.375914430951374667e-01 7.852372247327659149e-01
4.163539293577995376e-02 7.198674468003547489e-01 4.054211198207464673e-01 5.752391350890767585e-01 1.231978269010865074e-01 5.433350933270828520e-01 6.385671034518751732e-01 7.447157961240850055e-01 8.822005132020696028e-01
3.001500909508003079e-01 7.283174533783500770e-01 4.437929719501261805e-01 6.104168652665907802e-01 1.124929901128672305e-01 6.681497724524844140e-01 6.722855662784754660e-01 7.395372593846071263e-01 1.225340019703109462e+00
4.256463561428275311e-02 7.192822557662437166e-01 3.760567329179353435e-01 6.473789303027546183e-01 1.219248507947557486e-01 5.045704768335278478e-01 6.344304636584793267e-01 7.375324604932093076e-01 7.347632495492775195e-01
4.419961393244112302e-02 7.169435813579921879e-01 4.032528771820012015e-01 5.807930025741303570e-01 1.228459593119631821e-01 5.761495532260871855e-01 6.426284176334495779e-01 7.398391650595304014e-01 8.154523921112311058e-01
7.789531120960452304e-02 7.072957119030757189e-01 4.169493285255450599e-01 6.142872465397883897e-01 2.069794141929560127e-01 3.955331146915910812e-01 5.439640679997003181e-01 7.195361565111949576e-01 9.999549306221946487e-01
1.821985201620356376e-01 4.103463757480315666e-01 6.776771515935995360e-01 5.949757498310493942e-01 1.189769902820338315e-01 4.493706971244713078e-01 4.391861647234517330e-01 7.269110684069215456e-01 7.650971771320231873e-01
9.228916852153804321e-03 7.117841037188855635e-01 4.725126771378735380e-01 6.228096922542315506e-01 1.191873854043770248e-01 3.864364352915030110e-01 6.371865535046261630e-01 7.868844749128292015e-01 5.402261609411436183e-01
6.549367380945100847e-02 7.338632732503550526e-01 4.117375558761909304e-01 5.919904735631477122e-01 1.261502525061000413e-01 5.793394276137959764e-01 6.853577656056226708e-01 7.412697219189634534e-01 7.785593900772678211e-01
2.184811188395894416e-02 5.268178402026729712e-01 4.803667739115815016e-01 6.202073244734365165e-01 1.196564108954617373e-01 7.689316428096871769e-01 6.612850809861655632e-01 7.524299175764441738e-01 6.808053470157500175e-01
-3.126380654874265363e-02 7.342473221085636936e-01 6.248628920533795261e-01 5.540654389199574092e-01 1.471139026671481886e-01 5.744900917961746067e-01 6.334638614398393486e-01 7.325221438229381210e-01 3.506746110295499430e-01
3.579095023669553316e-02 7.448489448445216876e-01 4.272415528155655284e-01 3.539523679972473857e-01 1.205304208023835200e-01 6.167712089543255782e-01 6.145233578221205306e-01 7.284235990883056733e-01 6.481758281867144866e-01
4.749047682802105819e-02 7.081379910016682988e-01 3.355746664930222001e-01 6.146092863858267918e-01 1.240636385611252751e-01 5.262029690772899171e-01 6.294421585663872998e-01 7.375490498086649804e-01 8.697825795329735543e-01
3.622436257911838819e-02 7.673387639995007392e-01 4.013570433752902122e-01 5.114924280915458255e-01 1.236881114050016606e-01 5.286300848355908188e-01 6.494121532169877531e-01 7.338529757579668189e-01 9.158836557114806709e-01
1.433602767136535228e+00 7.704578941953710292e-01 4.392381708575927024e-01 5.666089136778605928e-01 1.227450646636893683e-01 5.723457218908782895e-01 6.441423739450922170e-01 7.323275516175085098e-01 5.111942755009222239e-01
-1.586962962837175362e-02 7.070064605498918020e-01 3.941920793174902848e-01 4.266800078338859881e-01 1.170450407630171247e-01 5.331069753588348892e-01 6.244113588562830719e-01 7.386899591918689723e-01 7.730686191844715616e-01
4.473308764491672890e-02 6.966631224854684667e-01 4.175293732866157126e-01 5.350426651771188480e-01 1.205571797102073101e-01 5.614574341329721108e-01 6.090494932018181151e-01 7.371639115523933583e-01 8.158531800110129240e-01
2.990910883376823176e-02 7.325542526108409502e-01 5.130537157736791976e-01 6.109134618836515873e-01 1.285640638435400218e-01 4.884413313158653125e-01 6.452544477358236330e-01 7.368846976450442732e-01 6.816656161199927677e-01
4.333280967158988084e-02 4.632731037445923516e-01 7.915587119406031213e-02 5.442692392823516023e-01 2.001421937717888511e-01 7.555161205478354569e-01 6.449370536195644377e-01 7.377000153928057191e-01 5.987916959336957445e-01
2.108065489446610263e-01 6.756051478509431663e-01 3.622131958602087809e-01 7.362361889252719838e-01 -5.088920036082586473e-02 6.270201199770548683e-01 7.591099766266347082e-01 6.992526203637118298e-01 5.253294284118896762e-01
3.149067429378765715e-02 6.910643928506027267e-01 4.153281730689089013e-01 4.770719445288207350e-01 1.133747949275152878e-01 5.996377577167125716e-01 6.369884770335186852e-01 7.370567755157320100e-01 4.785401237660208418e-01
4.819530386997283172e-02 7.167884030014238794e-01 4.367236530557990215e-01 5.912221960227335149e-01 1.247405934950924916e-01 5.173188004893908287e-01 6.052714761696944556e-01 7.474667511601845726e-01 8.834209512481262516e-01
3.013357579029276589e-01 7.324240326402271517e-01 3.447557461689262359e-01 2.497807408150781727e-01 2.364337050965760467e-01 5.973583404729946311e-01 6.633917182178028504e-01 7.753346484417165119e-01 6.184285011039549751e-01
3.752495300418857288e-02 6.746443425529892179e-01 4.317920254844581640e-01 5.980831395020697050e-01 1.228374108128075792e-01 5.675809073309571184e-01 6.705566896598363913e-01 7.415706801238640677e-01 1.041598721389571658e+00
4.153941097041009139e-02 7.055826654480111815e-01 4.309728916602839632e-01 5.398222787674367140e-01 1.274487524533677307e-01 5.505116257595787932e-01 6.213693777924320649e-01 7.278996970407793921e-01 8.003057825432918770e-01
1.665344371550079861e-01 7.581542451479763578e-01 3.894350168948009228e-01 7.263887700749306342e-01 1.163871636915008861e-01 5.679217019359883434e-01 5.989049446643577301e-01 7.361546137341706819e-01 8.381941302559380302e-01
2.548531041853136642e-02 7.555122609398041700e-01 3.976770430107015031e-01 4.485153354162534356e-01 1.174922243200061667e-01 6.388801249042366237e-01 6.457953836320752261e-01 7.371426577620345810e-01 4.198001109691509303e-01
1.458751887262188518e-02 6.667158045046007731e-01 4.050599221572165898e-01 4.759038593236583625e-01 1.222396618349488318e-01 5.429398396764819612e-01 6.141036009477106594e-01 7.385835534120771539e-01 6.755371647150447689e-01
5.600062746474335912e-02 8.213496099177834964e-01 4.147060622031238375e-01 4.843897869014776036e-01 1.235761291679580431e-01 5.115882652683957366e-01 6.323270046244362508e-01 7.378454763910209380e-01 6.570266747400620444e-01
4.506086057635060732e-02 7.620839947790154500e-01 3.577934897389970503e-01 6.012871933372985200e-01 1.239235508326193419e-01 7.551276570380300868e-01 6.543188017488169583e-01 7.383342897016653694e-01 6.336124526756310438e-01
3.580776263427533357e-02 7.245413515973202490e-01 4.460939390591110998e-01 6.314215556547898567e-01 1.334772763730981970e-01 5.569236344214605339e-01 6.376512203834520109e-01 7.284014432614437373e-01 6.025064243037008271e-01
3.149075580845740741e-02 7.322260343564530594e-01 3.971201756407059524e-01 5.532961875803841245e-01 1.332050254826183944e-01 5.768731019862525233e-01 6.212423334042045386e-01 7.355633252219765383e-01 7.791709006094866830e-01
5.061250099846575923e-02 7.440729244280130938e-01 4.286135317079989848e-01 6.542922782406586091e-01 1.681723381707052600e-01 5.053636034169578517e-01 6.414748042734792488e-01 7.273012447874480646e-01 7.736748536110933383e-01
4.282765128388783815e-02 7.121152353689310655e-01 4.064080702583346416e-01 5.447197431217633001e-01 1.197462787994992978e-01 6.459633102631378021e-01 5.556646906577941136e-01 7.240230349993069803e-01 7.680217550667355342e-01
-2.871306742713231053e-02 6.163150006299634720e-01 5.205091459577506630e-01 6.203650853638644769e-01 1.259401632390645398e-01 4.130768096021191216e-01 5.166412047587376488e-01 7.288272651305032213e-01 2.189051316586346219e-01
9.371716802825641457e-03 7.246406788237537144e-01 3.768928478510518709e-01 6.037762153668917442e-01 1.181047783198729967e-01 4.985031169560371622e-01 6.253439746115682096e-01 7.152532137262685996e-01 7.759941404411110355e-01
-2.165533371102784654e-03 7.341554341004381534e-01 3.960144711250906946e-01 4.740558821017853974e-01 1.421724414594575658e-01 5.545167313075930471e-01 6.337130175868922466e-01 7.461508506747123182e-01 7.218197027940032040e-01
4.774573430098166121e-02 7.470443122317673712e-01 3.744233019474326185e-01 6.129109239698968814e-01 1.232602248081353935e-01 6.194530590493108058e-01 6.204775064160860110e-01 7.382766539298338815e-01 7.790711363032769565e-01
2.237849388905978690e-02 4.310572608772990089e-01 1.493288426753950349e-01 6.945146869009805046e-01 2.805664717646679795e-01 8.674784234079566114e-03 4.825513759574824313e-01 7.060982100842803089e-01 1.713155485021748414e-01
6.866381366257727492e-02 7.454958152422010986e-01 3.880736755375131519e-01 4.574087294830125883e-01 1.555844779353144913e-01 6.169403543582389071e-01 6.418668641672604647e-01 8.187948176584521898e-01 8.824820547289662365e-01
4.485479295648233528e-02 6.633660305255939527e-01 4.102666106360313703e-01 4.852350954245001069e-01 1.246127717359371140e-01 5.439712660522519894e-01 6.355540696986354821e-01 7.378598921991208481e-01 7.840868183697214944e-01
2.588448755226713249e-02 7.051234167030870914e-01 4.525149905098882486e-01 6.195781186439214272e-01 1.150270729465868863e-01 5.564299463810673529e-01 6.152149836303619779e-01 7.390810925106446883e-01 2.173072832064585347e-01
4.545434814146098040e-02 7.939658497033591500e-01 4.456468974499617763e-01 5.913124832323033431e-01 1.238191972409804081e-01 5.696279860781423565e-01 6.528857494925378591e-01 7.319432695541745471e-01 8.757882823523583937e-01
1.140582772559133040e-01 9.574694501023343074e-01 4.401065233378239627e-01 5.165880346076892060e-01 9.601948825950706867e-02 5.069493913089265780e-01 7.197832768399601289e-01 7.213443816829039346e-01 6.077737911231066992e-01
6.255061431954860030e-02 7.438448402764945566e-01 3.968711592345215977e-01 7.451115325642576614e-01 1.382977639617208043e-01 9.599104046903668142e-01 6.701673516591960533e-01 7.335804391123270651e-01 6.913883691971687284e-01
-1.187521075263058556e-01 7.146954227896147316e-01 4.089131776765292381e-01 5.448433533917003135e-01 1.013849844676720652e-01 5.652179869965956449e-01 6.350616333135656877e-01 7.135517125524336590e-01 9.281326769232377538e-01
