1.087489565337568520e-01 6.157881215614127157e-01 3.350824258012157775e-01 5.673608973357691099e-01 1.760846089235593714e-01 3.367858202165467940e-01 5.872834266545460258e-01 6.215133233203418150e-01 3.471121913860463204e-01
-2.757605702670986036e-01 5.097774311501808153e-01 3.489309916405675116e-01 1.052126919717108144e+00 5.820987173743561449e-01 5.104669012573144204e-01 6.269485536892446254e-01 1.192367926457247318e-01 4.158946780436551527e-01
6.739170302036467941e-02 4.945973913843060288e-02 1.765960650728248815e-01 8.240822502489586476e-01 1.724683128996553072e-01 7.732036023715198603e-01 7.602557912726818357e-01 9.737006621751942426e-01 7.737021419192936511e-01
7.876081054441810281e-01 8.170125762774731459e-01 1.608029677450063255e-01 1.074773179513868637e+00 4.810205824194337398e-01 2.277047471922999389e-02 7.812498051089625806e-01 -4.788380365445465969e-02 4.086209005634671154e-01
1.464314166562673825e-01 4.704242586295998008e-01 3.295401125594319414e-01 9.907121013265139942e-01 9.227625677758422018e-02 6.101463341232221671e-01 4.188086561402311059e-01 8.425579831961151900e-01 5.267267999403183465e-01
5.727854911469723032e-01 3.413077749726765031e-01 4.600170597433475006e-01 9.350750722675291726e-01 1.138472862876199060e-02 5.116930219640483113e-01 6.178157222270832527e-01 9.078559428645401885e-01 5.127786884236654741e-01
1.509914309199929250e-01 6.253499537485519566e-01 6.198518227934199931e-01 4.088425301292559766e-01 1.661059725740035575e-01 5.390442557652943556e-01 8.879893556137603561e-01 5.835748474833821753e-01 3.625079091040818713e-01
1.092218255524107645e-01 6.414745443339781028e-01 5.028844479839746917e-01 8.410313382881359212e-01 -2.934448026493727268e-01 4.390108222164908480e-01 7.905656480169545031e-01 1.364159867304448159e+00 2.966935426227432782e-01
1.966591578405363361e-01 4.829738595565211123e-01 7.997598390370701527e-01 9.293026648849959104e-01 1.806782657068100317e-01 6.619350793116218767e-01 6.537800397876358804e-01 4.922429956252216132e-01 3.460367271039884729e-01
6.292518654547614165e-01 7.693584410377629634e-01 4.053620999315952766e-01 9.523340625281045968e-01 3.814405712060157105e-01 9.976910634076872064e-01 1.183535346268199895e+00 9.106278944046608537e-01 5.488529864296366467e-01
-1.343688072685963464e-01 5.571780009865240357e-01 4.200809804864680252e-01 7.959776980527875079e-01 2.034246164423812453e-01 4.275281286961576388e-01 8.008715657741609650e-01 5.874065836936925855e-01 6.111996757852425910e-01
3.470197948226412255e-01 3.846824894997493693e-01 4.112675358294435868e-01 5.640857016792618639e-01 3.261086190677420227e-01 2.849557243670379769e-01 5.982495814508093090e-01 1.104146634344203681e+00 1.529163070043221828e-01
-2.745547406860687767e-02 1.006468854330887508e+00 5.718056514795388789e-01 1.060923232200981614e+00 1.601856514597763959e-01 5.304897386442903873e-01 3.676393735773682003e-01 7.052056130858896932e-01 3.446120692962691412e-01
-8.155266723527565542e-02 4.514892135181678423e-01 1.421676552906459279e-01 1.289232020379124544e+00 2.346266809832166511e-01 8.697294649258839883e-01 7.426066260860408885e-01 8.271489894363411866e-01 -8.759436353257599173e-03
2.194489029506070665e-02 5.139793018575223860e-01 5.385556784486167370e-01 9.816798780086138931e-01 1.406866533411815223e-01 7.656710859496976829e-01 7.175210042763238150e-01 7.049565466651819268e-01 4.182470298448936474e-01
5.260493463052059449e-01 5.371396113296675878e-01 6.096893732122884435e-01 9.593399790283727580e-01 1.065655180767711707e-01 5.090359986615473620e-01 4.045313562264578056e-01 1.189241749301929607e+00 -3.429647386348810834e-02
2.479453835538651951e-01 4.931047462244253499e-01 2.473739170610015636e-01 5.464667839196890586e-01 2.389390413504270394e-01 3.469584667122874166e-01 4.379654932428918013e-01 7.942082868136158824e-01 2.373392857933941391e-01
1.938081770889314437e-01 1.458468433037217071e+00 6.542341181469655265e-01 6.092374363810646454e-01 2.140624333713939953e-01 5.919143161591485791e-01 8.596597474685039320e-01 6.188056445772831538e-01 5.181377332588063545e-02
2.894791602910493089e-02 4.286711657725139624e-01 4.187322116294410757e-01 9.911908159838546117e-01 1.290686195822131344e-01 -1.482425219983073972e-01 7.654055086515143547e-01 7.517885700448182495e-01 3.825692568046020203e-01
1.373873749733254823e-01 6.706927808871168128e-01 2.444566583895702028e-01 3.597725892734573994e-01 2.690560620619708021e-01 8.587500270134129643e-01 2.857546523451021114e-01 7.574100477204052106e-01 2.748294496764394079e-01
-4.505312172406525373e-02 4.276292709137942127e-01 1.770199017239877382e-01 1.001177187472900298e+00 2.256570931272530167e-01 4.665664251588382827e-01 5.932636532970134713e-01 8.183060209362603699e-01 4.377530840961140757e-01
6.904419585052284924e-02 6.407359903081595309e-01 5.962937171097717481e-01 8.025130618847496899e-01 7.803822524744954414e-01 6.621815366581620399e-01 6.063524408809972677e-01 1.123773067798734093e+00 5.696606232114623802e-01
-4.610475990902140886e-04 5.210561020598080129e-01 5.106232723626437098e-01 7.874703889782572741e-01 4.974441642852941992e-02 3.682128282944491238e-01 3.338974312427755997e-01 5.252244523743614391e-01 4.569458187314023312e-01
6.231040050707677969e-01 5.487760230533874628e-01 4.301398152832842658e-01 8.686708715726058072e-01 4.846706134909609665e-01 5.793465730706730543e-01 5.650249597260343926e-01 6.712768211407054153e-01 3.336994904284398267e-01
1.911878579268270761e-01 4.987946499595390937e-01 9.217119259504634732e-01 8.924865745360240910e-01 2.531619926717418867e-01 4.250677151042346891e-01 3.031241725710561719e-01 6.573858925798587993e-01 3.148576643075853276e-01
-1.273327170244997752e-01 7.129826346711425344e-01 1.338267478461936610e+00 1.004534156052742100e+00 2.080153011084766024e-01 6.239205741656103088e-01 4.221680893886884389e-01 9.921626254642362808e-01 2.722185326571414654e-01
1.787017394290546513e-02 6.087740651975270811e-01 6.918997630457147663e-01 5.513678766813930876e-01 3.001450427860006820e-01 -1.930358498048565519e-01 7.385748497653301659e-01 2.695411252423143278e-01 2.321143116398671769e-01
-3.131611221005175527e-01 4.801517770802005147e-01 4.609937050750480547e-01 6.388015237648154709e-01 5.805934925366390553e-01 3.293873069656878538e-01 6.964810800501741728e-01 6.121815767227490879e-01 4.973281021989008344e-01
-3.132894137906233611e-02 5.844882807832757488e-01 3.214809074287253710e-01 8.168218870654656572e-01 -7.865117631676085685e-02 4.286314125407076903e-01 5.317372330926002366e-01 7.563990726107667761e-01 6.472859685123569795e-01
7.807346779988973140e-02 3.042974598468469183e-01 3.149706929842109870e-01 8.265451278793680689e-01 9.600792124367102387e-02 4.312395494775617122e-01 7.926714606236071603e-01 7.724025263469311842e-01 1.062980190716302509e-01
7.860893415417435914e-01 5.256978341325699855e-01 3.684862398488072399e-01 9.789033225218467527e-01 5.193577111948036729e-01 5.765870610531143026e-01 6.683868520256258661e-01 3.203786519651981024e-01 5.438297645753406018e-01
2.759781046001125171e-02 5.136918120023648004e-01 3.661185253962720987e-01 1.126423883376869162e+00 1.530300048155101567e-01 5.879337442160713634e-01 4.995003943952787129e-01 7.963532803560799955e-01 4.150477228068522040e-01
-1.049468024325504456e-01 7.317444748220128803e-01 7.825649819470884561e-01 7.387389093016021313e-01 4.010271310598725880e-01 6.927865833796916784e-01 6.269811543139572896e-01 1.238207800919206569e+00 7.747853941339555295e-02
2.400080068132011968e-01 3.638455900858294512e-01 -1.372601363233223182e-01 1.049050403314566449e+00 5.058140247947060519e-01 4.835074598950536706e-01 4.906615187618439955e-01 8.683546233302803508e-01 4.265170405878371263e-03
-6.425094836771150231e-02 6.005134394632711814e-01 6.231988232772754932e-01 9.371981168749722313e-01 7.350347032266096869e-02 3.221191775374344091e-01 4.991574196228248939e-01 8.880852477740655004e-01 6.071535956890827812e-01
-3.626323924455148173e-01 7.222187589440068889e-01 9.887206376247985595e-01 8.626508882916589238e-01 4.183958478751778620e-01 -9.639661800379061007e-02 4.812962627383731706e-01 6.478980345772795690e-01 2.423994949101308249e-01
5.109587958309723399e-02 6.159316552898330688e-01 4.812783794197279530e-01 9.436529081730029578e-01 1.574199807500466231e-01 6.888069337062869835e-01 6.738573336092147370e-01 6.972849385877922801e-01 4.362862892077395971e-01
-7.656503646849918687e-02 4.668122101790588285e-01 7.726599804746606681e-01 9.275946563863461947e-01 1.994854969732251515e-02 4.746675116766945757e-01 6.085928976090760889e-01 6.754226162670924349e-01 3.050506951915123999e-01
8.665582356259671215e-02 4.569057652011445092e-01 2.370622465679847468e-01 7.440004589911106692e-01 4.135558031309397586e-01 1.495056263141464337e-01 4.181816960940869521e-01 5.170189399168810818e-01 1.142681570036490207e-01
-5.869197458548400248e-02 4.787889334597010826e-01 6.723335957346541214e-01 8.288911465428907555e-01 2.970715497059090993e-01 4.586073830070199753e-01 7.118397731870634848e-01 1.391841252440319421e+00 1.847541004726566960e-01
7.022240807937021878e-02 5.539309205247109347e-01 5.460289982907324813e-01 9.891880132986712315e-01 2.864960101775307910e-01 6.781595031915911287e-01 9.980060336489419148e-01 9.181497155093327756e-01 4.190609264253988275e-01
-2.931456560517520238e-01 3.718140219326160900e-01 2.879641847398760057e-01 1.044767572339635242e+00 -2.868602274534214902e-01 6.014303869551571591e-01 6.915244458007441253e-01 8.843136720479604085e-01 5.492676105716137736e-01
-2.747631057754242323e-01 1.065575059087040394e-01 2.218944708764118978e-01 9.212029644316819255e-01 1.247843030888057536e-01 6.072313282414687485e-01 7.254739899273705550e-01 7.658275498273648951e-01 1.640960122789130171e-01
1.132863801473266568e-01 8.479724309019103234e-01 6.708157345156218199e-01 8.025481280845054854e-01 2.720959099323099206e-01 -3.507715837090343847e-01 5.589968046855119388e-01 6.929585661810906405e-01 5.601133297047037329e-01
-1.265794932580790733e-01 4.952289114973528750e-01 4.934459839700594541e-01 1.078401171098873013e+00 1.550302229113665609e-01 4.881868953164684166e-01 7.769082885625444579e-01 5.046580316184876569e-01 5.947399422077790376e-01
-1.140194776694652967e-01 4.162028258214177656e-01 5.955382926805534716e-01 4.879616169087397370e-02 3.597240732721089795e-01 8.144221933958678550e-01 6.763495929347824731e-01 6.620579245038544780e-01 2.379123640712064447e-01
9.177427118108827386e-02 5.478717993292866462e-01 5.939095404229544073e-01 6.088109367484315637e-01 4.753635302758840164e-01 2.906128123541967812e-01 5.890477264489974996e-01 1.099373267412746769e+00 6.353415462492557619e-01
1.616546765029356139e-02 3.207736395552772124e-01 4.662265546674088657e-01 8.600454696558318402e-01 -2.600771830546938501e-02 6.828094604428840420e-01 6.981250544331839558e-01 1.108029441736571918e+00 4.041271466584477334e-01
1.366211574500527659e-01 2.223694827897192972e-01 7.009214132772990657e-01 8.798353062506139022e-01 3.131523077673644684e-01 3.111153990222791377e-01 7.768858801160899441e-01 6.769585628226231222e-01 3.115806739001897308e-01
-7.747794798575044495e-02 2.530539458092671001e-01 5.444740320142080758e-01 9.602220964187063723e-01 1.496537305634473847e-01 3.715979818255354949e-01 5.393673364985082097e-01 6.806699002311091817e-01 3.276387502157527831e-01
5.878697553539188325e-01 6.812115656185776524e-01 3.202092878116777896e-01 5.640007895586358622e-01 2.996467697725023194e-01 3.964405572068644412e-01 3.383159570273298056e-01 8.679356844510646152e-01 3.562203231990133667e-01
1.122257417736547969e-01 4.801872332150841638e-01 2.846231359035106823e-01 7.305483243868031717e-01 5.422797014820294331e-02 1.077628645539203234e+00 8.619388200000694944e-01 6.574632596064458046e-01 4.951082763990544700e-01
-2.411597024336939454e-01 6.021030962484150706e-01 4.733304397266732133e-01 1.116591089831882488e+00 1.641680044479335576e-01 9.076602292077423639e-01 6.772311647439244187e-01 7.555721918824247485e-01 3.051895189625573601e-01
-7.516189592665462049e-02 4.340445944310842852e-01 3.779402187971662719e-01 9.833958175943711133e-01 2.261275745666322390e-01 2.630050351972759159e-01 4.004245397315183697e-01 1.010764297601549622e+00 5.397148767697565463e-02
9.691355814779875621e-02 5.986777252483558298e-01 2.793819647198908518e-01 7.761530701848390335e-01 3.860683327490255223e-01 5.959848198152213339e-01 8.582520384329163088e-01 7.363505606061042652e-01 3.606167434480925804e-01
-9.327067523891313661e-03 5.339261058440221142e-01 4.219593377944174106e-01 8.604863652644143546e-01 4.744339123054372998e-01 5.047792889070877864e-01 -4.997703311479063243e-02 7.184108089168977918e-01 4.201842994247664276e-01
1.383932462925495377e-01 4.882740820743814991e-01 5.138678344388776242e-01 6.166311314690130496e-01 2.237643072343070139e-01 4.043168567225561283e-01 7.293561187119949052e-01 7.487218723182788027e-01 2.864264296199348081e-01
1.006324914201997406e-01 5.141812632258005999e-01 7.820925856076450522e-01 8.229577913332001282e-01 3.880194818301522242e-01 6.933502965334510382e-01 5.870717809277551380e-01 7.350072622097928443e-01 6.756182506299613921e-01
5.312640296212099711e-02 -1.106799308546469462e-01 5.627051995264267248e-01 1.401446238986992832e+00 2.622908658858510988e-01 -1.579061042311646901e-04 4.395634410002963732e-01 1.102627021192343904e+00 4.157402594241821903e-01
1.061665935566272201e-01 4.706270895369099039e-01 6.153695839339232698e-01 9.752820595001439052e-01 1.530267178973467868e-01 5.377585281562029529e-01 5.074991281212190009e-01 1.076017076527028493e+00 2.902008083197447630e-01
-3.317742414997197908e-01 6.837908318485395043e-01 6.272628206748038782e-01 1.127614627533116032e+00 2.561307359108551118e-01 1.860094483431996015e-01 6.765248513853860945e-01 6.917042460444031704e-01 6.504841480275113108e-01
-4.784713794639424145e-01 6.076240109753270335e-01 6.389586637030666427e-01 9.150237920783595991e-01 4.011721730679126408e-01 5.855410533045969368e-01 3.337147062341909165e-01 5.721535118087320848e-01 2.170324943736582635e-01
2.677741670557536868e-01 6.385631434657008665e-01 6.325858340880002872e-01 1.067496918661239302e+00 2.479061760501550526e-01 8.978100931443482313e-01 2.816369972559853441e-01 1.038385716250784130e+00 2.812730123231166335e-01
2.892670030111327284e-01 5.691184580797151726e-01 6.299843244623113403e-01 8.978506459866097966e-01 3.266955595891514186e-01 6.182060768136851125e-01 6.238448249020766001e-01 8.663710164261914093e-01 3.959393581276947627e-01
-6.549598840885173523e-02 5.919773763533000555e-01 6.547953943371898067e-01 1.207036768277716110e+00 1.890834798748033119e-01 3.381516841344018309e-01 9.003835749315305392e-01 7.946101211859973867e-01 4.289531998224143106e-01
4.182991702334937223e-02 5.468708317279317166e-01 5.989774174086749392e-01 1.121499668190707455e+00 1.495085231721453856e-01 4.963895947027759936e-01 5.868889741260883142e-01 6.694319131300490167e-01 4.952928229769665847e-01
-1.288136949794811414e-01 5.237512745497450162e-01 9.287020827998837547e-02 1.242983540227055261e+00 3.791328146135226618e-01 5.795439919600307022e-01 4.400383922603080533e-01 1.254817243260804460e+00 -2.987099503952018731e-01
9.536525224089033304e-02 5.499735676093336911e-01 3.603834100695900711e-01 8.786826683001516258e-01 1.947719198730674811e-02 5.323339651598693045e-01 6.520076342770479982e-01 8.041671147171237655e-01 7.110765917564293437e-01
5.806470100189485839e-01 5.896214491346042363e-01 7.058058078478943731e-01 8.543110464488943290e-01 3.686743886941984960e-01 -1.852849604991213539e-03 8.587651002097500541e-01 5.336777025819074982e-01 1.869621707231811647e-01
6.037852290797042221e-01 6.948583121432314602e-01 5.701757879335390689e-01 9.491398190445810013e-01 2.450637832251614245e-01 5.311905654357901296e-02 4.768741044185874078e-01 1.067090585877612074e+00 1.568205460219681546e-01
-9.885748076997469269e-02 8.576644512747029214e-01 7.293295010726279504e-01 1.181795290206736349e+00 -9.705466475519747283e-02 4.731283938781870591e-01 8.147538548441891626e-01 7.181185790033568495e-01 1.929931729084516379e-01
3.157495837960996310e-01 5.169593116216729678e-01 7.931258014704594128e-01 1.095317378162534716e+00 4.092575829338396254e-02 3.084644217483626938e-01 1.281863363861920124e+00 7.279302212364300306e-01 3.773889676895236800e-01
2.759551145718533438e-01 2.263408992993015678e-01 9.086408969937997959e-01 9.754261964512948024e-01 2.784184420170530694e-01 6.954315810908415774e-01 7.088961458607054844e-01 6.883986957993130096e-01 7.182772761916080828e-01
-1.338210595096314126e-01 9.774944094419967255e-01 2.440618169045368768e-01 1.258150607121057307e+00 1.054477776768932840e+00 1.206228951220980949e+00 9.011477785500582316e-01 9.047108534236323329e-01 3.776744236204970240e-01
1.050477038992471135e-01 4.300753696988073860e-01 9.820414713226535142e-01 7.760739735175338216e-01 4.639062998526893300e-01 1.490046895423490225e-01 7.696374961619169008e-01 1.048364313690129057e+00 2.072538974228478881e-01
3.228291635125081216e-01 5.750344403112703784e-01 9.206007798288752264e-01 1.036209602898481963e+00 2.625401072550349046e-01 3.441573870250367317e-01 9.158138247979266677e-02 6.301479300495469449e-01 3.498447802936278661e-01
-1.413027752820667782e-01 5.973595513399987400e-01 8.453988745565583773e-01 1.424055219751347412e+00 4.821767441800151044e-01 5.905965476878968223e-01 6.117285994308863106e-01 9.082359589399975341e-01 1.472782617611589906e-01
2.358085244857915652e-01 4.871178916765983580e-01 4.835998253839642880e-01 8.859910019848615814e-01 9.331248273044432384e-01 3.773597370954798746e-01 1.166908903954986476e+00 7.402923544577153514e-01 4.256316125446834436e-02
-1.791548059346710631e-02 3.331508324808050703e-01 4.586315752780672494e-01 1.136750533495386684e+00 5.221555027684560146e-01 2.657918830879353878e-01 6.810265253131734253e-01 1.058168463426833572e+00 1.163179424740613532e-01
4.951857649125740446e-01 5.790472883595539910e-01 4.546436038354610409e-01 8.811671416767009601e-01 2.144240732049282894e-01 4.201224260043673331e-01 5.742470423606668151e-01 7.654136817079355559e-01 3.095145217910572066e-01
-8.296458186825222958e-02 5.337360911366837435e-01 5.059766999869171888e-01 1.145776043750355022e+00 9.256186023308965449e-01 5.501577441046388017e-01 6.078186371112439534e-01 5.644105220351799401e-01 5.226649294913600086e-01
9.085658384810806065e-02 5.220906236225288932e-01 9.152835635524906310e-01 1.235622165009109263e+00 1.050802923353350155e-01 3.565502490646852429e-01 6.352196156675444794e-01 6.339621091523451879e-01 2.182446827202832729e-01
7.983224218514270443e-02 5.470072448604264004e-01 7.234723077421948423e-01 7.549799066071787301e-01 2.282947192531378233e-01 8.131425403206877789e-01 4.258184250257155967e-01 9.297889328823293331e-01 3.531465138229279987e-01
-1.831645768113004391e-01 4.881606708657035831e-01 4.724758938026908939e-01 1.122618942390358310e+00 -2.992331688624252917e-02 5.192128305010788036e-01 7.343575907748823850e-01 6.491985907322506133e-01 4.420629204904581999e-01
1.642257407509561951e-01 6.571711389561761818e-01 9.735856796984316830e-01 7.514482706885627916e-01 1.167302014067855276e-01 4.470527891870066384e-01 6.086822780103358088e-01 1.115805803810256291e+00 4.756956003010112122e-01
1.182508341938743324e-01 5.845970172771755013e-01 4.809765453418476944e-01 5.733279367928836301e-01 2.189165373572939388e-01 8.746215262513199473e-01 6.531839060715725065e-01 6.475849150989255731e-01 3.284271023400511802e-01
7.251240676949544106e-03 4.340617841728267035e-01 6.987631060734676991e-01 8.646616216282194678e-01 1.888261227202265302e-01 4.298612744140429265e-01 4.476965989980478677e-01 7.211706460969169452e-01 3.036962268877065330e-01
1.151620613750483357e-01 4.435375913608577414e-01 3.637748837317025807e-01 8.532812876228736965e-01 5.213479647951648754e-01 6.971322013714642551e-01 4.963406552511770986e-01 4.468683139118660996e-01 3.601460026972839179e-01
8.828253198699392845e-02 4.417532175680036755e-01 8.559859601001599261e-01 7.674880964499862790e-01 3.215417285950096793e-01 5.696463070198610756e-01 7.104313036221376887e-01 7.358930200936372179e-01 4.252139336380911239e-04
8.912775444994083807e-02 5.509049497164663078e-01 3.849151277014844497e-01 6.929654969285148347e-01 2.668938871061343754e-01 1.851690710606420376e-01 1.456908239401036864e-01 9.760259018230177386e-01 1.095780268647861544e-01
7.862602033695295645e-02 5.652085626249689909e-01 5.448714581759876996e-01 1.011435217994621993e+00 2.336124880153040706e-01 5.422418222596565585e-01 6.876493168632094033e-01 1.089823909622078979e+00 1.934138752688441265e-01
7.242221705235620810e-01 5.705314951299341741e-01 -2.462179263024288911e-02 9.812911240347574893e-01 2.818206272634110610e-01 5.081247069765260083e-01 4.787683262159539987e-01 7.452117066769091691e-01 3.415519106225418655e-01
2.256086283774293988e-01 4.850457581558266784e-01 9.871809277096833535e-01 5.608329727039208512e-01 3.871318048551340429e-01 4.429497229943785697e-01 5.356014736631372619e-01 1.162217821515053151e+00 2.674984219165006949e-01
3.793111852276753182e-01 4.964290854443991208e-01 6.012745063937612322e-01 8.656873239777950202e-01 3.487391248872866445e-01 3.354422032301063727e-01 5.872512475178575109e-01 6.699989692166494759e-01 6.188055685851796550e-01
4.955696559170454096e-02 6.111956957062755214e-01 5.903139330159646869e-01 1.007141151908957033e+00 4.877334531427085507e-02 5.615067103076121224e-01 6.709580661888162600e-01 7.259731180492201563e-01 4.474527780691704426e-01
9.326141477645928379e-01 9.633478045282473090e-01 2.520197629183179577e-01 8.574322240451904831e-01 1.032441369885410243e+00 7.607865420784655219e-01 6.203852816606166831e-01 2.219463386469882060e-01 3.238642396836993731e-01
-1.497942251678183179e-01 4.994739981192751754e-01 5.907982573981274133e-01 1.019350747322980144e+00 1.487068611038235566e-01 6.073980652915316192e-01 6.901921836819546741e-01 6.972710641111535823e-01 5.418231299207616480e-01
7.335824701084409094e-02 4.391444016517264126e-01 1.862679262190789498e-01 1.212326932811937930e+00 1.024486770512347267e-01 7.624144229057201738e-02 4.687904427954757702e-01 6.827704025144057942e-01 4.175657743680046829e-01
5.886234499672934883e-02 5.135477221705792017e-01 4.145148293110765270e-01 8.836906822189755095e-01 2.505156298387813119e-02 3.166619230087603931e-01 6.803396423642513735e-01 7.046154615583852809e-01 2.160183024735130020e-01
1.454994475690435940e-01 5.095640635875692270e-01 8.875597140714830413e-01 1.040192734728634161e+00 5.787462938136866963e-01 4.804926270309684000e-01 5.081508605570949078e-01 8.905124388006624425e-01 4.747917018779836407e-01
