nan
1.884403242210604471e-02
nan
7.661792458794135230e-03
5.991226685606539960e-03
1.675970330894109572e-02
5.266628378326143611e-03
nan
2.722062476441321488e-01
8.603045564395787187e-03
7.582651098092143063e-03
1.747434572187519380e-02
4.777475712172705134e-03
4.824184049535288656e-03
1.854888118116201218e-02
1.255204337616320359e-02
nan
nan
nan
6.347805555214465316e-03
6.575469479043646349e-03
nan
1.636038753166753346e-02
5.087138592138773507e-03
9.461076539438982580e-02
nan
5.489160819587760379e-03
8.551197158282734107e-03
nan
6.854006944975515533e-03
5.371195382659994799e-02
7.518351288739209826e-02
1.046640172397055729e-02
nan
5.081870764376634521e-03
1.436804730045725120e-02
7.826281742606501501e-03
4.941619290426024769e-03
nan
nan
3.379564041218877102e-02
4.079141180723448029e-03
2.562820443918325530e-01
6.006557290676715379e-03
1.038654092331852026e-02
2.613302969471325427e-02
1.411307428232234096e-01
5.913430877947538356e-03
4.534878639888960394e-03
5.038701921011383075e-03
2.049890944362363701e-02
8.521454812480717608e-03
2.322043773680012788e-02
nan
5.046606665232081582e-03
1.487984284409454329e-02
nan
2.528570571220973423e-02
5.131203329316290362e-03
2.173051239782847893e-02
2.923662362171538728e-02
2.921732355130714567e-02
nan
nan
3.761576521718592581e-01
2.515783662720619610e-02
5.190322394472536918e-03
1.294789660246217951e-02
nan
6.433939268700329846e-03
6.744136813429148225e-03
3.293275191412838032e-02
4.264886162981119250e-02
3.927628143884219214e-01
2.708433639478253357e-02
4.316842593595974012e-03
nan
2.621473523163695904e-02
7.677891744102900012e-03
8.913576572563012071e-03
nan
5.483282581943095188e-03
nan
1.836395140030170903e-01
1.337796696093128228e-02
4.945697777150133076e-03
3.707647630891128254e-01
1.774252862199977507e-02
nan
4.548061850711769202e-03
nan
4.703258718679964590e-03
nan
nan
5.769185494428903660e-03
5.632928005831448759e-03
6.856271298379222091e-03
nan
1.202535766378737617e-02
8.051598583219479743e-03
