nan
4.291669578485529657e-01
2.988574382261201950e-02
1.494733987427683021e-02
3.031078956026927312e-02
4.194327396024696841e-02
3.044120167407827690e-02
1.499945494433161698e-02
1.061517328866950702e-02
2.074486012808292312e-01
1.667031656349462695e-02
4.287666262419339569e-01
9.627172828001363467e-03
1.333995788795104553e-02
1.979933799138537676e-02
3.320319051911545249e-02
2.159746883246312643e-01
6.204387126349996534e-02
2.046954369902333482e-01
nan
nan
5.061886036929900967e-02
6.206927435545533250e-02
2.710105919849536971e-02
4.530162088470872372e-02
3.481238217404929863e-02
4.065987461059267227e-02
1.785605048457998209e-02
nan
1.869119351786621003e-02
3.155725929384107370e-02
3.731735149625971248e-02
nan
2.113996088062591525e-02
1.531276519718558111e-02
1.331132603705470208e-01
6.402555267952954841e-03
2.260062940696054914e-02
nan
nan
3.420832220183413208e-02
1.046814612392148180e-02
nan
2.331548372257971624e-02
nan
1.957286229570704209e-02
nan
1.563743140981795066e-02
nan
nan
nan
1.064346847055985291e-02
1.080820347372691941e-02
nan
2.152530733038498373e-02
4.609013215938508740e-02
2.091314702694288263e-01
nan
2.053366696482516671e-02
3.525867376061592173e-02
1.563169854320690250e-02
nan
nan
1.774937181377454418e-02
nan
7.577796146637590449e-03
9.885340064073214889e-03
4.805056943708206629e-02
nan
3.692089290787618772e-02
nan
nan
nan
nan
1.528825678625498653e-02
2.472488296143430728e-02
nan
4.763954345352477276e-02
4.350807014467562850e-02
1.761314711765616520e-02
nan
7.714809258227622868e-03
2.889643400671816284e-02
2.246372759457278614e-02
4.289466001268212730e-02
1.780556584276900278e-01
3.564690622667378295e-02
1.397941966980525141e-01
nan
nan
nan
nan
nan
1.161200364422468045e-01
1.983545893975800778e-02
nan
1.194870253751974774e-02
nan
nan
nan
