3.126943341660770592e-01 -1.230265325800810050e-01 8.583899056457023891e-01 1.981848715662516414e-01 3.937767405948346400e-01 6.714869223752111260e-01
3.336814282501662232e-01 3.727570784211565735e-01 3.710067905761847973e-01 1.169882765671321323e+00 2.982443920907021928e-01 7.354721557903268758e-01
5.741566222398709618e-01 -1.382374025399991657e-01 2.932194775853130264e-01 7.315226704480387587e-02 -4.389006859025999518e-01 7.191188492403666199e-01
3.595400918823047354e-01 5.020462775211673723e-01 3.652205151137397632e-01 9.287672572075059141e-02 1.857156314121763130e-01 7.273900166458171501e-01
9.263623451344522586e-01 -1.625330277691934278e-01 8.850915887157161377e-01 7.166062710373866107e-01 1.313342486179511215e-01 3.682841621950861954e-01
-4.510658132655775976e-02 -4.365869863556404162e-02 2.819140710300138686e-01 3.238055181376370273e-01 -6.436173393012742383e-02 4.629088765123487437e-02
3.871578227717298315e-02 7.815932198679642617e-01 6.487923438758376182e-01 2.215481537363769016e-01 7.532665040791067246e-02 6.638925476049518659e-01
4.515391824024431178e-01 5.671137101183036933e-01 3.349348758762041300e-01 8.862690476872436829e-01 4.279186412229535330e-01 6.713545183216469425e-01
2.167715112954408108e-01 4.282818879441057103e-01 3.015194626586162885e-01 -4.229083651183934700e-01 2.643792023612443476e-01 5.046989600210516347e-01
2.330745794732012599e-01 -6.022968000011772460e-01 3.953155663612290538e-01 1.885398209751115439e-01 2.105618618268598474e-01 4.396667268944599583e-01
2.537038339645003582e-01 6.271181782684512873e-01 5.134711218565517488e-01 4.280336793393029193e-01 1.294878626375657871e-01 2.898210601928010721e-01
1.190602760247240766e-01 5.499526956915706810e-01 3.598942418342861993e-01 2.760714002522148269e-01 2.056860513199675333e-01 6.678525008550981745e-01
5.195675390461143017e-01 1.158056487015598268e+00 6.283425578496214525e-01 2.043748842882716632e-01 -2.198442116113880074e-01 8.850632293775566595e-01
3.810333610051219733e-02 -3.846608019078854301e-01 1.388840563879935597e-01 1.807650907594870460e-01 1.881488660923717748e-01 3.678562085857969843e-01
-1.999765656865661878e-01 1.086821298136186442e+00 -8.632431515157474866e-01 3.061582562223816306e-01 3.456140772487634183e-01 1.331599793567957768e+00
8.106645957659264212e-01 1.171074763277263203e-01 2.605983323446026123e-01 5.545406098965601771e-01 1.189491939337237181e-01 8.007875926618528428e-01
-1.045968968830279788e-01 1.364617772471537815e+00 7.080578203748739696e-01 3.372859182926333244e-01 4.310457314690216979e-01 -3.560927541851255373e-02
1.133363934755406088e+00 5.504614095109349181e-01 4.310129906612831796e-01 1.940167450638234647e-01 1.431805959701046849e-01 7.176532961448598424e-01
7.066966743323253031e-01 1.607350983244461018e+00 3.989704486018511576e-01 -4.502759780833882619e-01 2.922330308013057487e-01 1.502224564816100338e+00
-2.618407606976290158e-01 3.597437205497280299e-01 1.422104041791618090e-01 2.531058164131374522e-01 6.739474870930614037e-01 1.050127813641634766e+00
-9.756846229960998429e-02 6.706929457904924341e-01 3.620546969023978323e-01 1.018110572892782506e-01 5.555906894460014289e-01 1.341377915850502589e+00
3.400755262061340711e-01 1.015880335952103808e+00 2.880030116540386875e-01 6.048642527249568079e-01 -1.754459563642781217e-01 -1.617199462340881966e-01
2.619355868868388781e-01 8.688530589682168515e-01 3.575001436949690747e-01 1.943221608734864714e-01 1.315915667358753260e-01 4.814999529735431993e-01
-6.645131270252735423e-03 4.234016845889138070e-01 3.838923944299237889e-01 3.883500922767193497e-01 2.344534281495225803e-01 8.405324025554303802e-01
-5.550044361278900773e-01 9.459011227560814028e-01 4.290974453493754948e-01 3.010982727560773675e-02 1.422755477221277487e-01 6.850441401616208514e-01
1.596712768297945950e-01 5.973267178494734431e-01 7.160387448001606092e-01 1.893657803062071265e-01 3.449082984385967721e-01 6.994508016241673953e-01
-9.456253868987853917e-01 5.313976992648061781e-01 9.505970412848661066e-01 1.458770470743932512e-01 3.699905899093218764e-01 6.133230334087773628e-01
7.249940716817522279e-01 -1.306855052224800695e-01 5.522542663097781968e-02 2.948021070321901194e-01 3.138588139870407412e-01 6.822967827457511181e-01
8.628892891070015780e-01 4.029830106848086846e-01 5.358350240625623373e-01 5.535384105792271470e-01 1.282735546923980119e-01 -6.305284843434486031e-02
2.098077701591360422e-01 8.515846183668642766e-01 2.852940672673501266e-01 1.019563114400435372e-01 1.108527922689468870e+00 -6.280102128469499112e-01
5.493173971455833637e-01 3.763511503342645836e-01 3.441408803660135907e-01 2.187050730298890078e-01 1.791643318362315385e-01 6.732903240146975721e-01
2.764933130341145628e-01 5.488646401326877644e-01 5.244100219561625975e-01 4.225231763891249548e-01 2.224059891457848825e-01 6.166846114635049503e-01
3.598166447742089380e-01 5.653602415790039970e-01 1.241378040890988022e+00 7.448609201774123445e-01 5.446938254501956234e-01 8.916942690562535967e-01
1.105862244361892621e-01 -2.223650463988177672e-01 6.367194945799885542e-01 4.163379872188741060e-01 1.566966200961032452e-01 8.128484370795332481e-01
7.275594890980887630e-01 -2.394897123970371466e-01 2.853553508280537998e-01 2.009269407159060272e-01 1.703445506484485006e-01 7.047960897232382615e-01
5.556799698408814159e-01 6.402874676811469712e-01 7.697767429547383022e-01 3.116163429930391970e-01 8.981948100079331643e-02 4.417280003001422539e-01
7.268879381495274572e-01 7.060936245645843545e-01 5.773103832522327172e-01 7.179293724043733782e-02 -5.384553076542786254e-03 -2.279322891152655295e-01
6.423197808609412696e-02 -1.798759674871016900e-01 1.611923463602277506e-01 6.409260177161614225e-01 4.682999854537295281e-01 2.034470234146739998e+00
-2.818461323099374916e-03 4.994064567695808421e-01 3.330258539669224138e-01 4.268433040463264216e-01 -4.562766604224761935e-02 1.083104327814235379e+00
3.084122298912096438e-01 9.500610186420639369e-01 1.433053232044256831e-01 6.741854634795823031e-01 1.721705525150378224e-01 8.954850680534232055e-01
7.675054364367905890e-02 4.087652523569562657e-01 3.514662054452187823e-01 3.455344014576313127e-01 5.611601072929681688e-01 5.428178793079893039e-01
4.059498180550697999e-01 -9.554608181317841842e-03 3.500812748880538505e-01 -1.070350291658447861e-02 1.432674281893538959e-01 6.628335460504524157e-01
-3.159451829524216881e-01 8.899704979194289489e-01 1.117632067359513925e+00 -2.003877123758790457e-02 1.302032308675890704e+00 8.372247379981750948e-01
5.070086460854328347e-01 3.619141973736662576e-01 3.383659077141934479e-01 2.267552667952733025e-01 1.544907960935116842e-01 7.642833230660421862e-01
6.015475157311878096e-02 2.288490341392279137e-01 4.780185299173909108e-01 -2.311414287223472752e-01 9.218503062483007771e-02 4.945552285576482882e-02
-1.284064646263563259e-01 1.062418940245425381e+00 3.366480817591798180e-01 2.516219631091883291e-01 4.690331565135408276e-01 7.608411024643897402e-01
5.149181047238252651e-01 2.564472051055191049e-01 5.746816006214630623e-02 -2.445959221986487853e-02 2.011819384740495542e-01 7.357365088860704505e-01
7.459832131863226579e-01 7.001984509543001112e-01 4.325504088005196479e-01 2.956130816990525934e-01 2.533586283831233410e-01 7.582534782168255383e-01
6.120070326850270970e-01 8.108823778923178738e-01 5.684636545342718339e-01 3.140848742082412715e-01 2.087483303151045633e-01 7.440816156758416344e-01
4.072323014287823062e-01 9.258404334809182679e-01 2.477101189819287952e-01 1.200896873088766803e+00 1.202081461562758691e-01 5.527749068026566182e-01
-4.205008123301798295e-01 3.091344378604393150e-01 5.186145040395272465e-01 1.047157999994913213e+00 9.450422605255026642e-01 9.489186227928461115e-01
3.029498261314869656e-01 1.413885186487438217e+00 4.812109213665933805e-01 9.048697523319600977e-01 2.045156809112720353e-01 6.861244578703967756e-01
-4.308751799956319628e-01 4.124160236106007016e-01 3.226514173783765482e-01 2.511768392848889864e-02 1.223186857240665670e-02 6.804331551870594907e-01
2.449855970193806076e-01 3.222956048184292821e-01 9.709161636569525466e-01 1.937088498062181086e-01 1.591339999581044551e-01 6.026456009913092604e-01
3.583755922532518845e-01 4.638790111381303483e-01 8.891725010286301023e-01 -1.301693851744932517e-02 2.277618762273314057e-01 1.341502357800746781e-01
6.376376459915811257e-02 6.212897836672856000e-01 7.705069686536059059e-01 -3.520264499507193973e-02 8.001432748398464856e-01 3.750782136855024818e-01
2.193313281171524465e-01 7.406224483832174466e-02 -1.597487780370193677e-02 -8.262429803764292924e-02 -3.078093569848429356e-03 5.523472547270837918e-01
3.797929456425738759e-02 -7.126892330179912527e-02 5.618565147469448684e-01 3.059413166574379006e-02 2.107582900627610889e-01 8.230189888312282598e-01
2.002564031966524993e-02 1.059058314663732459e+00 4.812431178632080586e-01 3.402380678330738095e-01 3.800419144581889119e-01 8.270501380176008555e-01
1.010810649265818428e+00 6.039798583284982092e-01 -2.442765998993488008e-01 6.720662122983495079e-01 9.322079425475134073e-02 4.410453572792430998e-01
8.190225157023228730e-01 4.627703538761698265e-01 4.133040647430049064e-01 4.994639411110137761e-01 1.712749491637105548e-01 6.877027913719140351e-01
1.879132087186431432e-01 1.318141938204566266e+00 -3.084098714271443775e-02 4.125506387290129862e-01 2.438371528709735725e-01 1.064198144694624037e+00
-5.369971920221150441e-02 7.769252262774601903e-01 -2.852278897307602423e-01 -2.198764951026536407e-01 6.482796960778244300e-01 7.256891407068599698e-01
3.277624523500374254e-01 -1.089329832370500295e-01 1.003427926072196635e-01 2.286669268936318833e-01 1.790614887710383907e-01 7.250434074203444546e-01
1.139739537661443425e+00 6.812089692015140807e-01 4.656139816715419433e-01 3.690688316936616697e-01 -3.551612358934607139e-01 6.028069347213041995e-01
2.061788814745776910e-01 6.621424478464414953e-01 3.456829933158928059e-01 1.103507376006291674e+00 2.067026225062439937e-01 4.231133409682353852e-01
3.970177574334132764e-02 1.225301471327456815e-01 2.253117388188917991e-01 3.821662845105209816e-01 -9.198504698253445744e-02 7.075011645537627736e-01
-4.879508777213062420e-03 2.639755685834631604e-01 3.439282833170376752e-01 6.635349024304432186e-01 1.139774871816189999e-01 1.021846169539420146e-01
9.075244038804324009e-02 6.541320089026869677e-02 3.525694466508156877e-01 1.969809614082523308e-01 1.606606408414724130e-01 7.005362863541056972e-01
4.590800883038310132e-01 1.241200366623256057e+00 -6.028918999109522669e-02 2.841546310251394369e-01 7.763277469740476056e-01 6.248307962971254570e-01
3.242413849281693405e-01 4.367955134834295983e-01 3.307582398819068903e-01 4.012430227034873009e-02 7.487368122630300160e-01 6.252952125827337948e-01
1.190552564061956087e+00 4.675275342745367491e-01 2.003356332313899757e-01 1.456953340455581225e-01 1.816771063983173562e-01 6.766693880515706194e-01
-1.034221284736719371e-01 7.518741246713410709e-01 4.910702526579026062e-01 4.895981998810934321e-01 4.342906149713263719e-01 1.152367100711969794e+00
4.358252077246632661e-02 4.033459686307970804e-01 3.540942508439450798e-01 5.105682669171317245e-02 1.073992425496304581e-01 7.113958972711457163e-01
5.270296564352594526e-01 -1.285650831813278661e-01 1.461798208988620840e-01 -1.430129602697977065e-03 -9.738603684707058949e-02 4.143004953438937932e-01
4.835169175688235899e-01 4.638333573230494777e-01 6.825324878198361089e-01 -5.747392298892339824e-02 2.539002834775125339e-01 4.499220195398743183e-01
4.780469390632033355e-01 8.947435081079915253e-01 5.182827346052347739e-01 5.412813601907022765e-01 5.333116721889125111e-02 7.048371072825769801e-01
5.722922060359328933e-01 4.176105813263264466e-01 3.885841985513952546e-01 2.070123669216779594e-01 2.269213765593848797e-01 5.526137358748197670e-01
1.552183487551594410e-01 -4.136908063934896518e-02 3.702644314797370884e-02 5.702048034173954338e-01 1.449804780784342828e-01 5.630270375207664380e-01
3.533877303416503857e-01 2.058268878385179912e-01 3.588471185450939349e-01 1.802834961134409664e-01 1.703418116402847238e-01 5.409633873141528326e-01
1.322456121527189055e-01 6.744700266532069888e-01 6.443957585258845988e-01 5.746940846274256609e-01 8.882479374317817644e-01 6.137281539275926123e-01
3.995839851287051880e-01 1.665749986467898403e+00 3.530077927721349540e-01 4.301252539170640210e-01 2.815476980846192134e-01 -1.163447078823449943e-01
4.691868102040023247e-01 3.254809847448296711e-01 3.278217713021700508e-01 1.144995952359548541e+00 2.235176424105857484e-01 9.749563654362464193e-01
7.181553790263639492e-02 5.770632078451346514e-01 2.486138681133246431e-01 1.619330248700984742e-01 1.776927012940189843e-01 7.326204148740138589e-01
-2.703967251054312237e-01 1.913389279068192783e-01 9.299808873313268887e-01 1.610495598280852203e-01 5.589071071849089911e-01 2.929197150546953843e-01
2.303590352750466419e-01 5.999597913577608965e-01 3.810303726213064013e-01 2.332944581444031107e-01 1.982872213685438478e-01 5.796636702721255294e-03
1.329718968372720078e-01 -1.014333449392683384e-01 3.169680541658393969e-01 1.070982394620923761e-01 1.421945654276148552e-01 6.231437391638534606e-01
4.648026427801426608e-01 9.796917057653062866e-01 3.583270557244133125e-01 -1.516882662545628591e-01 5.781520171683532938e-01 2.290763671204004703e-01
5.649531915688366102e-01 1.345962249401275457e-01 3.714170315023080926e-01 1.971746810723581933e-01 3.931158330997217010e-02 9.281095685517016802e-01
1.692183765895636238e-01 9.375253424517403511e-01 3.728540622651958514e-01 -1.792772283251099497e-01 1.898548198597596603e-02 3.875563739820342413e-02
6.033434835791808837e-01 8.086941188366572053e-01 6.893518900288686524e-02 -9.869031220250046310e-02 2.344819459745355328e-01 1.022816679665620621e+00
5.171634034049114037e-01 7.224871778298501690e-01 3.844743379221251534e-01 1.317433852161117858e-02 2.662619454853190071e-01 8.504559644483928871e-01
5.480110017714724391e-01 1.138198205946596708e+00 2.847335231212282380e-01 2.726711870507154134e-01 1.294846017227248569e-01 1.081412245674562733e+00
1.310639179691509837e-01 4.022499859780396259e-01 4.467616960513713376e-01 6.269361859654964952e-01 2.937064567960552264e-01 4.417884191213228284e-02
3.654088447553880403e-01 4.594922936568542893e-01 3.400782388849095117e-01 2.503818948202166106e-01 1.170235352378303229e-01 8.795955290983303865e-01
6.550897771693406924e-01 6.603536068329861619e-01 1.283419869963833282e-01 7.859577408193951786e-02 6.869799135102107046e-01 7.588691837457753886e-01
-3.067399804231027982e-01 3.673027165994624532e-01 4.378226689995515786e-01 3.045496473480766575e-01 6.347333286327638824e-01 6.147694499192870587e-01
2.515621196135313653e-01 6.031136440090159034e-01 7.263102770461079549e-01 1.769558833968222222e-01 4.620880484288695245e-01 4.569758861601418420e-01
5.120696927636007034e-01 1.949503775765307201e-02 5.790312699962019138e-02 -3.243479836359455803e-01 2.287664702330305389e-02 7.258320216182481133e-01
4.675960467996194692e-01 5.004414839526604153e-01 6.950787131569061694e-01 4.153205151021715502e-01 -1.611079476684924849e-02 7.202632586361086275e-01
