4.601543246871186987e-01 8.413455514983911865e-01 1.566063203506253831e-01 5.593743490032209165e-01 2.405104408202667354e-01 7.866265832587640006e-01
8.329914543832843687e-01 2.161596371614715739e-02 6.994918346209364479e-01 4.905839941891551037e-01 7.797020116490789299e-01 6.894508695773740037e-01
9.300854530650473073e-01 7.019196298766683384e-03 6.664689805816607082e-01 4.163672340243183001e-01 1.376954898339785016e-01 4.010458581264975120e-02
6.009200104236109841e-01 1.081376362602911589e-01 2.059950537577135421e-01 2.851930734904544185e-01 8.524467942785524111e-01 5.131925612915602120e-01
1.230612394400365517e-02 9.681423951729428712e-01 4.406765865584100217e-01 5.176554005380915591e-01 6.391332874711708190e-01 2.345176867940179655e-01
5.678557835245325869e-01 3.331015501917593546e-01 8.670126863329344902e-01 7.361980876506629690e-01 1.601251726298125178e-01 7.395073475969240473e-01
1.719025276869523555e-01 4.682331889115185497e-01 8.664761011939713375e-01 8.881113141995433669e-02 4.472988093507623830e-02 2.581569989471154125e-01
9.029996890028776368e-01 2.336640350428089707e-01 1.317542834137440666e-01 8.941175088279952332e-01 5.363428957784366347e-01 7.218171847747306691e-01
2.491201649318197653e-02 3.195681547450109905e-01 2.857904754522353485e-01 4.156524611988954288e-02 9.310861449516180111e-01 5.686002122551950810e-01
6.232665814627956768e-01 6.388906735137570569e-01 4.058819477317776592e-02 2.876286854601318721e-01 2.072157201783129121e-01 3.343708517395836965e-01
4.051368013236600341e-02 7.945911613535978635e-01 3.832793538046305182e-01 8.100338306565486590e-01 9.160182089971370401e-01 8.769697947335431953e-01
6.668408554906094521e-01 1.489613052857586828e-01 9.942184169775921676e-01 1.003284033155031896e-01 3.209017302389837178e-01 6.320664704658274236e-01
4.631790235068736772e-01 5.808433002553846647e-01 8.013877324036472460e-01 7.146751303768854591e-01 1.627600461681580901e-01 1.571687758465093454e-01
1.428975479422922579e-02 5.357211513783274315e-01 5.277064725051504590e-01 5.600382847596552249e-01 2.735790384222360760e-01 7.565416757491916222e-01
5.593565108924467566e-01 8.825152099718170939e-01 7.751596552289692355e-01 3.352385522577332466e-01 6.926727140774997515e-01 4.445039863770474664e-01
5.980271894044235648e-01 6.071989920181419809e-02 6.768025740497263243e-01 1.623279694809476315e-02 8.208968480654076361e-01 2.415456223457641549e-01
2.360216466667383051e-01 4.591049347398201697e-01 2.083316339364794656e-01 4.047709457168147118e-03 4.937223755863112684e-01 1.139361041780184713e-01
2.401375824406283277e-01 9.938167658378789238e-01 8.470909589433999187e-01 9.709658299007511983e-01 2.518999885612680512e-01 1.135861292760997898e-02
7.493112646035074986e-01 3.400666640289292664e-01 4.523813530582998510e-02 1.469855163774413942e-01 9.568947125996136727e-01 8.849111942809982922e-01
9.265676578823152099e-01 1.552510142963955397e-01 4.541007271947131718e-01 8.333770781938616423e-01 6.173976813448168732e-01 2.589032953033536533e-01
2.465266938666453855e-01 9.308518059985608772e-01 9.820202171295652205e-01 3.611905038973615145e-01 7.746781302432903527e-02 5.403199162753319351e-01
5.947605998992666620e-01 8.388922922899954004e-01 2.936305642899393886e-01 6.277000873080039733e-01 9.243617635182199699e-02 1.680101629004092656e-01
6.698674735786784851e-01 6.224071241044748515e-02 8.742299142846210458e-02 1.062332855307053237e-01 9.780958966061754634e-01 2.858253285778739050e-01
2.033229895536774468e-01 2.587739003177563779e-01 4.405184811780817888e-01 6.896851632372918983e-01 7.751945051592020741e-01 9.156466797841341654e-01
8.968692852543708183e-01 6.820841922359022202e-01 7.234133255391680395e-01 2.770475049879272955e-01 3.543207952595015531e-01 7.790974277358956313e-01
9.343631911496719233e-02 3.468387001521056057e-01 3.574323621084876113e-01 3.404865252716537949e-01 9.781613435966938219e-01 8.366862042295295510e-01
9.293826823760241718e-01 3.179246997050610979e-02 9.330576357413841171e-01 2.925825249124927030e-01 7.226033987181388341e-01 7.778271908713588756e-01
7.634910047962037982e-01 9.574841524790694836e-01 2.350023871272916010e-01 5.813745800039082923e-02 3.827965610716799194e-01 5.317199697432722916e-01
9.693755565134229979e-01 2.618866126972170250e-01 9.752907403952082444e-02 6.746194177639142087e-02 8.174018598970651528e-01 1.854659915747103316e-01
2.360214633226087599e-02 3.994600636955925044e-01 2.349873104726744044e-01 1.986677785128005969e-01 1.850052248889622053e-02 5.526248418706153354e-01
9.401232792535931804e-01 6.264836360868180076e-01 3.827281918296012719e-01 4.207485078735917483e-03 7.236101294038033149e-01 6.820482453399893119e-01
5.677036937215704793e-01 9.331447300025536018e-01 1.830560495892425976e-01 8.478650529669499170e-01 3.834352218044341232e-01 7.746634451348144434e-02
4.857603404047207141e-01 7.266254464876442665e-02 3.078520035360599039e-02 1.595516562186793941e-01 9.671267607270211952e-01 8.982577633999200284e-02
4.983826553479721033e-01 5.222679717381115694e-01 2.816331217789199703e-01 1.248475122173782204e-01 5.045395597814903432e-01 5.804057979621919383e-01
9.297156432111652880e-02 7.222934419630796521e-01 7.641082193591354210e-01 2.905511712903326993e-01 9.302309901903865752e-01 1.096171703417948562e-01
8.344437381093133821e-01 2.067237083685861121e-01 8.197961748583331154e-01 9.676783143711478186e-01 1.930839197505860305e-01 4.676154609396723227e-01
8.847393232538935948e-01 1.441671002566862203e-01 3.088790157797307590e-01 3.997450390263643794e-01 8.058283706072160157e-01 5.389635992896587569e-01
3.427392238282660486e-01 7.753924013779622815e-01 1.736957018625712168e-01 6.430776722085066455e-01 4.501470665752339562e-01 3.347952771400242167e-01
4.615294741284363678e-01 4.990063270017911501e-01 4.799075851040019991e-01 1.452140928600450520e-01 3.085485707458148763e-01 6.963804229147119162e-01
9.673636064142964175e-01 5.181758071471316285e-01 7.170900498036626436e-01 8.670138634799434696e-01 4.511156809223537678e-02 8.201663760728624686e-01
5.246558393661152619e-01 8.597455680288029756e-01 1.557697336315795322e-01 4.796885182750977306e-01 5.888313253443236972e-01 9.435150319152062481e-01
6.005369428204154758e-01 3.761405693050552390e-01 7.656652089584775611e-01 3.597957614082396560e-01 1.602718002226742877e-01 9.657291694813319172e-01
2.547553479287084643e-01 1.548314197015469018e-01 3.000388233171580321e-01 5.165356579989131003e-01 6.365382945863969910e-01 7.607123021308342947e-01
2.510194025158474229e-02 9.190077799471163544e-01 3.290758452806787915e-01 4.568114467604798001e-01 4.582718234476075292e-01 9.527213336962191415e-01
6.441200925486301188e-02 3.158580611443173591e-01 8.132295286815143243e-01 5.774816377325735495e-01 5.008681716369682846e-01 9.829795843492689089e-01
4.225147036479593998e-01 1.413296607296246066e-01 5.672311862115732017e-01 9.795789539898851483e-01 9.048542771523231387e-01 3.340479483440261799e-01
6.086567884816529439e-01 9.848436863261196272e-01 4.402694869074826878e-01 5.738482890402050174e-01 2.650266309059142733e-01 4.507272690202316356e-01
6.891796407321698625e-01 8.994257500531850358e-01 5.415315202989720023e-01 4.523439590299013213e-01 8.854977310200508045e-01 2.172848815218286767e-01
7.519397981263241659e-01 3.188356812183418265e-01 1.052535791626052486e-01 3.072474336792840877e-01 7.969384606918595848e-01 7.267500437361131826e-01
8.476407553878320122e-01 5.541321615529654077e-01 3.311964941677110197e-01 9.955208163738225036e-01 2.972441705857499228e-01 2.276738646070604055e-01
9.650399890022306471e-01 2.980535758069970953e-01 7.278535040782114773e-01 5.227520559858492843e-01 4.184538174824804502e-01 2.196626029321540052e-01
7.464369521938170049e-01 2.902065961255647641e-01 6.263484485033143923e-01 9.295321170657894205e-01 6.759918506985718167e-01 8.073529995544337368e-02
5.964122420683696246e-01 4.500471960743246402e-02 1.043272665357108941e-01 9.320441781480182097e-01 9.987897180028906252e-01 9.612533223941692739e-01
1.871062398266123417e-01 3.575242095317651136e-01 2.027786489541172354e-02 6.925689045517577913e-01 4.133233953493861135e-01 5.336708721236597119e-01
5.608300677906716825e-01 6.529606548868822635e-01 8.024127405108196776e-01 5.979268753016947491e-01 2.015166156612474557e-01 4.131518861274408039e-01
3.841323378939386357e-01 1.022099906974002215e-01 7.851370131812723807e-01 4.474025954094124069e-01 3.740771002369719378e-01 6.481750821345660940e-01
7.841411730163638794e-02 7.080982513582031457e-01 9.780067019349285573e-01 3.193156302386874756e-01 2.394564208090852464e-01 4.995523827164817243e-01
7.784189372874346091e-01 7.625386044758643012e-01 3.370578145717303409e-01 9.839584248582103898e-01 6.155818405531365833e-02 7.839262211126716284e-01
7.275367084767975223e-01 2.475610497380004160e-01 4.510398788156044780e-02 1.351755393455871257e-01 6.249379931056703308e-01 3.210832438171802306e-01
9.254063286839132596e-01 3.157003003081042536e-01 4.897024016802105084e-01 2.689290457154125402e-01 7.152566623559033498e-01 1.161375213301606424e-01
8.003672517837281397e-01 9.010990803178219322e-01 9.735455232771972334e-02 7.464075485984767999e-01 7.102591973372445189e-01 4.254865879122721184e-01
9.828911225315506428e-01 5.481523662100831196e-01 6.347250996286100122e-01 1.551523393613352120e-02 4.940647115122123179e-01 2.616165384827554563e-01
9.794840024688333813e-01 1.608355316521027367e-01 4.831690657837072189e-01 1.283971054067198914e-01 7.646521070665334152e-01 9.795497172548166542e-01
3.785068365628818654e-01 1.044839766401899350e-01 1.246374117199701148e-01 3.992921005071605745e-01 4.593515734807704920e-01 8.721922536442211493e-01
8.080796898094437797e-01 8.976548576862426465e-01 1.448034031908724817e-01 4.403734355514600241e-01 3.514001138213168618e-01 4.646880900154433114e-01
2.053470530449441611e-01 9.135932977558565149e-01 7.664149782376451503e-01 2.928207138916133490e-01 8.436367176061333462e-01 6.558747122463489676e-01
3.554649703764275470e-01 3.910470590531008872e-01 8.027033198396603675e-01 7.610210386283011719e-01 5.045434945054589893e-01 1.023622710472805730e-01
6.120508606546659625e-02 3.949194700501383881e-01 2.204297510407000615e-01 1.101739899555032043e-01 6.241744357615182093e-01 4.590915919150471147e-01
3.928810481468115734e-01 7.529560243298653033e-01 1.410394947456026227e-01 6.366164500650609570e-01 3.871412934771445435e-01 5.348364869140304068e-01
9.958663349986944802e-01 5.360800376140044676e-01 2.464410767427314131e-01 7.768119532263796367e-01 2.551277996697810524e-01 9.128310219129469605e-01
5.726730758306597391e-01 6.557597273026191109e-01 7.146890645712705714e-01 1.721538436449311371e-01 9.974844379084912838e-01 9.087601192285893470e-01
4.324039733745393965e-01 3.965844485248702922e-01 3.066040924656691091e-01 9.836881260823865381e-01 1.412050772749898764e-01 9.781734638518422287e-01
8.760819168720327399e-01 2.789925195560560844e-01 9.545393969342896856e-02 3.100068564890307021e-01 3.563679838249707021e-01 9.946309294813535651e-01
4.937449149978696550e-01 5.311271340424261744e-01 3.600486042646121598e-01 4.624836719433819132e-01 2.025193176799708894e-01 4.278409427147596977e-01
4.550600961819338819e-01 5.343590125262365209e-02 7.542240956182812983e-01 4.732038747349224250e-01 7.906586412529450492e-01 1.863586904079878037e-01
7.014741414796599184e-02 7.446089420534612868e-01 8.060817649545706232e-01 7.823527395429810127e-01 9.450539867253302528e-01 5.536781897211527914e-01
1.604330030295180176e-01 4.956809188462156790e-01 9.897466076695580206e-01 1.950916259500997674e-01 4.820780071427177571e-01 8.007329343347960871e-01
3.964490938740716786e-01 7.010999171892351445e-02 5.640551823187227587e-01 5.362243467026600596e-01 2.654324088800643633e-01 5.912415770316237218e-01
1.609573330704071603e-01 2.643591344455643588e-01 3.108443451445608297e-02 8.280566364360190112e-01 3.058718638429522851e-01 1.240915754542024629e-01
2.949917072043032329e-01 5.385654557200710846e-01 1.062484790859477002e-01 5.573097385999983278e-01 3.762899718111741842e-01 3.396447247788771939e-01
8.010618312180369793e-01 5.330017151406641895e-01 2.727426657509035568e-02 8.533114680383387940e-01 6.239707334317394771e-01 6.770496203530895762e-02
3.148247024149695150e-01 9.531930325703612539e-01 8.995012669521736948e-01 4.874080349849437832e-01 2.356672292906868416e-01 7.372172875707743156e-01
4.477717488803470980e-01 2.560061207463770749e-01 7.637521971164986656e-01 2.365586422952302703e-01 4.651028873112347251e-01 6.159642333304249373e-02
4.773625272743363679e-01 5.495436965954922925e-01 7.185766625268632524e-01 1.945680368753888168e-01 6.108884165149480738e-01 8.918996932362188712e-01
7.657215955042643296e-01 8.844915168779152737e-01 6.094383725848864231e-01 7.644371498191462333e-01 2.334683197212517047e-01 7.079167574711666688e-01
3.355833944056314522e-01 1.249979128487100910e-01 2.683020836845193546e-01 9.760947070273393589e-01 8.457611180404186468e-01 3.471911340041113903e-01
4.861529118920877579e-01 1.584700402107752648e-02 3.581924938530556268e-02 6.081521946854838712e-01 6.321055008608532644e-01 7.487292957939075677e-01
8.762957791867379553e-01 5.398140298884026578e-01 1.860337352524114030e-01 9.971091518518115926e-01 5.710249099799087347e-01 4.601227135176355620e-02
6.112851280159959932e-01 9.835488151138067625e-01 1.487941070325143889e-01 2.201097016168255260e-01 9.745996247440266158e-01 7.023174059794045077e-01
9.367207824220558088e-02 4.392777423887741506e-01 3.144130038238015512e-01 8.655295983435518092e-02 5.792079004849521873e-01 4.317816088184096568e-01
1.282969850650820254e-01 6.112358915678046678e-01 4.670891990372020297e-01 3.585262790429765145e-01 8.882769072631143681e-01 7.422394977528734561e-02
4.762228899031393237e-01 6.135793842901671180e-01 7.921129611321868769e-01 5.157047700995268658e-01 6.103880436935297249e-01 2.777963396764013826e-01
2.243384499805906040e-01 9.211810144795372635e-01 4.531620918171773704e-01 9.327479602011258253e-01 4.304344713780501319e-01 7.264994202414917224e-01
4.963454877978497048e-01 2.036909039481982209e-01 7.613736495915018887e-01 3.978147190778578146e-01 7.826732640815680098e-01 5.933431843591564503e-01
8.604179560025716489e-01 6.746050930571767523e-02 4.351755861501116485e-02 7.238893718876813210e-01 1.377882905191596397e-02 9.309155895823704174e-01
5.454035217766105559e-01 3.012635960584619799e-02 2.544139013471029553e-01 4.634542706488795627e-01 5.485486162647865704e-01 5.729644142575408550e-01
4.135038607897315588e-01 4.792648735782034652e-01 5.198219127177103882e-01 4.448197585439521706e-01 7.796229898492524901e-01 5.682066387265801710e-01
9.546535833359800494e-01 6.611413132466062992e-01 9.644443755360255777e-01 9.716858696890697811e-01 1.551560627112744672e-01 6.408879694933057314e-01
7.865756657231467441e-01 3.639694987439556773e-02 8.318922588366584048e-01 8.148442227735887000e-01 4.702980582201780058e-01 3.800578396769382916e-01
9.547432512056069909e-01 2.936465639105372283e-01 6.786864917024780786e-01 1.006880139778244532e-01 5.609449652041379464e-01 1.840769430477900981e-01
