9.619041642287329275e-01 2.808578251590299057e-01 6.859922995574135873e-01 6.149320563647221460e-01 7.609614581731040106e-01 9.692559424824567227e-01
9.999448136772706164e-01 9.141926160476442353e-01 5.002546300386484512e-01 6.827306333153893014e-01 5.661780008593917390e-01 7.772139377441007468e-01
7.418404573130744639e-01 7.785311959571001861e-01 2.707835116921792906e-01 6.903709596361612411e-01 4.979050694206418326e-01 9.178460719182579552e-01
4.468045877975811431e-01 4.379461789096074087e-01 6.038181735500842695e-01 7.823585288087437917e-01 3.059746940475774890e-01 4.720132197948735397e-01
4.469074128671454149e-01 8.522519359285153362e-01 5.285482866923083556e-01 5.780937360951797777e-01 2.012500735475099001e-01 1.494404912878357639e-01
6.107280832817978400e-01 3.112076617338652706e-01 3.469456630827782995e-02 9.514011824728103583e-01 2.327608778830322356e-01 9.062020396420618074e-01
2.491771118217540604e-01 7.362092016157307794e-01 5.084837478760474427e-01 1.181901221325503126e-01 5.177765427950673516e-01 3.222906651989043691e-01
6.188010364854812373e-01 2.477659089203460008e-01 7.807067120759136891e-01 2.313596145232491574e-01 3.540197533522017048e-01 9.761621300421663427e-02
7.370155766787667151e-02 8.674844317296535046e-01 6.194881471656905614e-01 9.068004007268238853e-01 5.299708695737589403e-01 7.502511704347394339e-01
3.496524034120457314e-01 7.606618192745451257e-02 7.033414192150709843e-01 7.580633852906715209e-02 4.561861558724510379e-01 7.592214766844153084e-01
2.559078414497903964e-01 9.525961486655312171e-01 1.391207699745476978e-01 4.145316718730595040e-01 8.066339958779239483e-01 6.826463277286642928e-03
5.998240017489265830e-01 7.168192768955027327e-01 4.115009606424446797e-02 7.851743809768498839e-01 5.720297401488974032e-01 9.153866513429131935e-02
2.775878750935801831e-01 2.394484138570611709e-01 5.151479773200966505e-01 1.385373436245672663e-01 4.959594636113128230e-01 8.222365610666981794e-01
6.083168337348190402e-01 9.116914640560886962e-01 9.500504808385172861e-01 6.236753170436839522e-01 4.464498025010911197e-01 7.360025375219232391e-01
7.832662103430843015e-01 6.936477312880101609e-01 4.362334098092144341e-01 4.621835897718736819e-01 4.298746848904071438e-01 7.202519481299802795e-01
5.905851100300161249e-01 6.244448120849976913e-02 2.995009800628624097e-01 1.626355828148688953e-01 8.695001304944208753e-01 4.053579790470775990e-01
7.370339214238514902e-01 2.575730941357914361e-01 1.101467606692505541e-01 4.031097777069534427e-01 5.978331630956622567e-01 8.580583265805606930e-01
3.158961374270946587e-01 5.455940450407286146e-01 6.130161766658348554e-02 9.067045884081925688e-02 2.294013988736085530e-01 9.549995460497088251e-01
6.774255108184560337e-01 4.263891655166279770e-01 9.475453701404346063e-03 1.877862036144742897e-01 7.989251438343853984e-01 5.931757778213975207e-01
4.128596535065501838e-01 7.947120562179124104e-01 5.045162515462594532e-01 4.668901853694072956e-01 6.472032177149530385e-01 5.216525748570181031e-01
7.798819573831891061e-01 1.538760782777786051e-01 8.696872113007976246e-01 8.752368043546820964e-02 1.138298102257442324e-01 6.404862982251606773e-01
6.196901234907969958e-01 4.571084572023759174e-01 9.953439234745364850e-02 5.968530973530905559e-01 4.924526465751272175e-01 4.819811742837597501e-01
1.509268604925109170e-01 4.154005085900217553e-01 3.674969312075819783e-01 3.632590045378083499e-01 8.647303917000986884e-01 1.126877782215975898e-01
7.630651271275741276e-01 9.061486792884674291e-01 8.770689273259231200e-01 8.535058152102207307e-01 1.543407245689141227e-01 8.623891697676243639e-01
1.313829097245148292e-01 8.941408165575622791e-01 2.839303428546513519e-01 4.703506835583308732e-01 3.101530697399721426e-01 5.138740117980755695e-01
2.357404833819670698e-01 1.952734117944374681e-01 4.238826928361356661e-01 9.262307179034181548e-01 4.289006774456587401e-01 4.044515966170045829e-01
6.534199598636614148e-01 8.373096373113376734e-01 4.588271709895548334e-01 6.245475003377368717e-01 5.751855507314730387e-01 3.130232581388086022e-01
3.201621290568342770e-01 2.415967807261644174e-01 4.788817550464807837e-02 3.601942949956828954e-01 4.872404313757436878e-01 2.255442494533768105e-01
9.215036330544346121e-01 7.558264711408932968e-01 5.262164634000177088e-01 3.865538175131266740e-01 8.219995959257464513e-01 7.070763070858675503e-01
1.756934537138362673e-01 2.816252220213562030e-01 3.588905947079482628e-01 9.977084113963198275e-01 4.814967549072302067e-02 6.002551036043328736e-01
4.263594484822470498e-01 8.463907601949495207e-01 6.538637424630893147e-01 3.011239633820177453e-01 9.798398513254086284e-01 3.209283149396273682e-01
7.662714950612992126e-02 1.605486666139349650e-01 7.023679141806469239e-01 3.098149071879784389e-01 2.463458371502945665e-01 7.048586270972798662e-01
5.800132241003833622e-01 6.402201582030236926e-01 8.388407010757858995e-02 5.451846586444886178e-01 7.610752509484843831e-01 8.933420491190756652e-01
7.643103464252093415e-01 9.748919081283456967e-01 4.721460703639867029e-01 2.967219914838304939e-01 3.301967479472435185e-01 7.071744118243761257e-01
2.894513285759084953e-01 8.575393558150921081e-01 3.458780241483075946e-01 6.906178323275284914e-01 8.926851565917748310e-02 5.572144275555606097e-01
2.656406453538351364e-02 8.424478166523962086e-01 3.040555331418692830e-01 5.805921609781430348e-01 4.123808086043442289e-01 9.009889593320168366e-01
8.215790561892621913e-01 6.486784415935498149e-01 1.390925051337155161e-02 9.327909842361500337e-01 2.558615329298197238e-02 1.011730441381897272e-02
7.490921620477923870e-01 6.914618686690936489e-01 9.425030221533446939e-01 4.172891154934942337e-01 1.050275976675913991e-01 2.786829279453909569e-01
9.771244492860433617e-01 5.083519920577260764e-01 7.092519151732135096e-02 9.515829548858124598e-01 9.292171109706497401e-01 2.052583275531927320e-01
5.244832444602207655e-01 9.130815837246782918e-01 1.639109402859401099e-01 2.246997903058464141e-01 6.623844644467657972e-02 7.416845588521870924e-01
6.720259049142917052e-01 5.868692450528641968e-01 8.059899654779899558e-01 4.919362124593948948e-01 8.615672955321002080e-01 1.583685693125700400e-01
1.899430523437810603e-01 1.948896916593396700e-01 2.990842334817481740e-01 6.719528778020665838e-01 2.948859011807611896e-01 5.990544860388258286e-01
9.561631001185852963e-01 2.710995735277385021e-01 9.870620343794057616e-01 4.948493594828108355e-01 2.874144871523074407e-01 7.759402677298977702e-01
3.234299223302132820e-01 9.706737235462095104e-01 8.554427098403230012e-01 6.445248863600604450e-01 8.047745682538957057e-01 4.364228794634513742e-01
1.947122986382133769e-01 1.519010214192030306e-01 9.828854668803381767e-01 3.235668826300417411e-01 4.290491949329200416e-01 2.178157912541184293e-01
3.455376413425603754e-02 3.069687436076475873e-01 1.588191434815150460e-01 9.834215976030145079e-01 3.724453923091325391e-01 5.087265763835732146e-01
5.111680145281443099e-01 2.711330537337232061e-01 9.898426509881497193e-02 7.691333440377555730e-01 3.200136711971619530e-01 8.691393443011944386e-01
8.676666819653567897e-01 7.209776204555646828e-01 3.778455906519343488e-01 5.172584966390818551e-01 7.526939347580157147e-01 5.909458329027714729e-01
5.462412533454552577e-02 2.749242047916370391e-01 4.603030684089074454e-01 7.272784491697833475e-01 1.012205106475162486e-01 9.606824341987827420e-01
1.914284235748507923e-01 1.911511444499821577e-01 1.125707815840667481e-01 7.145043510986266444e-01 8.831298858131988450e-01 9.769947570514743163e-01
8.054315176381657837e-01 5.622614290935628034e-01 2.412747162868568163e-01 2.964268217786069082e-01 6.210911965208347763e-01 9.730088826205127717e-01
5.240672565460930965e-01 2.249181945158118534e-01 1.403361037739587758e-01 5.971008300949581793e-01 6.843058030125293012e-02 2.939253802280794581e-02
6.183024258671214746e-01 2.417306047071028363e-01 4.345782844441329340e-01 2.782906689605059158e-01 6.898889244505245211e-01 6.448364720017613072e-01
9.510361930140416309e-01 5.854537774016077556e-01 1.649254368416930294e-02 5.325216489364814620e-01 7.974879209979679473e-01 5.250600442093045217e-01
1.912613026155400853e-01 8.305238151044112005e-01 6.215619939120425874e-01 6.683731020233862896e-02 2.460989579389594173e-01 4.768338642863297894e-01
6.932592680551974418e-02 2.858442889903261008e-01 5.055242283581117269e-01 9.279523332792327661e-02 7.797096343684617459e-02 3.575417436427417162e-01
4.734919728159642238e-01 3.816877858634176723e-01 4.370902373085263637e-01 8.364029611812857645e-01 2.913932694112958410e-01 7.198252014950355937e-01
9.974967965057989217e-01 8.638381608316102467e-01 9.647181052811948376e-02 8.284238415563182079e-01 6.645035790774364015e-01 4.113004689370350908e-01
3.923642590068812108e-01 3.434263981920742115e-01 6.438323876487705988e-02 9.076636664709909486e-01 7.541675087589768678e-01 1.711056610028303115e-01
9.278479993456265618e-01 1.348191111789793784e-01 1.695990871477951467e-01 8.667784716893226493e-01 9.081245113321166906e-01 6.623081536978503436e-01
4.573694631675485622e-01 8.792710166394440696e-01 2.151315559767441599e-03 4.654065635693015457e-01 8.494996266211723990e-01 8.597585018490871978e-02
1.360248598009190513e-01 7.265737570652046617e-01 9.921123354425908092e-01 8.344096787661124948e-01 1.308592198041812482e-01 9.699978487721363507e-01
9.559641703944997682e-01 1.700022399900857906e-01 9.781435495958183957e-01 4.859997004898563011e-01 4.980524621342212743e-01 8.447774489596290293e-01
1.541780560076999596e-02 9.751022608921624535e-01 6.264320126826796731e-01 6.331224812758318166e-01 1.993843358991080894e-01 6.678114327860688038e-01
4.980020537497537036e-01 1.648113877960135643e-01 4.450961150042627157e-01 6.598139113055965232e-01 5.399493588387002108e-01 9.384330104706669617e-01
3.673080575184387575e-01 7.469991449285778851e-01 8.504129744332489249e-02 6.299154809741093208e-01 3.904484866237180052e-01 6.789665299750992089e-01
8.666489979687178602e-01 5.121956333883066481e-01 5.425120846046888046e-01 9.873373314429743086e-01 4.898562562720354396e-02 9.593808089785400561e-01
5.252973562906086968e-01 9.926838213128694743e-01 3.006752558626287763e-01 3.299815171003153136e-01 5.260908295047189709e-01 6.471768096769812129e-01
1.078373916176393887e-01 1.719830907477426507e-01 4.668008856215019042e-01 8.112062899506421454e-01 1.332289077438456593e-01 5.263462363588032877e-01
6.577847076510072721e-01 6.131334411877793489e-01 7.742954329495077559e-01 1.188933275452643823e-01 4.912595292228512101e-01 1.719942282908375475e-01
3.554163625060705600e-01 1.633992322363091443e-01 6.867474034816056783e-02 3.160767640468031825e-02 7.976446633939773267e-01 5.608265930778699726e-01
9.078355984984642912e-01 8.147824683248245936e-01 3.183117578236438483e-02 1.366438156410964000e-01 2.612333222415960110e-01 6.241258926326659351e-01
4.906786956182777049e-01 8.778722135247833958e-01 4.934603735253373369e-01 7.756177771663975706e-01 6.687387866906039369e-01 4.865261363968024222e-01
9.483633681540306615e-01 6.335755973813527175e-01 5.873532608213360984e-02 8.664846446445693129e-01 9.828235804993390445e-01 8.054182374676881473e-01
5.735448043063828827e-01 9.126549447555666328e-01 2.289899854946900737e-01 1.345383303065339486e-01 6.641373096478515592e-01 9.000314132415188073e-02
2.269345193896351587e-01 2.456276840738439438e-01 2.870538814630010371e-01 9.866221268794990173e-01 1.865260341150696277e-01 6.415544702282727219e-01
9.662996212708099275e-01 9.458262379318338464e-02 9.799798482735306848e-01 2.877944729801760193e-01 3.533458213989973951e-01 9.792404363573350423e-01
6.329146415961932615e-01 4.774785296110071187e-01 7.917918824891252427e-01 8.678398432450401545e-01 8.011789874094884523e-01 7.083586508154493533e-02
7.695294310862577092e-02 4.295667691931828180e-01 4.205333062458640470e-01 9.586877107297460121e-01 9.449815113905351005e-01 1.459569812641632325e-01
4.298868494796961315e-01 7.715399777424036820e-01 5.443313094311758027e-01 9.482726683553394098e-01 9.536030383379601183e-01 8.473591205456735276e-01
5.194031233543251469e-01 9.616055929035618455e-01 9.964830051947433098e-01 3.953715905650718732e-01 2.505608973112156690e-01 7.217079849748336828e-01
7.144702957347722760e-01 3.381260416413188752e-01 3.587574494196934527e-01 8.620819255562062189e-02 5.142405426852183492e-01 7.870028807713830288e-01
6.081983394282124422e-01 7.640635256671041153e-01 7.301202693390193010e-01 5.047704369442759242e-01 6.168867725100598554e-01 3.088299166453450928e-01
7.395230901712969152e-01 7.155612926841031785e-01 3.538196677062961371e-01 2.304675689786922499e-01 3.823809530074229190e-01 7.548287062403437053e-01
5.597016285566214222e-01 5.748502195311877561e-01 3.975459866071983095e-01 3.757845342552098566e-01 6.640668128657485347e-01 8.436298297671371849e-01
8.633874354465257417e-01 1.296601863005819588e-02 9.229951134560591131e-01 4.450957949589913198e-01 2.548308330364504881e-01 6.827258580404060861e-01
5.647775312724919727e-01 5.874665755744976625e-01 2.330751852169590244e-01 4.998077571575268996e-01 7.828599417705619512e-01 7.332406750196636125e-01
4.072930023963117208e-02 3.590736108119237935e-01 9.669292021302091644e-01 3.351612515633359823e-01 4.624261733527601503e-02 3.555164570849865813e-01
9.798814927164570809e-01 3.450808820064421578e-01 4.204803865246115047e-01 2.257632413998309495e-01 3.973791468519567438e-01 1.559993530062333544e-01
4.138039638240855744e-01 5.950246324177492774e-01 3.506215749707145557e-01 9.863645595714913838e-01 9.075657155210881122e-01 8.463486350760690557e-01
4.412637574826370201e-01 3.063148002493707445e-01 9.148879848974657003e-01 5.994301192261097810e-01 8.486510246218038622e-01 1.646337546650600281e-01
3.264509457365105671e-01 2.010678494085484935e-01 6.008331836292281070e-01 3.279493052238907635e-01 7.951294505823066627e-01 3.537174748798683765e-01
6.819133447134788639e-01 8.948613806334013709e-01 6.165325174736147051e-02 5.702868337411645117e-01 9.990958681712248657e-01 4.444833637880627464e-01
9.147506706163788248e-01 9.414107543219482066e-01 7.085245889351096116e-01 4.007676375815731884e-01 1.866153116038371529e-02 7.762685835264552248e-01
4.069614033410853260e-01 3.457638211193496680e-01 5.552188733203201609e-01 9.442136565640070200e-01 1.796315802215435742e-01 1.412238033628665512e-01
4.840859001827356733e-01 8.125843399925007926e-01 8.530162237725630314e-01 2.708792186130160040e-02 6.202158514765133690e-01 4.343175033331447832e-02
3.067241186149771703e-01 5.061237980189309260e-01 2.777143918406120848e-01 7.364127443994575861e-01 2.009088108385950200e-01 4.166877120821883551e-01
4.940205354464908272e-01 5.831907664590274543e-02 6.757375234126860031e-01 2.268357344582235813e-01 8.520673712334970729e-01 2.091392429497433980e-01
9.931896886897674248e-01 3.588440135954851229e-02 3.475977310309026347e-01 8.796990408066502898e-01 5.348820616906229120e-01 6.505309613435413807e-01
7.411920589098293100e-01 4.231656339708242953e-01 7.923733225950880810e-01 7.598614429993763020e-01 6.208447467329375469e-01 4.915533229440064433e-01
