8.314493005006268200e-01 6.184480408067921653e-01 8.642599298121816931e-01 4.693452075785871092e-01 8.218319582810671431e-01 4.593166588739155953e-01
3.961412510961505040e-01 4.403983252382827063e-01 8.838325314751948047e-01 4.132400429060686387e-01 4.673470217724620124e-01 1.975273535648552903e-01
5.843054133980085663e-02 3.684326446516736908e-01 3.684837772715368054e-01 6.729814303135528419e-01 9.513741948229923473e-01 2.215514919288297246e-02
2.145422969775571120e-01 7.066499116846021167e-01 6.548429010477100354e-01 5.501999311138383586e-01 6.214531897669514082e-01 4.216140271183494992e-01
6.990951542221391923e-01 4.398493787070251182e-01 6.799192766901640539e-01 6.177312365360966284e-01 5.361157798036255695e-01 7.683061118459216798e-01
5.118373842649096561e-01 1.327821016642463103e-01 7.493100719715135583e-01 4.938684399354144050e-01 5.829970363369419983e-01 7.319209833498375728e-01
6.961133713732104988e-01 4.587583408058519829e-01 5.697386252093304959e-01 9.714804044489884216e-01 3.255085861908315614e-01 8.483271011941192485e-01
8.089777091591285885e-01 8.314849594078972395e-01 3.860830339880350071e-02 5.586530373193716592e-01 5.980892757349801636e-01 6.260744450045208076e-01
8.934963205309454093e-02 8.136997036366278024e-02 6.607500651020835614e-01 4.443663087863547467e-01 6.454912589349492968e-02 1.254697617951330280e-01
5.429388143659531485e-01 3.481717276204185918e-01 9.510284673918555365e-01 9.903160399959198834e-02 7.694630787187994869e-02 3.939205348776901872e-01
2.511215029268564214e-01 7.073818171603593052e-01 9.132193537198514122e-01 4.543850405655897040e-01 5.573730764213735700e-02 7.142864186364115131e-01
6.452894277555067948e-01 7.553856697947947119e-01 6.200673173529930304e-01 4.571158457470302361e-01 5.508446425638602317e-02 7.581448051607457828e-01
1.063432943119381191e-01 7.722662420704450303e-01 4.528348175837747513e-01 3.085750388357552110e-01 2.185963036820156580e-01 3.193039507112103159e-01
4.861917050325289535e-01 7.281419767864952819e-01 8.288225076363912036e-01 5.615026713345713238e-01 1.622799523377341790e-01 8.587375842184606922e-01
9.263791141595403289e-01 2.840978286919995099e-01 5.778407601445239017e-01 2.445203248659868489e-01 6.860256529409202164e-01 9.928222692423601670e-01
5.908642671279175085e-01 2.809373215228437859e-01 1.610252776903963179e-01 8.567624658529264803e-01 7.915382615255420751e-01 1.666721250882858829e-01
1.993302893890432914e-01 5.694997390502373191e-01 8.489355625359973345e-02 2.725598662355257495e-01 8.709270791449589266e-01 7.170318408739718707e-01
9.919014627774171977e-01 3.837195112325244573e-01 4.371582595125256265e-01 8.004550262128277138e-01 9.233188134683762982e-01 8.969262100804219484e-01
2.183707069600937523e-01 6.824046270005836856e-01 9.563360902495443572e-01 2.648123801869998184e-01 7.434423503813242240e-01 7.379475223704349274e-01
8.208768777868485911e-01 7.243291309261359334e-01 6.720387570248783637e-01 7.720796737490699391e-01 3.270270012588771813e-02 5.328011038070307182e-01
6.854766573112551775e-01 5.251324003676026697e-01 9.765814624045975334e-01 2.212146483140400299e-01 7.102389866689672315e-01 8.230008053392317002e-01
6.032234583990148113e-02 3.660386148074594725e-01 5.865425397563990284e-01 1.051021469018779131e-01 7.175648282497926189e-01 4.225695648477174604e-01
6.233278172848444321e-01 8.694988555350515735e-01 8.020466956437445338e-01 3.180452632916502820e-01 1.018660341178062589e-01 6.841772231915140834e-01
1.667680703617029359e-01 8.590205733073005279e-01 6.479694738983733382e-01 9.287585056568526953e-01 6.883749007425297162e-01 8.206526125198249089e-01
9.396436810409716234e-01 3.646020148671000882e-01 1.771060599068866592e-01 2.489169858689467274e-01 4.118874508855216998e-01 8.377210710822758921e-01
4.546020652561429953e-01 3.840202890352946152e-01 1.759972882497473634e-01 2.976996692726815441e-01 8.008142299157452459e-01 1.340871069114895064e-01
2.793502131856370196e-01 7.481660795400623121e-01 5.406581595534010187e-02 4.507529265369066840e-01 4.449077332393016615e-01 5.449150789123364813e-01
5.966835992697083757e-02 8.019846941625534686e-01 3.264093313566325261e-01 2.084702544086999287e-01 7.838222231589725419e-01 7.948436572678335699e-01
2.199513310988205905e-01 1.393817906352601277e-01 8.662110961861742009e-01 4.322468481630364900e-01 7.527311794326241312e-01 5.407641309154648246e-01
4.875183057827010558e-01 6.888565648930974339e-01 5.916785736859186962e-01 6.962672028367988819e-02 3.911771797316521138e-02 9.293246126450441791e-01
5.817546994182958287e-01 4.275002858971876929e-02 6.229553504102868233e-01 7.015347103300205722e-01 3.293601391500642350e-01 4.269876503614324914e-01
3.562112172529086074e-02 2.224089972946101668e-01 3.490808242783278725e-01 3.567888843556445977e-01 3.657780970283184274e-01 5.914146479830899583e-01
8.894071753314859441e-01 5.714573323029450425e-01 2.639555009496430404e-02 8.202417647239852450e-01 6.361529736302171667e-01 5.232169109156512565e-01
2.953303577874677455e-02 2.086654210980539714e-01 2.488468583202442241e-01 6.598748614930971534e-02 7.832806156814533516e-01 3.374861303308885896e-01
1.895915029209317426e-01 9.642462458145684145e-01 2.415037107722998178e-01 8.097736869160788720e-01 7.587934878165437658e-01 8.508645355167544500e-01
2.786061735680041007e-01 7.567767054519261016e-01 9.184710587713250662e-01 4.523340705203884315e-01 8.661682336326492759e-02 9.516486741212271117e-02
2.965194605439800402e-01 3.776571678714579772e-02 2.545926733273178311e-01 9.467397435173001696e-01 1.802838160000120871e-01 5.907252896218049276e-01
4.319930481169790282e-01 7.607520172159879523e-01 4.205536991773106692e-02 5.796838483445965196e-01 9.509139455059026913e-01 7.421574502594966427e-01
4.203542950791032684e-01 9.682636888263167485e-01 7.557790370563041149e-01 5.707147615141836550e-01 9.948508224068127737e-01 2.068390863944069569e-02
6.323724659990040964e-01 8.306586063029085532e-01 3.707483386374230694e-01 8.407459318018500882e-01 3.142882884833546608e-01 5.373448085010911202e-01
4.960277992834067895e-01 6.388785772491933912e-02 7.354419941751559886e-01 2.759858926245369881e-01 3.972905148390935004e-01 9.546015064470461109e-01
5.139552210004753041e-01 5.143373339165164815e-01 5.544384348100854787e-01 7.912483784422638111e-01 2.198333204002722585e-02 6.360695802886784378e-03
2.137442701277485479e-01 6.838519274605969755e-01 9.120464615704113598e-01 3.416876208689130223e-01 3.208716766909813778e-03 8.752261499621952767e-01
7.647655532055298577e-01 8.232581384496768795e-01 5.809998479800485560e-01 2.511155715071630157e-01 2.755248066202382606e-01 4.559012986264993073e-01
5.875228899401432336e-01 2.361166622023572748e-01 9.539011877465176648e-01 2.775832671560016784e-01 1.516710749828691362e-01 9.304099625066818424e-01
3.022050133076099598e-01 8.355445104162380066e-01 8.220636641827883118e-01 5.018086676809991875e-01 7.546124353322117839e-01 4.953043351380770343e-02
5.542236832086844256e-01 7.409044131039070891e-01 9.428179448332963952e-01 8.705091370058987144e-01 5.888554046451680568e-01 5.477263095717543884e-01
9.480944898424253919e-01 8.948079903928276568e-01 8.675871835795412323e-01 2.287632891215565234e-01 6.169985935538746524e-02 5.435804899969373105e-01
9.854908111173628082e-01 7.118810157144225270e-01 6.213726446759478828e-01 3.255622002282109184e-01 2.820124916727434483e-01 3.437388263182509229e-01
3.134134190056414582e-02 6.671867389416696881e-01 3.884948596909736374e-01 1.232783327606101764e-02 6.826429288814817031e-01 3.514260099644617164e-02
6.609032767776792383e-01 7.139272951568014225e-01 1.137749249615516156e-02 7.508273234484268421e-01 4.267539703889987601e-01 5.005165323635152319e-01
5.580273712003190889e-01 9.341645347318734416e-01 3.156349743512737449e-01 5.918092707075156556e-01 6.618404048271546714e-01 6.206140102725808960e-01
1.155461082166889808e-01 2.889855697322308847e-01 6.667934923112114332e-01 2.567706041935694516e-01 4.608223268053515120e-01 8.933673264144652570e-01
1.036134263137351574e-01 1.456037203013188508e-01 4.436266902397295597e-01 7.297294868060015816e-01 7.623185460741324082e-01 7.076180537029569395e-01
5.442117977822455988e-01 2.722578136112396852e-02 1.215893311494946616e-01 7.645860063936684714e-01 7.972624085474921962e-01 9.952938796463685067e-01
7.653763504237180992e-01 3.053544436780248894e-01 7.960763260947192332e-01 9.604930215062545962e-01 5.369510670558199639e-01 7.649908463263378477e-01
1.200933426798344028e-01 6.918971224114789376e-02 2.249148070108663022e-01 2.236986538781228218e-01 6.366615086342458651e-01 7.531276504604095257e-01
4.468578882102881566e-01 4.407271795351692667e-01 3.997657882594701784e-01 4.881227453145112749e-01 8.604430306763780623e-01 9.874303196274666350e-01
8.505367087173379970e-01 9.705985180018170677e-01 8.056460818516418820e-01 8.144663196924010196e-01 5.913629336258631186e-01 8.480431463144707527e-01
9.400302687584221051e-01 6.963725468484169845e-01 1.756373662381793821e-01 4.996787973508233227e-01 3.850123539323151434e-01 1.130996704714171130e-02
9.222091119518422975e-01 9.603295909953194487e-01 5.808210465738739003e-01 3.062703718768898797e-01 6.147984763688066900e-01 1.927926837758471290e-01
6.056145201189058191e-01 3.020227751070918565e-01 6.686721250565654806e-01 2.521765726698936838e-01 5.708485284890275624e-01 8.236834193048280239e-01
7.369469476107826100e-02 9.370561692611395488e-01 4.070306107216274949e-01 7.191363193808044674e-01 9.346602234624989958e-02 7.930161741276364751e-04
9.224525782644278360e-01 3.689211700743855182e-02 8.447378781692872485e-01 4.260889119509325695e-02 8.092036629746927057e-01 2.903224658435639149e-01
5.534046063768915946e-01 9.948600888575120926e-01 5.214409001930996324e-01 2.877128439752550948e-01 4.372722554111789783e-01 2.316088335080759286e-01
5.267099697844849215e-01 2.135718016777492512e-01 9.083465350901436253e-01 9.854095187929505784e-01 6.758153508373400120e-01 7.830433316100406937e-01
2.033396017667801203e-01 3.635035949882604589e-01 1.298364848069278876e-01 4.440075708053766723e-01 7.171142568862522992e-01 1.623731524131842852e-01
2.531955392938567417e-02 2.291155310543491197e-02 5.131713156382154972e-01 4.917322800198310473e-01 7.953941872872472008e-01 9.179546085428174074e-01
7.096218710081900749e-01 7.139782293724474815e-01 1.907144061030038307e-01 7.370253624514966351e-01 2.810662219298973863e-01 2.471334927349403410e-01
8.851294709849488740e-02 4.153146442531397975e-01 1.102189293233193368e-01 7.818759902192005118e-01 3.132020285818473138e-01 7.897057078352189841e-01
6.853047217489743881e-01 7.209966262153912897e-01 9.147395166158426294e-01 6.563005295194899169e-01 1.283262943684136959e-01 6.109778069771711895e-01
5.763169212674068564e-02 9.054023330051508278e-01 6.942248852784227431e-02 5.374275229920842945e-01 9.201470973771515016e-01 3.674956444931668509e-01
4.890309073162524278e-02 7.615777538379497891e-03 2.304491075924254284e-01 9.439259617413636727e-01 3.022567183661986068e-01 3.029165534197491016e-01
2.073444282339470535e-01 5.899643937391606530e-01 4.081321211884312294e-01 2.813996472007104233e-01 7.047996486367970048e-01 9.983064927947200573e-01
7.481013776566188822e-01 3.597281990792623452e-01 7.396936835081556749e-01 9.362656716440932447e-01 1.717581995732511135e-01 2.688164055496813365e-01
3.700390970598941287e-01 5.388512168888494047e-01 3.404464011907367693e-01 1.019238153210919595e-01 2.346582812214392799e-01 3.993385731174211584e-01
7.060759085283485614e-01 9.801290162037001874e-01 6.932823032947638131e-01 1.234193333444540963e-01 8.545189167410273123e-01 2.264707154727737537e-01
2.202175830882401319e-01 5.093796985918714881e-01 2.565171465364665115e-01 1.604892690359582819e-01 1.155969462237693701e-01 4.616095716099886115e-01
9.837726842875401667e-01 9.323518930465923837e-02 2.210016628598816535e-01 5.196738980598525348e-02 7.803158518575420421e-01 4.384617788720771570e-01
9.892992060200658244e-01 4.582103910597546959e-01 6.355058771224384451e-01 3.660116037278690060e-01 2.358205135050382983e-01 6.218953077710964727e-02
9.796199801891321002e-01 4.342016421054940567e-01 4.254123932540695430e-01 8.939368476711517797e-01 5.505047828362265028e-01 6.700021606071289160e-01
9.768536545154715700e-01 1.244105273848135074e-01 2.517882583524453377e-01 1.772108577625075565e-01 7.688157684940339909e-01 5.930517896324866145e-01
8.700976597913294697e-01 5.675487926644030567e-01 3.808847253860586646e-01 2.958532027159932465e-01 6.435589993768124906e-01 7.282857928650710022e-01
5.269455341876246868e-01 3.873135545657431233e-01 9.634675619482639952e-01 4.949745803769245445e-02 5.458698169676530210e-01 7.583293085840211445e-01
7.512767122229544459e-01 7.802711714567104329e-01 1.983955727959002546e-01 6.250654687407910526e-01 6.056167417166813394e-01 2.642874729910017484e-01
1.485334682891177316e-01 9.476933085714888128e-01 6.867235871312786788e-01 5.043356772849860725e-02 5.075708332207096163e-01 9.940659900109496405e-01
7.674202456256823401e-01 4.889355307767178083e-01 5.646092710852772534e-01 1.251548134757595188e-01 2.240714339370837305e-01 1.962958179179206120e-01
4.586550583565420780e-01 8.658339484854383761e-01 7.943663351094859548e-01 5.455647157406877668e-01 8.148530750745354156e-01 3.971180556367881476e-02
5.538701296582230205e-01 8.859012358089908279e-01 3.200808940628598886e-01 4.087690161069493788e-01 2.417118394169293083e-02 7.356511617032446271e-01
5.025980473295034168e-01 7.713979921971260145e-01 3.886708687858031475e-01 2.707340974736440753e-01 8.340924256331317954e-01 5.651578444384571798e-01
6.297025909110909314e-01 6.569456469973130597e-01 8.192659455635039611e-01 6.262552846118628613e-01 7.178114955486728510e-01 5.976813596954377861e-02
5.270711956066427284e-01 7.511392326220667215e-03 4.534187083876308755e-01 1.906115064236871826e-01 9.453673686126371489e-01 2.846240189705329104e-01
7.752791186153139558e-01 7.656833552168119672e-01 8.382486681614246260e-01 2.943935590720561102e-01 1.836799448997824546e-01 5.724700173199899211e-01
8.017583852913613418e-01 1.932073800648681505e-01 3.240154955986228602e-01 7.790372769467179825e-01 1.664651073590817099e-01 8.400098991847708696e-01
2.233249212359567082e-03 2.071866903768635471e-01 8.864554514488889314e-01 3.578896378654560229e-01 3.614708014670870995e-01 5.840948000344822200e-01
9.954369986677087390e-01 1.936809851502150348e-01 1.185727189284594418e-01 8.679907711852700158e-01 7.994598479677333946e-01 4.884396843649926323e-01
1.354642967587269542e-01 7.427644874484127246e-01 3.025309707692913630e-01 4.229845702201918689e-01 5.882996323968014973e-01 4.562467436060956283e-01
5.556904966363007681e-01 9.395508226153085340e-01 6.953647816939172444e-01 5.846774003476413739e-01 6.760723667844422691e-01 7.696856559447343704e-01
9.447744284314387730e-01 6.930172833016322587e-01 3.774992270404011752e-01 6.540359087009174344e-01 7.922722164863609251e-01 6.090204749984506893e-01
4.156002712945400246e-01 2.894409411290934653e-01 6.351150719928758681e-01 7.629085973570876034e-01 4.231265405169313265e-01 4.465348500451820080e-01
