3.344307954395346894e-01 1.629575183913253289e-01 3.098705933308679716e-01 3.233216004161221235e-02 5.649562951499620400e-01 5.271453634331814131e-01
7.017589602098461832e-02 1.868142869964245500e-01 7.427566069308111363e-01 5.540423214818348541e-01 5.748282410768588147e-01 2.912249727284943468e-01
2.358968892893653635e-01 4.514161123666382558e-01 8.617009321319980542e-01 5.199852855142855779e-01 3.742372398994812110e-01 2.218097974859479793e-01
1.210020425674840361e-01 6.130085590181196809e-01 7.596290312496766228e-01 5.447310845937765045e-01 8.630628597104073041e-01 7.287396039525988467e-01
2.029403660209957438e-01 5.959169146338150203e-02 7.548989338770664137e-01 6.624660994216251542e-01 8.216788908647610912e-01 5.425707715496578265e-01
7.312460276997815312e-01 5.721778423799260826e-01 7.619127194633548150e-01 7.895768812248009638e-01 5.852044746818477750e-01 7.517525631027077715e-02
3.679319328707099102e-01 6.879923642445913146e-01 2.540376960505620341e-01 3.915258051419113761e-01 6.270789155388256653e-02 2.977318909028631166e-01
4.559959927002984470e-01 9.423959739854254058e-01 7.622215567074008824e-01 5.986478373406636244e-01 6.482291647514482058e-02 1.391757921116617558e-01
5.326755776797151842e-01 6.744256676933093608e-01 8.246261991555871029e-01 5.302605287734751816e-02 1.836204443738942427e-02 6.385966215797543866e-01
3.092575206381857900e-01 3.309507342122507412e-01 7.253156664621583927e-01 7.602892764571707040e-01 7.325881959857138970e-01 3.868116731990908219e-01
1.064256825309830568e-01 6.426620555886852770e-01 5.904697090270366600e-01 6.724583465100053559e-02 4.304707176714522854e-01 6.088587260583887550e-01
4.638877303988140355e-01 4.877830603093435968e-02 9.184807906066495553e-01 1.138003961481504067e-02 5.782260563493768490e-01 4.684028145885784644e-01
7.945739789181156532e-01 4.552136122138905616e-01 7.882073326885343789e-01 8.735529621784111631e-01 3.367582270319392501e-01 6.461124104611892793e-02
7.536598384212759294e-01 5.395305584473950589e-01 2.966517174899940823e-02 8.258817490211535217e-01 5.014297878635025629e-01 7.878096219912831266e-01
9.023377279061742806e-01 6.889075878701416134e-01 4.989003968921560395e-01 3.569459227611629926e-01 7.400068956120781083e-01 8.907062903737537063e-01
5.307013375904179320e-01 5.882980131629881315e-01 2.619789706148178965e-01 6.736196667372110758e-01 2.849921822509389191e-01 9.856703510393386436e-01
5.227533052062375285e-01 5.161036342714475644e-02 8.860442908681407381e-01 4.994402522947484213e-01 2.506865751405717990e-02 6.408751618883323786e-03
1.846734525911291058e-01 3.847409347079777664e-01 4.459910123468224796e-02 5.153415597344735977e-01 8.992244093046957154e-01 7.718804597677597634e-02
2.712978425670434790e-01 4.349745178299260218e-01 2.270505046491340106e-01 3.692652687008429746e-01 4.873619123157088007e-01 3.733491091558662767e-01
1.835986440193068114e-01 8.816218771679640298e-02 3.594257336314654605e-02 6.614715207581868261e-01 9.313814386258841838e-01 1.610499600992963964e-01
5.644449859887891163e-01 5.481724593897450148e-01 3.239220243561200530e-01 2.813570440446010457e-01 7.813422557262392765e-01 1.595240872449562586e-01
2.682380649901778824e-01 6.543537929015229571e-01 4.520418228299684094e-01 2.661322630393302413e-01 9.529085490816289195e-01 3.466550193910779010e-01
4.706857704909497286e-01 4.120123712529513149e-01 6.619689225510341224e-01 9.159908775640436263e-01 9.366671074453181145e-02 1.386335475712544563e-01
5.674193361129842295e-01 1.845232015957551930e-01 7.860916331243692490e-01 9.139588612303727322e-01 6.335198810179101248e-01 3.225687876275508126e-01
1.510152593176009583e-01 3.517829888775519942e-01 9.974716299118768781e-02 7.449306539763376200e-01 6.347141285067613437e-01 6.036179317015559764e-01
4.067984281405747637e-01 3.633136831879191231e-02 7.300204899745788012e-01 5.115535569694366069e-01 2.315281589854518707e-01 6.013808021144755322e-01
7.173015664967585803e-02 2.259469229551476221e-01 2.158267050378422924e-01 2.195657191561761756e-02 2.512199273610733474e-01 2.951062968428880273e-01
7.668874382417245616e-02 6.589093790414812801e-01 9.721088344934809555e-01 2.804961906929944737e-01 1.922540597228894477e-01 5.480089627269368879e-02
3.614470705827871333e-01 7.497061767373391916e-02 9.326235889248840616e-01 9.966918360499508189e-01 7.214437611389259430e-01 1.824105367843731340e-01
1.998308504118487816e-01 9.315392559939588146e-01 1.195625426524268287e-01 2.932699363262289971e-01 2.896793957630000582e-01 1.733845369686151106e-01
8.216551624786583297e-01 9.826467227502547752e-01 5.058415376352842774e-01 8.959616370435835586e-01 1.934973244843007922e-01 1.920232682324207740e-01
9.535043884082803345e-01 5.514597712392302897e-01 8.915742707726002081e-01 5.830904862054790971e-01 4.367176330433036879e-01 1.753201390728531539e-02
9.498646029073083419e-01 1.762164424050527423e-02 9.750994171540104949e-01 1.317162165053357148e-01 4.146604303212665377e-01 6.172116628838806296e-01
4.823572122879837831e-01 5.261432422900593764e-01 3.024971041896292734e-01 7.958830596308543726e-01 7.771568270246216326e-01 3.727068051404355264e-01
9.803483582445189359e-01 7.335383070079594114e-01 8.149972897506685410e-01 7.141292804570452679e-01 6.370299368162720688e-01 4.322548068443210489e-02
1.158522602847603666e-01 2.209075344312134703e-01 6.269895290025030432e-01 5.326932989957723352e-01 1.189833362626955271e-01 2.189558080679158136e-01
5.912593613001571047e-02 5.960150805605034519e-01 1.264990111761286062e-01 5.613091627276745044e-03 8.781344016185942403e-01 6.670284367058850750e-01
2.389545832079431609e-01 1.284828733214646856e-01 5.351335164746721107e-01 3.014233724030302985e-01 9.033369790408607436e-01 6.846715188280579900e-01
9.992818954616011773e-03 9.254250958379757197e-01 4.054530136685852160e-01 6.062733660908979916e-01 2.892209498391441480e-01 8.953221222172543792e-01
9.901309342701177796e-01 9.977630741035693474e-01 7.630018478908138224e-01 1.102736150181006236e-01 5.408664034802936893e-01 2.351427115968169890e-01
2.490898215519015135e-01 1.705623960180575605e-01 8.899047047629607965e-01 1.758275116728924559e-01 2.944342474372260154e-01 2.155066354020686026e-01
6.633151467765734388e-01 3.661636409750718135e-01 7.566143538369596300e-03 3.594190486890074254e-01 2.282323672117867464e-01 2.557692391973291901e-01
4.613947771619529847e-01 3.811786070279072902e-01 4.072114899347152317e-01 1.069345534777618179e-01 5.380073135832275089e-02 3.415367893789467146e-02
4.131734262854944717e-01 5.091144459307679337e-01 2.578566219239503132e-01 3.066401162105832912e-01 9.793318553209928723e-01 5.565382579281916708e-01
9.466534033012352634e-02 1.068149481619187213e-01 3.354153171368249309e-01 8.581301596508591478e-01 6.666596607980657119e-01 6.629701802783051212e-01
2.806851126073647285e-01 7.137374132896452394e-01 2.113909572627384881e-01 6.370415765689938503e-01 9.747573091876055029e-01 1.422544454299584649e-01
3.254131374747257777e-01 8.464161812285864173e-02 3.076698573018957772e-01 5.796365973432714425e-01 6.727306785994829896e-01 7.253235669028942345e-01
5.176610841131458196e-01 3.753730955249163781e-01 2.970702033378757045e-01 2.716354368755238280e-01 3.935999525720840220e-01 5.469359601802870063e-01
7.681218218733216752e-01 3.189348114290668779e-02 4.753786457967003054e-01 8.065910535453856278e-01 7.063511329182864396e-01 2.521503098868405068e-02
2.219247760762799171e-02 4.034254527667674450e-01 1.874941289430800406e-01 9.178038355269252380e-01 3.034356020007054067e-01 7.619721159082371020e-02
9.166169218711142097e-01 9.696960850861924275e-02 2.106807799023626693e-01 6.332175948388545361e-01 5.224594754308214961e-01 7.591674867549199623e-01
6.353759892382295771e-01 6.932885690117449595e-01 9.746617178926960667e-01 8.063707514635354290e-01 7.026710036292502792e-01 6.723856991825040152e-01
8.676634987011500044e-01 9.218821560264892634e-01 1.997576322037450947e-01 5.568292912261645355e-01 4.420645282924542396e-01 4.261177579759674039e-01
8.080263513095665706e-01 7.868118982605160072e-01 7.209793110498430302e-02 8.198931398493527478e-01 2.344097363253697663e-01 7.758360867494178414e-01
1.488832024364316053e-01 7.054387783627987796e-01 7.277951227120510458e-01 9.334010856015810820e-01 3.370510427679594967e-01 1.278714914811923675e-01
6.069013455705375426e-01 3.013554809510247123e-01 7.664764207701050269e-01 1.651261822274878721e-01 8.725036712906610870e-01 9.030965605206829894e-01
2.209902125107955362e-01 7.347922440044243331e-01 8.062008108100197079e-01 5.806889796348118082e-01 7.974163376250250623e-01 1.696983500873404660e-01
3.991278500752984959e-01 7.110136101038685430e-01 6.816107878477271065e-01 5.505966799299040204e-01 4.902042475030266022e-02 7.664795853860848496e-01
9.344398403651049678e-01 7.728873899446756512e-01 3.916997511964008805e-01 5.466214605740408183e-01 8.493513088175279613e-01 6.915114782535295435e-01
7.171975332547937398e-01 5.964896305360927187e-01 6.391128986026000103e-01 3.100640310584735770e-01 7.558570972768404728e-01 4.546165489591477149e-01
8.778790772381077634e-01 1.500848957293803299e-01 9.803311507842654704e-01 5.790584215319338757e-01 5.075125247798443207e-01 1.234868322952189512e-01
7.912937097482413140e-01 5.911307924725111018e-01 2.017893536779569175e-02 6.653555227030116814e-01 6.913982594676004734e-01 7.721406512279982426e-02
3.531978184880562033e-01 8.529267180162607431e-01 2.049478252676186774e-01 1.075690542784850656e-01 6.364934107685411568e-01 3.818996211218543824e-01
1.079103657630036128e-01 9.256522498372014018e-01 8.813777332263923459e-01 6.925951605258796606e-01 7.150103314186366799e-01 9.758394604745175283e-01
1.973032535483906225e-01 1.535522896725207698e-01 1.537617936284247921e-01 4.797515942540891976e-01 1.089905438871910937e-01 1.568942944119467997e-01
4.383749323853395330e-01 9.728521936200166254e-01 6.094015059944162260e-01 2.531939371993179311e-01 8.653676640534702091e-01 6.252339424905903886e-01
3.295064902309779997e-01 5.683985827392714629e-01 1.827123414196304418e-01 4.325626734167159482e-01 8.873921317833279865e-01 4.212841803032555399e-01
3.327286849594124352e-02 5.915735940331714460e-01 5.804604935605834903e-01 1.775204623303983098e-01 2.589603575881345154e-01 2.705562534191739976e-01
5.814453058049213752e-01 4.250853287621081389e-01 6.485205891454034477e-01 8.324441259791230951e-01 2.011830304933333036e-01 8.008807186246158505e-02
6.480040788874897872e-01 4.897359260119936719e-01 6.801942783816972149e-02 4.531211532578981460e-01 1.177253237325537327e-04 8.904571608971173502e-01
2.454810897675741010e-01 3.523751030624161507e-01 5.711954199903787055e-01 9.512238379091204621e-01 5.846837461141652925e-01 2.850621057451152573e-03
4.249673802708993087e-01 5.086663481131872278e-01 6.429383667869317254e-01 1.849170701796354344e-02 2.946130227748042785e-01 1.904790145834911463e-01
3.168772661290180093e-01 9.956594070430345722e-01 8.031407355741001508e-01 2.444533617588030561e-01 2.923655043664005193e-01 1.417819741027914748e-01
5.207678114663748525e-01 7.500861321167429097e-01 6.080451110378175539e-01 5.810321061219428929e-01 1.172596042448228459e-01 8.257619887991034524e-01
6.828780378818166685e-01 6.123937005100277275e-02 5.855633343431435600e-01 2.248918393244003777e-02 9.601163306512232598e-01 2.172321130019498892e-01
7.349664158738338227e-01 2.321418534394493749e-01 4.475112175386808389e-01 9.136894519155910332e-01 1.085482240012621835e-01 4.672074592104362711e-01
5.453066716577820161e-01 7.777273721685815655e-01 5.305075568149379972e-01 5.078325447022725703e-01 7.551431390302824065e-01 5.940996847568704720e-01
2.865115367367162547e-01 3.690655743014786827e-01 3.296687370190085620e-01 6.333492640360194326e-02 8.241158325475286262e-01 1.032697664539981020e-01
3.428745556921484194e-01 5.845800707810377972e-03 9.298874268615997529e-02 2.272735198153240654e-01 3.625029570411962831e-01 5.013863698346665565e-01
2.025997170577474860e-01 3.578049008913678497e-01 7.686803377393133241e-01 6.059749132610999789e-01 7.878340741217503274e-01 4.235981915145480281e-01
2.960083564390459943e-01 1.181156760765436076e-01 6.063724582036541522e-01 8.300565658109104739e-01 8.185892573256841054e-01 8.498196753812981008e-01
8.930385063301349291e-03 2.510323419287224800e-01 1.384068681615358010e-02 2.058459313100587940e-01 1.635343234733664941e-01 6.035117178937808857e-01
4.834817717336070686e-02 7.807067189748337910e-01 1.773276664532699165e-01 8.059074332563135323e-01 3.206417817772545531e-01 7.559679546668697236e-01
4.848639028978222187e-01 6.385921876083474613e-01 9.062433816132031694e-03 7.027283288723802368e-01 8.404763623588142885e-01 4.855915731249993428e-02
5.533227731695038454e-01 4.619721409469750295e-01 7.586962004093995571e-01 1.370941549857132014e-01 9.343327396064078361e-01 1.834493359838422766e-01
4.391909045312690774e-01 1.687178257914427881e-01 3.112722932546477805e-01 1.683355224954383722e-01 3.727084989688784766e-01 6.815391443307986519e-01
4.355470861342881639e-01 2.803026358374238747e-02 1.566116702710488306e-01 2.355244921434215266e-01 8.761442719075904773e-01 6.540533312800190791e-01
5.788171121768505012e-01 8.198072856503857420e-01 3.700956710282818918e-01 7.056020520795588391e-01 9.858067505404144448e-01 4.187870011899834655e-01
4.516407896494454288e-01 2.869885917027520383e-01 9.647392854227134773e-01 4.687378917227470465e-01 5.015704994708419795e-01 7.273421840432475749e-01
5.075621432027607183e-01 1.784278331415887209e-01 5.711730949655356993e-01 1.234381642429193127e-01 3.693161586548147080e-01 7.796479506778994928e-01
5.350763710193628953e-01 9.104550271731677302e-01 7.021984565726526739e-01 1.610672275742349724e-01 1.676341920920805251e-01 3.449128568639958647e-01
3.274777526688079643e-01 2.660334814692917327e-01 8.854119200609911200e-01 1.277259067357405797e-01 7.516601267591876967e-01 4.311765662198699944e-01
9.118163462793360541e-02 1.693755058310870698e-01 8.405472809528874434e-01 5.423396969184204330e-01 1.665202564791341544e-01 5.549052189014939129e-01
2.240626822028440879e-01 3.543837945691612479e-01 8.021697454166253349e-01 6.031511479949455135e-01 7.434511393469355189e-01 7.373569296340860557e-01
1.039012756300013995e-01 9.770316843881994284e-01 3.167022566095083480e-01 4.457169532698253001e-01 8.453837490645462749e-01 4.877448423407635403e-01
3.050774820685678845e-01 5.959327978882860144e-01 6.560851556132006879e-01 8.258825429857408196e-01 6.084330980373588993e-01 8.161208124453133150e-01
3.094925601180541497e-01 4.991419971375018472e-01 7.908607243243483964e-01 1.411987744312700466e-01 4.406705548902527525e-01 1.551900012449749511e-01
4.566202004347341692e-01 2.270835137664906078e-01 9.853244836348109548e-01 4.809307295166130869e-01 1.012143957015333440e-01 2.400507554890263240e-02
9.617113607868180702e-01 6.437360183826243976e-01 9.990348079303564832e-01 6.998393178008162074e-01 4.220819555212527163e-01 9.796999154686467648e-01
6.789094358634084614e-01 5.541028442738982207e-01 8.458031021002363481e-01 7.401157867165722992e-01 8.746785242621641920e-01 1.616214770362573994e-01
