8.916952825735441346e-01 8.833514810253647598e-01 7.984731264734641343e-01 5.163000210047777871e-01 8.084187743833824991e-01 4.338869427870701845e-01
3.963722800634117416e-02 9.661341603724951099e-01 3.598378621947698752e-01 9.631110563819740289e-01 4.331097804913718319e-01 7.373659914578121199e-01
5.695071810773262300e-01 3.279515543150574031e-01 7.997141732254502422e-01 6.175056907917930715e-02 3.651951466748371011e-01 2.830724562214368412e-01
7.926711767915419760e-01 6.617849521563056170e-01 1.366591942864399112e-01 4.243539965593123853e-01 5.500650095423710306e-01 2.458808379679537914e-01
5.679625955127015624e-01 3.129400892984868232e-02 3.032420066726134733e-01 1.250685347216091703e-01 4.635046897185050030e-01 4.259169111092495630e-01
6.033827444566329801e-01 9.407419881060183897e-01 4.393045326373261616e-01 4.718127319430210909e-01 2.190203101757247639e-01 4.374283931828576444e-01
3.946605929062537710e-01 7.172549763245987808e-01 9.505460892934010086e-01 3.954803898884474700e-01 2.696043118623797641e-01 5.292748327400299546e-01
1.084852859178725426e-01 3.514944303774256706e-01 7.273868218710595190e-01 6.272714683979594419e-01 5.988896893669146682e-01 6.894184745110744084e-01
5.210967383200821867e-01 1.907689996591561687e-01 7.415906696683699506e-01 3.780137358551389770e-01 9.246574423805264953e-01 6.672451000754785477e-01
8.096297283795569344e-01 7.508691076183630075e-01 6.523798159435508781e-01 8.721812602780679713e-01 4.053527762422532987e-01 7.883846421211092581e-01
2.161142638810131800e-01 8.869996600003838827e-01 8.402103995209020404e-01 2.683458369084181783e-01 9.524950048567552008e-01 9.809916894508563523e-01
3.804192416104160701e-01 6.172748005298467344e-02 5.155423495319619853e-01 4.266983632506232693e-01 1.342822865336213978e-01 3.301707315687241184e-02
5.740249539497332965e-01 8.835179358947671258e-01 1.896019253160874385e-02 2.925426493538527684e-01 8.211998879717784527e-01 2.283158406156976516e-01
2.387324148907736809e-01 7.331431786469542189e-01 2.117917870469956387e-01 6.439096020362665707e-01 1.767932234634079780e-01 5.512031442834075534e-03
9.655227370846657386e-01 7.310557303096116843e-01 7.474970649713408299e-02 1.345141417825983510e-01 1.488269582980950023e-02 3.715796291773807436e-01
9.126881872386662931e-01 8.946226842252777978e-01 2.846139894249989366e-01 2.953655712479423823e-01 8.239676735047969380e-01 7.320136525525287041e-01
5.673632128378236494e-01 7.155131207328415677e-01 4.900618308494989472e-01 1.450541302109240593e-01 4.285099344958042122e-01 1.305629162367492047e-01
4.375772129747015349e-01 3.449823162370849738e-01 6.695782375871675018e-01 5.895921284281305796e-01 7.901148068478373032e-01 8.986362081200411911e-01
1.560241184325715791e-01 6.786043309152761660e-01 4.932475266501364919e-01 9.382690732215827056e-01 9.748859249926148385e-01 7.838954155737071217e-01
4.990005896775583372e-01 1.668891518115820372e-01 3.511871532031348719e-01 4.097432894748125332e-01 1.096407838702249116e-01 7.579168200676078548e-01
1.818024182789331755e-01 7.902287935036060862e-01 3.932727879154649386e-01 4.990519043330030602e-01 1.808800258671169336e-01 3.718686905723800340e-02
4.714290129123793749e-01 6.145326567041921040e-01 5.706068393573210384e-01 1.387097166779960311e-01 5.673715572111929228e-01 3.610146917676371192e-01
1.863724472335578364e-01 2.072495133566172321e-01 5.752942635263177396e-01 6.572487540336902079e-02 2.831069136865094205e-02 5.607570480183919903e-01
3.899487421834854084e-01 3.558840226225529202e-01 8.307548353877629577e-01 7.195862047497725289e-01 5.546936600280214513e-01 5.869401209730669144e-01
4.421975186027538030e-02 2.801904203322036491e-02 8.260985131031134410e-01 9.789178282889359206e-01 1.660929641565822568e-02 8.596596419852188253e-01
3.440735981723902492e-01 3.837241830634779971e-01 3.783584357977745061e-01 9.761278123719856481e-01 6.518187869861125083e-01 9.659716597948843075e-01
6.265714510743203292e-01 1.575825358046729630e-01 3.748407171708680874e-01 1.409166536851536033e-01 6.876141749911188761e-01 7.522738114327809367e-02
3.128707076278719468e-01 5.346339614226820469e-01 7.898842592489327963e-01 2.464661605292669533e-01 9.986373360002523958e-01 4.366783498659368989e-01
4.163526294374179093e-01 6.391339245902073474e-01 2.447570955555855576e-01 1.679388022108353473e-01 8.171750361377916327e-01 8.646755971092174864e-01
2.589917172752813634e-01 9.573328044575635243e-01 7.991075759397792133e-02 7.083869160806958165e-01 3.752699329094366654e-01 1.499831983954107439e-01
7.532831018953058955e-01 9.562673627942464005e-02 3.737817366832114629e-01 3.717929485140755164e-01 3.628922456403136376e-01 3.008071713662445745e-01
4.078258617669593411e-01 6.569761593700285118e-02 6.830736048432962670e-01 8.215999845551299474e-01 7.562159603526702467e-01 1.399889781771287423e-01
5.249143669507398968e-01 5.510038475905361111e-01 8.761648474874729198e-01 2.599486347418170640e-01 4.501249917504480669e-01 9.102467304279568960e-01
9.464435690309725979e-01 8.974271636803046182e-01 9.001391875769112483e-01 6.520712645577055877e-01 8.479633174108862637e-01 1.866665212510167926e-01
4.672236757722025846e-02 2.630440840179425477e-01 4.923150307151846761e-01 4.106772620559018261e-01 7.172195810980174224e-01 9.854111279335475704e-02
7.456343464470291948e-01 8.863813753323226408e-01 9.348857332625966077e-01 6.432551520130850298e-01 3.262771310881671383e-01 2.100143717040491298e-01
7.861125796401083887e-01 7.143756476968927682e-01 7.876746126021133554e-01 8.454126254478641078e-01 3.133424841317815623e-01 8.041949524835476648e-01
5.947832020694776567e-01 1.240823674718444236e-01 9.145559376630902904e-01 1.813751534805907450e-02 5.144877719484791667e-01 7.450675714814585238e-01
4.870529521004961504e-01 3.625070627444426652e-02 7.711470486539288016e-01 5.620563226146337854e-01 8.543530868666017186e-01 7.962882741500565409e-01
5.710127177235077012e-01 8.101903851647633825e-01 1.187187429518543613e-01 7.538939972541311985e-01 1.288496103542875471e-01 5.079715968418445637e-01
1.779158315423458037e-01 8.690790021300524026e-01 9.170367244904363835e-01 3.356225217988163534e-01 4.074836903102220242e-01 4.151269616608763702e-01
5.469042709421928494e-01 4.605842855802848579e-01 2.038753825968755429e-01 5.175624450491030926e-01 9.407921544426389726e-02 2.269535795102554099e-01
3.974514130135726742e-01 7.145787637189791042e-01 4.825736751561355842e-01 9.170590909588596240e-01 9.621201475153281502e-01 7.623080903305589073e-01
8.170633769636762578e-01 1.644274617134358074e-01 2.714820437750540272e-01 5.623013638499957390e-01 3.781426900771989175e-01 7.124641797249029462e-01
9.961657036068974902e-01 3.501478662496295691e-01 6.572941250901405130e-01 5.959952313388342526e-01 6.734666109543607782e-01 7.330223988585460315e-02
3.431679510260728927e-01 4.376834663861758346e-01 8.065760929027047110e-01 5.574718437391323889e-03 8.639595055283877389e-02 8.730117562313318702e-01
5.870618129409127528e-01 2.255382958979207375e-01 5.665467811870071868e-01 6.876412433075574926e-01 6.429200136361485907e-01 3.630715954773258147e-01
5.128151077261318136e-01 2.111977961057946995e-01 7.407997521618753245e-01 8.955032694810425298e-01 1.733536243422360013e-01 2.050121594977698525e-01
1.184423489497836712e-01 2.837267945493254784e-01 3.722302909147273686e-01 7.081539901506177515e-01 7.299819722563910540e-01 5.172781081694651784e-01
3.329051879258588809e-01 6.605400405594508140e-02 8.040248910887258793e-01 8.301553902246205929e-01 4.855138116887842692e-01 4.402215935820968928e-01
2.488781389607669370e-01 1.189672203192704281e-02 4.354119261714152200e-01 5.069022695333780248e-01 2.397300946999767479e-01 3.577615464054022532e-01
6.691774532981747958e-01 5.053312167294445878e-01 2.581372979755147679e-02 1.399181601620749227e-01 3.047332242962103033e-01 4.746311729622076925e-02
9.975302988998480114e-02 7.220357176477605332e-01 5.624760026767618992e-01 5.863093204588862850e-01 2.315593170627383568e-02 3.814494805116331877e-01
1.221864053504445602e-01 9.428546006964144688e-01 5.152546161361959420e-03 8.852539714006181226e-01 6.260248390238362104e-01 3.068593364626494013e-01
7.382327357854159278e-01 3.985125499463708643e-01 6.102150769484676607e-01 6.695958516519845416e-01 2.282339953055112503e-02 8.804630448172582335e-01
9.728964149585017651e-01 7.495755499358414120e-02 2.792774347000503976e-02 7.495146283274045640e-01 6.110078789787013465e-01 4.086739758001770584e-01
9.287188857118210406e-01 8.990582236813652317e-01 6.030738313161070341e-01 3.170184570118492751e-01 2.749462740928927396e-01 2.789508143474606072e-01
3.156958443751265442e-01 3.217308792607586065e-01 2.091105568167038742e-01 8.841891717081407087e-02 9.758408485764962226e-01 2.938850813151712149e-01
1.761685268718763409e-01 8.643749516856719106e-01 2.020816499606333805e-01 5.579881389630940713e-01 3.975698279765482734e-02 7.958695422492597649e-01
9.175565815101645040e-01 5.860138857977567062e-01 2.730130385813328564e-01 7.155520325160039663e-01 2.919818457861564909e-01 1.248491512443334894e-01
4.549012716000745415e-01 1.776994842726209445e-02 4.067286372288423379e-01 6.474790654739696061e-01 3.278592809505498362e-02 3.161813981510086524e-02
6.482164515985847641e-01 5.495524922367818199e-01 4.358791942954884924e-01 3.987382017221623443e-01 5.904841001678339252e-01 2.065985707178777941e-01
9.316856696468616139e-01 3.453034364465538131e-01 5.924288973468025965e-01 2.814345517159251298e-01 6.185483976980381549e-01 2.086512306730546884e-01
6.593593374983599542e-01 3.531668576742454935e-01 2.985545558234068420e-01 9.072642906614392100e-01 7.630230915785020107e-01 9.444123699067129563e-01
2.914477921066593868e-01 6.777061585070962568e-01 5.928324759627502383e-01 2.550464657267217383e-01 4.064200062932659119e-01 4.835688374654112387e-01
7.520448048527693663e-01 3.722614126266954315e-03 7.372661922705231463e-01 1.233450294726115004e-01 6.424600470751248293e-01 3.242923243089468333e-02
3.747747045713746283e-01 7.232640163813535139e-01 8.909498204201840021e-01 4.212934396336666110e-01 6.302164550228903650e-01 4.735952573198323190e-01
9.408297446894688942e-01 4.638853315745516959e-01 4.183699038929116210e-01 2.978661520230221349e-01 1.534523633128308528e-01 8.627766747306058193e-01
5.759972949119340768e-02 4.005565520135445645e-01 2.959149166805055131e-01 3.409838656042667449e-01 9.911202622435912879e-01 4.532971094833970760e-02
5.004168231362207120e-01 5.634635330214498028e-01 8.963275297987869372e-01 5.217204665786374651e-01 4.137670149943701858e-01 3.966269320610640303e-01
9.403544209509673291e-01 2.284401278041866545e-01 2.397536721743231958e-01 6.925203819522198767e-01 6.732599596465534963e-01 1.579519177876659297e-01
4.690298893527518054e-01 4.270013492388212706e-01 3.511053576053829728e-01 4.200203201805972064e-01 9.691441447637543227e-01 5.184321380733831752e-01
9.615079359946777648e-01 9.579269762104369867e-02 6.031015938682718902e-01 9.869976555056569900e-02 1.888619885441865653e-01 6.045003163194505591e-01
9.939218310306540127e-01 6.025184217236775330e-01 1.233028370547339936e-01 6.173013223984824549e-01 6.164119090267937695e-01 2.130808609969964129e-01
6.191373239500453929e-01 6.771867652568615004e-01 2.637701685043277733e-01 4.642640601869172379e-01 4.652568285098949152e-01 2.818795232878636980e-01
1.382167272135048641e-02 8.177311319880185003e-01 2.100553386636436759e-01 2.575732634232109630e-01 4.958714828268944164e-01 9.121433052400328423e-01
9.882326296824163192e-01 5.604740998258322948e-01 5.711615450851724729e-01 9.430721417268120854e-01 2.921754062900133730e-01 3.000279094227782384e-01
6.607111132308208790e-01 1.233204737948434548e-01 7.314246091118675741e-01 8.922926662624117711e-01 3.622405764281162455e-01 4.232153513102856479e-01
2.741857619172959337e-01 3.637820682557516561e-01 8.745311266943611717e-01 6.352080065995223679e-01 8.578260457856897725e-01 9.765006240399047854e-01
5.526241798362251378e-01 1.443996735145575139e-01 8.275590419351116500e-01 3.753785619823440944e-01 7.537529375471515580e-01 6.790630110084576732e-01
7.599724076188965061e-01 8.341235257107593171e-02 6.472850313212822337e-01 6.920971861016101956e-01 6.905265497632606664e-01 6.295721147374534477e-01
7.927762589098363843e-01 3.493961493476732683e-01 5.608756004161045139e-01 5.304902228611995119e-01 3.549265470232092490e-01 7.383236881618151504e-01
1.950759844746396965e-01 3.713220827021824766e-01 5.475595964499907486e-01 2.335411863677107069e-01 9.263516011099204306e-03 1.507760278243974739e-02
7.731336306093885558e-01 3.911347306906122201e-01 9.258168429369915131e-01 9.308109206578467631e-01 7.693677384699415533e-01 7.811672757688384872e-01
7.204712782538598148e-01 6.399506188719767952e-01 7.349138521129364721e-01 7.207652471194198052e-01 8.330484672980429384e-01 7.142820776199410027e-01
1.852932603295466274e-01 3.499199417285067115e-01 8.716057031360073815e-01 7.041387518875706908e-01 8.200325906587417890e-01 3.953168711591026341e-01
5.498016040069215737e-01 3.183515147036869442e-01 4.855857145530050323e-01 7.261207143225867355e-01 3.396146542367792787e-01 1.540189105647604695e-02
9.405008090269229015e-01 9.288704642918365062e-01 2.406172310555999561e-01 6.708574904987487653e-01 5.388567176150741433e-01 7.543041167551574055e-01
4.502544064804203661e-02 6.025435171901974973e-01 3.580632130284792103e-01 4.143621100572314475e-02 8.554711476683733995e-01 8.191486904514534428e-01
2.668414402980415767e-01 2.671990370942829429e-01 4.800937025408337222e-01 5.721928898982802103e-01 7.223102007067375707e-01 7.170532100011289822e-01
4.057035595596377719e-01 1.364862361841295835e-01 9.001820116080448964e-01 1.171283954854944742e-01 7.705759598720549608e-01 5.357231494496365043e-01
4.403828461052327059e-01 9.820743941165809288e-01 9.206978425032760205e-01 6.106994165900184734e-01 8.646836464881717532e-01 1.155105750022782374e-01
6.250102091728541032e-01 9.214563656774973355e-01 8.485353874423433584e-01 1.239337125052790700e-01 2.965257947902795177e-01 6.082437211036439972e-02
7.429012811843271891e-03 7.770169556406527622e-01 7.250466796233664413e-01 8.515133609102246703e-01 3.864066662713591116e-01 6.793362664197841738e-01
8.797445920478262904e-01 4.180875297002930591e-01 4.980446747104376737e-01 3.881575342008688478e-01 5.725756245442670256e-02 2.522081450535451630e-03
1.782349699315685099e-01 9.180761126801700867e-01 5.757475281224578856e-01 8.475996748094705158e-02 3.413022724131161700e-01 7.604624904124462903e-01
8.733327064782421267e-01 7.454068204600636793e-01 9.712044261990687710e-01 4.048344248921827981e-01 1.092240945369284955e-01 8.988602872316920900e-01
7.403513742240245277e-01 8.680015919052745943e-01 6.520294853471050311e-01 8.791019388164197368e-01 5.899399939000038451e-01 1.042921135073846539e-01
1.895223559014165282e-01 3.370540486631480315e-01 9.385369583026166307e-01 5.248023896887412665e-01 1.678985137202211320e-01 3.906304867579274420e-01
5.657068555144865174e-01 6.482531239571313053e-01 9.252472395356344803e-01 2.137180534850646740e-01 8.139834149671666408e-01 9.605073049994057310e-01
