4.700569789385940500e-01 6.874875104720220564e-01 9.558721541079492345e-01 5.099355529006952548e-01 7.987277677457431668e-01 6.301131021019441558e-01 2.991119897320908194e+01
5.239884475989251555e-01 6.861864981407586050e-01 7.805890765496477091e-01 7.868962870813991373e-01 6.072603315686495584e-01 5.962233983352547284e-01 3.834656578510444280e+00
4.464995757630986772e-01 7.269303199598385890e-01 8.861841975341560040e-01 1.003044744380436670e+00 4.890177498577517046e-01 3.981803708622232429e-01 4.934904248024311713e+00
3.782984571174944910e-01 7.161593580352255684e-01 8.530332761228067717e-01 8.031453098007671487e-01 5.539917685182490503e-01 3.813277091089335435e-01 3.383347278193467922e+00
2.781658823858307872e-01 5.860375663816510539e-01 1.309021831624176180e+00 9.827592922125200081e-01 2.767339202954522404e-01 6.887673797651272523e-01 -3.305263940899300223e+01
5.057015397412074620e-01 8.172017318029874966e-01 9.327704351166419272e-01 9.007262645652417410e-01 4.983302230792343024e-01 4.754540787926704870e-01 1.273024759157522467e+01
5.411219059448285629e-01 8.232676868873558540e-01 8.278720626155006146e-01 7.383445078827710617e-01 4.656775324573493302e-01 5.203032853452929096e-01 2.042183443845019042e+00
4.740755397467277255e-01 7.429716838497206766e-01 9.404567457102783745e-01 9.023096567728428052e-01 6.290930590897630958e-01 3.254180887392684740e-01 2.129057399451430577e+00
5.227659688132245686e-01 8.064662656174349520e-01 9.384360440223658006e-01 8.512384807951708376e-01 4.090278186709409569e-01 3.653051456545310938e-01 1.256683881113075607e+00
5.399036106218327857e-01 7.304353747280962761e-01 8.524285593113974935e-01 9.219588050833047443e-01 6.033338909825272101e-01 2.844194339559159013e-01 3.246311426267084688e+00
5.264927389076593522e-01 6.522154679553190393e-01 9.095871013795263638e-01 8.107558975001836199e-01 3.759869529330971960e-01 3.572942941369051106e-01 4.942771955731101841e+00
6.025648837566730531e-01 7.009153099650726748e-01 9.963732943537333409e-01 8.262233962278355826e-01 6.973640682390163104e-01 3.390926628904190610e-01 -1.866114163190313313e+00
4.405061863921040932e-01 7.290640139398203434e-01 9.991817311238089250e-01 7.095220089231167870e-01 4.296114561096251450e-01 2.519563516379833557e-01 2.568998789559866491e+00
5.101115111361731458e-01 6.453181144431087146e-01 7.072585458224318611e-01 8.096985445973845508e-01 5.535298172203646505e-01 2.864817340271588186e-01 -3.706781262128823418e+00
5.672540936921217636e-01 8.245674341180008193e-01 1.112055858527015939e+00 2.792098245725460615e-03 7.078879374998185980e-01 3.723371680265901706e-01 -2.762151237122164815e+00
4.139910591853848132e-01 7.934651987471298407e-01 9.660164245623349411e-01 9.085725151693140322e-01 5.825636764198840467e-01 2.465857128922057939e-01 3.979648406520924553e+00
4.138832140401866866e-01 7.083646055708006095e-01 9.511085430446767353e-01 8.326108528653871632e-01 4.795739519547211893e-01 -9.184530111796160301e-02 3.764606941756461822e+00
7.878934070955394553e-01 4.920538929888703117e-01 8.187969328870222663e-01 8.866852779060560019e-01 6.144507122810216604e-01 5.733798873009523372e-02 2.592514993574837945e+00
5.115202348607363891e-01 7.700959965703750854e-01 1.094238393396151476e+00 7.091208898896407264e-01 4.848633041768664054e-01 3.241986409310023132e-01 6.252987718700426356e+00
4.681940831391401825e-01 7.475831916508917097e-01 9.604879289683730947e-01 7.090657588594659888e-01 5.783807885786751424e-01 4.713176664579226682e-01 -1.566930031051682493e+00
1.325456162146136929e-01 2.504777042798247422e-01 6.484516669264879241e-01 2.972443712855675213e-01 7.195802751791926521e-01 -2.882369541659268730e-03 2.500948126320837961e+00
5.090623958488870171e-01 7.248068916731332800e-01 8.930407891125273778e-01 8.199175092704366064e-01 7.016916776853959758e-01 3.502869544637703392e-01 1.544229008580388651e+01
7.753049983505719833e-01 6.949558565083555628e-01 1.164510712926995373e+00 -1.058552420860594534e-01 5.007270209319301113e-01 3.045708221057835119e-01 -4.189302266458975410e+00
6.651678049889759858e-01 6.793421712369742682e-01 9.602211685234257610e-01 1.056621965747240433e+00 8.159176412606599094e-01 3.014080928296814510e-01 4.677696555293264780e+00
4.355759763755090441e-01 7.592420526348243603e-01 5.166122439266311872e-01 1.005516965352437397e+00 9.798331059611847804e-02 6.144648836681410042e-01 5.915900436707303811e+01
4.919362618719033686e-01 7.949810383159103822e-01 9.738348990172734920e-01 8.386239447917930301e-01 4.282967639329024467e-01 4.069795723252199182e-01 -7.174183302136398765e-01
4.793761402374815406e-01 6.958165943426621869e-01 9.702614769456385790e-01 7.927748472627431653e-01 7.032253594810810027e-01 3.385617886072151417e-01 -1.360783240852691911e+01
4.611443158407005360e-01 7.069863352226705144e-01 9.199157086712081988e-01 8.180061647752097098e-01 6.815256229494722762e-01 4.993225946666310366e-01 5.986928597688033094e+00
4.769705354954243970e-01 7.158058156891240476e-01 9.739069876421027061e-01 8.374281812383453927e-01 6.429955255080890275e-01 3.816847689499017204e-01 2.771394240328368230e+00
5.136091586859794500e-01 6.448360499608853935e-01 1.000461100587255459e+00 8.034126726989380129e-01 1.472182724674391263e-01 4.437450779864449135e-01 1.086517819472105018e+00
4.592990306746577156e-01 5.963988634081449636e-01 8.397925401612629237e-01 6.938692316677526062e-01 5.516462529838986883e-01 3.930196156828772436e-01 3.744367221461274653e+01
5.114719569241037433e-01 7.261341493724552398e-01 9.759916078792482130e-01 1.042313262343277813e+00 6.137457890998793131e-01 2.042526342136950779e-01 4.797059107386110632e+00
5.123385752080252820e-01 7.346799367271207304e-01 9.991007520609265224e-01 8.334488991660007340e-01 4.841980551469594607e-01 5.896745455383799461e-01 -5.660815821239044254e+00
4.898993155945502442e-01 2.850376013570955491e-01 9.275047101424982454e-01 7.662753532036024051e-01 4.834754139226673519e-01 2.958292039136736773e-01 2.907241334650429110e+00
4.633598513746280401e-01 6.901732775414787247e-01 9.778769635751027867e-01 8.738857891694022939e-01 6.879834986412829423e-01 3.394486203013448722e-01 -1.443696241983813877e+01
4.431345865716892485e-01 7.175888730388934045e-01 9.725001877853395316e-01 9.406547312489583756e-01 4.278204633804008061e-01 3.180008804958796009e-01 4.168767250051140572e+00
4.912010197501541775e-01 7.232638967957741860e-01 8.465499324836749384e-01 8.736789804135840498e-01 4.501758293352478568e-01 2.828510927361888028e-01 4.459709388342264269e+00
6.906423651265718444e-01 5.932488688285235678e-01 8.271898821900883769e-01 7.598920244232251209e-01 5.562806276565767094e-01 3.668165652857831582e-01 5.488856376507295920e+01
4.216235346829045882e-01 6.888148618960789893e-01 9.726143703802839768e-01 6.065718188495387020e-01 2.525719065372511452e-01 3.015316346059747077e-01 -2.038249365514888467e+01
1.846830424328876064e-01 7.612584858583140157e-01 1.257587898635744716e-01 9.934049794995978289e-01 1.802024326216649097e-01 3.878231090579802309e-01 -1.524747913606037741e+01
6.109728624003420983e-01 7.656779546759823196e-01 1.283713788962790092e+00 8.332497152649357419e-01 5.942913771521514121e-01 5.096186980175291259e-01 3.287999861555685044e+01
5.348289178598114590e-01 7.406075930819595587e-01 9.541202305209389722e-01 7.876315142940244485e-01 4.297173745224207586e-01 1.756557422554697878e-01 3.393076940140540287e+00
3.475657493761805661e-01 7.468184932160968348e-01 9.769282375947112573e-01 5.024457176180755491e-01 3.106764440775015568e-01 3.944710475841618491e-01 6.527733425876647289e+00
6.062932989911046233e-01 6.626208385541469958e-01 8.724601590908680482e-01 8.358130399520136145e-01 4.955078550276527105e-01 4.196995910486812642e-01 8.635827599014580969e+00
5.095087107929467951e-01 7.234775872885688131e-01 9.896970281539363423e-01 9.057453110191180379e-01 5.504308666368166181e-01 4.535263668933094960e-01 -5.040600198509889651e+01
4.898663772119375426e-01 7.174127790899977875e-01 9.207886393727595653e-01 8.205044353469957974e-01 5.408101803124500950e-01 2.686220777745167432e-01 -1.224486892664515381e+00
4.996326437248918007e-01 7.105419501993984754e-01 9.585875147641292893e-01 8.836142786147235251e-01 3.110033517187729135e-01 3.966166075580929706e-01 7.357071147064694117e+00
4.779623549514631087e-01 8.227709573267493193e-01 9.550326885207258698e-01 3.995036755663550210e-01 -8.310529764597818225e-02 3.823154080336707006e-01 6.357073763817077783e+00
4.865875769789141381e-01 7.218677686622158030e-01 9.492069558321285516e-01 8.416050631611882160e-01 5.966341451161227827e-01 5.071543753423695122e-01 4.395554358818307250e+00
4.654668362315405039e-01 1.526175167211729911e-01 1.000436686146024545e+00 8.537550656974730590e-01 6.905190713634747901e-01 2.835780388500808158e-01 5.182690800604026649e+00
3.945363382513224493e-01 4.405168635110514597e-01 1.134326700829419776e+00 9.277875890549330817e-01 3.694850112707461776e-01 5.781687458968092219e-01 3.112329962345147649e+01
4.750505387244002287e-01 6.460173823170687335e-01 9.848349198997869980e-01 8.125154237143448199e-01 5.571016300665306842e-01 4.880273129810199229e-01 4.448791895101136262e+00
5.025829578759954952e-01 8.852503824297550672e-01 9.979564858744468525e-01 8.474998676764994299e-01 4.806931819834648900e-01 2.462177115784175419e-01 1.316732624287380027e+01
4.020077523494103300e-01 6.994330671985190540e-01 1.123373500684714088e+00 5.047639892650332971e-01 4.925450268461396552e-01 3.129229026259468527e-01 1.213295619014433413e+01
4.330956966939206176e-01 8.324160972236125389e-01 9.709039283761283778e-01 8.021936329252894460e-01 3.564045871100303686e-01 4.451148629057034012e-01 4.123286739816253821e+00
4.871300443470145125e-01 6.131633662949804719e-01 6.541936327561659326e-01 8.619733505701948628e-01 5.860530916963695436e-01 5.020437953173138013e-01 8.771155982625209901e+00
4.935196664270460332e-01 6.694985305406804255e-01 1.001815793516223518e+00 8.657327045816999300e-01 3.967017348231012819e-01 3.254990504272772811e-01 9.562120009254082120e+00
4.874677399781337517e-01 6.603561753915760946e-01 9.935603581396006412e-01 8.528654893851620455e-01 6.000133118391295373e-01 3.774426054213910753e-01 8.002220255324443698e+00
4.939400106136107582e-01 6.900042691420431584e-01 9.361587660756607310e-01 8.604380844551487995e-01 4.585951543360052840e-01 3.460609573332760203e-01 3.141852468408136367e+00
5.893050713856780032e-01 7.349480363032369068e-01 9.064977557311943990e-01 1.139466176820208787e+00 3.482319899128562546e-01 4.523913388851130146e-01 2.580723336463179418e+00
4.729620179184270690e-01 7.294651538872420904e-01 9.470261759379277056e-01 8.328442598678016395e-01 4.310307053704292013e-01 4.786362534449833395e-01 -3.840002073568493657e-02
6.905237190440072226e-01 8.693437997644380966e-01 2.735074359777989184e-01 1.024172917754244461e+00 4.271472534783327668e-01 4.907278843066714691e-01 2.982827585832889739e+01
4.831157050741504144e-01 7.123869421445310213e-01 9.397465604362116309e-01 1.013231486898749090e+00 3.804384817871060420e-01 6.604486165681430765e-02 2.897052341769309702e+00
4.841048229919930890e-01 7.246500320190074618e-01 9.654392486768456072e-01 9.093679830378311735e-01 4.585574904939410668e-01 4.017684954709063727e-01 2.286836487478572710e+00
5.090934956456176774e-01 7.207075053962420652e-01 9.861438323938276351e-01 3.633803184776278616e-01 7.608275944867324281e-01 3.498967242000097788e-01 8.915716963616002744e+00
4.866846348942596157e-01 7.076692048834258841e-01 9.850022490543141052e-01 8.729895117820343220e-01 4.746793367398813301e-01 4.188743374996474200e-01 6.024414593236311788e+00
4.806044680042699802e-01 7.511731650248786307e-01 9.784809987739770953e-01 8.085914132728182491e-01 5.525952171283066150e-01 4.362818601937644147e-01 2.666313617907206002e+00
4.692607351381212766e-01 8.359073098199394369e-01 1.020685497799261876e+00 7.313292442426905238e-01 4.790732978290013211e-01 4.912414091408190409e-01 4.559416860891600720e+01
4.788283111461674180e-01 6.774722643472829153e-01 9.748827884832370616e-01 5.777974973719914864e-01 6.420633618351963001e-01 3.783592550000424160e-01 -2.012250182005872023e+00
4.409069262065286043e-01 6.877936671041885441e-01 6.676048718944448401e-01 6.518426885444932317e-01 1.697756597863792627e-01 1.295771357661086087e+00 1.454711874208190281e+01
6.433137387028924348e-01 1.240872662309308705e+00 1.313239564632077805e+00 9.268102691325041942e-01 1.764637077613706584e-01 3.389205624506326786e-01 2.999208797961517181e+00
4.479353924227205130e-01 6.187538303007822371e-01 6.443528515085220620e-01 7.093521841311606346e-01 4.982305900178229385e-01 3.868430933763474799e-01 1.955183829980189358e-02
4.942819048182638397e-01 7.930141092449978224e-01 9.666571100215428647e-01 8.706058132462883847e-01 4.475597717662058161e-01 3.710799022470736563e-01 5.344210876235186980e+00
3.841321766621338951e-01 7.624695242860527467e-01 9.716868273182973637e-01 9.285715574053386989e-01 6.137743713533221346e-01 3.174874092642361867e-01 4.465845867944633341e+00
4.281990363157924806e-01 5.640305321482024237e-01 1.639594613039756288e+00 6.675392396766512970e-01 3.575119185828713464e-01 3.146386442013214824e-01 3.004820197158702744e+00
4.377087830656286593e-01 3.620206920958113361e-02 5.352807974800338764e-01 2.219559604979441936e-01 4.730268962152548440e-01 3.689688969291572973e-01 3.758250275575133514e+01
3.742973222605394668e-01 8.351206209173374084e-01 8.106531026037160359e-01 9.564801598766039525e-01 5.550864689578799416e-01 4.232884502950987615e-01 4.696781738315913834e+00
4.408047292870583833e-01 5.910520613026571946e-01 6.071346706364626478e-01 7.436010446014410524e-01 4.760831252963368954e-01 3.311666442115285824e-01 2.831820491476836921e+01
4.651695470270271748e-01 7.052020875187740012e-01 9.718985860897889628e-01 8.381792869624369313e-01 4.005831055059114187e-01 4.954718665670233557e-01 4.417871999812000183e+00
5.106540052735386581e-01 7.331911965245665463e-01 9.826655576233923606e-01 9.605765198767538537e-01 4.790176808246215945e-01 3.645022892128592651e-01 7.779098615178314802e+00
5.805729458418150690e-01 1.163801606311033687e+00 9.589483081519571961e-01 9.425060430393148447e-01 4.892478070209526075e-01 4.049559680188430377e-01 -5.744446691032056407e+00
4.486127157925480780e-01 5.998591244382817100e-01 1.085785364645556639e+00 8.367402987507350787e-01 3.826755115512543437e-01 3.603481729444157899e-01 2.811501387336055036e+00
5.913943655763783669e-01 5.833599744624247130e-01 1.033624953336692132e+00 7.115394330944830870e-01 4.401273697064544410e-01 3.196807205544460739e-01 7.138991832578066798e+00
4.764329680909938358e-01 7.721736629163648002e-01 9.279018467345414578e-01 9.766619653271655377e-01 3.749409148852347884e-01 2.974699331129619928e-01 7.023697863059467750e+00
3.843116836599986264e-01 7.344165132650954941e-01 5.891993713137255728e-01 8.490714069479244896e-01 6.570363614385561490e-01 4.152237707148163648e-01 6.050615510153553700e+00
3.074615687040277989e-01 7.462901627920743852e-01 4.697207069822275649e-01 8.842336356733695446e-01 4.243262384507955898e-01 7.277690715464902871e-01 2.738813091354578333e+01
4.887632837573313571e-01 7.269867744120810382e-01 9.753100735108010122e-01 8.289786492933698403e-01 3.569327091367613947e-01 3.725388408014800867e-01 3.205417981878134981e+00
5.498740338537397854e-01 2.973628226161574850e-01 3.336983246313152129e-03 -1.015749776545451510e-01 -3.487458929930590257e-01 3.643035273655524375e-01 4.689252832374887703e+01
4.872514813132149403e-01 7.925767646189779692e-01 9.024776518772184009e-01 7.101572947769370092e-01 5.128635853490255414e-01 2.874264328007167801e-01 1.083936084475300099e+01
4.780536604823614200e-01 7.619964981509207425e-01 9.787546364385840691e-01 8.272556483571613661e-01 1.628886160467193644e-01 4.006318882341345922e-01 4.414981030474647739e+00
4.851703462731445371e-01 6.989237621067494466e-01 8.829817174514190681e-01 7.800154013744771131e-01 5.421755674759919374e-01 5.264650360480217506e-01 3.322139809478993566e+00
3.866666658889432173e-01 7.532466061629212728e-01 8.344624828252928950e-01 8.460724755832603750e-01 5.301925222541966631e-01 4.192985521065033527e-01 3.630051785666098851e+01
4.836121881405378020e-01 7.596426071324162699e-01 8.456210843111828801e-01 6.330671491975683463e-01 4.772806968914259929e-01 7.145916313310107792e-02 3.591336267236371782e+00
1.209057872018886454e-01 7.080250508618275429e-01 9.743504906779366648e-01 9.307158944896843922e-01 5.556165045965072435e-01 3.943178028114168732e-01 6.657952286360037775e+00
7.241036438380137330e-01 8.858747355135967450e-01 9.682263701169394610e-01 7.799591283418952914e-01 4.462228114239398247e-01 3.644394064448819859e-01 -3.387484386837940065e-01
4.856606861055979274e-01 7.070916955954822392e-01 9.944343742309672551e-01 8.313180328298037658e-01 4.119020963343990038e-01 3.954702545068687347e-01 3.072540555134569473e+00
4.418529344958764815e-01 7.380533548073479055e-01 9.948406720678286685e-01 7.953944987675637401e-01 4.691641091019824739e-01 -2.022038954794784515e-01 7.619869988093473268e+00
5.264449511470201681e-01 5.823571775762353964e-01 1.005842606620841684e+00 7.904188745616101963e-01 4.670443545682005371e-01 3.820305332637813356e-01 3.145809819915871941e+00
4.370357800982657692e-01 7.564327182506774827e-01 1.036426726643384200e+00 7.927648262352170461e-01 7.020089716706929828e-01 2.035428892698591397e-01 5.156073635490011853e+00
5.197180540862562648e-01 6.317707129572898150e-01 4.077592715509869015e-01 8.251048686675641619e-01 4.051215150408396526e-01 2.399793868158260346e-01 1.724384423302759473e+01
