5.325523756715950796e-01 6.817679926223993991e-01 5.177880793438971452e-01 8.983467382932206480e-01 2.804252306142557272e-01 5.655205739551225630e-01 -8.691457760873916527e+00
5.120024454522205115e-01 7.948999279315003275e-01 9.349467376189443124e-01 8.853633571003908243e-01 4.967224026786349333e-01 -1.349038454937406817e-02 1.649465468214050157e+00
4.424378927468621825e-01 7.159505255444467142e-01 9.356359258663506928e-01 8.009652316939182004e-01 4.944835783094929660e-01 2.916797976155837691e-01 3.111206232746144273e+00
3.876629363092062297e-01 5.109636862070024987e-01 9.997202763283650206e-01 8.562583805620016530e-01 4.378477534440438634e-01 4.004031264108718347e-01 5.329385011749177004e-01
3.834899383723253674e-01 7.170526506565262359e-01 5.531685939836141763e-01 9.417791013908020092e-01 5.279550689921879147e-01 3.472572583859300233e-01 -3.178036297118474351e+00
4.854111338900011785e-01 7.303007753514878519e-01 1.194028777520999229e+00 8.538084060200993308e-01 5.864093080266713498e-01 4.120640842181867436e-01 7.903829246318937685e+00
4.927087397192270735e-01 7.344197145165419771e-01 7.608181373242324241e-01 8.159136136133190442e-01 4.586203937399414010e-01 7.747526405164211205e-01 1.811649341692618487e+00
5.480605572317653884e-01 7.361770667733362750e-01 7.850171900230483724e-01 9.598546755226149418e-01 6.322789105858086511e-01 2.872484697154617517e-01 1.151980750699721945e+00
5.093074827979231500e-01 7.080239011191448162e-01 9.089889662195728137e-01 8.218002521595327847e-01 4.701953509278676835e-01 3.900052359252931811e-01 4.696684804703671112e+00
5.051752815098765614e-01 7.218391594078997775e-01 9.002210712137542759e-01 8.705766345809902163e-01 6.016439707219221056e-01 4.249743370792964381e-01 1.685465284723256518e+00
4.928617844476950727e-01 7.247142522553835509e-01 1.041170437781580915e+00 7.962288400325240323e-01 5.034302187437622589e-01 4.022716420454935937e-01 6.269049868444621865e+00
3.609900149871586028e-01 7.460746272785518940e-01 9.621990504092325924e-01 8.428411734686964696e-01 4.373389481845781912e-01 3.983534432886489673e-01 2.153229562942420738e+00
4.539736823611600913e-01 7.165682922419830403e-01 9.865062576160607000e-01 8.535885254858326388e-01 5.874342839920764225e-01 3.338004231695103075e-01 5.984503019053438067e+00
4.875028343766393268e-01 7.255121506174216917e-01 9.753149600124743079e-01 8.109571934245923819e-01 3.833843449420822336e-01 3.714691348149046224e-01 4.649707647597399962e+00
4.682350089206254173e-01 7.315258334441000487e-01 8.203916628481172646e-01 8.357173009191962709e-01 5.658622721714015036e-01 3.984917042684869015e-01 2.651247038551083790e+00
4.330254190715129292e-01 7.335243093867219732e-01 9.936495216014296084e-01 5.629038124477898641e-01 5.238802156433818302e-01 3.175874427753474505e-01 2.360784044561390793e+00
4.126501250135075627e-01 7.377049911855603215e-01 9.818237670384645233e-01 8.398483516902502943e-01 6.006091453344842845e-01 4.239732675776030635e-01 4.007340569002662889e+00
4.699408431380678874e-01 6.783222436053074622e-01 1.018074649085329408e+00 8.522556502655712629e-01 5.431355499372619855e-01 3.208263520014526526e-01 2.151393823761613699e+00
4.807909993598260545e-01 7.581077229098485137e-01 7.412467073140343032e-01 2.215616180806764257e-01 5.122945933415753439e-01 4.089997915829180486e-01 2.976387412574861724e+00
5.492171988660123905e-01 7.311902602904022386e-01 9.858495851834451207e-01 9.075173840165740025e-01 4.554908673635324479e-01 3.374195507576095987e-01 2.889745034284514791e+00
4.779286480156871852e-01 7.742573540349458883e-01 9.256488205724549001e-01 9.566160480453846926e-01 6.058037801429245750e-01 4.712994130264651638e-01 2.338462176165288398e+00
4.910277020046157626e-01 7.193194577946357970e-01 9.664283459334754856e-01 8.055774653034079025e-01 8.240258364531760638e-01 4.176781133500903076e-01 3.046154939435567144e+00
4.354756339198386783e-01 6.755960938211059696e-01 6.592108116904085158e-01 6.825370549931373265e-01 3.651924136878955118e-01 4.044562045858136057e-01 4.734402560167869645e+00
4.697274808411457392e-01 7.360957128166981667e-01 9.430439110381638734e-01 8.796746344892502067e-01 4.851387508779160251e-01 4.043423873848610572e-01 2.124561499398725850e+00
4.865100187697528611e-01 7.240644476380858618e-01 9.804768180802846400e-01 8.328218100278100833e-01 4.700723360911018278e-01 4.266761739647028095e-01 4.028324014233536587e+00
4.930315364384086907e-01 7.202447269379966821e-01 9.697494023157104959e-01 8.775810720535479614e-01 4.881706919957506385e-01 5.994178343298199874e-01 7.186089576759780329e+00
4.836201192664169590e-01 7.024123620450336558e-01 9.622052487773394835e-01 7.583586450268327006e-01 3.604512549215075357e-01 3.845466599882440550e-01 4.384591361822008260e+00
4.127732829226308797e-01 6.851550982946648105e-01 9.685422869917194033e-01 8.439745689133932860e-01 4.364308597619397934e-01 3.700993788241738192e-01 5.335027538681909931e+00
4.819506630017298399e-01 7.242152258659494413e-01 9.782586444057920216e-01 8.320521055347190886e-01 1.470911021430945098e-01 4.088489692285154908e-01 2.634517019568208163e+00
5.060611987830582192e-01 6.976403705895536378e-01 9.693789020056278183e-01 8.687884720505347769e-01 4.549415558415002558e-01 4.654598760629487519e-01 4.402428015984169107e+00
4.354303731517224496e-01 5.334002797200708690e-01 9.639907432973290335e-01 8.213023027073403926e-01 5.922986958301029725e-01 3.541998922162390984e-01 9.203229645201876252e+00
4.891036150702439689e-01 7.287830328669194779e-01 1.006956744400079984e+00 1.211356030969703346e+00 4.776462015221700774e-01 3.943458954047410203e-01 4.517464972594621209e+00
4.915737266565679553e-01 7.311585502922337554e-01 9.969710226279064891e-01 8.357195492003173243e-01 1.002347567771620040e+00 3.839398068731905145e-01 2.669552444680818315e+00
4.882090069289283796e-01 7.307821072365201509e-01 9.151625520988230233e-01 8.347909074222241710e-01 4.813875297008471943e-01 7.169456199503331240e-01 5.117944014510259265e+00
4.895645616548174317e-01 7.248654402545815501e-01 1.024251572351982720e+00 7.308067730819518548e-01 3.815036103791086819e-01 4.103276302862021718e-01 2.620887557692576308e+00
4.754850156404941131e-01 7.320141461671036964e-01 9.873125743338135862e-01 6.046008676842584695e-01 5.667777738730992443e-01 4.055677891345157438e-01 2.516598778066588160e+00
4.879058714738185865e-01 6.448606105028353852e-01 6.964926049536404040e-01 9.232126391522041953e-01 3.361620869356006791e-01 3.317634335423285119e-01 3.127602207995304084e+00
4.982405791506865911e-01 7.331073047163888523e-01 9.940498247498561479e-01 6.064417160277730812e-01 5.172132848730168764e-01 3.808828265207870323e-01 -2.357792133932346434e+00
5.051970742694968930e-01 6.933539923061465826e-01 9.783563495951773659e-01 6.844846946668785570e-01 4.919633701189614627e-01 3.437556021702914966e-01 -3.959626952245068665e+00
4.191494066769736460e-01 7.562039332383443391e-01 7.476472762447690101e-01 9.722534857431461841e-01 4.263223525898421351e-01 5.653399071488428573e-01 1.711876027936546762e+01
4.881079177270531422e-01 7.078776919962198599e-01 9.380612280275664183e-01 8.334031190969678482e-01 3.972356443680378213e-01 4.231049017169439819e-01 -2.839631455746630451e+00
5.220975596346140168e-01 6.975744313399437901e-01 9.635345493144675810e-01 7.545157327275309189e-01 1.600244433636492658e-01 6.914339839769692575e-02 -5.727832499785922238e+00
4.331158454389597567e-01 7.672797405589223407e-01 9.344293394791097773e-01 9.087886063969702333e-01 3.691540730420099781e-01 3.808667385444230447e-01 4.146525239455089995e-02
1.172336915294649229e+00 6.766991266341835232e-01 9.611297429452949626e-01 7.677303643569364233e-01 5.345456622790504264e-01 5.158821523360376249e-01 1.060424475523102572e+01
4.707678895613067738e-01 7.767124507831044689e-01 1.021309874219246572e+00 9.342076278286067792e-01 9.338193462347046392e-01 2.794927511386816055e-01 4.030567624723323306e+00
4.657080331506759374e-01 6.977058715712689541e-01 9.457323330355018598e-01 8.595693390045924254e-01 4.416561008819036571e-01 3.323331299328631527e-02 4.419610657181188884e+01
4.950421716129267957e-01 7.317092226442374336e-01 9.851494054137086565e-01 8.294510173454234803e-01 1.210840499963210526e+00 6.110579357484152707e-01 7.909814052911133153e+00
4.881541005097872477e-01 7.292800971335970939e-01 9.846295817661144811e-01 8.277300621957039972e-01 3.059208292827567677e-01 4.063978938090103132e-01 2.403326979577269373e+00
4.966627679181098709e-01 6.889375577347932600e-01 9.501490185716415793e-01 8.828462250000036482e-01 3.444800884189683776e-01 3.141699558727233943e-01 5.120765151752951994e+00
4.860911847747718117e-01 8.241323727521501219e-01 9.628381878512832781e-01 8.295843007623613374e-01 3.607622254569651243e-01 3.890867584008219082e-01 3.684470704570764532e+00
4.758037561026722262e-01 7.825933499115492742e-01 9.674959203474936542e-01 8.229311797013667551e-01 4.421673400093714679e-01 3.180810519449823737e-01 6.553780124597916590e+00
4.901005259778162260e-01 7.266507663825920726e-01 9.633797295783986803e-01 8.741370025346059114e-01 9.508339743073732642e-01 4.188029373648847753e-01 2.288462931024911828e+00
4.846907252237924735e-01 7.016292251094529142e-01 7.504726592934432006e-01 8.432117674639559857e-01 4.281208987114061282e-01 3.968007806454701969e-01 3.560941030200670543e+00
4.870778662709696616e-01 7.311554096506448497e-01 9.786856181502990859e-01 8.172198690990829517e-01 6.949163625069685324e-01 4.027825830090916992e-01 2.292678364359920007e+00
5.077679721339668495e-01 7.614740243639024353e-01 9.865401347113258446e-01 8.408982939956295422e-01 1.808028820609542953e-01 3.939569682289988384e-01 2.490615169835466158e+00
4.889734956152527179e-01 8.093599489080109954e-01 1.015129917672292992e+00 9.564378469282585060e-01 4.967149990027104334e-01 8.116479670351350872e-01 1.234167227158224023e+01
4.926617082904099498e-01 7.631130704138460175e-01 9.840134219430501927e-01 9.733433927640960937e-01 4.673210977312757253e-01 2.475461039091656212e-01 -2.350495864519700717e+00
4.947678980167621865e-01 7.331501042799973833e-01 7.058491207112489452e-01 8.545531248772518795e-01 1.288894799059093488e-01 3.977988825891481950e-01 5.293484671911453887e+00
4.913371493045711746e-01 7.105694915097876541e-01 9.792026266596994821e-01 8.470539727604012858e-01 3.962760478260808350e-01 4.104455542052520278e-01 6.331164959450096497e+00
4.853781392822776874e-01 6.274204259190501176e-01 9.108669231940024202e-01 6.219507486281413700e-01 6.244816993124557847e-01 4.824075290849244024e-01 2.382893595138514176e+00
4.664233097320571453e-01 6.871091518816666577e-01 9.716558581538431438e-01 8.372655459059172856e-01 5.705316250694126845e-01 3.804375748403302504e-01 8.252758064910839408e+00
5.126445960513054123e-01 7.109113442309479280e-01 9.527359971849216347e-01 8.508162140813607666e-01 3.319330327273905534e-01 4.360834008162004505e-01 2.480071980421570288e+00
4.840505203208477214e-01 7.172385173547073389e-01 9.726725114707828190e-01 8.395479645793758605e-01 4.450343296133040805e-01 2.894213974678130907e-01 2.423389042471987942e+00
4.845622029239814443e-01 7.121564160844894298e-01 9.908259131338335024e-01 7.337441446490435837e-01 4.331622119288249806e-01 3.882475126777131247e-01 3.585973837839150136e+00
4.895680434077533949e-01 7.306291375936013743e-01 8.817016685445376867e-01 8.052521854444150140e-01 5.997477943229309050e-01 4.865630639973587690e-01 2.815462358684591049e+00
4.861063924688094895e-01 7.204155407520380638e-01 9.734782411909209676e-01 8.476361186190539687e-01 2.686968695734470725e-01 3.969278644203667050e-01 3.054943856092964705e+00
4.928579120522060264e-01 7.233954664091071241e-01 9.882545217903752066e-01 8.467889078728596530e-01 5.091634422138008320e-01 4.040971495374724443e-01 2.473365258351726492e+00
4.868791737630329131e-01 6.819206305364341469e-01 9.219490255428836045e-01 6.245878794491181996e-01 3.657725077203035635e-01 4.019902634412463316e-01 5.425702371935276602e+00
4.790586736764255726e-01 6.939501973162616189e-01 9.980855388857291510e-01 7.120986872006459523e-01 1.923365104242601431e-01 3.879380016706386880e-01 2.910982220552779776e+00
5.075856898175847842e-01 7.314154867420481487e-01 6.754876720803688617e-01 8.269409033662423747e-01 3.253782701881411388e-01 3.008405404234685832e-01 2.070363457070596880e+00
5.153483205605242645e-01 4.574132257140034463e-01 8.946695674021736266e-01 7.634988989434721152e-01 4.692619010420502335e-01 2.691561262887605110e-01 1.012935796054483362e+01
4.184089529748216130e-01 7.250124951823674335e-01 9.090588021110083128e-01 7.621633851751128397e-01 4.620704123251688777e-01 3.995211583232447516e-01 2.998561064735914439e+00
4.739095470342949423e-01 7.376250271118020008e-01 9.465758651108209243e-01 8.630173473594200395e-01 5.248075702676324727e-01 3.441060677223997111e-01 2.428304288961301793e+00
4.868733890461601765e-01 7.032505700573872254e-01 9.889026213056999470e-01 8.348899867708055034e-01 4.883252135979541664e-01 4.443298045843452337e-01 3.042223197861766870e+00
5.210312796792742063e-01 7.305446677012549239e-01 1.016424496450752279e+00 7.618488602945200361e-01 3.262897277566270127e-01 4.318174112080424565e-01 2.384969901042873541e+00
4.901062543089083623e-01 6.880994513835585469e-01 1.049149099580747535e+00 4.378858042292837482e-01 3.974992034796701046e-01 4.092441539978609599e-01 -4.845769973935034614e-01
6.173808745462392444e-01 7.256553816600932461e-01 1.056065876447962015e+00 8.919786159366162037e-01 4.502742887226630630e-01 3.993925072352134120e-01 4.835856294371891906e+00
6.038337559578915714e-01 7.123468033662297971e-01 9.839697250432439812e-01 8.444978391176675148e-01 4.512457446773815439e-01 3.840247543411251518e-01 6.803381850701157418e+00
4.895352781289365462e-01 5.954456512135102297e-01 9.975472741749643601e-01 8.337278691487548521e-01 3.974370002331742979e-01 3.747630496347880702e-01 2.404652870735148884e+00
4.875299624597932979e-01 7.311676821730306308e-01 9.856650537892670538e-01 8.095992653884221957e-01 4.474567155180608768e-01 4.203144322689246759e-01 2.330742332884669921e+00
4.926981564589425489e-01 2.426313746022887852e-01 9.290081106080229079e-01 8.388318925832169981e-01 4.446372270706072105e-01 4.106326495896196471e-01 3.333298128676932315e+00
4.869665075561769307e-01 5.187021390631618711e-01 8.735516672374427083e-01 7.990589957754765660e-01 4.523959158633541477e-01 4.067744597704608944e-01 3.960888096080255494e+00
5.438420945768437376e-01 7.220483270113362551e-01 9.782614015282833364e-01 7.911846228388714763e-01 3.407812339323135764e-01 2.925149106013428812e-01 6.067356890460701813e+00
4.975850474706501880e-01 7.436397676396155898e-01 9.813497988597255084e-01 8.271479992596085795e-01 4.439705781999057077e-01 3.727764981661984001e-01 5.590181400374691023e+00
4.841574371894907247e-01 7.282321797498642058e-01 8.183521318977835524e-01 8.344154989401634248e-01 4.154695887048499570e-01 3.823591340048245746e-01 2.469754363111354767e+00
4.212879050126681069e-01 7.102045092805916449e-01 1.658874086298839368e-01 9.645909448743222869e-01 1.699286837794944660e-01 4.974035461230955080e-01 -7.202488127265308293e+00
4.875771735886139657e-01 7.353639798326069288e-01 9.842805637313412070e-01 8.676998904398885992e-01 3.773899583267042446e-01 3.897368009926638344e-01 2.524264712284205459e+00
8.596028876840275945e-01 8.360508214917856673e-01 8.056199813469454574e-01 7.445021518808523364e-01 5.059717268776711130e-01 4.190830961281834521e-01 -2.398156589043107800e-01
4.884103790281406621e-01 7.375950464881345647e-01 9.642987999523509046e-01 9.488192969876108052e-01 4.637569915983143498e-01 3.691380064330201938e-01 -1.306794190671038081e+01
4.880288266095457184e-01 7.430599373896106252e-01 9.847661503518195802e-01 8.362470868423270698e-01 4.457211138494546199e-01 4.050201478130249777e-01 2.433293419024171289e+00
4.902335505050099962e-01 7.316978040579782405e-01 9.828139708135364971e-01 8.416066012020658738e-01 3.093528904614359365e-01 4.033072910553910928e-01 2.438125914865546306e+00
4.802615540745623357e-01 7.188589095604787094e-01 1.040450110522064486e+00 8.735941063480300306e-01 4.197693389410697695e-01 4.331628723010967352e-01 3.327762702076432433e+00
4.780119653184567441e-01 7.442702081099529243e-01 8.927026465978957770e-01 2.388979102536988308e-01 6.136394421239017571e-01 3.619879469732052990e-01 2.287096397867082853e+00
3.792400125402663469e-01 7.207387538913816449e-01 9.713087803258875219e-01 8.822918432085258278e-01 6.703720575560044859e-01 3.061888224903552835e-03 2.664005407535586123e+00
4.998710107611294973e-01 4.601591747935048771e-01 9.993159890754872432e-01 8.547406291943938639e-01 7.140977460014896749e-01 4.079958647102286950e-01 6.136093772528834478e+01
4.664787210420804353e-01 7.314795576306214464e-01 9.183555203760888075e-01 8.518054095916698376e-01 4.581793015152137993e-01 4.333994815462162697e-01 2.509081010122291122e+00
4.510688623816316856e-01 7.246267978879493699e-01 9.323266466971975586e-01 8.357899806165023371e-01 4.295173679808112488e-01 4.065367474234301559e-01 6.561393252077252214e-01
4.877113660689529340e-01 6.256682216774793748e-01 9.850006918707883141e-01 8.316626937922950713e-01 7.435176984847164938e-01 4.053596958300765274e-01 2.785636936471544534e+00
1.886061498152780680e-01 1.091689220048440712e+00 8.408673400223444228e-01 8.537384561361540669e-01 5.015442930312411507e-01 4.195322076335270545e-01 4.642406050359164205e+00
5.885980403433281882e-01 6.903927028028024049e-01 9.561667822375190529e-01 8.291325248141501181e-01 5.122940707462922960e-01 3.361902692057352482e-01 2.197315932986816822e+00
