4.690746668899214988e-01 5.511792697719197776e-01 9.179440053264682486e-01 8.249164129505205389e-01 3.469245499969742519e-01 7.029962446400110920e-01 1.353598408895213545e+00
4.963029979866385721e-01 7.769639448848345564e-01 9.198609011949637759e-01 8.382681019549660384e-01 5.197842498020632807e-01 7.603168750791313713e-01 1.549724819209500337e+00
4.637449310567359761e-01 6.792664419815304111e-01 9.954578459857003070e-01 9.377099987044849039e-01 6.866284243444843449e-01 4.693903836369328619e-01 3.570227804314748621e+00
2.803005288382828253e-01 6.440375742536421644e-01 8.625835903161576113e-01 6.786369131636356133e-01 8.396807372725953456e-02 6.591761824692833338e-01 5.645729114665892112e+00
4.629698948422887317e-01 6.376630185163779663e-01 1.216418028596511602e+00 8.332683464181023236e-01 5.406178975636917183e-01 6.668476962126331786e-01 1.940859142204607757e+00
5.059201211952407684e-01 6.495926964392021441e-01 6.839880222063321469e-01 7.661472711047055961e-01 6.304615560183954859e-01 9.187822900704105678e-01 9.922069384477004705e-01
4.987332548713681590e-01 1.011080285383800348e+00 8.881806807870956666e-01 7.766096420709445169e-01 4.288035501264523819e-01 -1.552932160449391752e-01 1.346178465452701811e+00
2.331477780699629521e-01 7.362315753333166235e-01 9.428740247582801937e-01 8.994155587611036839e-01 5.156083183008944859e-01 6.604574111757183230e-01 2.022809706283805742e+00
4.708281252628634950e-01 6.193999264395886328e-01 8.967882067930301737e-01 8.483114163923758388e-01 5.756055959085986107e-01 7.439421432229424980e-01 4.169317525153564574e+00
4.423598282883358657e-01 7.051011865491032538e-01 9.931428640737721691e-01 8.675006953949776500e-01 4.518333256525687291e-01 6.572264145333570617e-01 1.848513564505565032e-01
5.367409968816767574e-01 5.355175249484661615e-01 9.867472669381422978e-01 7.925747437545658247e-01 2.833860842351637599e-01 4.959493881110985658e-01 9.456288680956216552e+00
5.040908769991991889e-01 5.707197058518158617e-01 1.113356288558792428e+00 7.769856218797515091e-01 5.174933175220703951e-01 3.574396934152327954e-01 1.098972435736414788e+00
4.871456916238473545e-01 4.025507087858197219e-01 9.841848403614347207e-01 8.082894925716939127e-01 5.378598695348991710e-01 4.433378250272215770e-01 1.719091879135495438e+00
4.956136728109868939e-01 8.651157156272160087e-01 9.890810485836309951e-01 6.869461653896644648e-01 5.236775732671881123e-01 5.614282041597138395e-01 1.352168440443998865e+00
4.898274761137833555e-01 7.731292221032984857e-01 6.808371802470281065e-01 8.188062459812283089e-01 7.528449410839201938e-01 6.137398836689816894e-01 1.901574378206053906e+00
4.998925215990354110e-01 7.411235632859917155e-01 9.721047272923100113e-01 4.196026756455700779e-01 5.249172107165491763e-01 5.651593831532839562e-01 -3.101982296714211884e-03
3.651012141463426675e-01 6.800975028628672980e-01 9.864863933127482332e-01 7.982286804070798381e-01 7.714889982061822193e-01 1.011169726506888633e+00 2.357428557005585290e+00
6.035980884947376168e-01 5.026312102877596999e-01 9.820375205247389161e-01 8.574964834450552464e-01 5.751228142564129842e-01 4.246902076169969398e-01 -6.224990971047805743e-02
4.978284057203393176e-01 4.488186530613331726e-01 1.000722312474653153e+00 7.693570519072352454e-01 2.813188166283586700e-01 5.263242527469614851e-01 1.090683003411873964e+00
4.774130060973824086e-01 7.693367037617558912e-01 9.892812570251479087e-01 7.973028258100540722e-01 5.382406220168390876e-01 5.703852385380950851e-01 1.662232600793296822e+00
4.839151924525432746e-01 7.817313783064746557e-01 9.915203281448455863e-01 1.036527638143494023e+00 4.812138603406604376e-01 5.369799822348330087e-01 2.044230000574359440e+00
4.994125034834686616e-01 6.142416018223562091e-01 9.873045805305592504e-01 7.571623468081768449e-01 7.187610854696206975e-01 4.720045878789035365e-01 2.028776311515974040e+00
5.081455866980656433e-01 4.477434154283276291e-01 9.772704056740347811e-01 4.989429898759340509e-01 1.011115871175058301e+00 7.388417560532887229e-01 5.096623362094141463e+00
5.344269401224963634e-01 7.037023844851956200e-01 9.979116565897149238e-01 7.599447938894460242e-01 7.532300078788202180e-01 3.351587663016443730e-01 -1.011055337615104577e+00
5.083742850953829606e-01 4.234918915762420077e-01 9.884773195603262508e-01 8.069417114411395753e-01 5.611629731744011140e-01 3.431246381866478457e-01 9.163777517315869758e-01
5.071290317256966773e-01 7.662952129417341940e-01 9.875365523267675139e-01 7.793018498051009768e-01 3.666469457283473288e-01 4.048266248148897906e-01 3.510360721432779663e+00
4.587735739870777985e-01 3.862678388180874611e-01 9.929437195026719065e-01 8.188704733744714970e-01 5.216386780511609311e-01 7.886061277352509613e-01 7.829984673700109976e-01
5.177145302157377671e-01 8.303187228155779476e-01 9.764054837897874206e-01 7.794705581223786428e-01 5.152520621489292685e-01 8.023979931998020954e-01 -6.242500817541394298e-01
4.945076440202171297e-01 5.806072071108449029e-01 9.897862355706600335e-01 6.264559916030399966e-01 5.637437644940913595e-01 6.097627907729630259e-01 1.347360713015113509e+00
5.044183313158537851e-01 5.468189195697960026e-01 9.971771695764835020e-01 7.879671086398062352e-01 4.576286346340291966e-01 6.130758039276588134e-01 1.666238299558216118e+00
4.474996791613186087e-01 4.563826900159472788e-01 1.016539045864312207e+00 7.574078892559586995e-01 6.369290728828579384e-01 4.891194013984526134e-01 1.625820899769975014e+00
4.920323534827063527e-01 6.159155063918779760e-01 9.900830084020829647e-01 7.632766043070076112e-01 6.893684518684347617e-01 4.595820524981079624e-01 2.150368532087441942e+00
4.924075105672571229e-01 4.518891110631919616e-01 9.597305266629797549e-01 7.977195598982486091e-01 5.681800990590993861e-01 4.555570721472558815e-01 4.368414166895773221e+00
5.075840464854067813e-01 6.007675429385276322e-01 1.014437685746994555e+00 8.163916453551769425e-01 5.745982643094847964e-01 6.533213612894673838e-01 -1.027221219418814613e-01
4.701693291438363009e-01 6.572027295477417264e-01 9.646818028260222277e-01 7.839583736364841293e-01 5.086993033344550108e-01 5.864384170338589053e-01 2.830718472223819226e+00
4.954990558236972986e-01 6.794217428788246194e-01 9.876379411106556150e-01 8.248472090124128187e-01 5.176980228478264001e-01 4.449005269066630963e-01 8.936620259042830083e-01
4.949954288524855972e-01 4.931868502561246315e-01 8.979934121232235888e-01 7.034084609836468438e-01 5.231618840276316407e-01 5.545594242339488833e-01 3.112365935292733532e+00
4.527301862129607390e-01 7.185065175469947940e-01 9.718016409551554213e-01 5.235908877655663929e-01 6.252782990929489637e-01 8.050931307427244832e-02 3.828007375788907041e+00
4.652199364725547737e-01 5.984181412250260124e-01 9.883180741123095414e-01 7.836071936921312764e-01 4.720173076925018862e-01 7.875772078403600052e-01 3.958847079309232964e+00
4.929372632627780360e-01 5.530821203414483245e-01 4.903756600064404503e-01 7.254096217009473602e-01 4.871796254961980321e-01 5.855495414688943745e-01 1.213932989739315538e+01
4.812199117004342108e-01 5.091995508582256580e-01 9.866074857869274739e-01 8.571389722106730336e-01 8.074140014204624904e-01 6.449904796007497332e-01 5.569916611146612517e+00
5.680992501706971787e-01 6.753456785047849964e-01 9.612522304081616564e-01 8.486565628584337162e-01 5.843731470475730383e-01 3.660266537428117362e-01 -3.071515840087688076e+00
4.804117868429499949e-01 5.051644147653655548e-01 9.118175997051198856e-01 8.332162565673529864e-01 3.889353886343011046e-01 5.642697951431497883e-01 -1.669229635381238808e+00
4.112317171777553626e-01 4.934541088337254799e-01 9.492143745663015331e-01 7.885869040566900745e-01 3.193135175577254126e-01 2.988301423496738107e-01 4.223993471878845440e+00
5.146279489844312049e-01 9.988284383088490426e-01 9.327853049457117685e-01 7.292639131306493105e-01 6.880283231488436568e-01 4.755618294138744262e-01 1.330592634659518225e+01
5.297355648410920770e-01 6.756351062708247923e-01 9.856063970603075042e-01 5.552759729588133686e-01 8.540904146415467801e-01 3.905282699278792014e-01 -8.259494055746444685e-01
4.387084642911039944e-01 4.031516966197067342e-01 9.676356948463393781e-01 8.696794440956288064e-01 1.187580129889354685e+00 1.862919596313958592e-01 7.070803643839699504e+00
5.034079077373674327e-01 5.236022139861230551e-01 9.854678167356215601e-01 8.366176261301285777e-01 4.126993044361250140e-01 3.992355397948028073e-01 2.123195368268321559e+00
4.919459546551153695e-01 5.305278596996232388e-01 9.957525112798142342e-01 6.176877009665713292e-01 5.304913463691834918e-01 5.323781546436190393e-01 1.252222174039181901e+00
4.935831958300760380e-01 3.701332205709498835e-01 9.825822712362553002e-01 8.668039219530658812e-01 7.481525569443473467e-01 5.057823097710124616e-01 1.894880637234715337e+00
4.926043541697333605e-01 6.577498643034043191e-01 9.771920521087427147e-01 8.313939437597978044e-01 5.593070588822354194e-01 3.907188790678999823e-01 2.042216009278943645e+00
4.790735086497662221e-01 9.151934196596309690e-01 9.890863652568221420e-01 9.203624051414126539e-01 3.307836683322483151e-01 7.184331676867273808e-01 1.766801965256202145e+00
5.011856288041116603e-01 4.939244976168628010e-01 1.017360055846405320e+00 8.095654175343978132e-01 5.617991679354612522e-01 2.434833298258848311e-01 1.795057857914117649e+00
4.752601250874872174e-01 7.170874185018814018e-01 9.877392201163055496e-01 7.745179195981123366e-01 7.251858678630378474e-01 5.240398394058309872e-01 2.881292390365796763e+00
5.270170641700226977e-01 6.008716026869326265e-01 9.876412596400965249e-01 7.404901221660593613e-01 5.363891854964181194e-01 5.033118254361184096e-01 2.418317023629445561e+00
4.992885869766875984e-01 5.087651943795892251e-01 1.249558298996282568e+00 7.936288061257281701e-01 5.082032362529452785e-01 5.568861899001855686e-01 3.748370845100811088e+00
4.999319942669725458e-01 8.412006874548773050e-01 9.822206560526770547e-01 7.131433564091276267e-01 4.714153491442997779e-01 3.514555850359188383e-01 1.283755716456987495e+00
4.994264324750567474e-01 6.086313179670637119e-01 1.004635385754294896e+00 8.019167269642860640e-01 -2.877727729538680501e-01 4.677943019668963087e-01 1.793074148753590613e+00
5.048903828494679669e-01 1.462499944133115459e-01 1.007810730412701972e+00 7.673558968809018888e-01 5.617799620988741527e-01 6.094194439845169731e-01 1.774258409911009693e+00
4.574482627826009784e-01 5.223981737860364793e-01 9.803122964047628063e-01 9.131367474513647498e-01 5.597184951530911889e-02 6.902560471013534649e-01 3.454971575033531028e+00
4.982647590937005488e-01 9.212611710454738922e-01 9.896538138424838538e-01 6.646036492138589491e-01 4.474809675558763522e-01 4.892116856896158161e-01 1.798116783274072539e+00
4.834236877452169900e-01 6.794696215235520587e-01 7.400682172172061701e-01 8.584461040469163473e-01 5.268612620130104229e-01 7.007668932799843153e-01 2.094855371660508503e+00
4.942883861371224485e-01 6.015803193682973671e-01 9.817074927786105798e-01 6.799806741273562993e-01 3.508537022465961774e-01 6.028647917700964420e-01 2.424320624536890900e+00
4.982625709653831225e-01 6.333276185078078324e-01 9.897746131009111936e-01 8.501107796424913765e-01 5.522386523606496178e-01 6.074673319130446947e-01 1.674295291499357186e+00
4.921897621531895473e-01 5.683903487192174531e-01 9.483437785726076541e-01 8.448858263655565359e-01 7.855499196269213336e-01 5.966635948431024961e-01 1.697698700168434494e+00
4.895163588384292552e-01 5.009556124030878355e-01 9.905511590506959063e-01 7.775872592222770052e-01 4.438649133279296555e-01 5.785808347230073645e-01 5.213000131761851286e-01
5.034109528821534285e-01 8.797243312951976701e-01 9.896073412603442199e-01 7.938422676627971963e-01 2.957231190551400379e-01 5.964680795178740613e-01 2.056293300586692130e+00
4.933425676362532819e-01 5.588045678011920314e-01 8.929332556882455529e-01 7.671439553737586792e-01 6.133598605411964000e-01 5.814824620313585601e-01 7.159445172868508678e+00
4.706863318474073243e-01 5.273601038352127013e-01 9.641903881054967318e-01 7.867289971319315622e-01 4.935686570394542949e-01 6.244487225805549491e-01 3.252595789789412439e+00
4.715800598639309227e-01 6.388721350910061547e-01 9.813644208931828761e-01 1.020777180178671584e+00 2.948339531871464470e-01 3.006053667651231720e-01 9.545915596423119043e-01
5.263033472082397912e-01 9.345998388428548020e-01 1.046163907454136011e+00 6.107933396888929334e-01 3.291969930774383823e-01 5.372223819572691239e-01 8.843384958093389869e+00
4.834279076501199479e-01 6.371369085499584139e-01 9.954224524045450773e-01 2.662026459793076505e-03 3.288056753128396625e-01 4.729826793996871892e-01 5.404890502692956566e+00
4.920710952262041804e-01 6.112411418076365566e-01 9.918022812930302745e-01 8.011484018906178672e-01 7.230602892689232952e-01 5.363873280561975987e-01 2.862373006256820673e+00
4.963075583105998612e-01 5.440199390529609769e-01 9.841811284206715138e-01 8.034487615736387589e-01 3.243453247226762981e-01 4.718713255657981387e-01 1.603208499221622452e+00
2.250986560204902287e-01 5.259242663789200911e-01 9.579711084268671684e-01 9.437442527529806835e-01 5.440979143680227947e-01 7.664305158997212208e-01 1.828839832105264129e+00
5.217240197786896516e-01 7.818304652008185585e-01 4.266022261466750898e-01 9.077718159533459952e-01 3.616504082639098172e-01 4.465887858293440260e-01 3.821247628046823053e+00
4.929493022862252993e-01 5.678742673621429704e-01 7.917913316855552663e-01 8.711944275025302886e-01 4.909205517427978060e-01 4.381390536296011495e-01 8.387293483180497944e+00
6.879862427444189965e-01 5.809735361024330746e-01 1.051385403059460710e+00 8.120972042869738505e-01 3.949030931685915680e-01 3.936997625503625975e-01 7.668985553463092408e+00
4.905500145960345892e-01 5.869855174394430497e-01 9.897876955485553907e-01 7.841769799216506964e-01 7.268480057542098249e-01 6.788629882488825817e-01 1.869426210714352221e+00
4.957845705991836827e-01 7.508537361392455534e-01 9.882025717342624027e-01 8.263272424757401868e-01 3.060993843760602129e-01 4.444682539151202372e-01 2.157285230596565739e+00
4.860048572737654116e-01 3.761916214146605597e-01 9.768383432396183785e-01 4.092629177557220443e-01 4.340324279592193135e-01 5.149098922367043585e-01 1.566732000988897422e+00
4.846243483955434139e-01 7.621262972006209724e-01 8.879857768075589686e-01 7.094169834102479477e-01 5.061382631281476918e-01 2.153705177080695865e-01 3.272158372635064705e+00
4.987543576518143063e-01 5.012780177492002220e-01 9.788421948487028290e-01 7.454299685047812707e-01 6.104587806938224226e-01 4.041339563254196521e-01 2.479586398035169115e+00
5.069119349252766416e-01 4.644973849815545730e-01 9.794235596284464052e-01 8.355125397321511160e-01 4.977891742656468388e-01 6.219167600427708553e-01 1.589035797738027389e+00
4.951761305080033537e-01 4.217785044906907643e-01 9.907571245902926371e-01 8.198039797579376176e-01 3.555636585117608606e-01 6.896434234362960325e-01 1.247659864059492252e+00
3.944180024167975307e-01 9.363490762144373036e-01 5.927259917190772498e-01 8.484944327924145435e-01 2.643187780749520210e-01 2.995200047551574984e-01 1.743328792339100630e+01
4.991433707013117616e-01 6.013805529727346277e-01 9.924611325018685148e-01 9.358542351800527292e-01 6.043104075865567415e-01 6.483400470776438107e-01 1.358128070820961986e+00
3.622696247140416714e-01 6.911107017699560373e-01 9.210258535094854038e-01 4.034695287759459958e-01 8.018115983130147395e-01 4.644197793919878081e-01 4.640909763475484340e+00
4.734991440004684415e-01 8.062333949820816859e-01 9.731907871436510371e-01 7.015572855835046084e-01 5.562275810564907275e-01 4.515689975549909141e-01 1.251216784667893478e+01
5.089175309626419175e-01 1.005948174298454179e+00 9.887044284530439597e-01 9.896680009126765931e-01 7.097083631665292991e-01 5.080467711902156847e-01 2.005912703653061513e+00
5.248713609421472581e-01 6.520816863754891335e-01 9.922040918027409395e-01 7.024898992984707213e-01 4.870784208019298123e-01 4.576200840071002474e-01 2.464978050004541288e+00
4.961902881702254797e-01 6.014916400943265407e-01 1.066951463725377858e+00 8.289763272881442990e-01 5.039706655430220561e-01 9.799664670922080267e-01 1.726128640671341419e+00
4.812751301041597318e-01 6.972415012584858296e-01 9.316971628681487427e-01 7.140685517273160920e-01 1.342336958871892971e+00 7.289286318343610738e-01 1.314142815265201714e+00
5.328079622022612316e-01 6.491135563496865934e-01 9.730043611406977710e-01 1.014424656940291047e+00 5.691957563323929437e-01 1.671192346382585070e-01 3.087025454203094377e+00
4.996619520047828056e-01 6.518910697494008089e-01 9.911634722064172065e-01 7.847401396177046129e-01 4.537357313808884629e-01 6.093658604105015586e-01 1.950768049650339897e+00
4.711616996040725591e-01 6.114900139491890041e-01 9.833818925187226556e-01 7.623201230240603810e-01 4.761279242635877984e-01 4.612968933540969596e-01 1.380162802507936881e+00
4.954500569274019051e-01 3.400439977776086864e-01 9.584219689976469780e-01 7.935072289404736523e-01 5.363281870722120814e-01 9.156415845887984073e-01 2.480410828008996482e+00
4.829837700105937826e-01 6.963124285102995081e-01 9.890771765310955033e-01 9.210258980062022705e-01 4.757454267188694352e-01 6.380962388617114067e-01 1.408698153070008230e+00
4.184361633000237557e-01 5.830202926445067213e-01 9.459729831842272896e-01 1.038826130031198280e+00 7.012221933720748090e-01 4.615030445506833057e-01 1.470057246510973803e+00
5.027455908585042321e-01 7.468500142150336085e-01 9.619650805564934348e-01 8.973437343777387332e-01 6.063445633899343656e-01 6.493514985587564015e-01 4.900525419617725476e+00
