4.992122375355494412e-01 6.750992373754707288e-01 3.286478467103579049e-01 8.625462586541162713e-01 4.912949812600372335e-01 5.463764566042486059e-01 2.118236330925724165e+00
4.986741175684745730e-01 4.211895186964154658e-01 9.842758995823154278e-01 8.361087231140494902e-01 5.316784238480775082e-01 7.245921889525719362e-01 1.452527014624380275e+00
4.811477258595164841e-01 7.083020501874135455e-01 9.497891726203233631e-01 8.102759290717187479e-01 4.755061047319195100e-01 3.751968926837558338e-01 1.898019383986079500e+00
5.255323705574030946e-01 5.614355056013115020e-01 1.007082952028474976e+00 8.632597396094294773e-01 5.015806526413330024e-01 5.705663606960985623e-01 -2.320482562440946417e-01
5.236718305844443311e-01 5.402393334401318636e-01 8.038213722335942890e-01 6.903355921815935714e-01 5.272730072455285022e-01 2.694429021855225814e-01 1.645420892427111648e+00
5.155040222181526133e-01 5.360535519990503595e-01 8.276288866931271748e-01 8.350733516696157155e-01 4.417173323105205718e-01 1.228252169432910712e-01 2.487409117017470361e+00
5.037170756732369803e-01 7.985410397183780873e-01 8.872132989455180363e-01 7.980138645130743225e-01 5.081948579272381750e-01 1.157507482347391425e+00 2.643494824386059427e+00
3.474340834211309126e-01 5.557986189103643060e-01 9.587488287333273407e-01 7.122757732973181710e-01 4.606224062272059605e-01 5.097562787445946153e-01 1.192714608870002024e+00
4.989428599900130323e-01 6.680210579386609560e-01 1.015333885828466176e+00 8.723865606401549622e-01 5.353778355432379232e-01 7.438419097814145120e-01 3.399154700682797348e+00
6.246887241972146620e-01 7.361235894738450414e-01 9.114221880979370694e-01 8.400908833400911879e-01 5.644932739375507769e-01 4.382443612332207472e-01 4.058475684376581682e+00
4.731670015980276589e-01 7.952779422215523475e-01 9.529058574667139681e-01 8.118826010105411051e-01 6.366691829278170456e-01 4.500100070970798893e-01 5.438916243967284458e-01
4.027672291049552156e-01 6.619029650083724237e-01 8.507367911901938529e-01 8.101646922894103486e-01 5.119358014107832089e-01 4.172675366125290775e-01 3.500511017459812635e+00
4.899710417261544659e-01 7.412295216119506591e-01 9.906217685738984979e-01 9.127723653384662850e-01 5.438420755600088530e-01 7.984398098058573812e-01 1.854717890581268680e+00
4.853399784333546907e-01 6.270227068357338007e-01 9.866893135678548310e-01 9.084682571141833307e-01 5.736805979070683792e-01 6.067062236170680523e-01 2.688635374433800518e+00
4.892028969087980905e-01 5.765502877188387609e-01 9.430464811658237911e-01 9.170706416409066808e-01 2.590975704644793431e-01 4.292178796532981622e-01 2.020123674308796247e+00
4.705002659758621419e-01 6.185484633250470932e-01 9.765169879034173439e-01 6.768219582928820532e-01 5.171101526753468791e-01 3.411497271124754316e-01 1.068439242869157368e+00
5.113639835649352872e-01 6.735515450933440285e-01 9.726939946421797600e-01 8.460324748870243772e-01 4.350394599964929609e-01 2.019795025858761583e-01 2.904646946668187457e+00
5.536548495897861688e-01 6.785517536918488357e-01 9.919473418670183840e-01 8.260787970621745746e-01 5.355043489007682567e-01 4.174241813399457990e-01 5.956368602266490342e+00
5.014060658317013308e-01 9.484505234784540439e-01 9.800789954147058891e-01 7.839109172573442974e-01 7.033001488720151961e-01 4.870570332226232257e-01 1.932563319114158684e+00
5.129641389675075880e-01 7.138283688615136846e-01 9.857056235059024063e-01 8.975719557374338686e-01 5.297022782602039959e-01 5.527465029656202233e-01 1.871230931127269237e+00
4.986242087058940231e-01 7.082991243976329843e-01 9.871880987217969139e-01 5.122768321867808838e-01 3.706783750512795406e-01 4.416070829062593850e-01 1.326371044851417214e+00
5.025180521494334585e-01 5.616160753873777889e-01 9.898623315542444123e-01 7.712315407624092956e-01 8.827870375799532487e-01 6.480319282627786670e-01 1.539126272596798017e+00
4.913265302911200560e-01 8.058740583109601507e-01 8.918084553350549282e-01 8.008725439476304109e-01 3.633707030682720163e-02 6.399957584289340806e-01 1.953152511363660526e+00
5.183205773035454156e-01 4.779141924828776977e-01 9.376440718138330244e-01 5.583940895299805973e-01 3.479761706587325421e-01 5.767895548265020711e-01 9.561725003392513855e+00
4.822858749375451559e-01 5.143166487726487102e-01 9.917519732750349482e-01 8.127896509158879512e-01 3.033874303062084055e-01 1.089562914192500731e+00 1.204397657382747511e+00
4.966034191919704854e-01 5.675789476843594583e-01 9.900446980339885350e-01 8.629872166363657948e-01 5.479240793487939465e-01 3.159489520894476211e-01 1.921357960283534005e+00
5.041152438460058116e-01 7.733654633810126411e-01 9.867263246475567184e-01 8.327635833934649012e-01 3.722814861821370225e-01 1.808988092797030878e-01 2.443020432057129820e+00
5.307297807552102675e-01 5.906967889098403424e-01 9.903112278952967973e-01 8.419220430772418329e-01 5.313498257132768243e-01 4.341280259026320532e-01 4.220591172762923726e+00
5.184296764253625289e-01 5.197723760914889635e-01 9.862691935572186486e-01 6.784414632630838549e-01 6.038058439411168044e-01 5.501472951261077160e-01 1.658552981613567567e+00
5.105404555142076806e-01 8.216565021417633341e-01 9.509692933908115986e-01 7.144230327045610895e-01 5.623424379388703986e-01 4.053450507018371285e-01 2.125772634160373986e+00
5.333513909673731623e-01 8.138237589964320007e-01 9.053560821521842161e-01 9.001400915496224897e-01 4.919240961991290240e-01 4.444198722021273085e-01 1.639455720675173112e+01
5.039029650000867999e-01 7.538971645192039661e-01 9.916474531504095857e-01 6.469796355014945100e-01 5.835432490740392053e-01 4.808500645827847864e-01 2.727244666339928347e+00
4.817886050074025039e-01 8.319014954011894059e-01 9.599064830953433214e-01 8.303694300215934687e-01 6.398653107064237178e-01 6.263308719166615912e-01 1.118919296876311087e+00
4.890902350780094721e-01 7.016629443285671286e-01 9.377640753527163309e-01 7.864800134745056903e-01 5.200851500282754891e-01 1.893302103401731107e-01 5.311679392480981754e+00
4.841563170696474572e-01 7.076196243841818001e-01 9.973889606621989534e-01 7.486831588202480514e-01 5.237769131502817421e-01 3.961317202837201235e-01 3.032406181813799506e+00
5.006866053698673102e-01 5.121949783653090282e-01 9.894615470316110439e-01 9.448522591219361555e-01 5.718480615078356255e-01 6.519806843475015601e-01 2.620326023302734342e+00
4.999456601602816908e-01 6.183126066702461232e-01 9.396487556218993120e-01 1.041996126787271937e+00 4.549804420243265257e-01 5.533643733212617599e-01 2.014867700495718950e+00
5.415060764165374740e-01 6.080231483439288986e-01 9.460253735874829539e-01 9.022842977559604183e-01 4.361271796388483946e-01 8.182870027334427920e-01 1.681543959613222228e+00
5.374187099428863190e-01 5.106051043635057018e-01 9.897854509205010753e-01 7.999595001775154923e-01 6.054238662341706601e-01 5.457544041906000620e-01 1.257970299629231903e-01
5.042098331552612445e-01 5.186105113798057387e-01 1.246033810633716765e+00 6.803668473748278878e-01 5.579106418261867706e-01 6.607697710472352215e-01 -4.386342596237305713e+00
5.021737637443504099e-01 9.251052739699031635e-01 8.576291991439646267e-01 7.857842060794694161e-01 5.736200014762767863e-01 4.873708829607467097e-01 2.627172433866509671e+00
4.439420685081408302e-01 5.264326880536489561e-01 8.707107374376598097e-01 6.557562076717284860e-01 6.658283923200679633e-01 1.929916694537551769e-01 4.347271520570359371e+00
4.184882799408988219e-01 8.115411809633514828e-01 9.715718053665496345e-01 8.714173117317550732e-01 4.680850258069979009e-01 3.476950786254969783e-01 3.323919056648649839e+00
9.729644333006510770e-01 7.779703914253688346e-01 1.019196154862181292e+00 8.282177441440490284e-01 4.717084577726271544e-01 5.816070114753020270e-01 6.153553273842039317e+00
4.678773594409790793e-01 3.685184627346896891e-01 9.973025250010146836e-01 8.942995036566435685e-01 5.157484964075285117e-01 2.095634631034307138e-01 -2.854668549060006555e-01
4.855614370263963142e-01 5.922761208929906429e-01 8.824815547120989923e-01 9.451831957350208535e-01 7.078319896987674831e-01 8.302216695081074960e-01 5.792763641233782401e+00
5.009811992273029979e-01 7.995021101048516154e-01 9.917082462929716069e-01 5.993843188748939621e-01 5.620970489323209307e-01 9.227348287248116065e-01 8.491112919925637215e+00
4.842470023037291349e-01 8.262408502245297548e-01 9.863472022425244790e-01 8.456837426606121921e-01 5.525254563319750289e-01 5.114745133342886163e-01 2.350013023062782480e+00
4.480348465572597805e-01 6.489681703011628278e-01 9.799532385100474530e-01 8.484937993052329430e-01 6.111134363572240380e-01 6.018052052894807824e-01 1.339194193240900832e+00
4.978257179017189227e-01 5.768914551456915119e-01 9.826622317642509374e-01 8.261593482435113378e-01 7.040246434932080355e-01 4.645163280646274484e-01 1.461023054341874516e+00
4.947372557617796818e-01 5.382763650814299528e-01 9.876341413131137781e-01 7.630016835242461326e-01 5.162377368054053006e-01 3.379104079796906857e-01 3.543887334821415713e+00
4.941513829783059641e-01 6.139704059521111645e-01 9.890434029108940983e-01 7.383340133242043413e-01 5.087970822071949950e-01 5.169016296861173032e-01 1.777464562465016051e+00
4.749582149884656324e-01 6.905925398309958885e-01 8.027780379917409670e-01 7.866729672148996544e-01 4.674653202699718402e-01 9.244750766043966506e-01 2.189562070911743152e+00
4.991581716518466161e-01 7.162515215264976254e-01 9.850411032087330598e-01 8.706425204860894773e-01 2.387191619052183300e-01 1.005795858073256666e+00 1.071836718298067481e+00
4.944416465180071496e-01 5.520793753726493946e-01 9.893089361823282912e-01 8.327240908108061168e-01 5.480434895530820194e-01 6.569627053071742662e-01 1.156916860426986826e+00
4.950625438913898169e-01 9.680076822687878613e-01 9.284404621056955298e-01 1.078024213421688415e+00 5.197128557549924865e-01 9.226772190188118339e-01 2.893053774663243427e+00
4.971439281624693285e-01 5.599422949262156113e-01 9.807524612425961852e-01 8.460123134709780501e-01 4.805080195232623863e-01 7.830420752041614696e-01 3.905259344313472436e+00
4.987646950939501611e-01 6.409671822872897717e-01 9.627672454015595571e-01 7.918856426972273876e-01 7.823347427212811178e-01 5.750431845836001532e-01 1.523790724770662131e+00
4.965457423198381681e-01 3.071484840522690218e-01 9.630830381365059756e-01 8.628697918067734784e-01 5.236910169180816199e-01 4.061648359566717437e-01 1.611525848146816653e+00
5.317124358301248410e-01 6.440042474406670880e-01 9.852391263071514915e-01 8.830102390641190180e-01 6.237579707133635853e-01 4.021048722915254725e-01 1.660089322745619711e+00
4.978397112794638035e-01 5.904839936595575045e-01 9.877001645260709006e-01 8.623072126179336383e-01 5.374609903082762097e-01 4.602428542404654599e-01 1.675665708687965827e+00
5.324585881788027608e-01 6.114084538430015758e-01 5.649917374517907653e-01 7.697002850454490730e-01 3.596130555234413051e-01 2.949270389627827171e-01 1.287016203698348127e+00
4.986960558660090692e-01 6.405931955301786829e-01 9.863616570289970298e-01 9.089797492617919250e-01 5.713866388490158599e-01 3.674763900150209150e-01 1.484550629930216248e+00
4.951311101368354728e-01 6.457409039139019313e-01 9.848259032977524363e-01 7.917782757043222430e-01 6.434367292012141970e-01 5.294330197494007129e-01 2.583916868557134094e+00
4.801763292110051706e-01 7.837416278792919133e-01 1.016143637613966089e+00 7.457271921757246957e-01 8.480164488516370724e-01 4.563716455811078210e-01 1.918535170781302313e+00
4.910995340965625955e-01 1.456972749430465397e+00 9.864905708734386103e-01 8.142916018365826680e-01 4.486984882360402493e-01 3.690026687414161843e-01 4.196274876831939338e+00
4.856499021650291792e-01 9.598644506135500798e-01 9.895480468116238937e-01 8.192758316933546059e-01 5.307932673507970156e-01 4.962403584131522272e-01 1.708621487922078908e+00
5.045216539559155278e-01 4.492987063804081416e-01 1.009494928909764777e+00 7.983076867366928342e-01 3.990007552321940820e-01 3.795633331483551087e-01 1.832571382017998296e+00
4.855793497600121023e-01 6.427927437492650942e-01 9.519965232837872549e-01 8.833215097623117185e-01 4.249249302130067574e-01 3.541985738875453316e-01 2.479147415821215894e+00
4.896789692554963658e-01 6.749080488386288712e-01 9.335961642269529071e-01 6.513832511402819492e-01 6.558855344785318175e-01 6.660874777637046940e-01 3.528918963469720893e+00
5.188605086394145749e-01 5.065515476278863449e-01 8.711167216838382465e-01 9.008534024249605920e-01 6.413827883880789393e-01 5.151068206408987438e-01 2.311357216163882455e+00
4.692909367836672896e-01 6.503932678682885493e-01 9.362194370216571082e-01 1.264959174067125769e+00 4.516196299029213157e-01 5.521304820084210752e-01 -2.323548280311992009e+00
4.957147410206482752e-01 6.239891129306129880e-01 9.754307708065191873e-01 8.197857456359981532e-01 3.465504101770630618e-01 2.671757691964354309e-01 2.472339081962292351e+00
5.021419253457605203e-01 5.577931594830926043e-01 9.915513542188646445e-01 8.113230414897524279e-01 6.693281193425005826e-01 5.268234912286837712e-01 1.423159604573816850e+00
4.264085069878956746e-01 7.467685761382180099e-01 9.921386792652199249e-01 7.170492330094759836e-01 5.371763536693773267e-01 3.886964525545165694e-01 1.519740903115657016e+00
4.414274691045335652e-01 4.843001976115748897e-01 9.950103251854147679e-01 8.404066432734247361e-01 3.879957406513776519e-01 5.597729765495438325e-01 1.508581566596689516e+00
5.079874406339711657e-01 7.494010076662840358e-01 1.112558569748846704e+00 7.610444388033833496e-01 3.147040258863303963e-01 4.922525974694182960e-01 -6.979021736308412827e-01
5.450986855143236109e-01 6.627590544157135888e-01 9.189267880812446165e-01 8.411579359293157587e-01 6.874231618713375624e-01 6.337976930840116818e-01 -3.433680983303766254e-03
4.964101264697542981e-01 7.021818480291683873e-01 9.886151436499450718e-01 8.287248869812768870e-01 1.592932703944887340e-01 4.912006550074602407e-01 1.934647859156701788e+00
4.870438480556260052e-01 7.058848571480954570e-01 9.885271136043821683e-01 8.756165257489751941e-01 8.236201366722728512e-01 5.780840722432699641e-01 1.909041509280287707e+00
4.936524174982572788e-01 1.122556735805073425e+00 9.957904496108006542e-01 8.406526534088402114e-01 5.337360989249952947e-01 2.622888260705227292e-01 2.000091901256559446e+00
5.105165935638364960e-01 3.936934386163314925e-01 8.943951757393111546e-01 7.921261267916237525e-01 4.807990786304501829e-01 6.347626304981142109e-01 5.685545778939530059e+00
4.816549250086060163e-01 9.565740734017988967e-01 9.858566151035863534e-01 8.129269464369839326e-01 5.314364581054092929e-01 2.880438310182504291e-01 1.653975829735248482e+00
4.991674827792279556e-01 6.043957475939571999e-01 9.776964611138174721e-01 8.477124081461856475e-01 4.474457744452005614e-01 6.052239282533651288e-01 1.401923961870820357e+00
4.945076969896116670e-01 8.799444001687581896e-01 9.828929162825189580e-01 8.608889933721161070e-01 5.991136574023394612e-01 2.104578681308190979e-01 2.310247905556840564e+00
4.106713381067814694e-01 3.705619810118771507e-01 1.176760758551935293e+00 1.063404221297520547e+00 6.496166538786758426e-01 8.419470606355756725e-01 8.377537026875266690e+00
4.963365337614754069e-01 6.511696429365871897e-01 9.824680319854787180e-01 7.833481391880887656e-01 3.148668880902485978e-01 2.925370355080343931e-01 1.788309118447872548e+00
5.295487403828245121e-01 7.038639632373062671e-01 9.807625514814465317e-01 8.249326362821363112e-01 6.970639174534487559e-02 5.604795453476415501e-01 -1.302731757959513903e+00
5.068111882560873971e-01 4.363595822036723249e-01 9.965147090187118639e-01 6.968177172105067818e-01 4.789406500689278312e-01 5.841397374734684789e-01 -4.770561681744521110e+00
4.903738404762221781e-01 5.231196556319410718e-01 9.888011134236877053e-01 8.425705133140661829e-01 4.461778816581141727e-01 6.192072872558023189e-01 1.642472173542656844e+00
4.594915265995273002e-01 6.260420706449776329e-01 9.811312426578390200e-01 8.627531651915352207e-01 4.427113946885437579e-01 5.549005289948539810e-01 1.452571792070865619e+00
5.107671449068529324e-01 6.107264603718591811e-01 8.815578231756204808e-01 8.212952985028127983e-01 5.333243162923329006e-01 2.733250406518009795e-03 5.634247311651191303e+00
5.096276209523529221e-01 6.234767671289874746e-01 9.288205273798749717e-01 6.121937058378269514e-01 -2.181405511094057781e-01 5.409092185548648457e-01 8.570102618371464587e-01
5.149698510072071578e-01 7.753810640522897923e-01 9.366797551767570562e-01 7.821323191588276380e-01 5.067071010187629287e-01 7.316051468798899782e-01 2.858320722554743565e+00
4.995324947389315207e-01 7.528385655402398680e-01 9.836217484715525927e-01 8.149243616018294611e-01 6.883286292758108438e-01 4.868515267462044660e-01 7.341923528215927863e-01
5.013219982793400975e-01 6.158143918277828588e-01 9.538499170497144464e-01 8.088585056722854549e-01 6.666861628933649087e-01 4.937563169287662035e-01 2.090270773499378176e+00
4.986164870613278843e-01 8.521774131586742351e-01 9.392099322481324286e-01 7.291857149465952315e-01 5.080936300693377206e-01 3.212759212185822277e-01 2.917091395931482811e+00
4.922962845983051561e-01 8.250493456238290335e-01 9.890916406462687549e-01 8.352562603401280095e-01 3.687325118329306539e-01 3.340710092084142602e-01 2.990833042610300474e+00
5.162581266242971534e-01 5.767074281589626983e-01 9.620664454483328631e-01 6.919908620018633272e-01 4.839704318436044428e-01 6.758915717383393584e-01 2.378554735187057734e+00
5.117679028992695445e-01 5.184387288568244045e-01 1.002226945230644262e+00 8.240623361056927942e-01 5.512872006658996460e-01 5.827771090371323126e-01 2.869939402397078343e+00
