7.474513931424000557e-01 6.519061248655588781e-02 6.758556028659310488e-01 3.012968569978297095e-01 5.586825311576234521e-01 1.351356348146183217e-01
6.088010172204060266e-01 7.785713126104051307e-01 4.842630425199803135e-01 3.763287950833440476e-01 9.063683762556543622e-01 9.817223918373207958e-02
5.975934366815026655e-01 1.769474361252942884e-02 5.994263740860472645e-02 5.065504411483678915e-01 1.308904655991520727e-01 3.618053119376827276e-01
2.588049436975116135e-01 9.441351559334826282e-01 1.556839076094409524e-01 9.646303669497025002e-02 4.469438982395819160e-01 4.549896554623159561e-01
5.294232495117737747e-01 7.612013122391352304e-01 2.678234645689721027e-01 8.666123230943421074e-01 6.713423324891192312e-01 4.186209051576215145e-01
3.997302979574738346e-01 1.252600009730926445e-01 2.560518223129293336e-02 2.804387541878505807e-02 8.059371732452490500e-01 6.144344353887749577e-01
6.164416794123646071e-01 6.279951525911875443e-03 6.821742024539666494e-01 3.240013050282758433e-01 5.778323371322893198e-01 7.058210573931643639e-01
5.701916841488785526e-01 8.635581621758756654e-01 6.277043323250832696e-01 8.591935770375414005e-01 5.807895628265434818e-01 6.534597803596486898e-01
6.158985093295843427e-01 6.979692156327718111e-01 7.558718195457314604e-02 2.173061118747757758e-01 6.713067544410299403e-01 5.020069975560634834e-01
6.836887402625047017e-02 9.513206946881112014e-01 4.238327051869872353e-01 9.208477940841850451e-01 9.097580572580765690e-02 3.787829004481424455e-02
1.799008769895691362e-01 7.952117652723192931e-01 7.138717443078471669e-01 4.706392718315255408e-01 2.495869117632942835e-02 9.421047142054957968e-01
5.898928320831439143e-01 7.526045738969338039e-01 5.205433955449422223e-01 9.344890294347226734e-01 1.023900343612915709e-01 5.917256935078223368e-01
7.104620594097957875e-01 8.409244355641837254e-01 7.833757722028036330e-01 3.458661079257616677e-01 5.402013981979384427e-01 7.504823693246196470e-01
1.126804603039291974e-01 1.576102613767935701e-01 4.816849520660024808e-01 5.804769096298866282e-01 6.005995613240051600e-01 1.123665557523958469e-01
9.107193450167513360e-01 5.054066350389292417e-01 4.295739268198446315e-01 3.992123226626516086e-01 4.676867764434233798e-01 6.177399234114634430e-01
3.156558172752621516e-03 7.302262854208640963e-02 1.710369623405826323e-01 7.130944177019967745e-01 4.041325966316943186e-01 7.914511061563234140e-01
3.310860775791960586e-01 4.629301895645362430e-01 5.264035366968220497e-01 7.871350959127343394e-02 6.663817325302534567e-02 4.208204152344963145e-01
5.161310447199155549e-01 4.998354756976337576e-01 5.843313221369910160e-01 1.669587479360676863e-01 1.583732817613431321e-01 8.637381651293397633e-01
8.382732517954373241e-01 7.640729753691266612e-02 6.279780925595465080e-01 4.120845876595110591e-01 1.290107348750062499e-01 5.168402919396941630e-02
4.759979824667203152e-01 5.903238264567410853e-01 9.501004198006733903e-01 6.369389549850181798e-01 4.699217873899141917e-02 2.419955204500374712e-01
6.710096170611419275e-01 9.070915530843265406e-01 6.823701884228458026e-01 1.767032834789608042e-01 5.754757294790935340e-02 3.870247377670371636e-01
9.926913566352616458e-01 4.801475804645161105e-01 7.875804210550511053e-01 3.586552923658263836e-01 2.114607133355252966e-01 1.611466239772288978e-01
5.482531231597859156e-01 3.377886861595318369e-01 2.631487845919867619e-01 3.993348891708307091e-01 4.136814304056909419e-01 8.407633214906103936e-01
6.730648905770749701e-01 9.045753664015476758e-02 3.632162241823745363e-01 6.184035524137241335e-01 5.936270181429028625e-01 5.073696575024401190e-01
2.772921548201754405e-01 4.110369197984525824e-01 9.251574950602359237e-03 1.877317821874554538e-01 4.364453375793191370e-01 9.975620689070427982e-01
1.473582138303543010e-01 4.926128858780426389e-01 7.474023900266582032e-01 1.975799924633905302e-01 2.087188957852315063e-01 1.033885195363268839e-01
2.115475878077788252e-02 3.390454350032083841e-01 8.720950434692619213e-01 2.886253015292558066e-01 7.260277536757775430e-02 7.543316791495705553e-01
2.283002082261625931e-01 4.023642039090227218e-01 9.387408382535542550e-01 4.683460531851745268e-01 4.739527008344505132e-01 8.442342852381448104e-01
3.095599217729581021e-01 4.429478054069849735e-01 5.065350297344527464e-01 2.971437571636043051e-01 9.269089568295392212e-01 8.669540811024253335e-01
8.603429511661460083e-01 3.560442073001052199e-01 8.273411604281228904e-01 6.512253974086025243e-01 3.450608800288065270e-01 7.910731452859141033e-01
2.443736055412212282e-01 1.763358157363895673e-01 5.228229742766119514e-01 3.563754456278055427e-01 9.080992322294060282e-01 2.872979874095971109e-01
9.056701061373273465e-01 5.740021476318410976e-01 9.562687306592216885e-01 2.605847034819773755e-01 9.565336612090059587e-01 5.849867957061046786e-01
1.906860193496440203e-01 5.495277616930056563e-01 8.848308305122654094e-02 6.893956187590318807e-01 7.600540762413533491e-01 9.092426267555530073e-01
5.816787316594148605e-01 5.786727504703604863e-01 9.705025343026019158e-02 6.227906348014362603e-01 2.699263337202923996e-01 5.210185047567822414e-01
8.489922196788333153e-01 1.317495148110514602e-02 8.390427634536204993e-01 2.617336724856368368e-01 6.105744771655818859e-01 2.331287166707279868e-01
3.526493499059372150e-01 2.105666785314893596e-01 6.778988120350090130e-01 5.441458281956819132e-01 8.511701610469065704e-01 5.846203869666440900e-01
2.686967558096822195e-01 1.771418746722883686e-01 1.813932340086102935e-01 2.830643184087421327e-01 9.211626663700013262e-01 6.445038342215281268e-02
7.289269177766684038e-01 2.798072687457925367e-01 5.296727437632785529e-01 1.668195465227994001e-01 6.933762332514907811e-01 9.349157996686092709e-01
4.886231187824993105e-01 2.833423522874279898e-01 1.929712472681351931e-01 3.084514083109495264e-01 9.031779707167939542e-01 3.601912413349568354e-01
9.671736078110179102e-01 4.214949485108619998e-01 8.098271659617966023e-01 3.464164325759806484e-01 6.175328992493732683e-01 1.050317925559500765e-01
1.824755373349573606e-01 4.595190916292692940e-01 6.988023867931191235e-01 2.717132525856660319e-01 8.790419750856092174e-01 7.378148044228027835e-02
1.938758152370723131e-01 2.777571241990186568e-01 2.590635298649672791e-01 2.323412634593363668e-01 2.115614735151019055e-01 7.989487873822291863e-01
2.813392046104815636e-01 6.089715060854661299e-02 4.577082283034360488e-01 1.723348849714406716e-01 5.619785302296931295e-01 1.015868982032379630e-01
4.512493928156235956e-01 6.943562301193622055e-01 2.575557268508803510e-01 9.576661724068545878e-01 2.958479877430075788e-01 5.315582624406720580e-01
1.665784857958659826e-01 9.945282057452736746e-01 3.575932195274210690e-01 2.873519713126074793e-01 9.402854923535450826e-01 7.161215777565932417e-01
4.269395195685329325e-01 1.640955266782447852e-01 7.115866110313876503e-01 5.118243591472394494e-01 3.216892969533814428e-01 6.405597107951533919e-01
8.885465207175701208e-01 4.872601854952757217e-01 4.960020159945576212e-01 1.817111409265649291e-01 9.374176326342145149e-01 2.229213717474712864e-01
4.359806009398002891e-01 2.598579215373897355e-01 5.440860630270549780e-01 1.508746765922437394e-01 4.737117513296102977e-01 9.993940142223234346e-02
4.241961100255037254e-01 7.969005868799621251e-01 9.138586090831224418e-01 4.582300208582232859e-01 3.223961113487467944e-01 2.486273530325383563e-01
2.306005352074207426e-01 8.175475466423444137e-01 6.449002981048420624e-01 7.745226494998915800e-01 5.473487531517480242e-01 7.287006244574144587e-01
3.321449532152906947e-01 9.617307595552975208e-01 9.747810706044062190e-01 7.954711077246812145e-01 6.776197432638788598e-01 1.368293605577202143e-01
7.188164610715900293e-01 3.165817749973581785e-01 3.751817010336876423e-01 6.494322036739432757e-01 1.201175303704861141e-01 4.345903646328185266e-01
1.687751780192684459e-01 8.612941545841424906e-01 7.957556139042243348e-02 1.469718453346221532e-01 2.167560958893248735e-01 7.872707028321502820e-01
4.962343199175905939e-01 8.553706937035026048e-01 8.984736462343637653e-01 3.037622574813202414e-01 2.962035839410935845e-01 6.490499725074633242e-01
4.424098019565917417e-01 1.023501701538113151e-01 2.852827357089186000e-01 3.365718960352734879e-01 5.695078787059540959e-01 3.240506579168416224e-01
7.661077851277956485e-01 5.339708093516557508e-01 7.936983049235651899e-01 8.879214842281960562e-01 6.481927401889557849e-01 8.891184731326646773e-01
1.611264947166241024e-01 3.417063132388651336e-01 1.403052034015535021e-01 7.359426844715128979e-01 2.700151603937035460e-01 3.018738202083826039e-02
2.109013153110050887e-01 8.686272294138139838e-01 3.631245536074371172e-01 9.127778965665834798e-01 7.441755665178940715e-01 4.280021893492994556e-01
2.148305131563309489e-01 9.408453477495242190e-01 2.252283750258469164e-01 8.919420428954135671e-01 8.039312740232384957e-01 5.241215874808645703e-01
4.552601048644233650e-02 1.503113208876357687e-01 9.044359753441777450e-02 6.756854338826133732e-01 9.727331572226826095e-01 9.086415557576075219e-01
6.115180666644332019e-01 6.591554002426155412e-01 4.920408687736865794e-02 1.784672289239369602e-01 3.563388678966665779e-01 9.573997750835836484e-01
2.721377717516847428e-01 4.909549975672959921e-01 6.038369978786746195e-01 5.543682298210177439e-01 7.205178551310278401e-01 5.121646600373509495e-01
9.069929341462014127e-01 4.531102343151431899e-01 9.535059192502652881e-01 6.645693347845409438e-01 5.630995252555461850e-01 3.840100881146490952e-01
3.493507762441723230e-01 3.653730157634260678e-03 2.612341255538467300e-01 7.194605569670603495e-01 8.647476549741051066e-02 1.811409274694697480e-03
4.803933394377873922e-01 3.577509177142759178e-01 3.153412944365454607e-01 4.075446062859072738e-01 7.670840499875786200e-02 3.403311158077924059e-01
4.193365843930110248e-01 6.648081730119315136e-01 1.599745716754203961e-01 2.069131414863052409e-01 3.770637585066957120e-01 4.110148434604510292e-02
7.298759956008860073e-02 8.328495590217297462e-01 3.667486839128636378e-01 4.700987128148199634e-01 9.785471104241727502e-01 9.095122877191325061e-01
3.755267383763505329e-01 4.635349348157871141e-01 9.309293301475830562e-01 2.672385628213792552e-01 3.286688701395483747e-01 1.983691525970087133e-01
3.088905988104644340e-01 9.114388754377311663e-01 6.363133369622527846e-01 2.624962878429651925e-01 8.390592621092246572e-01 4.833869825163595868e-01
6.837449085148500361e-01 6.325691826378611049e-01 1.518190519799138549e-01 2.105104433006657061e-01 7.753905120134307882e-02 1.621652560328400439e-01
7.381617532235270618e-01 1.399376120312719740e-01 3.740976719460712419e-01 8.100368103649157048e-01 9.048575427162329765e-01 1.143295143479593490e-01
1.433679985500400100e-01 8.860647275470964201e-01 9.307131528446560553e-01 2.084518923343993135e-01 8.880975444756064041e-01 2.517382188762473660e-02
9.704501911936442848e-01 9.300604693584028082e-01 6.730030381167716458e-01 1.980148489885856788e-01 6.570106575653060776e-01 1.983580283028600899e-01
7.029171905512314744e-01 2.680473261443629962e-01 3.881567348658493399e-01 7.506859365604978684e-02 1.541650683579730563e-01 2.129249873613109356e-01
2.985252826333568699e-01 2.456575769385209718e-01 7.092991861333585168e-01 3.893233538046581010e-02 7.377263945922309940e-01 2.614380267973994698e-01
2.133947246097869233e-01 1.709796064894577583e-01 8.276571022646119768e-01 9.534761115793490838e-01 3.616276158195391721e-01 4.788480641083998623e-01
6.872484979183457465e-02 6.026798857284337840e-01 9.571138439592451475e-01 6.957719000420112820e-01 1.656500879346261002e-01 8.206673958062414842e-01
6.522192301109177581e-01 7.400560508050686437e-01 9.873578822034746461e-01 9.606818140717683363e-01 7.749991692831269541e-01 7.845941849583670802e-01
7.750562815223540625e-01 6.545374839737535533e-01 6.849016036087960391e-01 4.371524867733406206e-01 2.348163062206127805e-01 9.686270681928715875e-01
2.842513297975998166e-01 2.143051588071086533e-01 1.299612737035135135e-01 2.515594568192943692e-01 5.498957390680313528e-01 7.872262278661217305e-01
7.884627283948536514e-01 7.891801667927293984e-01 7.726246521764773556e-01 8.914332530483558559e-01 9.707027648687830412e-01 1.172763127551633699e-01
8.529684496830621798e-01 3.827668745146861617e-02 6.608807170167182443e-01 3.512811909478624761e-01 2.280361013207309329e-01 2.459109759268863771e-01
9.407891209379976027e-01 7.248365244684059627e-01 9.396757080602005097e-01 4.503668552205623010e-01 2.107998917404532158e-01 4.423962222918276233e-01
8.798242860713839653e-01 5.854638222550392346e-01 1.938907703285230877e-01 9.046743472541562969e-02 5.396998943804047766e-01 7.696355944563960660e-01
8.428272238424825424e-01 9.089707287162832605e-01 5.292154297224050952e-01 7.002529887858386370e-01 7.761282185997769867e-01 2.884120191543916301e-01
4.770755702621153338e-01 7.256109451364368690e-01 1.515150832178657758e-02 4.724569739914492583e-01 7.402162214945543495e-01 3.577101238698751073e-01
9.270111461103702766e-02 7.892783146310613507e-01 4.475273476970451636e-01 7.976592026899690380e-01 7.558285147918784030e-01 4.644408942290508824e-01
2.103636362931730064e-01 1.805284573094573242e-01 3.439791522587547501e-01 4.678705208294637874e-01 5.359782840592666187e-01 7.458002780715944358e-01
8.159464957864610568e-01 2.765252708015396577e-01 4.724218456459364779e-01 2.203644166077529665e-01 9.391213386575649746e-01 3.869804267446282919e-01
1.050752922335723705e-01 8.460405366869262478e-01 6.289652197932001920e-01 7.592450762467813918e-01 1.635248403228626302e-01 2.399224684221384907e-01
7.318094148916833852e-01 2.320346804004393970e-01 8.526895603880237928e-01 4.511505061136540373e-01 8.448938774798558926e-01 1.977532027630943823e-01
3.472349313572429264e-01 5.784795792689727545e-01 8.760056906202080551e-01 6.052575934989933293e-01 7.032832487899784990e-01 7.800889642484373221e-01
7.148695304289515162e-01 8.045095682686560501e-01 8.695002698877702940e-01 6.551033028114781054e-01 7.168551485005466573e-01 5.605511013208258619e-01
8.680880942634111586e-01 6.645210138406532074e-02 1.391055964093673714e-01 9.967726442894523364e-01 8.368948705029969348e-01 5.785833696029195616e-01
1.531567304984505773e-01 2.676448573187640845e-01 8.490493653268696983e-01 5.817151649809246816e-01 7.264063809351933854e-01 1.948339335512454529e-01
7.924593012864314945e-01 4.378319330704105727e-02 2.402926260662487934e-01 8.423398887414340619e-01 3.588093998614784175e-01 5.773623335158158953e-01
4.003732436826501484e-02 3.675997810307809477e-01 4.986993448930978623e-01 8.769791517898861688e-02 5.831610740092718626e-02 7.179989293145343510e-01
6.516623762991204938e-01 9.842295068668113212e-01 5.030589762760744321e-01 9.535917695893477708e-01 2.271546833650152086e-01 5.715380940413774535e-01
8.197471182306608206e-01 2.203268931432769140e-01 1.912183333256234352e-02 4.218416183917802487e-01 7.630908690101101399e-02 2.746651250940805866e-01
5.068034327264679950e-01 4.120849754044982882e-01 3.228192075173128561e-01 7.721281394125709685e-01 7.509048446969454060e-01 6.588336847197419077e-01
