8.986734032610969036e-01 9.953549159231477317e-01 2.840006355763853296e-01 2.542275293822199300e-01 6.849494109936286046e-01 6.118607469006522859e-01
3.976644788642321737e-01 9.178835084754740636e-01 2.593132002542456460e-01 6.584234935664092792e-01 9.410202940124589022e-01 6.157636993244707257e-01
2.723109535367340683e-01 4.553072567875463550e-01 8.678787513494073957e-01 7.988715703377256006e-01 9.889614366716246163e-01 1.994863830028998919e-01
9.018414829411358635e-01 5.054317892229647224e-01 6.985112544313047955e-01 6.424531380485111187e-01 6.334266015769424163e-01 9.623002010691710240e-01
5.451370450392112321e-01 9.596499541906348130e-01 5.662598904334863459e-01 6.949792749995714614e-01 9.132266990318036459e-01 9.331249020312405440e-01
4.983262518731618185e-01 5.911015706909343859e-01 4.271164663088988789e-02 2.671948197952316306e-01 5.702464648058550578e-01 1.584920455124531058e-01
8.073883680527447204e-01 6.636120742695995611e-01 6.468540456934052107e-01 6.972430572489959344e-01 6.179254717708748679e-01 2.688175338860928631e-01
2.880455246828395044e-01 9.176506792613388086e-01 3.421478232403900588e-01 7.160977538577805168e-01 9.854678276340064214e-01 9.896848905466925084e-01
9.400177165349202779e-01 4.092168296265181748e-01 7.278804967976929552e-01 8.776407177849029351e-01 3.121923903441858883e-01 6.232914686600694587e-01
3.511035590947039209e-01 5.031861621940367790e-01 3.228905886561456162e-01 8.060661009728883331e-01 4.867200105081435080e-01 3.471532284647874667e-01
6.053424464661349980e-02 8.859068431900067875e-01 3.926494202314089188e-01 8.646751666401848446e-01 2.940105300200988037e-01 1.022708839658234004e-01
6.535980298540420286e-01 2.656313682877109450e-01 1.460681549098314935e-01 7.608651553665283229e-01 5.865561270639135794e-01 3.303023828639525261e-01
7.694125140491983039e-01 9.384917398380827613e-01 9.998092003796822391e-01 4.007980040986226511e-01 4.050226025236202121e-01 3.736582717145033872e-01
8.179998133041761488e-01 3.605329701395283415e-01 1.267629134427807891e-01 8.999547431786419915e-01 6.928955218865324728e-01 1.160987761523591955e-01
9.093179830373389061e-01 6.264413083605957500e-02 5.556267270069897846e-01 4.574164312536848076e-01 2.482088143462001240e-01 6.308312716419002264e-01
9.342833635575970019e-01 3.868211660312683708e-01 4.926149824549419520e-03 5.714736765351366987e-01 9.143584120454362196e-01 7.503170944608561488e-01
5.452699501037581165e-01 1.671224213828789162e-01 7.671756019102620172e-01 9.518558262841727569e-01 7.699091207695888395e-01 9.674176258833168118e-01
6.429852778154621085e-02 3.213096729912134908e-01 9.205806768457956979e-01 3.921078897636511851e-01 9.572764657078739470e-01 7.963126223245375890e-02
9.018603045341055946e-01 8.875391154107536984e-02 6.733169733179761307e-01 4.837116013299975759e-01 3.782431493012310408e-01 2.845693188296334331e-01
6.879662949122716809e-01 7.085054289170419350e-01 9.890782175758978667e-01 7.071042225824186733e-02 6.574159972147722852e-01 9.613920415931542784e-02
9.460771239735943361e-02 9.009875047290217820e-01 3.338477622615199092e-01 8.853901486400275189e-01 4.737386754187690174e-01 3.280389689697449374e-01
5.611640470062159158e-01 5.650940889950282209e-01 9.141267948186219128e-01 6.098158495595635831e-01 1.992528019430381825e-01 2.608536436791262236e-01
3.468797839576074349e-01 5.741121315064298125e-01 2.782303043456465508e-01 9.758627199373940408e-01 9.508398680076761700e-01 5.628861095437670548e-01
7.408882698310494952e-01 9.357863788638598468e-01 8.149531836589173350e-01 4.157721156971654342e-01 9.001694911186687298e-01 2.036450201449566677e-01
8.519552540860766410e-01 5.978914988925203566e-01 1.750357740128214434e-01 7.756467999907747934e-01 2.114431512360999132e-01 1.183424208090317897e-01
4.991393316358726517e-01 9.146448794331317744e-01 4.629469202152587393e-01 8.023915477352048242e-01 1.158420860394304697e-02 1.308013239667275007e-01
6.054400897298791717e-01 7.369805212083024859e-02 9.997711946355098966e-01 2.289633537897426407e-01 5.818152948443109373e-01 3.017347485219580294e-01
4.750464825459980167e-01 6.980738976909470761e-01 2.911490703294552507e-01 6.629332417038190650e-01 2.187327255823069416e-01 6.434125949929102584e-01
6.474248557511513846e-01 3.004857407112770940e-02 1.352455580500624421e-01 4.255296268966169970e-01 3.050619249627263274e-01 2.358022331462116261e-01
8.369647213822196674e-01 4.786057506669588735e-01 2.400696188729098957e-01 5.021178210008938603e-01 2.904088817793479826e-01 2.057526635976474338e-01
2.828135784922247709e-02 4.178427647573568215e-01 8.975648160191643798e-01 2.879539963981979644e-01 3.226346673720938973e-01 9.978435303765553765e-01
4.029497966372667106e-01 1.365784861473955392e-01 1.842357924061029939e-01 6.005189638195640445e-01 8.367541965099833945e-01 8.430473020315062405e-01
6.082160879279407961e-01 1.966973948536399064e-02 9.120858789229715491e-01 7.144344959955356567e-01 7.284606031276593674e-01 9.448536527255867457e-01
8.766867035921999118e-01 6.638647101980567067e-01 5.818594551713051066e-01 9.348130515630268533e-01 3.761732479564378062e-01 5.267408850515269414e-01
1.857873028392948989e-01 4.884283124229568118e-01 8.479764586433643503e-01 1.516527264009490672e-01 2.685330989173675409e-01 6.911581492364605728e-01
1.895675528252770414e-01 6.574745229808620639e-01 5.922977133908702285e-01 9.080639630894170589e-01 3.411816157454810039e-01 2.460141415436368773e-01
4.384802717537009675e-01 6.512591710715160964e-01 2.869623974282586865e-01 4.503819131800217423e-01 4.070383436751826567e-01 7.078076738931831091e-01
5.062224577427336669e-01 7.796847528754359269e-01 4.266707509265704745e-01 6.698833307916232105e-01 6.664611418480475002e-01 1.697182799380192453e-01
1.756370563529769946e-01 2.975864091957417523e-01 6.160320196836918116e-01 4.013821240032835469e-01 8.338144150503944418e-01 3.686799969259951792e-01
3.141592421827161807e-01 2.907904342389995289e-01 7.583102775419761077e-01 7.657541475414864074e-02 2.695576029775940130e-01 6.257716149401797434e-01
5.852652991723483744e-02 5.580433731336298386e-02 7.299869891025333457e-01 4.883279014220998082e-02 4.740617499480292985e-03 9.069860487560238438e-01
9.436381854888060694e-01 9.280417233648674546e-01 5.603496916398089667e-01 5.487874191617849728e-01 6.682722601136523721e-01 6.955777576851918109e-01
1.526200545002920350e-01 6.956483706642117015e-01 6.329013409756236719e-01 7.453019001640126540e-02 5.433145846027201964e-01 7.968430858629627078e-01
6.748026994397804401e-02 3.857162983546964519e-01 6.409597953901811085e-01 4.072733074961767397e-01 6.272054684799897029e-01 2.178595157703131502e-01
9.351836900255737772e-01 3.621440517281360183e-02 1.329597916237194033e-01 9.720222457623654000e-01 6.410272506776355517e-01 1.358803555482458458e-01
7.958276544839794076e-01 8.461575739818145703e-01 4.384532777253177249e-01 3.686852546425571919e-01 3.355487501354567081e-01 7.777309067614202043e-02
6.796936011517724641e-01 1.980429955582289070e-01 8.646164737428547742e-01 8.171044946762440198e-02 2.315261099933649813e-01 6.195038345180764461e-01
3.093942213535250119e-02 4.860017292768425978e-01 6.516606678171480427e-01 4.202071022228701658e-01 1.404180794344972449e-01 2.182632775282808968e-01
5.697732753930938587e-01 4.019403692982814746e-02 5.691085615788262775e-01 5.821715314813187270e-01 4.801405930437661063e-01 5.372677083050938496e-01
3.230342756849474695e-01 6.053281267698085166e-02 1.681381850165722946e-01 9.915584942946794600e-01 9.607515892441274019e-01 2.336802546073853959e-01
7.408060054592222610e-01 3.389724243377270074e-01 6.200565658335563946e-01 2.724633497133778226e-01 7.858621435615954498e-01 4.869399013786051000e-01
2.215884351699367594e-01 6.430153079670386518e-02 2.560763658954509081e-01 3.627358870223525988e-01 5.299196113683333209e-01 6.818678757292340187e-02
6.490921859539589001e-03 6.858092286661199299e-02 3.606661261468820934e-01 7.089357544807551870e-01 7.460583969035365914e-01 7.520490784985507382e-01
5.567821219370880925e-01 6.286165854682378429e-01 6.445125284899440032e-01 9.129674162418333072e-02 4.296573551754944154e-01 1.362905084234011799e-02
2.829970665997503243e-01 9.715128223926188245e-01 6.453633164122927202e-01 9.129121452961218575e-01 3.305582832325868470e-01 1.850024388841867706e-01
2.025453792067506420e-01 5.319564011985770113e-01 9.545035088177751259e-01 8.634227119658297589e-01 6.100868975914754966e-01 2.584120103131993806e-01
2.993963636989813715e-01 8.215469993949764405e-02 2.220913430451071369e-01 7.112151835619985318e-01 1.958602191807046200e-01 9.343256492805436242e-01
7.860404879709128600e-01 8.834233153562680574e-01 1.512905324374934635e-01 7.287827187939132090e-01 1.234228035130029433e-01 8.737466087423050309e-01
3.079522796187575961e-01 1.171136479511937223e-01 2.400868596060640181e-01 5.243778562208204486e-01 7.305501681544233072e-01 6.727493967644574413e-01
6.257618402447704398e-01 6.391931116817108904e-01 4.693024021318301653e-01 6.914499929266759715e-01 6.370474496215361437e-02 8.574468247917381714e-01
5.205192655903716492e-01 4.109977970637288536e-01 7.799691553737418959e-01 8.943776986177198740e-01 6.529228405803791935e-01 4.170723586344993183e-02
3.813222378426318615e-01 3.607162395867090643e-01 4.505381292849137687e-01 8.746966444695118970e-01 5.802466645223203212e-02 4.114179403794260281e-01
7.665068170638216216e-01 4.284434262221775702e-01 1.534505012452604955e-01 2.291447100978565299e-01 1.510679749720026388e-01 3.160986581405247353e-01
7.778515626753225165e-01 5.261497415608943351e-01 4.274410472381859893e-01 5.858789127797147112e-01 1.055134994428569284e-01 9.523255743186379574e-01
1.464273440852457142e-01 8.178665588140197062e-01 5.721397066613650439e-01 6.730019027330264025e-01 3.554653098138960132e-03 9.851302241962878181e-01
4.364129453193659192e-01 4.424119851670027526e-01 9.963979073200545100e-01 7.086673270002693537e-01 4.449925557097661466e-01 8.871149035350334167e-02
4.555460306276815086e-02 2.019794408902038096e-01 5.954917314594687650e-02 3.794321519839496393e-01 2.655733614203837911e-01 1.078770261554825582e-01
7.058251898739333896e-01 6.501713489192044726e-01 3.748386892262179915e-01 6.072239197577743441e-01 4.739581175403759783e-01 7.962444564799900926e-01
9.942076355558134848e-01 9.881654058540036978e-01 4.691266745773298164e-01 8.172808425569756396e-01 8.652704615687283329e-01 1.437901351578904086e-01
5.694092835751775050e-01 7.239936236608113251e-02 2.368388224942957754e-01 7.419177343608451825e-01 8.477242396487281173e-01 1.409042258952972748e-01
4.651987395702259498e-01 2.797840286237944785e-01 3.111907324273440745e-01 8.712579494814607362e-01 7.631800191032200864e-01 5.400624048504911734e-01
3.274820962146341996e-01 2.189956730330900880e-01 2.398942937527409613e-01 1.640107626335195468e-01 7.096247527485954887e-02 6.780037492737034377e-01
2.304880624054340688e-01 6.747643856802997275e-01 9.904035657229889322e-01 4.565780615056943548e-01 1.358995187360024781e-01 9.276202325802341830e-01
4.021507869632295895e-01 7.825350922541358667e-01 7.944038777935321649e-01 3.735770941490249575e-01 1.184279202317068957e-01 8.452270980935860933e-02
7.329529274769441827e-02 3.559363646366727751e-01 4.857700892249521285e-01 2.739620753862870295e-01 3.547452935176212963e-01 3.017614499744948331e-01
8.231731381412947801e-01 5.289203320007962450e-01 9.331800664792977429e-01 8.016616446030908616e-01 9.064497791236423296e-01 3.957837717432907132e-01
3.072630496477173345e-01 9.861184910980511642e-01 2.504442766656704844e-01 5.361323810641417387e-01 2.197997790751171632e-01 4.816832181583940997e-01
4.333609815192637216e-01 1.328799765728000404e-01 2.456420735349029716e-02 2.892263786262576630e-01 3.863475683396775384e-01 3.582825063838684931e-01
4.680552495959244830e-02 1.798390371029043866e-01 5.934190630942809408e-01 6.187475964912558801e-02 6.834131455931037324e-01 2.598317625739711145e-01
1.893973917711415655e-01 3.614424196523166044e-01 2.072580562416090899e-01 5.367021300506740200e-01 4.312600271818500808e-01 5.519517265089608493e-01
1.280173241449046317e-01 7.277472250602989856e-02 9.923021520209687196e-01 4.418679502390615577e-01 3.899819470214852535e-01 9.934692357439136590e-01
5.812130636535725037e-01 2.554529611115765597e-01 9.359156509252888334e-01 8.156379807343950850e-01 2.987339793701928592e-01 6.565231965005607906e-01
5.110566304026290529e-01 5.094400729958327156e-01 1.143871221261891780e-01 7.570469278687446124e-01 6.386423788250639166e-01 3.209420937522937667e-01
8.166101795521926165e-01 3.034083828238858249e-01 2.359642977075088188e-01 4.999066641269250821e-01 7.854766623988932439e-01 8.274576989278009664e-01
2.313049097289664457e-01 6.417693870199920880e-01 8.462020962841071414e-01 3.073282509883481506e-01 3.015872843390409175e-01 1.125804058917467820e-02
5.552085497720327112e-02 2.854622189916129482e-01 6.085056353129130180e-01 3.071126586156303073e-01 5.576095701729654186e-01 1.899943800839281050e-01
4.669659077073706754e-02 1.160135015037402351e-01 9.734505820884105098e-01 1.174566538626248269e-01 7.918622025008604792e-01 5.804873557781017324e-01
8.871179863709475200e-01 7.602524345341470369e-01 7.392355033147756105e-01 6.229029084427852858e-01 9.927702489000647113e-01 9.533100652473812664e-01
2.285963360892026008e-01 3.891019840451115375e-02 8.296822321312535831e-01 1.492732473551990902e-01 1.857746821602216380e-01 7.390987439381618840e-01
7.451143582755492822e-01 8.758991447941781860e-01 7.989898566187146889e-01 2.520382801316454202e-01 3.519872587320594937e-01 8.859691781748314510e-01
8.526755995257806475e-02 4.528948475309758637e-01 5.612428826055262387e-01 9.086097997584875463e-01 5.116568882899038551e-01 6.581454770730966741e-01
9.659050143025780244e-01 4.727244614191479233e-01 1.117379941160043799e-01 4.903148401634964682e-01 8.922459333394140435e-01 6.218750219123536649e-02
3.694646410812593151e-01 7.116560762819119645e-01 4.665813100344937681e-01 7.885085134469995705e-01 1.258888934999837783e-01 1.477414043393820986e-02
9.804043903294462625e-01 9.063873261312795915e-01 5.374142511956119250e-01 3.815209884944892327e-01 4.911358383886481604e-01 2.177662740494322735e-01
2.123185742950116639e-01 1.707364048360079378e-01 8.461049918221208443e-01 4.204105627603107465e-01 6.164495973201433721e-02 2.180999713471825086e-01
3.116251622623124051e-01 6.346595046004886997e-01 8.388479771839891797e-01 7.061928690166273670e-01 9.906999401973304309e-02 5.710085245887218663e-01
2.693181332313071552e-01 3.632637231367794595e-01 9.566583862465226629e-01 8.564130451586888793e-01 2.492447026346570338e-01 9.493917831936282692e-01
7.809989781220816329e-02 4.652852647041694212e-02 1.505345556144374042e-01 9.633699449866089948e-01 1.667402581011440121e-01 5.793876067860990187e-01
6.785114757907302341e-01 1.506339106667625716e-01 8.293931534645722081e-01 5.765364311598727420e-01 4.300285365369215240e-01 2.821887251973986821e-01
8.771453722250976970e-02 4.327091458470778695e-01 4.072947333698139216e-01 6.755025027267669291e-01 7.360546330709909491e-01 4.157122164218207683e-02
