9.931078458920800101e-01 4.699482459568722348e-01 2.602001855560137633e-01 7.034152580340738981e-01 5.497890637138042047e-01 1.187939377128344187e-01
8.730192907833328464e-01 3.547342739110934673e-01 4.878020326369135740e-01 7.589003585872861057e-01 1.442726513357880380e-01 3.663246910141418899e-01
1.643659449993560839e-01 4.506565091189129735e-01 5.041229833022322637e-01 8.507704216676442721e-01 6.278288066388043598e-01 5.509454492825447414e-01
7.730739739659908683e-01 4.893582222879592214e-01 4.869068482479196325e-01 8.345572213299963238e-01 6.863976772058771880e-01 6.828723608278253199e-02
3.922556595673575286e-01 3.609861475330433667e-02 3.486563822677967162e-01 7.556414298406640695e-01 1.870067918363594872e-01 8.127063101209920370e-01
4.788657914855863895e-01 8.521097034579858676e-01 7.452292066635247680e-01 3.454200855563571704e-01 6.651339168384657885e-01 8.282349124239184457e-01
8.469939866044083887e-01 9.692504383675768498e-01 6.866737585312079339e-01 1.483638879418447409e-02 9.324044760199728943e-01 6.003925046468574500e-01
2.260519511064482678e-01 2.110890207972063726e-01 6.752684589572451879e-01 8.747149314694991906e-01 5.448708687504612014e-01 8.333974887204202986e-01
5.165790323296460818e-01 4.071403200512340170e-01 9.652348806290937944e-01 1.939010732712801444e-01 6.559326338037345661e-01 5.428918547548027274e-01
8.206923802773413712e-02 7.482619513171606673e-01 5.472432287154761488e-01 4.028638269052240428e-01 5.460761513668663802e-01 5.735642866890360292e-01
1.289361045731087785e-01 1.050831431492043055e-01 8.316158408086549159e-02 6.988941309710926530e-01 4.642377549739019615e-01 8.803233749179695256e-02
7.122236721038743834e-01 1.739909757115448707e-01 5.555191470615723492e-01 5.601264633953835226e-01 8.443637373351720044e-01 8.867732126366471013e-01
2.687297354413176187e-01 1.235122915910217278e-01 3.153624485690301738e-01 7.107102470861526022e-02 9.612876616225917159e-01 5.127741813202923993e-01
7.860358946524770296e-02 7.934924857395642128e-01 4.865288997591551423e-01 8.200952118766835497e-02 9.225468390348249281e-01 3.297007727634548857e-01
3.359784582616643922e-01 9.613112768554064047e-01 6.073471635030176508e-01 9.585741577343619424e-01 8.700935526057778091e-01 7.456124394664207511e-01
4.533350296001648072e-02 8.122259170688245211e-01 7.551029359457908097e-01 2.881896166108066648e-02 8.960440543188316065e-01 6.347786956098817601e-01
2.522522312502843977e-01 7.355505304885455731e-01 9.759407943539426533e-01 5.785285066434344703e-01 3.903380897624655343e-01 9.272209366456468649e-01
6.607561264841114168e-01 5.371974482558892205e-01 9.284007836984179418e-01 5.769957593862062861e-02 1.257860047197117970e-01 2.690525930094748164e-01
5.639242633972318952e-02 6.272592375855322588e-01 3.244321144661673761e-01 1.044930724576413894e-01 7.077926925049429219e-01 3.418137867613280090e-01
6.233744570072261570e-01 3.410825633764190679e-01 7.628382729602681822e-01 8.311411833215572864e-01 9.633089142365330870e-01 1.195206220853017864e-01
5.772187184073918065e-02 2.584945516460007697e-01 5.440146403476514569e-01 9.070896672615252898e-01 3.681874693645168506e-01 8.702875712426918486e-01
5.444111520378206448e-01 7.347493037199250843e-01 8.809323895634308954e-01 9.611973880910938961e-01 6.838663050807525234e-02 1.887053250348431632e-01
8.783145987935159216e-02 5.140970049425083177e-01 1.102836273046753357e-01 9.421601232232771350e-01 8.995325128840027107e-01 7.727071352430034956e-01
2.732346876135851588e-01 7.836724341817671302e-01 6.787420650370840081e-01 8.010692766545888244e-01 7.398281633347985053e-01 7.220162167056676239e-02
7.085811715732907023e-01 2.820900448522001280e-01 6.956784790040921873e-01 4.169597835873962710e-01 3.807672232076909635e-01 8.178496808923340078e-01
8.272223338808883941e-01 6.674184724792452394e-01 2.864378054093112969e-01 6.180943385601447293e-01 2.376677426079875088e-01 7.104798021514163731e-01
8.919811394808606630e-01 7.541782637222658181e-01 8.515151428749567764e-01 1.886365503749980466e-01 1.019009005170132820e-01 3.176198583976782563e-01
9.696448425172321528e-02 5.429218309859318303e-03 3.335770678885657814e-01 3.562597339542860064e-01 1.466616570668795028e-01 8.994076274680055105e-01
7.898665656725376572e-01 4.898781381026189319e-01 6.475193824169463985e-01 3.079778540721448410e-01 6.499680593133138062e-01 9.394081559163189876e-01
6.039417333155884249e-01 3.113969066307370470e-01 7.138429757873487880e-02 2.289707368311443281e-01 7.598817187970640097e-01 1.428426012540933154e-01
3.035682374051540400e-01 8.768417705076018143e-01 4.610915316772788985e-01 7.391229159451896402e-01 4.074476577671323207e-01 4.864507766116240584e-01
2.904852259149603988e-03 5.494682463303443010e-01 4.580391943262198673e-01 5.299593298084739335e-01 6.508336849977965910e-01 8.000535817424236917e-02
3.754791995374392455e-01 6.285859596865744914e-01 5.971203679528686026e-01 6.902976003776580827e-01 4.261432896966680373e-01 3.198055249879360185e-01
3.347711204492707093e-01 3.987717991195316447e-01 6.112180866663887713e-01 3.827686803552532435e-02 4.340097477878535059e-02 2.021312786031596032e-01
1.859730709869419352e-01 7.123132842166227663e-01 2.152389482666069442e-01 9.494997707478292082e-02 7.401030735003844008e-02 4.065478267146142022e-01
8.680098278221222152e-01 6.705249313066584671e-01 5.106726501830344267e-01 6.610526058401127170e-01 2.897221355152925781e-01 6.072251850445568033e-01
8.660733636642287125e-01 5.044634710668075561e-01 5.591302134584775763e-01 2.486935256950942863e-01 7.563062952996900679e-01 2.622102423788864600e-01
6.614943235997943205e-01 8.930140940602192545e-01 9.682645708569492804e-02 4.510542877871956957e-01 3.578507858206706471e-01 5.575966847462304754e-01
3.050808880528018685e-01 5.628817974685861314e-01 5.247562096120618191e-01 3.122566330253550015e-01 8.294776506542844707e-02 4.829506054299682605e-01
8.131337106533613746e-01 2.080824331266956095e-01 1.759933885189224334e-01 8.264373533769088231e-01 8.801777781798304501e-01 2.334204281668226244e-01
2.709747686262531374e-04 3.431637743378693761e-01 4.587350889319667946e-01 6.125238833970573227e-01 2.803862624360953237e-01 6.591398511623736134e-01
5.890563725317320420e-01 9.793581325592891629e-01 9.235852369051311683e-02 8.266975099818696382e-01 1.590148091459496760e-01 9.750955817982315255e-01
7.915384754590970573e-03 6.621873764566047482e-01 7.118615495232468726e-01 9.607580360410068465e-01 7.945814111656853695e-01 9.026072251846043448e-01
8.428005936822479116e-01 6.191536443835632397e-01 7.005389442201048755e-01 3.667616872162520192e-01 2.504174381281528694e-01 7.522401787348490521e-01
4.927865237280042443e-01 7.694711769713411531e-01 4.687471433810778132e-01 4.645984322838581093e-04 7.237422578579666421e-02 7.289974170485373772e-01
4.048697192934315181e-01 6.986566528095866646e-01 5.402152446796053553e-01 6.154974069916839818e-01 8.659640426728609786e-02 7.632358837446788780e-01
5.754089558303742136e-01 9.623099438255059423e-01 8.039653837834164207e-01 1.851747816330426843e-01 8.327266166549526227e-01 6.936505725667717615e-01
5.174438114560164781e-02 8.916749253413935872e-02 6.482419441682357730e-01 7.044121954810325104e-01 7.698227732084018671e-01 5.708047477101020339e-01
2.506319632278523057e-01 9.889562408323108178e-01 8.057896091032816788e-01 2.235470938087427140e-01 9.742229912719224671e-02 4.951105890000015997e-01
1.642574878849181186e-01 5.914405669732860638e-01 9.541879973146522032e-01 3.325961078381661773e-01 3.756942353527391587e-01 1.250750425364076657e-01
9.040693384918206954e-01 1.975180526790916158e-01 7.382893547570135162e-01 8.961269872070577458e-01 3.885555129688637033e-01 3.230279017418932197e-01
5.445860604088179624e-01 2.018230684602716485e-01 1.377060781095387210e-01 5.768959030708127322e-01 7.436507332557695804e-02 9.411059833191830482e-01
4.458624863064882815e-01 2.735050031026311501e-01 5.839123207031484686e-01 8.439801318383205464e-01 4.926688559220845365e-01 9.700982437169765049e-01
6.731061411705442366e-01 5.769084373625822382e-01 4.422761947748000688e-01 5.643925919670269575e-01 7.270205510715878061e-01 7.355146028013246351e-01
1.997998571775880805e-01 8.797666937671754228e-01 6.186082050933481291e-01 1.003237722282087629e-01 2.511998374955161095e-01 6.214120732191796836e-01
3.181423514038880240e-01 7.295907540611724640e-01 9.369242587391956034e-01 4.777204764469399345e-01 6.632016154974327282e-01 7.985344471350376283e-01
8.680471726313115921e-01 3.470780306098986134e-02 1.044898414473953707e-01 1.894722901203582666e-02 8.976644462782032985e-01 6.408534110785646387e-02
2.077317583224209674e-01 6.191947706337237456e-01 6.568747107380374928e-01 3.561871337360029699e-01 6.331700016128865016e-01 6.361190377177069477e-01
2.377760715965482330e-02 1.387076846743681147e-01 7.769669673347001648e-02 3.138678259893485922e-01 4.020440787256903681e-01 4.702819451277200358e-01
9.435562912114067169e-01 6.980109670465459715e-01 8.560578847717583706e-01 1.350867580329031536e-01 9.719990472531571113e-01 1.324879100921749764e-01
8.670529164948810319e-01 9.086825759572154659e-01 1.853058898934214493e-01 2.421209363064410480e-01 5.681254746678038314e-01 1.058684742311738480e-01
4.664016202927281363e-01 7.483968411707561108e-01 9.974191927495756893e-01 7.202507216493616582e-01 9.505887916515665115e-01 6.885800562669117664e-01
8.205109112706985286e-01 6.594533326429500297e-01 7.636080922711920849e-01 8.539511504405505882e-02 9.813152263254264485e-01 7.420021868282232758e-01
2.208781559560094587e-01 8.835473944284216730e-01 3.014199598370802535e-01 6.708896562891133453e-01 8.312084465179763182e-01 6.188594200572878901e-01
8.699245940826048074e-01 9.775123120524675802e-01 5.975110124325396788e-01 5.500042093493898721e-01 8.037153849917038073e-01 8.434342837285420114e-01
5.531859234139111514e-01 6.088218917387087092e-01 1.892733126785333120e-01 4.949626030219660411e-01 9.565123464225810945e-02 4.918000177752464008e-01
3.949520407127179444e-01 2.162259873597692783e-01 7.869831227899373172e-01 6.843484480400382486e-01 1.785489701070361868e-01 9.702449441479745751e-01
6.333750687367478704e-01 9.552530979484131768e-01 1.101335704265579141e-01 3.667890763355874384e-01 7.182280621829553180e-01 2.074235826840264973e-02
3.118912463344688524e-01 8.888475409213946188e-01 9.546897271234443538e-01 6.589693770799632810e-01 3.568569883509588037e-01 3.965630984137374915e-01
8.533438847082128742e-01 4.973896952578690245e-01 9.402863579067159971e-01 1.152395964729172606e-01 6.587625678209314550e-01 4.362771205913785755e-01
2.311905742327360347e-01 8.503529410859256288e-01 5.391813328682962814e-01 6.129876630897134193e-01 6.158530845199872150e-02 2.863036341129499007e-02
6.895266588590192036e-01 9.100539109648442260e-02 5.078099174806947058e-01 8.385897142004244964e-01 3.131200957475244184e-02 8.451783049277455939e-01
5.065098166235124655e-01 9.301563476073856362e-01 4.635972752720420864e-01 5.872980629573643085e-03 9.415297273206425510e-01 1.479360924270367583e-02
2.836367716210985712e-03 3.361431609451571711e-01 8.392212064003564675e-01 8.678115548574628635e-01 3.548566473099029617e-01 9.937238363324829571e-01
3.120868656273463326e-01 5.114688762829413538e-01 4.191442869978347918e-01 7.089321739895857455e-01 5.058094746258809948e-01 9.135451868478429160e-01
9.638391546248257225e-01 1.556363815698680320e-01 2.154581887558258968e-01 5.402510783175751286e-01 6.156318247241463482e-01 6.143531236080156388e-01
5.253931895101390248e-01 4.655937891354705593e-01 4.761314461197783121e-01 3.133322721875675398e-02 2.614796534759082913e-01 6.519127992169615471e-01
2.840495383984642519e-02 8.289170996390355928e-01 8.003104905045943518e-01 6.929673234170223850e-01 3.054177223994766210e-01 4.774993464770758145e-01
3.943392473986728763e-02 6.612738142269345420e-01 9.089572918004196200e-01 5.298273172927061569e-01 1.900365598202599093e-01 3.324748348889620120e-01
5.286957565139193127e-01 3.803169727678109568e-01 5.344163164144695166e-01 8.020718069633260283e-01 3.747054573996695392e-01 1.772816536134593779e-01
3.576882890411692273e-03 3.873941998804553144e-01 9.345261076507418441e-01 1.859822419543700756e-01 6.105100240251863930e-01 8.406407798146083854e-01
3.821507720573339428e-01 3.662628474880463836e-01 1.223148628689371131e-01 1.345106937168188965e-01 1.153796931161653605e-01 7.608249428761634237e-01
5.201775319009245280e-01 1.712944598993419998e-01 1.008515793526976179e-02 3.750783223266133115e-01 8.781253137147418952e-01 3.323830489282703082e-01
8.348488220823407913e-01 9.948547338584871058e-01 1.089168786622851659e-02 4.447844844582079515e-01 9.299728498551670386e-01 5.482486474557320966e-01
4.331274488695698865e-01 6.833068679037791471e-01 1.810690611540368700e-01 6.784651574509823480e-01 7.162255800395491701e-01 5.175099002801053505e-01
3.683259133813150399e-01 6.030041618888372090e-01 7.022476318645283211e-01 6.688909450506176357e-01 1.627037442369445586e-01 6.386430115477159664e-02
7.646675262872741907e-01 4.990438395603582489e-01 8.434884026060410767e-01 8.125816895751479807e-01 8.438772846151865181e-01 1.935943064254943558e-01
5.087114714963117956e-01 7.748494531348034675e-01 2.827656698365871302e-01 1.635678316548327960e-02 1.998430336129229934e-01 5.571938923869951266e-01
3.596193628123347530e-01 9.317781607782761322e-01 8.181202112131404913e-01 9.824176176966989971e-01 4.407668393076369373e-02 9.130640408597892055e-01
6.365928197230275032e-02 8.532945577181867414e-01 5.121107632875573357e-01 8.453692885694373826e-01 5.430211594898107785e-01 3.889841862981981979e-01
6.241183599861475084e-01 6.029415505077452275e-01 3.442437762677790225e-01 1.142721903884821311e-01 3.062985886202679309e-01 1.220429476668383195e-01
1.221886272159941056e-01 5.350518845231642118e-01 4.557545158785180073e-01 5.575941478556811770e-01 5.875491673140429416e-01 7.791786758612225805e-01
8.758304347244071364e-01 6.912139383916759972e-02 1.647824267081667848e-01 7.026017172097244190e-01 6.117513592794748822e-01 4.470231219541874745e-01
9.042074928957655189e-02 8.401215081894497505e-01 3.094886577954860662e-01 7.198043464647863043e-02 8.428800727760266120e-01 2.564002709965150784e-01
8.761637276033449329e-01 6.922080307728879500e-01 6.612678287021007684e-01 2.640234041258812114e-01 4.119665844898464657e-01 2.025794543542547288e-02
4.693362422543936319e-01 8.179749959322122344e-01 3.078601982256538028e-01 1.631124382692723529e-01 1.122192916785712535e-01 9.297263205099881578e-01
9.168323653608108081e-01 9.727310646933637894e-01 6.939291581902186090e-01 6.932091288360042736e-02 2.555184355999302603e-01 7.310854097936585472e-01
9.047507662904682446e-01 3.667904239400480160e-01 4.824713335871159137e-01 5.414242879825156285e-01 2.269585635534515644e-01 2.556739095245402771e-01
7.322906528653736480e-01 4.959537594164228347e-01 2.880470446748987223e-01 6.421792033042306169e-02 3.820220407065665347e-01 9.912759382584095391e-01
8.329543578812743654e-01 9.191949338381046886e-01 8.237840873876278724e-01 1.727190951192609791e-01 7.052634341594112843e-01 1.816849083559246569e-02
