5.254919171703736902e-01 4.622728009102814450e-01 2.737456643461005923e-01 3.733655252973479000e-01 6.747280323789656142e-01 1.050134780611604590e-01
8.636169528443023991e-01 8.560358422862612837e-02 3.771770480120780755e-01 6.589819936053401550e-01 1.590494591545374981e-01 7.909211460466732957e-01
1.904389967221959967e-01 2.596536402316589331e-01 9.910505498234467581e-03 3.595586592711538243e-01 4.618455636384645180e-01 8.925987716515384474e-01
3.447820301303881063e-01 6.438444278682365907e-01 3.015819858528594466e-01 1.949251690764453038e-02 8.248229780964208002e-01 3.645599669135305421e-01
4.082422149274258505e-01 9.597596102916261529e-02 8.426968964847424415e-01 4.800400687178241199e-01 5.784447974267492576e-01 5.522299819171031521e-01
3.212773698520321464e-02 3.951002567000927446e-01 2.013989111917291464e-02 5.342931622039147621e-01 2.164900092604757909e-01 5.956444028968931326e-01
5.271508905538678791e-01 8.303504129906218445e-01 6.498418494412415702e-01 6.099664797017889661e-01 5.985771999797004916e-01 9.153874641237469412e-02
8.331295075418139184e-01 5.482744711718341435e-01 5.713221643821208007e-01 4.108334963525005490e-01 2.637985436413623486e-01 5.936431426572382763e-01
9.887177808851732586e-03 9.790131949874630868e-01 6.464507100109785354e-01 1.752086089669659952e-01 9.617574814683125251e-01 6.469239858026694101e-01
6.789767204650232202e-02 1.590274638881506997e-01 7.079506908331241188e-01 7.049621056386473628e-01 9.945988436445507563e-02 4.691987157101044081e-01
5.099600604537768422e-02 4.702466439718041569e-01 4.052270129093370477e-01 8.836094500035672761e-01 2.392495064092072798e-01 1.871525688144169974e-01
5.685528224581314349e-01 9.433769058921320783e-01 5.629992962040115678e-01 6.767013539476351980e-01 2.090755375936992344e-01 4.867523990927835609e-02
3.894269350529573348e-01 2.505592986322779936e-01 5.340420634460213423e-01 7.513986735618886081e-01 5.242162412543004413e-01 5.619629740057906497e-01
1.086034846693708644e-01 9.589879333379176529e-01 6.846526204783875968e-03 2.507801839562395774e-02 6.427102544523055627e-03 9.582926098119126657e-01
3.732715620108609800e-01 1.113670639160621034e-01 2.195519302963834241e-01 2.476653524988806643e-01 5.001240790014505055e-02 7.449875175914787429e-01
8.772812148784153718e-01 8.839911809461249437e-01 9.317273332870131819e-01 6.877714883999630491e-02 2.335445284140141853e-01 9.914582913367778749e-01
7.209652673645905452e-02 2.082811683624398169e-01 3.506170822890634087e-01 2.094713510910616305e-01 6.193927506842643593e-01 9.526997156751315643e-01
8.058328381717799749e-01 3.234031030982279509e-01 5.062078097186595294e-01 1.274171472926013404e-01 7.475098405005992097e-01 2.290059407114578560e-01
6.085127659452819193e-01 1.074243596805217749e-01 1.444638864360489050e-01 6.117952279475464827e-01 2.532453156201841526e-01 9.232465644234442159e-01
2.990060936557774607e-01 3.960224903505782379e-02 3.853487914508164636e-01 7.568600566341299185e-02 3.598919797102329010e-02 8.708110659495430506e-01
5.065694439502690383e-01 9.067598220463035652e-01 8.865788526904635480e-01 4.811717976802238894e-01 9.387118268103795682e-01 6.488580044001291958e-01
2.657485539061704705e-01 2.067830247609023786e-01 8.463655611085898478e-01 6.725085162805299888e-02 5.497600665857965696e-01 9.692340672465650231e-01
9.726372029637792016e-01 2.768147587677213251e-01 5.435684514026931646e-01 7.672247808885092057e-01 6.075661381598072008e-01 5.705467647307456147e-01
6.290914053117292459e-01 9.658339428943387706e-01 5.960851253965244734e-01 2.582981793163521278e-01 8.937642600517852198e-01 6.516475516807658241e-01
9.046968422149803679e-03 7.169830740960149162e-01 8.285584947484246898e-01 3.637338546180053367e-01 4.880002669913793278e-01 7.563490922498030677e-01
5.176800051336527542e-01 1.625009298238155875e-01 3.918664906301817519e-01 7.488307810507209838e-01 5.876937082385658151e-01 8.791035719630272416e-01
2.382684918673269037e-01 6.994847785805805573e-01 2.023055396666190164e-01 5.639797687350335265e-01 3.602800301966718743e-01 8.294079441026180888e-02
8.283933457639238718e-01 8.242746586250607743e-01 5.579718459047210422e-01 1.285192597475787180e-01 7.064815547067755386e-01 2.288751008810131493e-01
1.051473366462728487e-01 4.621203310069988968e-01 3.801369962910283729e-01 2.596060209532503604e-01 9.775857177899190953e-01 5.209775359590416155e-01
5.234729677305421935e-01 5.245837631497474174e-02 5.940182620889877807e-01 8.164076034504510471e-01 2.612998317792932790e-01 2.728579860094908494e-01
3.703226115633621029e-01 3.511020834093210308e-01 6.883328979734272268e-01 5.819736024036039623e-01 2.577479824256455609e-01 3.710581450953306382e-01
5.038317778516481216e-01 9.718329529275688827e-01 5.847282635079860125e-01 3.959947905895884190e-01 4.063168466056179540e-01 1.731011281722454331e-01
3.805983977095301896e-01 7.182006636788891285e-01 5.971954905193976870e-03 1.272940620733908901e-02 1.808599551906239222e-01 5.156431776222629715e-01
8.515090282899672181e-01 9.459138705068289577e-01 7.171075429443599658e-01 3.158319275718513008e-02 1.158593474447831007e-01 6.346307947996833176e-01
5.781214793968255661e-01 6.871081820219068215e-01 5.487575728927652774e-01 5.284568752636531475e-01 2.744953972731520864e-01 8.147960930011395320e-01
3.988638326138032042e-01 7.214102073006394278e-01 8.885617608201642481e-01 4.083642745510165373e-01 6.516745426415987419e-01 4.202851224834863730e-01
5.675642937008383848e-01 8.663752908199595648e-01 4.167524933651125529e-01 6.241269580345180090e-01 5.703483592299495308e-01 3.473722294003405153e-01
7.854705691945518264e-01 3.362236351488456787e-01 5.632128505681512909e-01 6.924595916188169831e-01 5.692804652546995525e-01 2.614310196326316005e-01
8.290274674146735912e-01 5.153682093004443576e-01 7.634865131832592189e-01 4.312776652608792949e-01 4.812429235915405279e-01 6.020440410866967351e-01
1.384408578276767887e-01 6.000268528653017741e-01 4.792108232337717322e-01 3.787205054503978152e-01 4.110980086652332721e-01 2.219162082280199400e-01
4.729842711628438057e-01 6.320398359269954192e-01 6.928371791979045513e-01 8.502910821640379258e-01 1.333078040403119502e-01 4.085480641742610386e-01
2.119894944637308321e-01 1.136057744805916148e-01 5.917292777522831226e-01 2.919694687371318098e-01 4.772159345693434140e-01 5.727376832518106253e-01
8.263477626396164011e-01 6.505508615800357219e-01 5.270660839273083598e-01 2.198979054462257832e-02 7.444187182735667596e-01 2.002521572508886294e-01
7.066430549583071485e-01 3.519201674034312388e-01 2.579642177154725102e-01 8.136148868593179317e-01 1.902913895232752894e-01 4.749386344662200887e-01
5.326147508187584201e-02 2.863612872699727863e-02 2.162380177493992139e-01 8.603438313118744185e-01 8.263594118581176762e-01 2.552858361934817744e-01
5.209925636366211643e-01 2.223106724339009022e-01 4.521811552364370934e-01 3.410493774567389114e-01 9.229488021535651177e-01 5.798330816519832176e-01
8.786212245664679621e-01 6.262959184811315305e-01 7.841913012701676733e-01 5.933096064384202339e-02 7.476536822958296247e-01 1.846966558449952833e-01
6.725620363326310081e-01 8.006665756131481348e-02 9.019932691154377569e-01 5.262009558195083203e-01 9.827407720810344971e-01 7.819933710840473173e-01
9.539291776658326283e-01 1.021018881338136008e-01 7.316360887751671704e-03 5.063148869518868667e-01 3.048371502049328496e-01 4.879173697985016434e-01
1.041807447430049827e-01 9.671695077976059096e-01 8.093063575774793739e-01 6.756759518927957231e-02 1.181977733776222728e-01 1.979395291147372227e-01
4.718479062876208552e-01 2.118823507588919464e-01 4.771227935345360160e-01 8.966569064321930904e-01 1.848700612726043024e-01 4.185011736228155810e-01
1.966194917878547610e-01 7.591543946478758187e-01 9.631508823758738735e-02 9.727406128714922717e-01 3.324892414983837696e-02 7.534640284200233573e-01
1.200574599257621111e-01 4.982227613942155076e-01 6.786745359286102675e-01 1.320670004277024745e-02 1.574613032139893232e-01 4.032422537915602012e-01
8.006435268966400898e-01 4.678903031159626913e-01 7.609471844222107650e-01 6.559109451581403016e-01 1.320952125628639395e-01 3.038428586809849286e-01
5.458045726405935660e-02 8.599918875406022956e-01 4.363444350633995938e-01 2.983019970912818009e-01 8.388191579521026009e-01 2.818172615726454167e-01
8.745235778271106541e-01 4.760853836760079449e-01 1.026253963413984449e-01 8.580209893488014439e-01 1.476170609662739164e-01 8.837256748471029599e-01
7.392370880738130534e-01 8.806911141543605215e-01 8.327445699487169284e-01 3.913190161851030080e-01 8.995557849442148424e-02 3.776665092705470128e-01
9.018915129238214146e-01 6.747079726077211959e-01 7.025276110781417671e-01 4.748435289070156440e-01 8.037184039369982269e-01 1.896962847011007813e-01
3.587632144623051911e-01 6.366675001695812908e-01 4.664428607086753553e-01 7.068701484825303805e-01 1.638904980867172956e-01 4.387687185642474841e-02
6.425630269503335157e-02 3.204526442445454482e-01 9.672313794287168420e-01 7.229000894878879757e-01 3.229046239708598387e-01 5.515097653653243670e-01
1.865754702788050556e-01 3.762012833796398725e-01 2.240678880108428750e-01 8.062350103706550364e-01 4.868006770308900277e-01 4.002753287268396853e-01
5.863527714833772775e-01 1.275139970245686705e-02 1.548574813040389797e-01 9.908963917212685324e-01 9.524631456186999356e-01 5.898725409198168901e-02
5.076784270295631174e-02 9.651323747551118215e-01 8.838981660394492623e-01 5.312964764314002108e-01 3.750551549715719357e-02 3.155123514652068417e-01
2.677482140001351540e-01 8.558643283632838550e-01 9.828860993617594133e-01 4.103262589975331665e-02 1.640224191897245998e-01 4.765179619528108201e-01
3.092336559743075197e-01 6.606637742805823166e-01 7.258547981874404753e-01 6.382326815197305603e-01 8.060351841068060796e-01 4.221266435311139542e-01
9.575279225228721103e-01 5.812982110426033744e-01 4.439817573104924975e-01 9.322853470681055077e-01 2.767293392118388429e-01 4.611654878563353765e-01
9.304311845933871394e-01 1.828295329866749253e-01 1.954929377244216671e-01 7.040874189187432686e-01 3.560455041870279613e-01 2.514172140976389525e-02
3.246111512510112540e-01 7.930107383504972907e-01 9.132562615353381208e-01 5.734933784341376128e-01 6.247343516351022696e-02 4.292348163331494160e-02
5.765268538850939484e-01 6.895339855738783497e-01 9.867930559615328834e-01 6.560977318050302820e-01 8.275499410483322382e-01 7.509920356497673533e-01
5.560605072158569806e-01 3.521876664883030195e-01 8.954313970634555364e-01 4.166741443763608554e-01 1.806111925764016801e-01 5.173996137820265906e-01
4.208167115441027173e-01 7.254132071706106411e-01 7.861399356502842828e-01 6.294148460014112878e-01 7.397554625559621400e-01 1.842026381019808978e-01
3.582864373229783794e-01 9.642221051095553053e-01 2.354457786197430291e-01 8.665157504395702981e-01 7.404965206364285679e-01 6.672675621590827832e-01
1.854984742831790046e-01 8.961724736308102068e-01 7.734746623990917946e-01 3.627806156357583633e-01 5.958743932460737192e-01 6.221627084315155543e-01
8.147419295107072301e-01 8.620730103139410128e-01 1.163489773988292120e-01 7.263966450608977388e-01 3.706625971901138517e-01 6.915830458793346125e-01
8.229973786010947867e-01 1.566873263350625489e-01 5.401918707681149234e-01 6.656384313972303346e-01 7.634567054004083309e-01 6.368735588381853052e-01
6.249289044030621465e-01 9.362715089114254097e-01 1.460268017456995970e-01 5.455874328284981978e-01 5.609931683010085379e-01 1.887630793469281532e-01
9.430266484969984653e-01 5.722442292374463335e-01 3.749786309774061355e-01 6.736264732456187510e-01 8.732372024180533598e-01 5.792682389416393685e-01
9.574329654602837802e-01 6.935862303257575023e-01 9.360075495488635600e-01 6.099782269340775498e-01 8.858751707268568421e-01 7.302609275136110467e-01
7.374116638454996098e-01 7.137333116320371262e-01 4.706578311609518339e-01 3.192609626164059078e-01 3.777695213830537524e-01 4.494528533359946065e-01
6.366581476744332946e-01 8.206317174285259197e-01 3.612285492622886451e-01 3.246498068552516880e-02 1.992057826135783527e-01 2.993188597720062294e-01
1.278085593809007436e-01 5.053439293179466940e-01 9.438923883374974455e-01 9.659164031668395767e-01 3.036035300737109921e-01 3.401606881434338092e-02
3.724959428581350318e-01 8.718828618731357949e-01 6.144632551050590585e-01 9.919216595267299486e-02 4.446410339877212570e-01 4.176821250154899579e-01
8.363796310964526359e-01 7.787549024572448797e-02 5.935891339788058607e-01 6.743862446832147306e-01 9.456018855831562764e-01 4.501690659227011171e-01
5.787336666056468459e-01 2.042593437783466470e-01 2.225841801680005227e-01 6.804599386194838395e-01 7.113370019420011126e-01 7.890441302997797113e-02
1.889808625795733610e-01 1.311887839144354473e-01 7.978658774377719309e-01 1.338629894313941859e-01 4.610778258043816136e-01 6.514420385921881884e-01
2.865566947126348962e-01 9.633181800448208376e-01 1.394866937634030579e-01 3.123698741693032854e-01 5.578740008865504807e-01 6.956732992700446205e-01
7.633840861980887293e-01 6.264845116370411082e-01 1.996040346630274520e-01 3.333206404018370650e-01 7.131298319140754183e-01 6.638071595650663070e-02
4.465153285197351885e-01 9.376683312591510555e-01 3.813255251145549751e-01 7.094742695395536147e-01 6.611697360300567983e-01 8.142869706488191639e-01
9.181218778590685137e-01 5.934669618858332552e-01 4.343158692706720059e-01 9.743204089232929688e-01 7.810888885123703496e-01 5.768297270122522136e-01
3.954981146320377672e-01 8.869094304862312761e-01 8.236550395701158767e-01 7.493037194063636441e-01 5.303055128908144011e-01 2.713669485320308050e-01
8.201076313671923357e-01 3.316636413794604721e-02 6.631840458814197703e-02 4.842056269125856183e-01 2.616773649177530636e-01 6.586224500587494202e-01
9.780037961368377442e-01 1.846550832800755160e-01 9.045990601362776662e-01 7.459640013836139616e-01 8.448425704708593109e-01 9.926242889500939137e-01
2.991136970580632326e-01 2.554687773397783523e-01 4.092511347003164879e-01 9.250710525452310318e-02 3.845632252671674634e-01 3.872642657932567900e-02
6.981842173645502747e-02 2.277085754262817563e-01 1.858819481744873325e-01 9.230070199635677097e-01 2.374441498225229319e-01 3.355713918774572146e-02
8.321834333472335477e-01 5.718751654543342555e-01 4.774346448290334166e-01 3.349685421439729804e-01 8.081090402859553157e-01 1.830483099965481975e-01
3.511426513481146205e-01 4.480698246231986648e-01 8.008227352514003528e-01 6.792741907057325834e-01 8.856433416293866268e-01 7.724972065248303377e-01
4.444881266338363002e-01 4.730216560414777227e-01 2.326492411001895855e-01 1.147879752660854180e-01 3.006715891364075688e-01 2.156303359266233954e-01
1.592011632691884282e-01 7.575448874801874455e-01 6.939690333861696647e-01 6.769486195363810799e-01 1.231164764175269877e-01 8.079813076130355487e-01
8.647168668756867183e-01 4.154462100156239845e-01 7.414085450549141587e-01 9.320020903901355958e-01 7.432574120122101835e-01 2.543944265437656505e-01
2.743886371906042454e-01 2.578043739728500539e-01 9.980897872488941891e-01 2.302782703481351945e-01 5.314644250146995930e-01 2.565841877689838402e-01
