1.609895113884779461e-01 9.776436174450712224e-01 5.988121165393998080e-01 7.606182198989341892e-01 1.161109414778065396e-01 3.308610277037713487e-01
6.735068830304798970e-01 2.608150715723678292e-02 1.282476227820090742e-01 1.419482258912759809e-01 4.875110233397236259e-01 1.684713574200238373e-01
4.755858619842043833e-01 2.398015435406277707e-01 6.521921806911760156e-01 4.884740387522858995e-01 4.777296552575072131e-02 5.725802292346805489e-01
2.244493163960847859e-01 2.206878706907468013e-01 8.212223315195060769e-01 1.045899740048634730e-01 6.288331440846197662e-01 7.776953263060533139e-01
2.173626739632940064e-01 4.280431602764023236e-01 3.342668215088667738e-01 2.587910858345373599e-01 8.895953452175187071e-01 1.335593887121789836e-01
5.280121829880390916e-02 8.877083928814406555e-01 4.424990955221984601e-01 8.646783061600636922e-01 8.661604106161090444e-01 9.654055519327613410e-01
7.300284973021362589e-01 7.750152757342055887e-01 9.920323141589016958e-01 6.682814045865078656e-01 4.679621130050940492e-01 7.231453990490611661e-01
3.551666912582013280e-01 1.741184778293218827e-01 6.263425453872084603e-01 3.751138130093359946e-01 3.226947841672072048e-01 5.467545837410558995e-01
7.524903159250977414e-01 9.199898006758668867e-01 9.826526804401818360e-01 3.217850849356633791e-01 2.706749147486064988e-02 3.902516106233174797e-01
7.978101379929214421e-01 5.985208038354500326e-01 2.952943006587482877e-01 7.061481437552129536e-01 9.680904330770998545e-01 3.191108365804017355e-01
6.410201657237162287e-01 2.746313250181731114e-01 3.041766377722511239e-01 2.134413889391155728e-01 3.882899241288658709e-01 5.323089262608429184e-01
6.474528165596854512e-01 5.320531954410433473e-01 4.467715057711841853e-01 7.207599588359352438e-01 5.740334505874850057e-01 6.073502280391761543e-01
4.395367581278335489e-01 2.433836006847259759e-01 7.785166493372022156e-01 3.578295457922541223e-01 4.407987432141484696e-01 4.076959920678380200e-02
7.941958977701618627e-01 2.821453027918847667e-01 4.467411760286313926e-01 9.258839814572390470e-01 1.173464400876640390e-01 3.125310056598998854e-01
5.992246270616433668e-01 3.951692574300170735e-01 6.456389636686292732e-01 6.219220523260036160e-01 2.388190454698470022e-01 1.399897977915695035e-01
2.048121160361859872e-01 9.641390608387896410e-01 6.706246185551664185e-01 6.271323089982813181e-01 3.300543966773817894e-01 6.887800528341028183e-01
3.432666886573361165e-01 7.979864664052276346e-01 9.705547851450740948e-01 9.699921402796498615e-01 8.648870684038379997e-01 1.108112345055861647e-01
8.394884385476575339e-02 7.863699059139299674e-01 7.354104619626318229e-01 7.339701884075604532e-01 4.315428259334330718e-02 7.162787608670947437e-01
4.716859291871547954e-01 7.745677032129232309e-01 1.228359976269199905e-01 6.117953430757759881e-01 9.549646971259844186e-01 9.753957681359082255e-02
2.235991402565805641e-01 2.550584307846741616e-01 2.899946764507210784e-01 2.318751489437124169e-01 7.154249594636925558e-01 9.241841706772987441e-01
9.889115846276134159e-01 2.308096132199835004e-01 1.658848208113961054e-02 1.551007709430095582e-01 8.818971087735062442e-01 7.472447124922372286e-01
4.436215741132932822e-01 8.749667428744770659e-01 5.305784304067195922e-02 6.839842335133582418e-01 4.094671710704000933e-02 4.500161089387606506e-01
7.574484904906354510e-01 4.089338473627264214e-01 2.908016705987783723e-01 1.819254947152533219e-01 1.876158712048341393e-01 6.348718229985939043e-01
4.255594025010447368e-01 3.768922734728251678e-01 6.510616362660386347e-01 5.643729559147996344e-01 3.809207397591060085e-01 1.050973330762200453e-01
1.700094968523276906e-01 6.922853483614855863e-01 3.095439703388825903e-01 1.544788366806456592e-01 7.701299686618972018e-01 7.545800608626767048e-01
8.852988790597785540e-01 9.742673728852118131e-01 5.507794429602896891e-02 6.469029048796199888e-01 7.063060864017559615e-01 3.267884608884842335e-01
4.963528746470025066e-01 6.155323785854138752e-02 1.492057769103574127e-01 6.262671061210510759e-01 1.071091039432348069e-01 7.424928596106757928e-01
7.711221723918670889e-02 7.699530889780680232e-01 8.016115465799988904e-02 4.871605277455045568e-01 5.903031117610945122e-01 6.053046968375044301e-01
6.648514320421434753e-01 9.227223904126077292e-01 6.267807773688340856e-01 9.514325403878365339e-01 5.554320633349253411e-01 6.819907607293835827e-01
3.228476872223946526e-01 7.512933620275010771e-01 3.451791161059412083e-01 5.119717992647256910e-01 5.501357311806712724e-01 8.922802520683755789e-01
3.395596126159121653e-01 2.482667783515659643e-01 5.023092811302944938e-01 1.736512948413556634e-01 8.587046406440235202e-01 4.179494969511299285e-01
4.122850102466398825e-01 1.126286388650383774e-01 7.431306569502017512e-01 6.201582478421603373e-01 1.673069354401968134e-01 6.016837776789546455e-01
5.217542406625353957e-01 4.802843997128706244e-01 1.142182391392829732e-01 2.574475138991563217e-01 3.336842241350858052e-01 6.247354143565501117e-01
6.096506147465801106e-01 6.763880264055777136e-01 3.431688987462894191e-01 4.550813496353014465e-01 4.344929119119961269e-01 4.107941155701126945e-01
5.832868253369469791e-01 3.062377634232079648e-01 4.755580676307308297e-01 3.275231012176484935e-01 9.294427987609884534e-01 1.789283087234946334e-01
2.440303206203097153e-01 2.680635255220690238e-01 1.073488257603988361e-01 7.482564107981526380e-02 3.075758565936770328e-02 2.907455517885827456e-01
9.600362663691347498e-01 3.231392428821354690e-01 2.525282305244882508e-01 4.677435127244298219e-01 8.613716949608414275e-01 9.301184411638829808e-01
2.790136536510720022e-01 2.036553759117235574e-01 6.374492904305115726e-01 1.769218695825691690e-03 6.889529957924134251e-02 1.563922195225616596e-01
1.638348188141185435e-01 2.929346174716572770e-01 6.253295176956723544e-01 7.911651087839524088e-01 2.855183416266396934e-01 4.327460717124775869e-01
7.797710118027285642e-01 5.892612502880689718e-02 1.453454511131828664e-01 3.344636559521146912e-01 7.547721979547850069e-01 3.071501035900133791e-01
1.912744401466335287e-01 4.817288461226276741e-02 6.919180510002760354e-01 7.058115266362885443e-02 9.881964786082449992e-01 5.813924083244568219e-01
3.505058925266641978e-01 9.118080074010215252e-02 8.893822337405472567e-01 5.027744782705879656e-01 9.780475786661965154e-01 9.831496302976656665e-01
2.977803515584905858e-01 3.306119447169747483e-01 3.361795788667176765e-02 2.932324676756062898e-01 2.928439293311069225e-01 2.670300055561358743e-02
1.833712117160563038e-01 8.155511857092078154e-01 2.866871648596248656e-01 7.484314991009676232e-01 4.698645616404174552e-01 6.288667236803791027e-01
7.752257634695266519e-01 8.405804549360971212e-01 6.519775979920549025e-01 6.228238529842382576e-01 3.368184907810478634e-01 5.052322700922259324e-01
4.097173288730804330e-02 3.020413632696097306e-01 1.518010201113514368e-01 1.096542560130437938e-01 7.373005265672023523e-01 3.640887160063577266e-01
5.828258616814708803e-01 2.944702614910044147e-01 3.454425171195506516e-01 2.561521115456252273e-01 5.626011555636943884e-01 6.701750372011344714e-01
1.760583678419049836e-01 3.417625936323973601e-01 9.126034535047201635e-01 1.634751026881480218e-01 6.323063110416440313e-01 8.859103969140008639e-01
6.054735967724252932e-01 9.000109916141533217e-01 2.708654514059150031e-01 5.132414277071969400e-01 2.390439380815333470e-01 6.479271395072124795e-01
9.001469138216937615e-01 5.515041624314256374e-01 9.986064411005635133e-01 8.164108897392842179e-01 3.136923740073908062e-01 5.401034942803051297e-02
4.535697703186363228e-01 4.131882527002166405e-01 5.629473405471451253e-01 7.445381641369643866e-01 5.370542561853386410e-01 3.820557553478766133e-01
2.647282745527586023e-01 4.808860135565348193e-01 7.700998228342957885e-01 6.093788353971312244e-01 9.904863939247838811e-01 9.274553079385277066e-01
7.602221334966055011e-01 2.184571635187696481e-01 4.636095469545329362e-01 8.535118110506835221e-01 7.581787270268027790e-01 1.540052962498150713e-03
7.250167611211739693e-01 9.401028143525496095e-01 2.663146278291894653e-01 4.029306495442693814e-01 4.532400486012568841e-01 4.010496343832934407e-01
6.157124407633818297e-01 4.126139040788522339e-01 4.664349406404221243e-01 1.951708909904914524e-02 1.603906717285485950e-02 7.899741370929170836e-01
2.474019947334290537e-01 9.575656768486884296e-01 9.776088238943588804e-01 8.177694377151347727e-01 2.984169835880414734e-01 6.350157393652967608e-01
4.778983707663340130e-01 9.327234919882056996e-01 4.120309973453145647e-01 1.727076982613319212e-01 1.608017467584652582e-01 1.454048545032419204e-01
8.798089960207463589e-01 8.394696775407526346e-01 8.436077570477880094e-01 7.125344742863370939e-01 6.597034528482572657e-01 7.712580144336568244e-01
6.066647950900239117e-02 2.417769223895801511e-01 4.771793525683987180e-02 5.346376834198730554e-01 3.420849425911288710e-01 7.899163710598765542e-01
5.797429015659303353e-01 7.685259681067594384e-01 3.929715112420505418e-01 2.199690413284070001e-01 4.662440041758385556e-01 4.576339298089057150e-01
3.743654109163185861e-01 7.820075045999839158e-01 9.145515872076243058e-01 3.712523711769666335e-04 9.917724825264709887e-01 5.699533573987267676e-01
6.333218846897806786e-01 3.770981446722709851e-02 6.636921075695156880e-02 5.298223492151502567e-01 9.909069724410329849e-01 1.340093242897925085e-01
4.374423827107396523e-01 6.420942486578482544e-01 9.148083653688390271e-01 7.489458594718613194e-01 9.733366211219899311e-01 9.137830634866040969e-01
2.396605721527809152e-01 2.081913751920696498e-01 5.588511898451020699e-02 3.534151604638033906e-01 9.725994644016812130e-01 5.455566945423596659e-01
8.307375327572420476e-01 9.332019968425318002e-01 4.814740935017373102e-01 9.007945502503209578e-01 3.662926782134522385e-01 6.094862097568152226e-01
1.987546789938640091e-01 9.237804315214017681e-01 6.313550838922689090e-01 1.098233991073293003e-01 6.142378769441092512e-02 3.561102747586131212e-01
7.841099675632489108e-01 1.104262601721007764e-01 3.181003437579366100e-01 3.921349567063940889e-01 8.382256667474968781e-01 6.200075211110102069e-01
9.066333837345774693e-02 7.820312661174706470e-01 3.513641597975603048e-02 7.148650417913292587e-01 9.844931908351212124e-01 8.127400186310296260e-02
2.383651895924067121e-01 5.342257998653456852e-01 9.555166337773073337e-01 6.715058192695215755e-01 2.663958148812204385e-01 9.330762992883434581e-01
6.016027880656131810e-01 6.562073799966359200e-01 5.376545231491147714e-01 3.499164584468891226e-01 3.526209421058210669e-01 6.309728424824234683e-02
7.037301956858857954e-01 9.482351647815401297e-01 6.000646383578541743e-01 9.025390957360134303e-01 9.927425082544899526e-01 3.112644804638813323e-01
7.420961334569170509e-01 4.457970554536725416e-01 5.811721248579156951e-01 7.993425729569144655e-01 8.909332480734005744e-01 1.568921517934837029e-01
4.027423837596383338e-01 2.506822010276361645e-01 2.368698651762458640e-01 7.135557635376050811e-01 5.698837937671137333e-01 3.353328965814902363e-01
5.997121542345965617e-01 3.140539325984927910e-01 9.239208174888323688e-01 4.939020267249789597e-01 9.944730505817628297e-01 7.394944589862438855e-01
1.808020848652935886e-01 6.465523060000353262e-01 9.525546419558970079e-01 1.434980693577938560e-01 9.037885890053615201e-01 6.857839029392563956e-01
6.518939448273546322e-01 1.115748838596111181e-01 1.504809192277004604e-01 4.255158108810338513e-01 3.160738968784093661e-02 7.167653339258758249e-01
2.300979414632545739e-01 8.310437377251621571e-01 4.704717110389281531e-01 9.799895642574220078e-01 3.099846821165783695e-01 7.173942098881582741e-01
2.210585021157523977e-01 2.439782532706505913e-01 8.671300197639136842e-01 4.895790270052454707e-01 9.041838493076248540e-02 5.114391435123030183e-01
2.151012677272896578e-01 3.281297358073371750e-01 5.044600815933064641e-02 9.647430206973972577e-02 1.252126789433644083e-01 4.208307243406456122e-01
1.498680399038915256e-01 8.782074116672141662e-01 9.253847453920797106e-01 3.050291753968684683e-01 9.421072868375738318e-01 3.021410471305456813e-01
4.879392723229262208e-01 4.343015674507015866e-01 4.366658010075580298e-01 2.103012066179978934e-01 3.786465960985307966e-03 2.924055218391773403e-01
8.302271844922194388e-01 9.441389550296354072e-01 1.421664710428612866e-01 2.505036440004939635e-01 5.899300077126318209e-01 6.053541940618115680e-01
3.161097701293147377e-01 5.011307561979149172e-01 3.654054889923790128e-01 9.085439607191658773e-01 9.317890827123778141e-01 1.586345975590716106e-01
6.232192405515399880e-01 5.264042801688983975e-01 9.819647749549739180e-01 2.323286130491856172e-01 3.233350719237161330e-01 9.058742424007628635e-01
3.065037976270549303e-01 6.205179664829409969e-01 7.218496058593086850e-01 3.795937410265916023e-01 4.904221851689849476e-02 9.898743846922823941e-01
4.582277311488216487e-01 7.671557152336537788e-01 7.095075618487570734e-01 6.814895557203569654e-01 9.366477003627965425e-01 6.059793091934095877e-01
3.861762149976821767e-01 9.680832699280413900e-01 6.132491840043347020e-01 6.576639298918001142e-01 8.370027032962257252e-01 6.409833485490548100e-01
7.130375816277461087e-01 2.467052392550062034e-01 2.565043406439698748e-01 5.423271707398036323e-01 6.288252101357011403e-01 6.932430865748775428e-01
3.070851801742678910e-01 8.261963039175901358e-01 2.097199401627013460e-01 5.196268198856969223e-01 2.188702443208969672e-01 5.193165100199219619e-01
9.170281488775773315e-01 8.835114206231219347e-01 3.627848271930572688e-01 4.236460118451638168e-01 4.541058353055071883e-03 5.245880612430506851e-01
4.482512963490535851e-01 4.832443872418861197e-01 2.788652899040262589e-01 8.495592932680487985e-01 5.885025473251876971e-01 1.106746520630561559e-01
9.100513767595155290e-01 8.334789567429367052e-01 1.837853654326148112e-01 7.456970635693712657e-01 9.713423183806327854e-01 3.929753781012482738e-01
2.560250965743607887e-01 8.028093434654823835e-01 7.379211205384449412e-01 8.771272628470274668e-01 3.764793109427230222e-01 2.465178240571307411e-01
1.193246300906242174e-01 6.762608935506049246e-01 6.646463827458071183e-02 4.904974078913594271e-01 3.729653637537060362e-01 9.936297246424731222e-01
3.240252923100199745e-01 8.314143393056160347e-01 7.549537441533504811e-01 7.996349633555116521e-01 6.811346498558713547e-01 8.635714266273781803e-01
5.223488726123215464e-03 6.792025016998322062e-01 5.624138320769799249e-01 5.333830880095049576e-01 4.761252961671464945e-01 3.769098612702561635e-01
3.918465410677647309e-01 2.585723026645000422e-01 7.412933017196837726e-01 7.651677106266309147e-01 2.434491322784603229e-01 4.125493953221183174e-01
2.786155964595028456e-01 3.796293321220535200e-01 6.122327410700614259e-01 9.147639283531201482e-01 3.864327823183490995e-01 1.795358218382884230e-01
3.451268893480187172e-01 1.704345362743431291e-01 5.286969839801590743e-01 2.215653909953667622e-01 6.721066265830735187e-01 7.226429925411018695e-01
2.837398992045497836e-01 6.581757446576824711e-01 5.391668631979518178e-02 5.026252130483108704e-01 2.270547117102813539e-01 9.908927309946278239e-01
