1.079740780468095851e-01 2.848520760668844520e-01 2.172904040383838442e-01 5.542905662043778880e-01 4.028969971799279959e-01 7.547116503358827222e-01
3.102122355783014651e-01 7.474040873087807180e-01 7.260520758999944313e-01 2.064465429339419345e-01 5.640404638253686542e-01 1.453054986417268157e-02
5.124212281749533915e-01 5.935891681502702966e-01 4.435273857666051089e-01 8.412940339534360490e-01 1.276485081646970832e-01 3.665132138983401289e-01
7.675163872624114481e-01 8.938256110517461828e-02 5.038471066331194903e-01 6.073699909254717255e-01 9.150002429314693098e-01 9.097816057626531006e-01
3.045282461436089605e-01 6.879417132534557666e-01 3.696418729937844816e-02 6.981941216451476029e-01 1.535476188215217919e-01 2.728831122578121438e-01
4.946314126137962841e-01 9.027667612927684493e-01 9.774167939773900082e-01 5.922150037258248068e-01 8.510426522101742774e-01 2.874171397795202143e-01
2.169388790083667251e-01 9.982252374980014054e-01 3.928241473623220736e-01 4.672147716280471430e-01 4.314365272469462553e-01 1.618379572440558078e-01
4.602181278272894360e-01 6.381858959245662044e-01 7.799477971652953867e-01 2.729342529263555361e-01 7.367600339237881935e-01 3.344277108798635600e-01
3.923188085951357928e-01 3.218085998745789933e-02 8.039857924775677400e-01 2.214357177273618138e-01 9.218454879920415790e-01 1.633248522051180540e-01
9.907503392401344477e-01 4.138033138536223454e-03 1.585882256332781237e-01 5.163056434227950575e-01 5.546304138452742283e-01 9.226597684616748563e-01
5.997632517588391554e-02 2.972328375974204739e-01 6.463091345863488657e-01 1.963798581931840426e-01 2.500450466234054314e-01 3.635818930213174927e-02
4.146152860486777003e-01 3.094512909561419889e-01 5.145131592167140333e-02 1.522172775898911201e-02 8.831353858038830662e-01 6.334343548760694720e-01
9.303823889849464068e-01 9.491246550029426299e-01 2.578219173098735828e-01 8.816938903923211557e-01 8.439666088735049421e-01 2.306973593607020145e-01
2.873939690301389183e-01 6.113976840160728621e-02 6.620086749665615722e-01 5.509509187570024169e-01 1.382186214595944040e-01 5.146418118009519205e-01
8.812382456120115837e-02 3.254765104277800303e-01 2.499270454775217587e-01 7.603741513459080226e-01 5.941105380605290476e-01 3.767653207541821203e-01
2.804128810947011941e-01 7.007145838051319631e-01 2.001888247704566304e-01 2.195854027790171692e-01 8.725319384815622969e-01 3.613902034614951964e-01
3.439418835149685716e-01 4.851583351056842908e-03 7.064798635866045284e-01 5.503418280004479524e-01 9.630783643178220110e-01 5.533704818635790668e-01
8.203479285966419621e-02 2.170419657448495743e-01 6.533057697695298094e-01 9.258988847634216368e-01 6.420135017241579423e-02 9.152010388936289154e-01
5.533659324621519326e-01 2.323551451654300992e-01 6.789173382681071844e-01 7.395165350765097179e-01 8.038189212221025226e-01 1.076648472728455319e-01
5.411406672415103314e-01 7.208537028287655968e-01 8.467416883329159649e-02 7.269646999476887528e-01 5.004827967286361590e-01 5.962616992475369138e-01
7.553388521534468714e-01 6.183408899115487856e-01 3.129724248799398145e-01 7.910457368946685053e-01 9.699590178464789769e-02 5.542224483929807377e-01
6.150293189922845238e-01 6.719482914575393151e-01 9.131817219689166709e-01 7.337866311378349327e-01 9.832042161193617069e-01 2.861518633969661884e-01
2.106466370393027532e-01 5.440374680523774042e-01 7.996270236122229313e-01 3.645923776706262442e-01 6.644516715971305887e-01 5.444139313878267883e-01
9.387521580137959676e-01 4.938117929058165601e-01 6.324044666776187373e-01 6.819205626619702088e-01 5.047241280716484590e-01 5.007342214394013835e-01
7.327242300664890129e-01 4.089349651450374656e-01 6.472846253925178539e-01 5.399004496229207195e-01 8.986902968278887016e-01 2.910416788807056454e-01
9.841598090053804704e-02 8.388172693967811400e-01 9.123293953236228937e-01 9.672013449810206165e-01 2.110401585425841775e-01 5.715114701451339263e-01
2.933372333100714435e-02 1.327660369791711092e-01 2.745739009848857659e-01 9.000548241727495125e-01 2.287345008247088085e-01 4.821161094035535388e-01
4.872044734465683646e-01 3.612433279313773671e-01 8.640187914470771613e-01 1.557832925432096616e-01 9.209426148033226234e-01 6.140317281238065750e-01
5.058862341773502358e-01 4.572092386821668963e-02 8.285968543736779157e-01 2.223750902861145740e-01 8.723670427425062046e-01 9.469303350861379975e-03
6.330619003903514841e-01 2.085527374677467183e-01 2.713063923035629044e-01 6.207442760248972347e-01 6.406552805403382678e-01 4.397655373882729535e-01
2.380248875622619220e-01 1.522045836962279131e-01 4.863975063498021667e-01 2.966272145218176171e-01 6.763080847264270057e-01 6.305647248046949427e-01
5.310946128738991412e-01 1.952304702561347138e-02 1.221676470388535218e-01 7.672745750060655512e-01 9.445544826173325470e-01 6.563691724894121782e-01
8.382399441903245485e-01 9.863061037021968458e-01 3.900091531507007270e-01 9.882946944383186327e-03 8.415634677102296068e-01 1.978098836812476335e-01
9.779857354193235430e-01 1.763044898534718019e-01 1.039269809438931880e-01 7.735274592611274258e-02 9.886455938307313618e-01 7.782861989576621564e-01
8.227234183082082764e-01 3.375133308055413561e-01 8.505688015613335207e-01 7.828534309916989065e-01 6.109841851101445176e-01 3.722354907194973528e-01
9.553767499928665918e-01 5.008967437975496706e-01 9.973884645189234899e-02 6.799758081444637892e-01 5.187767065516499798e-01 8.562526311027707226e-02
3.586044936425147878e-02 3.818170536852706354e-01 8.148278703252052058e-01 9.586338274988802644e-01 9.972073264980441110e-01 9.027667670295048685e-01
6.052389652231998651e-01 8.253850900409708258e-01 1.283425350806564058e-01 5.484647298130758131e-01 5.688180617726001920e-02 6.634428289651989052e-01
5.452921773797858584e-03 4.605417906415920637e-02 8.308485133362689679e-01 6.376506024585968380e-01 6.071402409328189309e-01 5.979296477418394318e-01
9.336650468668479252e-01 1.804528981263702203e-01 6.614966379201263624e-01 2.953977101734978072e-01 7.461421414414424191e-01 1.519805354978646106e-01
8.398939769663978927e-01 7.644691548252767754e-01 7.823689472952021218e-01 2.177662778983140424e-01 4.674159301235920605e-01 4.692627484171150165e-01
8.845167082018302596e-01 3.110989888851232177e-01 4.813648129868858261e-01 1.004749003853622202e-01 8.896650289230930708e-01 3.277633966460080650e-01
3.550546735127805276e-01 8.985207178987283383e-01 8.983723683734217147e-01 2.463715673398048089e-01 5.421880084586478965e-01 5.512447995209479590e-02
1.086811678218638777e-01 6.490148134827833371e-02 8.878951479996640694e-01 4.278628356964320201e-01 8.036560072522924703e-01 7.092523341104010060e-01
4.394014535341670413e-01 4.804097148659092209e-01 7.105519241005442410e-02 5.469134745454837798e-01 1.079163884212717139e-01 6.097993069573131031e-01
6.678253320332516729e-02 7.650739550257967814e-02 3.021776816383925368e-01 3.009976935563484224e-01 9.523827820012128464e-01 9.503605183059509187e-01
1.622118670477257218e-01 6.684160792148379215e-01 9.628131651188404083e-01 2.644647964139603680e-01 3.030005649283274982e-01 2.638728145984470252e-01
5.843488426748840725e-01 2.409752279732754188e-01 6.801362295488302401e-01 8.589902541865691576e-01 8.870987702256494245e-01 7.420621870948421739e-01
8.318264479272218237e-01 5.159592607597544012e-01 4.284204404314767567e-01 1.120065006797580365e-01 9.581244412860959736e-01 2.177971577832867878e-01
1.750859678146110543e-01 2.149642013578711985e-01 2.632830720942922476e-01 6.211144095405424226e-01 4.349034244025937745e-01 9.531719581125832619e-01
9.805590745859539270e-01 7.936884212558920071e-01 8.209225264585429116e-02 9.932357904461797116e-02 6.539052830163782914e-02 1.617709644479858877e-02
5.977136293366306363e-01 5.532936121450049427e-01 7.801587326583042659e-01 4.093600833857113930e-02 6.033437537736096035e-01 9.092454394377189608e-01
7.670395320492876534e-01 1.168949646741240800e-01 1.109112060128317756e-01 8.937434060800589775e-01 9.650495200055043687e-01 3.338940168388163654e-01
2.988591566864392535e-01 7.486783622158038609e-01 1.948820217276754363e-01 7.929147147828189413e-01 9.988833634679196161e-01 9.875556000429281944e-01
5.040433576150950001e-01 6.868747085445771061e-01 1.458162323608184208e-01 9.782004002274463650e-01 7.388298622669760007e-01 7.027078778467751308e-01
2.738454059983342903e-01 9.588089194732896114e-02 2.347379509663876096e-01 6.258857332888150271e-01 9.300338420749587609e-01 5.247844940456103391e-01
6.722596235631568273e-01 2.377151669713781779e-01 3.991019645197885213e-01 3.695412921679745999e-01 5.413391710161506998e-01 3.834288398091778571e-01
7.167470352765579200e-01 7.955978974731225950e-02 9.345507577315416148e-01 8.007547118126157049e-02 9.852643838827008782e-01 5.238026038703758047e-01
4.436471302741737954e-01 3.482913035183063943e-01 9.847300440871714633e-01 4.997760050539160614e-01 2.972498876950953051e-01 1.882783707230264447e-01
6.758421190462223782e-01 4.665405733215307604e-01 7.118995305554237651e-01 5.534782318852449201e-02 6.471606156073648197e-01 4.829924457683175687e-01
1.215694273833001215e-01 9.837137590158459011e-01 5.780200222613398608e-01 5.297905314728118542e-01 3.869253182847803840e-01 4.718675715084025279e-01
1.583251241662350095e-01 9.025971003900387091e-01 1.040399557225899496e-01 9.786216326453267556e-01 9.289549506107896981e-02 7.099068708141493822e-01
5.001622921308567227e-01 3.076362945135302507e-01 2.795133933896176703e-02 7.142297584113744824e-01 5.544804866459874804e-01 4.085653063308861688e-01
6.205922641910242010e-01 6.468726054078144383e-02 1.062386444881106007e-01 4.384523677659306617e-01 5.426542767215362106e-01 7.308252841959650414e-02
7.016637373450897996e-01 4.501872288057775506e-01 9.296750334904646529e-02 6.572586621916169936e-01 5.473410914702447894e-02 4.308746075548954835e-01
2.754576664375617545e-01 8.700908625602645774e-01 8.518573955670947218e-01 4.258847872965710879e-01 6.767778242557276336e-02 6.370870252063580708e-01
5.942426470575612463e-02 4.130928745162965043e-01 1.028404677821906921e-01 3.100588932531996855e-01 3.835277411149629057e-02 3.251425009942421340e-02
5.860549874895051303e-01 3.691660815133590567e-01 4.432939569000247104e-01 2.007091078886410473e-01 2.355615828542327872e-01 9.161712272746916907e-01
1.246293140843726110e-01 5.728686478085227574e-01 4.701086608052690297e-01 3.634882453052458162e-01 8.578475642511140808e-02 7.081877495978439185e-01
4.363749597248844925e-02 8.633287117828774004e-01 2.875606122536576992e-01 4.192604205381366134e-01 2.482629917057883606e-01 7.186717584522094304e-01
8.291854105805882558e-01 9.850052835928257977e-01 1.693488603743520393e-02 1.427138931011477929e-01 8.893268587067660880e-01 1.395582431248615363e-01
5.786318337082092533e-01 3.089905275866378087e-02 6.198723816449764890e-01 9.046994853497613009e-01 3.592122944498700177e-01 6.040736266178348135e-02
2.481464740624467202e-01 2.334032728741517460e-01 5.584639742655718164e-01 1.934082747739048758e-01 8.372273185695333630e-03 9.727336202333265458e-01
6.382205754272585185e-02 9.388469790446748453e-01 8.576198937541791301e-01 9.958090580757895660e-01 4.763182435756735389e-01 8.577831425373363405e-01
2.733493699052242931e-01 7.800887203998274622e-01 3.180130594391666898e-01 3.192689922012739157e-01 4.703860261912219398e-01 7.394837234101482304e-01
1.717905915819628593e-01 4.238742850301610021e-01 9.710722196193524169e-01 9.482269232346793864e-01 4.813730840799486099e-01 1.506429778850504331e-01
6.303218880392476020e-01 1.120474039856538262e-01 7.306243151519608015e-01 1.444370256402741637e-01 4.706681429134074168e-02 7.376539233128133199e-01
5.289281686211386724e-01 4.118575602552877468e-01 2.162872047422048638e-01 7.409347511883999093e-01 3.842486467480317192e-01 3.437395521507717877e-01
4.825899296164868346e-01 1.891189340779486638e-02 4.072132162350586837e-01 8.460947664383825506e-01 5.514561520471568112e-01 2.486397477987151161e-01
1.318719244482708941e-01 8.942785482533106567e-01 1.846734537573444523e-01 3.328922267157062853e-01 5.698310153939410982e-01 6.608398524650509476e-01
9.956320219223657730e-01 3.653836321829576628e-01 3.937416766541035340e-02 5.661989881716682493e-01 4.727652380446704106e-01 3.750612483194778468e-01
1.680171670632050196e-01 3.879075071365876148e-01 6.093534382712489927e-01 6.406469023649817851e-01 1.198093917062279523e-01 8.203085223803755488e-01
5.240968251783704179e-01 5.046643408603059822e-01 6.003891217229151422e-01 7.973628518279369803e-01 6.926744603271979273e-01 7.371643474821187869e-02
5.756403493216574185e-01 6.057525497241710299e-01 3.988568290876474132e-01 4.177681261250398848e-03 5.251558371804112557e-01 2.925380062430771311e-02
2.553680684312098492e-01 1.889976735496806670e-01 1.996143329970375691e-01 7.722442788866904495e-01 4.170177877678725720e-01 1.477546424286376725e-01
3.355191269115300745e-01 6.508533615504974446e-01 1.971596523668504020e-01 6.360159951907297105e-01 4.633282051495141163e-01 1.669521356937448964e-01
4.530215709994233064e-01 8.283079149830649968e-01 2.621028745428131135e-01 9.914160864810119822e-01 5.777736946745858360e-01 1.245126541204153447e-01
3.059487355255026131e-01 6.878345004181646294e-01 5.297691172604394039e-01 9.461408372393573796e-01 7.408534786800449190e-01 8.612643230188773424e-01
8.805678687042366448e-01 7.589121680103335654e-01 5.207852088207900465e-01 2.008130450270860790e-01 7.606449227526117518e-01 7.068899250539038004e-01
4.895235619064747246e-01 7.694603786486987618e-01 2.645404950594540949e-01 3.172047171867273807e-01 8.897135385606379510e-01 5.426507621988085894e-02
1.251013855985261269e-02 5.762807066083152074e-01 9.636306938003531553e-01 4.767066582820300713e-02 6.936767904540128704e-01 7.159281190110166060e-01
2.966137345641279843e-01 6.835094402999748464e-01 9.930461376779711191e-01 3.912466308365646350e-01 8.129304736459725955e-01 5.211967558290742097e-02
5.877248781607004036e-01 4.417756212583591191e-01 5.263159124369520825e-02 7.512230537660972152e-01 9.274907032066131984e-01 9.865656156319433379e-01
6.806314850836717723e-01 1.035090642034968145e-01 2.583681829732407120e-01 8.745212630862738701e-01 4.769491414995777889e-01 1.602275237448748113e-01
4.002934041172750979e-01 4.410756166943334833e-01 1.149252465848977778e-01 5.112446923478010108e-01 9.343693413160103489e-03 2.476052366583695319e-01
1.118842508075628128e-01 9.484117895473878068e-01 3.423366042169446732e-01 4.968662177214790976e-01 5.187251844356721708e-01 5.797187395753200523e-02
1.990929984419893550e-01 5.805642199877780740e-01 7.872575169184737875e-01 1.395788223590277433e-02 1.696883555835076995e-01 6.412549776237493893e-01
5.956564345938243354e-01 9.717924758263642993e-01 9.460435729852870734e-01 7.141599630863332271e-01 8.068288203413596094e-01 9.314257874826521455e-01
1.650629384935253796e-01 1.644985047519222920e-01 8.085207050959095643e-01 6.557345015084758977e-02 7.095947916633514874e-01 9.899660994184347196e-01
5.468988473792555371e-01 7.348075773598187199e-01 3.559526778504604749e-01 7.401992253844345004e-01 7.119796419645938457e-01 1.613267435001893846e-01
