9.501995453251107504e-01 9.427497306745042938e-01 2.476238453060963796e-01 2.430596139429025415e-01 5.072266828050372434e-01 7.221288236666814075e-01
4.214550609299697603e-01 6.903155884786638108e-01 4.479820979414624871e-01 7.607917900289745683e-01 4.104386323706293860e-01 5.865588465079536462e-01
5.263849062732210982e-01 7.293187550971941269e-01 3.080792001131182900e-02 4.645841658964360299e-01 9.768172922047164697e-01 8.768450285141736744e-01
8.758137469697342414e-01 4.224221128393138569e-01 7.888632745922842249e-01 7.823509510148830559e-01 4.810865906827683780e-01 5.763535778990558356e-01
7.225382401120028497e-01 1.391030451277468494e-01 1.644060821114243787e-01 8.992624892911574852e-01 4.518930398781081381e-01 7.144303288426631093e-01
9.320235879068352602e-01 2.777658163773054634e-01 9.282245954458698822e-01 4.701528497639134718e-01 9.570455808303225398e-01 3.570597943407332053e-01
5.147975161630395924e-01 8.800243855302644080e-01 5.554919542993119741e-01 8.956118633451466415e-01 4.943312755516615642e-02 2.593839977956615694e-01
4.968504648352021213e-01 5.582463280313065823e-02 3.601749849524146230e-01 4.145899398416137416e-01 7.821247012041677715e-01 5.904236225623405998e-01
6.099963014897621383e-01 6.661335768816685210e-01 6.701247530253702234e-01 9.287625049302549174e-01 5.395955131888167111e-01 7.452711274992344093e-01
2.935489055775062361e-01 2.676706479512418468e-01 8.942901446400269849e-01 7.195331753569241817e-01 6.716823732096318667e-01 2.038781979547104051e-01
6.877303545414829022e-01 2.599985701460784115e-01 5.246760507030394649e-01 4.721724347150028089e-01 7.227894955344177363e-01 2.843468168501022131e-01
9.807129603390868366e-01 6.901156624356097335e-01 8.667093848939583234e-01 4.023354981224247506e-01 1.111574986973616896e-01 2.431840809939065373e-01
1.678107535458928101e-02 9.141493882548372696e-01 6.931015150784013423e-01 7.568946302765275913e-01 9.637348600344987082e-01 6.664187648791795038e-01
8.358767078887663349e-01 3.519885819053524267e-01 9.044259492690109870e-01 7.452217532573247594e-01 8.528783816234497550e-01 7.052286652534566214e-01
4.149262179619273017e-02 2.931637771069830478e-01 2.481492747293054801e-01 8.913156587650298279e-01 3.194882440498931775e-01 9.265418659886576203e-01
5.568416627910121042e-01 2.517733187672561712e-01 9.070109265939207965e-01 1.706481301157051211e-01 9.360259621678187480e-01 1.375980338537152736e-02
3.374281515543686716e-02 9.939863478264292507e-01 5.556490276623555769e-01 9.624969420772232498e-01 8.841761261806795336e-01 3.106398092893593033e-01
1.796380801323261833e-01 5.776480445755626247e-01 8.717725899553743218e-01 7.048105060355178697e-01 3.247952272966644349e-01 8.594471178364593289e-02
5.733286861715147786e-03 3.553975185114508495e-01 2.181379074623882586e-01 1.971842361878309857e-01 2.981135231396999652e-01 7.464841790852180248e-01
3.348666671853592902e-01 8.178402159922347758e-01 9.106876153524958717e-01 5.912160526620243717e-01 1.751911891214070760e-01 7.070099280737942582e-01
5.307979663039603668e-01 5.607899606329479480e-01 6.753361736954793804e-01 7.558998269282255489e-01 3.945388203888455791e-01 9.815010041262453022e-01
5.969680787991548110e-01 3.358544742997464638e-01 1.436458002474064743e-01 2.997518633336964111e-01 3.618638019852060683e-02 5.049201650033025013e-01
6.325156383069137078e-01 5.389532317168902464e-01 7.437519534922414355e-01 5.664566172270046884e-02 6.524239014762082123e-01 8.956711974143463095e-01
7.644327624017429601e-01 7.004026382435244447e-01 1.821796647622256904e-01 4.908192844112272413e-01 4.583129457990382516e-01 9.407231993443584406e-01
7.792588255265662234e-01 9.287742093894668649e-01 3.860966384614034075e-01 4.625549740560145340e-01 1.568527069485803338e-02 6.427191402354539562e-01
1.181452204443841358e-01 7.552899856094706932e-01 6.898808348451440642e-01 9.817802992794228967e-01 4.030641774303244107e-01 6.407740998509016128e-01
9.534793312140976695e-02 9.983972011653032830e-01 4.593706133060155850e-01 7.555273221409770645e-01 3.182502927105235191e-02 6.346694260604309745e-01
2.945568508856543088e-01 3.599408315893843913e-01 5.733063512549700924e-01 2.494470720875203718e-01 8.738587355808499213e-01 5.989810026358303174e-01
1.698371238600693278e-01 1.998027662859829245e-01 7.118164760968583860e-01 6.340091716470995786e-01 1.283616635412336837e-01 9.662557826531585903e-01
2.747854763514004928e-01 6.142434800209621848e-01 9.064875801814706868e-01 2.991619138425608559e-01 8.116723839038517685e-01 8.025071706242619118e-01
6.101777985947420824e-01 7.145006290910002056e-01 5.641854272975747042e-01 9.697135136971609670e-01 3.258308134247572818e-01 5.701181072548774376e-01
6.968062750912007441e-02 6.044681889299169386e-01 2.648888665027898659e-01 5.977338977730584091e-02 3.571114968047961469e-01 8.669347390181013635e-01
9.252929077744812547e-01 6.152187867056549964e-01 3.767436534897331546e-01 7.759109109808882687e-01 3.177778106146927906e-01 8.314160048822042404e-01
7.733273342692854602e-01 3.469309191626150923e-01 9.457580269288617947e-01 7.878812190133533955e-01 1.470300729589322231e-01 6.899407022644629128e-01
7.255774300008227540e-01 3.209378850932124161e-01 9.866201952167901190e-01 7.976014364422532310e-01 5.831183155052044320e-01 7.990678975351243052e-01
4.070874703096565295e-01 9.686476165624350321e-01 8.761870833585594376e-02 5.374106912266359837e-01 7.592635478620068934e-02 9.398556571295708650e-01
7.833982516645848770e-01 9.117518258379747609e-01 3.143192084938556397e-01 7.623680370967855779e-02 4.311432049739228889e-01 5.537995455241575549e-01
4.728699426394806782e-01 4.890280181861114128e-01 4.518577181409302312e-01 1.049773443192021372e-01 5.757722136857243989e-01 7.176362172753991686e-02
5.517895528033439634e-01 2.289368132933073952e-01 4.990737521309779323e-01 2.793845874328357848e-01 8.085633428446747928e-02 9.876493139149465916e-01
6.224214137964299010e-01 7.507611466973563852e-01 7.319978303771637052e-01 9.947788075898131854e-01 5.109379693431672642e-01 3.007725897416939631e-01
1.028806590421986744e-01 1.443615263764278511e-01 2.150930410245195379e-01 5.515263500429419263e-01 2.624613564613673677e-01 6.305254335739682858e-01
8.193126190349979687e-01 6.684963398889729458e-01 6.062356123534538010e-01 6.498775956440672186e-01 7.835270751300366099e-01 9.710377592420106341e-01
9.559115141270884131e-01 9.005401655279243744e-02 4.481314936149420891e-01 2.374842680941300355e-01 9.593633473728173655e-01 3.123930346488982268e-01
3.039805591951962871e-01 4.303485742958927940e-01 9.408555847348121226e-03 7.151791306062675879e-01 7.883751987039095965e-01 8.493033688786789659e-01
2.979131096121693245e-01 2.911072623878964150e-01 7.986710037189789224e-01 5.843512725326284185e-01 3.895956922387350252e-01 8.005999670348344921e-01
2.743213946231043421e-01 2.469569134306547342e-01 1.588482753201229114e-01 1.399249148043678614e-01 7.842966256222491106e-01 2.417976930979818251e-01
3.986205885512089653e-01 1.813073244446106180e-01 8.264698418280658210e-01 8.533273308779683042e-01 1.334887755654630137e-01 9.131701074633480353e-02
1.817456316217047618e-01 3.071815359841911786e-01 3.899139207972964760e-01 5.862758902197398037e-01 6.455779418680647197e-01 5.580803526956016336e-01
1.640017056896092562e-02 8.459740352888516224e-01 7.615786622478062373e-01 8.937046955551433136e-01 2.038186293070110011e-02 1.731172859344304316e-01
6.229403844677843249e-01 8.999552620773909606e-02 2.124480593731863376e-01 6.957237270576316357e-01 5.625379984238149111e-01 7.726976708796521320e-01
1.998922413734720571e-01 4.313590297091488557e-01 7.357907221419623944e-01 8.443234351420069173e-01 4.275751543157764178e-01 1.994641293320909003e-02
8.470081008035269532e-01 3.028073854319609515e-01 5.084054380389554373e-01 9.834272701525590410e-01 2.196388625726286570e-01 2.070566568912221017e-01
7.721929137342121718e-01 5.093499886929223619e-01 8.977441239753463087e-01 9.275736771168823225e-01 6.926870253211280248e-01 3.035806700436728400e-01
7.966309751974498532e-01 9.989993611323478850e-01 4.186489847321452906e-01 9.798744722678275343e-01 2.085002256799861620e-03 3.736455242823825129e-01
1.269962485449933620e-01 3.608041339446816931e-01 5.832172254393229727e-01 3.172693817639740121e-01 2.062512473064826990e-01 1.870195592440015986e-01
8.495382979249048727e-01 7.093372769160083413e-01 7.913031669033298021e-01 5.788773663465662800e-01 4.804347156907504690e-01 9.186909148969309991e-01
1.591394346030146068e-01 5.323216880205202672e-01 2.677897906601297562e-01 7.814842687617087336e-01 4.473114273747027525e-01 2.531845298626992369e-01
2.920758410415708051e-01 2.055781008481727401e-02 5.943391475353975162e-01 9.537538260434715864e-01 8.200004148029400586e-01 6.555930064193300488e-01
5.471303754617328208e-01 4.196965724630526973e-01 5.803144155025377060e-01 4.956922631454989681e-01 7.988976416335505926e-01 4.504690890881586363e-01
1.298631133952747874e-01 4.183056808078918776e-01 7.520986258784094769e-01 5.424220777044330699e-01 3.481590520671440370e-02 7.139612897924458856e-01
2.817462016553909931e-01 2.833871450906439993e-01 5.506430073845773876e-01 3.537821229480794250e-01 2.610069319477336114e-01 8.390393955867220255e-01
2.925820860994754469e-01 9.458671456875444861e-02 3.296806436774052385e-01 9.908360674182309369e-01 4.949396759943472945e-01 7.573443989161945389e-01
5.186257917120037364e-01 2.672461268858554728e-01 1.880193193311774369e-02 4.703500714526835935e-01 2.519029040791067597e-01 8.732887766737565949e-01
9.296620745276291675e-01 9.189006578970639882e-01 5.681448250468597028e-01 4.791455369965190725e-01 6.232997244914547652e-01 9.185992975279686501e-01
9.400006266747796824e-01 4.273129823966923535e-01 2.101140066117571648e-01 1.449356517795362675e-01 9.628034373233879117e-01 7.337491641497604355e-01
7.907957805271237373e-01 5.602539480772005254e-01 3.247245627670072299e-01 8.647008810733680662e-01 2.317175270127853626e-01 8.775084188273107877e-01
7.164029469097384917e-01 9.174810700316337053e-01 4.356596509906400794e-01 8.931140308662444127e-02 4.342835364427969358e-01 2.801203604227382460e-01
8.253067747411262367e-01 1.640010500005906202e-01 4.845753760366486862e-01 4.171391974370824984e-01 7.621345808849655512e-03 6.049624031847609107e-01
2.832483382736699085e-01 2.566717916557048618e-01 5.540144577611174626e-01 9.194698313854441363e-01 7.690693920277144047e-01 3.458212750494129573e-01
3.892325410879657888e-01 6.333184566075167332e-01 8.409066589254277080e-02 1.942191981390727351e-01 6.176767553652510179e-01 9.286480091439791584e-01
3.344507230923744467e-01 3.702036287357345357e-01 8.611995315296443465e-01 4.142237289264917299e-01 6.481202605244994475e-01 4.100305913525613688e-01
1.145239388969805372e-01 7.763792343701177989e-01 8.200922454869434830e-01 6.407709255113398505e-01 8.768865159128718112e-01 3.554543876573068584e-02
3.621846779991502174e-01 1.639945455694650223e-01 3.963748050114600519e-01 5.725714870163118864e-01 9.185251395699679522e-01 5.181084489745105826e-01
2.390387369391506756e-01 1.116314510044428276e-01 6.875351884866411911e-01 8.740074075462916925e-01 7.276457954322400612e-01 5.921892184105999046e-01
1.671066651222622435e-01 2.097778458605149554e-01 7.959852061509546939e-01 1.446107972292106636e-01 7.049441578824129362e-01 8.943042943578838333e-01
4.947549671323830944e-01 1.396124792549352511e-01 2.307793131290666322e-01 2.262282931341031977e-01 8.522615238071020727e-01 2.108911031409248515e-01
9.033128639649350422e-01 5.376401876229341958e-03 5.050967465457889549e-01 6.642015181298096538e-01 5.466076271326936187e-01 9.618749740543803828e-01
1.139324516973336809e-01 8.094939383720689552e-01 8.610860305738645692e-01 4.294355842075273655e-01 9.641393997657179415e-01 6.935855312628956826e-01
5.252141638148821734e-02 6.978602202363636264e-01 8.300448463160934320e-01 2.024525790338987941e-01 3.020818095747884735e-01 7.831535142470248401e-01
9.697483600563475692e-01 1.573283743758948638e-01 5.460677377395214416e-01 2.679141887576139691e-01 9.929779352061579578e-01 3.273974187075407993e-01
5.212901331328622101e-01 8.045690196120948157e-01 8.643057187309189926e-01 3.248594866988566698e-01 5.634247483314724914e-01 3.246783742652842308e-01
1.866791836147588812e-01 4.775089343093612548e-01 2.495156294420768361e-01 3.916676700159813507e-01 3.282870207764437831e-01 9.412042880430093739e-01
7.087190558389636630e-01 7.932502796664795408e-01 6.895062878140442164e-01 7.269198412865477410e-01 2.086237113383305752e-01 1.136253886892739651e-01
5.365515858825430362e-01 1.267191230038766658e-02 6.783383023291655878e-01 4.435786191806263545e-01 2.051715379407891282e-01 1.743926875124257592e-02
4.638083789872161633e-01 1.210214985443874847e-01 8.230113637072581367e-01 8.434891846627327050e-01 4.624567144283727727e-01 6.927529534828673619e-01
1.578699045970753945e-01 6.509200664615071297e-01 2.759847052120714128e-01 9.946164961035064422e-01 5.800071323851679894e-01 8.321544731755432522e-01
3.316877972867509072e-01 4.608241923589418976e-01 4.789488636971970248e-01 5.749390774644930202e-01 9.982509765268861024e-01 1.389064888849418367e-01
6.570935360704297512e-01 5.100977416127536745e-01 5.006025394793812699e-01 3.111973961470752004e-01 9.355089504753988372e-01 2.252529958034726887e-01
7.293617476815651424e-01 5.787751343293719986e-01 3.792150868263006736e-01 7.508792732844193907e-02 8.224902869335808386e-01 9.429750514696280117e-01
8.241954241342059895e-01 4.259606063802924281e-01 8.362908529630721510e-01 6.835407194126951191e-01 2.948596114749755248e-01 7.662272003955353794e-01
9.214371443973912168e-01 2.961935370317816396e-01 4.442981405736203815e-01 3.861907642322623957e-01 5.412009735372544927e-01 9.601428239128368958e-01
5.595561072322166041e-01 2.958498710587189606e-01 3.901966297684890117e-01 2.030322822731981391e-01 7.793687816484728970e-01 6.192675161501022263e-01
9.760757755419587900e-01 2.230067231039354336e-01 1.652255410290062176e-01 7.687082649974411597e-01 8.101505713551754306e-01 6.409314257238871715e-01
6.100751154427780376e-01 1.224607099727628157e-01 8.260037386712932861e-01 4.339304748505469211e-01 2.494904526403359801e-01 1.797734728968537476e-01
1.864233821617732323e-01 6.162702070761402195e-01 6.361792449626584300e-01 3.806245935848046047e-01 2.775371804345603266e-01 5.481927022142039085e-01
7.690175656809313809e-01 8.951854097758741302e-01 6.669668873581184876e-01 4.358648620188911860e-01 5.251607796797376215e-01 4.864533052000343805e-01
5.392942732319834231e-01 7.200592994072255726e-01 9.895423933002757133e-01 2.904614323283755128e-01 1.461511775874342334e-01 2.873877590725667508e-01
2.630066180764257799e-01 8.910124313774411275e-01 7.080103402373889576e-01 6.556359531457143230e-01 1.023273408670690721e-01 8.037023364369738632e-01
1.524853737284056487e-01 1.080063493794294338e-01 3.140103597691237258e-01 9.286767100130715047e-01 6.260193451209816740e-01 7.327505521201526095e-01
3.163759962174059748e-01 9.254419745576271117e-01 1.869812754188202586e-01 3.582337421706638381e-02 7.042334189372237985e-01 9.087497730755489389e-02
