3.208949517830257392e-01 2.679506095627790518e-01 3.127728097076276637e-02 2.851764816779933653e-02 7.150238963673699599e-01 4.156924830361644618e-01
8.932687468598093927e-01 9.469763600506411194e-01 2.764623749261260199e-01 2.662522866007674960e-01 8.839471658868619519e-01 5.611491796866368009e-01
1.327453055443233998e-01 4.307037536602563721e-01 6.895709774246691071e-01 6.426514583893311316e-01 7.503610930249251521e-01 5.454159287254271016e-01
6.497739550707887224e-01 9.059483845722666739e-01 4.709676479318990472e-01 8.131475824464931002e-01 6.562356451961594006e-01 8.978693036747820155e-02
4.420137951204969884e-01 7.881324465259428314e-01 5.354738178222937517e-01 4.213496284380158219e-02 9.761650231711649361e-02 2.479335931492140377e-01
6.470297573195001872e-01 3.158377352322863096e-01 9.734638580676968633e-02 2.070515605467987408e-01 4.293668859123769277e-01 4.484365033393054034e-01
9.686206947429496505e-01 6.239694345489769089e-01 5.432138179122617538e-01 9.914989660564232921e-01 3.219958469550354696e-01 9.858350303948740789e-01
9.844298881759704356e-01 2.895463343671401679e-01 3.970604633098950842e-01 7.904262545892992708e-01 9.341092610860043388e-01 6.474104426969061743e-01
7.137762245573209263e-01 2.265103526752089147e-01 3.822001406969909310e-01 7.564228926564812161e-01 3.918492607469737932e-01 3.675986281749048512e-01
9.488532472739350521e-01 9.888491143365247815e-01 4.257559858578974232e-02 6.722755573816718844e-01 2.422007912835311139e-01 5.257556588492576788e-01
5.237256722586169921e-02 3.139963056636532190e-01 9.480982231851275976e-02 4.441547643251981814e-01 5.133544885675023206e-01 6.626533437028111484e-01
5.544453835726065316e-01 4.163124180372945737e-01 5.613800188525962520e-01 6.678032902661292791e-01 9.644206771652723553e-01 6.563310667917210406e-02
5.792954513800776528e-01 8.668523643415214641e-01 2.447179567511048592e-01 1.230406369004979350e-01 1.830100436067089165e-01 1.302679157791465370e-01
7.116050261030519852e-01 7.425186587822886208e-01 6.616070745558155775e-01 1.173701007913696692e-01 3.883940163208917662e-01 3.651283312714476148e-01
8.263913073247856067e-01 8.551232910561504807e-01 6.687791268727391047e-01 8.573627427961056924e-01 2.083283695427395887e-02 8.897964891739849058e-01
1.279254026815568324e-01 1.626503574234468008e-01 3.104833867300454964e-01 9.028778277730687973e-01 3.211327047101983911e-01 2.945777944897638445e-01
9.066898349976824090e-01 4.662088637080507025e-01 8.271921351146162005e-01 6.257937846413280658e-01 9.248538695248622599e-01 5.413351673795092633e-01
1.600581690917901589e-02 7.730239438283811326e-01 4.896571087907517494e-01 2.569759926430436048e-01 7.023124660951219900e-01 5.661880457419574686e-01
9.396645788593682713e-01 3.009082743581108499e-01 4.065593725052296659e-01 3.464853107566225887e-01 2.654819138423345493e-01 5.088695649975240043e-01
2.282789803049735111e-01 5.863423305622431636e-01 5.489495660005396793e-01 9.483971582054486760e-01 6.710906728585284142e-01 4.774217460849315975e-01
2.167204892838037189e-01 8.679415988524659120e-01 2.258185963362274729e-01 4.605795040756088810e-02 5.133355626205921007e-01 5.720998290955283672e-01
1.957555976269538256e-01 2.668652618224888196e-01 1.536552394975618796e-01 6.256639837223314515e-01 1.204350955674216017e-02 2.739483144480781007e-01
2.772543282739213799e-01 4.042351910620810562e-01 6.039402260001514033e-01 3.586948254261684843e-01 2.254503378986391082e-01 6.681162338941474266e-01
1.643405468700973593e-01 4.658416059059069525e-01 7.922579357958267066e-01 6.155044132806140045e-01 7.308908488450054364e-01 2.206161117913518765e-01
2.796683639724498738e-01 1.046849174549816519e-01 7.143348258527293382e-01 1.136699508442173823e-02 1.193039479844617556e-01 8.604018037730347679e-01
5.111327661396314337e-01 4.412669531662142264e-01 6.291188623156729331e-01 9.348424810530947537e-01 5.781234966054317193e-01 9.074929348425562203e-01
8.870614922923367729e-01 7.571745528191078378e-01 7.335200190979581647e-01 6.313047941769337479e-01 7.553771715718515800e-02 8.762510421562180740e-01
3.974712866731847649e-01 3.426744124922609380e-01 2.745278656903220593e-01 7.189866629227463779e-01 9.526068859682084167e-01 9.880724714790943830e-01
5.543731103641773572e-01 8.590634106043387730e-01 5.874405232025883272e-01 9.803693012966921971e-01 6.882667558409261144e-01 2.967972259980122818e-02
3.433525626628616267e-01 8.370083457293683304e-01 4.758200486593787693e-01 6.826386628185373562e-01 8.140451890527132806e-01 9.394054931315977131e-01
4.562291989206638254e-01 3.355869696782980416e-01 8.190685676484336097e-01 4.126024201007939540e-01 3.434170804869908222e-01 2.716941865861822736e-01
7.982703261144835638e-01 8.135763369800369516e-01 4.442580248680785271e-01 8.724603628215810147e-01 7.073216555467709554e-01 7.050280091460282561e-01
9.729675968945086240e-01 8.070814913336853413e-01 7.557633325872507024e-01 1.595741435854746149e-01 5.360739428281005026e-01 1.346758893791500933e-01
9.926772146026676680e-01 6.749294253044995084e-01 8.163843559641862369e-01 4.326035191697563675e-01 9.124252758548712094e-01 6.419365698806214215e-01
2.438444267922035280e-02 8.680379513352571852e-01 2.980195313643383415e-01 7.488192646102685979e-01 7.104850560141610094e-01 4.264156765625002343e-01
5.665191729834480050e-01 6.460907985082233740e-01 4.782655202657575266e-01 9.767273313110703681e-01 5.374010741938051172e-02 3.729251437213459974e-01
4.233849092250331347e-01 2.006211110487490235e-01 8.960574366115858780e-01 2.737259961050018120e-01 2.946645338009022952e-01 4.563394198918365730e-01
3.929178224125129404e-01 8.158127600758892095e-01 2.500738768745521812e-01 7.010676819191630216e-01 3.661948985784309052e-01 6.908449473012397979e-01
5.487074089809704791e-01 4.553841498342759975e-01 8.099251686109937287e-01 6.359686441038032712e-01 7.882833490389846709e-01 9.739576661462031604e-01
1.833771440317386592e-01 1.823498069088388407e-01 7.730725072153055155e-02 1.218088993035304490e-01 4.280879735614965265e-01 7.066259543072525018e-01
9.036479272865264312e-01 6.047666538831711902e-01 5.866761251261146670e-01 4.384728177725537579e-01 4.238780664596865089e-01 4.017793049550579809e-01
8.016869431633982801e-01 8.735759335928412472e-01 1.308300087270516388e-01 3.617179201411314660e-01 1.259231706506438453e-01 8.004388937548875260e-01
8.434256264134065706e-01 9.517544800850933351e-01 2.372424951657681191e-01 9.081760110003989084e-01 4.017975230940711295e-01 3.142066383120829531e-01
2.095434583604732781e-01 4.129968993111261533e-01 1.461572891997233725e-01 8.096613757355254348e-01 7.850649824151395562e-01 7.879063151544529742e-02
9.861830988386269814e-01 7.970024621793285746e-01 5.627105840498870526e-01 3.033657565612781770e-01 3.178768046162027128e-01 4.430309152296403319e-01
9.905247899353876173e-01 6.662565643646845004e-01 3.552092926961016861e-01 6.141643940707485205e-01 3.673758753434596125e-01 5.168999325455283511e-01
6.285530734227041672e-01 5.045533041201321067e-01 7.192620459009388956e-01 1.853171476115870187e-01 3.991719875730654898e-01 9.680489496866855337e-01
4.101671429918083422e-01 3.448068625299719470e-01 6.867601181235749586e-03 2.464762203268482388e-01 6.759799403839953369e-01 2.788962775138088546e-01
7.099120640440192975e-01 6.041845219191703809e-01 3.992623959569386871e-01 1.166386304417873498e-01 7.018668468416758843e-01 5.062886463592154440e-01
8.498015998261163606e-01 5.866184423157160266e-01 3.604194756593215310e-01 5.608923233164941902e-02 5.223762752429126355e-01 4.977620443121626437e-01
3.829405682276720846e-02 2.082558030020501549e-01 8.064596694908032770e-02 6.637898054739568288e-01 3.915186635882105248e-01 6.293595293756275577e-01
3.177357233853032037e-01 2.533393023360782648e-01 5.483654488123098636e-01 6.483723980487104965e-01 6.068413125235331274e-01 9.713821190061610045e-01
5.918319401038235616e-01 5.918278113514509053e-01 4.019706476912543458e-02 3.629909019817623150e-01 5.344439999131891383e-01 2.772633832153993394e-01
5.824167762566734297e-01 8.136785897186837868e-01 7.930870672419924050e-01 1.902589235834921677e-01 8.817368123267913527e-01 6.563343587513754684e-01
8.741536238142597615e-01 6.695261393551968920e-01 6.155960567840417230e-01 1.202045115411540799e-01 2.333343061759295400e-01 5.477550433986624334e-01
4.904429902087398263e-01 8.693971675757262707e-01 1.002634421952056654e-01 1.575901644258637102e-02 1.061668919671987510e-02 8.794298112656806499e-02
3.606936591385937474e-01 6.684233000715907869e-01 3.926891289197763646e-01 5.549566858467069874e-01 9.358050549247697303e-01 9.180043045536184776e-01
5.866118150035637413e-02 9.900842007658551269e-01 6.872543163093489671e-01 2.542961564838419619e-02 4.829992430790133184e-01 9.284574604795914343e-01
1.435885891302540740e-01 5.048544812616554411e-01 3.998873512534972807e-01 4.629981039800805664e-01 2.963706006703370477e-03 5.037348537041557162e-01
6.203688832777447537e-01 3.743158784421117824e-01 5.306463523074149702e-01 3.183387769726087058e-01 5.557663793607497960e-01 1.603119602048570513e-01
6.572404149769133230e-01 5.379191716267329726e-01 6.911512607805292419e-01 5.313500882018152849e-01 3.145946675971362794e-01 1.059777596966705593e-01
9.153055378965807565e-01 7.459632899020541830e-01 3.250184764756006706e-01 6.962069852138677017e-01 4.644773582670573830e-01 4.797840312436782995e-01
4.992662990374053811e-01 5.369398465235186713e-01 3.141485193930499964e-01 5.644973117150512421e-01 2.389023172589259669e-01 1.642997691517723569e-01
6.427728337492585320e-01 5.587401976268516757e-01 9.663721725273942686e-01 7.535087508190505545e-01 7.858788156852378748e-01 7.499565267330585705e-01
7.671014508953529765e-01 3.099036992047605743e-01 2.989108985512917149e-01 4.015127179426858373e-02 4.766438814258910917e-02 9.703250055087094816e-01
6.719519482092556339e-01 6.844219500103237985e-01 7.908331658771614592e-01 3.778543659371759178e-01 2.582687008923553185e-01 1.841994962960595839e-01
3.853310360294605053e-01 1.459100769965552269e-01 5.838408835881512271e-01 3.118474733263945087e-01 6.362517717471785073e-01 3.255208632683159742e-02
9.355977669174934119e-01 2.556159991408689658e-01 1.486969323360736173e-01 3.195964169580256531e-02 6.349297435738168183e-01 5.954604914351713241e-02
2.454780544814731957e-01 1.296404767415101356e-01 3.039613981255022690e-01 8.120713876868271841e-01 4.306430305283095450e-01 2.943096321603367871e-01
9.222032281371728146e-01 9.515937997225419887e-01 3.385317934781607585e-01 5.655680331598548216e-01 8.211041327035436543e-01 5.271953997446123807e-01
9.871697499492911865e-01 5.189362529684298231e-01 9.303647169251747506e-01 5.555068915539201901e-01 6.840198099457742709e-01 1.573164065765763064e-01
9.384991051387352456e-01 1.602881054561421381e-01 2.869292970357996131e-01 2.451368383821385111e-01 9.335018116531923482e-01 4.427576757411306740e-01
2.634078904181198499e-01 6.834919979431749448e-01 5.002307175878779599e-01 2.426962986184069138e-01 9.104912734402320629e-01 5.324564718323879786e-01
9.078192157210240865e-01 6.487368318172098691e-01 3.785359093456247548e-01 3.107508972528086888e-01 2.465809044454565502e-01 3.784916286729738122e-01
5.066971780977312934e-01 4.288419083187344771e-02 6.826160954146266446e-01 3.710811029639864422e-01 4.576544431988105455e-01 8.621192329247464592e-01
2.315391281736790541e-01 3.148861824655802000e-01 2.240135289021288889e-01 8.655460429428495361e-01 6.173308610558592147e-02 2.701181308523249447e-01
3.469319057339584900e-01 9.997210207479478861e-02 8.355908062825364579e-01 4.301639418307631191e-01 5.293431670126792499e-01 5.940244461833290579e-01
2.631883780342545442e-01 4.757734446577172038e-01 5.583206659852484322e-01 5.625408455124512042e-01 7.561691007257927977e-01 7.059227724949390659e-01
6.947297586595591046e-02 6.742244458075768998e-01 7.492355026854323752e-01 2.974881605520763861e-01 4.659920187993158436e-01 1.310998099343341217e-02
9.274759352271768620e-01 3.217618932000013698e-01 4.020476960243156705e-01 1.488601248891087137e-01 2.968280173964235047e-01 3.173974355209903120e-01
4.422325164080740389e-01 1.249776343461549422e-01 9.330014281734150261e-01 2.374532275555193417e-01 2.788854548622738960e-01 6.950879458745171657e-01
4.206700772658857890e-01 5.885363644255462434e-01 1.614404004011699145e-01 7.787652604236269260e-01 2.482172730647185244e-01 5.406600295978438719e-01
1.715261545145728705e-01 2.282926854524284233e-01 7.857110140184118130e-01 2.577510966727547537e-02 6.617626166639077878e-01 1.671603412811992762e-01
7.898624392606509170e-01 4.189155231540555580e-01 1.619839330820231904e-01 2.599396913935504427e-01 6.935442057353587986e-01 2.198168894365609694e-01
6.034210063679212865e-01 1.224107846747821693e-01 5.688416618901849242e-01 9.803608825758243217e-01 4.358692314966352566e-01 1.611229058575704975e-01
5.353740182557927829e-01 9.944037009796421467e-01 3.078384974685033360e-02 4.176483759277542784e-01 5.062688705083017160e-01 9.895747916346252504e-01
9.443937586534700834e-01 1.678641486546161854e-02 4.244018741480176660e-01 1.259077823705152532e-01 7.559072815840561788e-01 4.641713419584081457e-03
4.548650265973863682e-01 9.913236149317111723e-01 2.696966896096670840e-01 4.628622579008773164e-01 9.187784008303044869e-01 9.616093650656138969e-01
2.266967131799906277e-01 8.054592166320041491e-01 2.676394646780506648e-01 9.496845685243373580e-01 6.376410171412498773e-01 3.348191295284732583e-01
6.926235253520887092e-01 3.374964554485000434e-01 5.928780614799965543e-01 1.311601133527267038e-01 6.822878794420736970e-01 2.792356266522625363e-01
6.311563425556416806e-01 8.312823546437528854e-01 7.341218711644911243e-01 3.373054003378044285e-01 3.728819157897957925e-01 5.508571241145627795e-01
5.854873440138185225e-01 4.575762583739984013e-02 9.212646659648652259e-01 8.467159937461204988e-01 4.145537783239370277e-01 1.801669957394415045e-01
1.896144531437699010e-01 4.042697849756544670e-01 4.366678745560432784e-01 7.692150193173035166e-01 9.727049156104787819e-01 3.087419623012001013e-01
9.554586475056191519e-01 4.076572213028314406e-01 7.436283015815824404e-01 6.620487971309495512e-01 3.320512623461534529e-01 3.685980381810129991e-01
4.465984497191415326e-01 9.770214710315781037e-01 8.229094974593884615e-01 4.993706333679536202e-01 3.419065737121356197e-01 1.074326717455171831e-01
2.716758069582422275e-01 4.620251399021100269e-01 2.855879891674120152e-01 6.026378710158477592e-01 8.003747305831309111e-01 8.573522255018639626e-02
2.497908132729665942e-01 8.555308562063633770e-01 4.775677984182830071e-01 7.300991781104162470e-01 7.760832673741462351e-01 8.940099180196237061e-01
5.911074283005527397e-01 8.957292257885156594e-01 6.359276497504862125e-01 2.163686264288007255e-01 4.979309140538978884e-01 5.332623822574263928e-01
2.391715612239236899e-01 1.662021995434266319e-01 3.099734240856747425e-01 1.612484766866881802e-01 3.522624055279165445e-01 5.997291234863689757e-01
8.430947468768467123e-01 3.959865581758306163e-01 6.629772836050197293e-01 4.522806824235772183e-01 3.185822007006166023e-01 4.526135343650998788e-01
