7.549649517778003194e-01 7.994061710611730653e-01 7.076202138356244564e-01 6.963653522166137755e-01 2.174284652017925978e-01
7.600014592165434957e-01 5.477573654631211486e-01 2.925795314936752156e-01 1.118184279438715345e-01 2.217153417087602829e-02
6.171936450775015182e-01 8.535853121148191391e-01 2.971353180321973930e-01 4.095164608256302019e-01 9.854775037827882000e-01
5.571604316448647287e-01 5.838197404380408573e-01 2.302899755425139583e-01 5.192253372583099935e-02 1.748674210414802310e-02
4.035471264155261473e-01 4.958731256263728682e-01 9.387046835015826485e-01 8.457169028965330071e-01 3.380346503510999190e-01
3.816019568372991388e-01 1.947592692245079249e-01 9.078205036056434807e-01 3.891218420101577591e-01 9.865246429897167602e-02
9.233530300153888204e-01 8.808491604804199460e-01 6.010891163866658449e-01 4.654161141207140417e-01 8.418536776102916175e-01
5.988143829432179821e-01 9.339519145758666818e-01 5.985407249915367656e-01 1.665068791819533933e-01 4.858402073694256806e-02
4.215262845740808118e-01 6.656024893881005156e-01 7.105024084294409015e-02 2.350935391590766033e-01 5.883818065486633442e-01
1.471020181460749310e-01 3.918441316614925674e-01 5.869903230744073497e-01 9.066560536525651859e-01 2.479511261689236745e-01
1.304982023779712730e-01 8.337216639913261895e-01 5.536936999584165520e-01 9.116777018981332414e-01 8.759473713940548745e-01
6.801410536421681474e-02 1.317930443649417693e-01 7.746574945819206803e-02 9.977118982081691900e-01 1.563064810208669719e-01
4.258524214137288100e-01 1.528343821808549885e-01 8.278324972970433349e-01 9.143648953893499520e-01 3.492193822262747993e-01
5.831403575872893263e-01 4.196651429823438084e-01 6.847764472062130015e-01 2.326736406269924728e-02 8.238070466226998789e-01
1.233697763370849021e-01 1.888240682427897443e-01 2.188576771394533660e-01 3.614796470016179430e-01 4.204546676878171407e-01
8.285972028492752939e-01 7.968151600615341890e-01 3.464966913929764525e-01 6.135828357676742506e-01 4.477726781616147012e-01
6.079113251554423281e-01 8.078104103369161404e-01 9.626810522144931825e-01 1.522312884914234221e-01 8.362487823541941978e-02
9.277987506449667521e-01 8.856900009543531294e-01 9.054276588654811553e-01 2.300297809052962439e-01 4.690002689286688620e-01
6.819948433625243611e-01 7.972019659395644942e-01 1.854010816455250454e-01 5.960609336895908994e-01 4.553637521425949464e-01
1.278091408113161132e-01 2.316265256225864544e-01 1.023222530887579751e-01 3.644452627472826167e-01 1.854381667890970808e-01
4.457339291987522101e-01 6.323004000086206444e-01 7.897415105245542133e-02 9.555162417327083269e-01 5.072632250909614449e-01
3.575497002499616883e-01 3.836112627232934891e-01 4.036482475275207094e-01 7.634791695354341545e-01 9.891856937537657490e-02
7.166535663804873835e-02 2.546698186650251383e-01 6.913055681722228840e-01 8.544898462274838069e-01 6.464991874563777996e-01
4.881797479431215780e-01 6.115464920936229953e-01 2.653745306944976790e-02 7.274189810124772615e-01 2.236362327201092404e-01
9.361360116591385117e-01 7.625336066310738348e-01 9.053429866507615165e-01 2.069908930030608385e-01 3.218923673391157481e-01
8.444335588476750143e-01 1.707303003577517186e-01 5.267768936630276011e-01 3.976587854310029702e-01 8.432916856971802710e-01
7.376939449938544335e-01 6.543248027977516257e-01 8.538781490208828817e-01 9.885856888267611220e-01 1.594867154612670257e-01
3.250817049697003469e-01 5.850425610733624993e-01 3.831606397300755251e-01 3.022766648483881102e-01 2.055541155135872655e-01
6.424937771499964478e-01 5.722957158506748465e-01 1.652007626181273281e-01 5.568767608534787028e-01 8.626837943421994392e-02
5.510942888535313999e-01 3.788191096277344627e-01 4.899236373000210865e-01 8.224053118239155191e-01 1.974337481477937972e-01
7.295763598906375158e-01 4.196316493257531421e-01 2.413709296726608278e-01 7.562392477253426781e-01 8.192867410854397514e-01
3.932573465678801394e-01 6.542050929758332911e-01 6.789287812011681744e-01 6.051065985298279548e-01 1.555026044634423288e-01
6.448994930803253478e-01 4.044964196785320043e-01 4.125437407847287741e-01 5.122446880722213436e-01 7.922564525820541270e-02
1.915615126113122679e-01 8.526809818138286756e-01 7.405560040458637472e-01 3.597019228165788673e-01 4.689938068486099176e-02
4.283908007780361515e-01 8.835461390696676132e-01 6.968724359878242236e-01 4.238328015388872494e-01 3.325648253751091188e-01
7.455707848478388966e-01 1.661980951134922613e-02 4.671903077002570459e-01 2.547545114993094995e-01 7.625105907812451678e-01
3.358305059672384019e-01 8.144406700093593798e-01 2.912930571826266579e-01 1.462666517187410919e-01 8.869621702522024753e-01
3.686076624408758384e-01 9.406340442310445749e-01 8.993685878356336705e-01 7.507081990996949949e-01 6.392581212420785919e-01
5.013121253152590384e-01 8.272199660194067272e-01 7.396646958165864483e-01 5.487941411258223656e-02 3.851152288849072347e-01
6.406964401653023611e-01 7.165134813157810756e-01 8.387722848314304036e-01 3.190654968315083106e-01 5.344727425159092604e-01
2.250518420487731541e-01 5.579531600163476490e-01 5.325567104782336081e-02 6.230479747207875452e-01 4.710257037097054233e-01
8.789325074362419610e-02 8.796820511731817671e-01 4.186777027465237166e-01 1.016481976729952663e-01 1.930078579151367490e-01
8.557500214044241327e-01 9.109296896745663341e-01 4.205585978543427972e-01 7.957707543028208486e-01 8.378944335409305166e-01
7.381690743299135216e-01 9.312621005055203849e-01 8.773378767371474707e-01 7.834846803217352385e-01 8.018191728079456793e-01
8.646399907569110033e-01 6.611867368172587023e-01 1.635207190399412536e-02 2.799600447873684672e-01 5.794874598228715312e-01
3.223154437136143136e-01 3.875213813612228275e-01 9.477139624836748988e-01 9.319255292837150817e-01 7.447217348076112797e-01
4.319613190150930482e-01 8.127722321869480515e-01 7.908588655135466716e-01 1.363440095626977655e-02 8.891806737615856049e-01
2.892285799970136795e-01 8.797495128228567385e-01 8.363686794023318383e-01 3.635691158420306657e-01 5.922165848082601158e-01
1.013805052193097467e-01 6.232358692828613433e-01 9.390959984153979256e-02 3.678498616130732035e-01 6.926618702856749410e-01
8.958705435566671760e-01 2.583039439927813374e-01 5.594416689832509837e-01 5.624515775793337280e-02 6.185200069383096633e-01
2.772321389218117549e-01 3.969559579269963390e-01 8.280545610507340504e-01 7.197942083056551033e-01 4.655490597926297269e-01
2.311528080937851337e-01 4.642807684190475292e-01 5.327975451699890064e-01 8.387053733586858906e-01 2.604861420264895644e-01
8.387939815670573118e-01 2.897710437163151243e-01 5.494383345724253020e-01 2.304074343377640055e-01 2.659457161551294080e-01
4.418489886207269679e-01 8.550792549278301014e-01 9.296933295345021220e-01 3.434796326662821198e-01 9.640334160098983363e-01
1.486875714088017331e-01 9.123357480217401116e-01 1.350970798726650601e-01 1.561120010104455336e-01 2.158331284417700502e-01
2.812501083052202366e-01 8.157484708349919122e-01 7.254541811398407258e-02 4.846039678787138483e-01 4.054726788120451841e-01
1.340263463737444427e-01 9.196090603492278470e-01 7.479598410825294419e-02 9.158137694252637129e-01 4.956209843387219260e-01
8.325748088768483157e-01 8.417542431182436502e-01 3.395154975030879596e-01 9.939993159207649587e-02 4.682926750014260175e-02
1.094367658224995044e-01 6.307443935193989271e-01 5.806583646550582678e-01 4.429694377614201706e-01 4.748549384924627415e-02
7.114617830587981473e-01 5.111104431571882323e-01 7.541515793147031133e-01 6.109108482264836715e-01 3.105239336603837774e-01
9.463549717661647875e-01 1.146189423150578701e-01 9.316225539897964314e-01 3.013381386623750213e-01 7.830349895024729667e-01
4.105145969105786774e-01 4.074067231522646715e-01 8.466758530495249735e-01 2.216047736131938617e-01 9.302220303490476017e-01
7.870540419258866827e-01 4.039202500573748633e-01 6.900972751023621843e-01 3.199131348275444653e-01 3.193853460870633709e-01
4.472920520084697760e-01 8.457244609124627832e-01 7.279430258880942306e-01 4.929553767996784908e-01 7.528458049063102564e-01
2.193771774116728412e-01 6.968985167765848754e-01 9.133329921137494090e-01 3.253474176236624826e-01 3.436550326678522449e-01
4.178967431065369054e-01 1.822711037875424100e-01 4.832109276411067356e-01 7.364042002753484750e-01 6.650996771517923012e-01
9.290788531972431485e-01 2.610489198991926552e-01 6.438369712781756293e-01 3.848970236650862686e-01 4.850352539998862289e-01
5.601897596519045397e-01 6.081705710212237381e-02 7.398532840386069509e-01 6.752116944112205310e-01 3.376957287417189368e-01
8.532994909547156892e-01 3.210644448862299827e-01 5.859306968742846733e-01 4.549667736853186817e-01 2.001645247582429787e-01
1.789669150182296997e-01 6.792185843965659053e-02 3.542541628593065539e-01 2.929176055810784884e-01 3.036078555583346938e-01
6.055089293766786618e-01 2.769197272550414368e-01 4.164045211075371178e-01 8.005759340466548357e-01 8.256520702877967466e-02
8.840799150018411323e-01 2.776790451649573388e-01 2.870212505632060429e-01 7.935715723182927839e-01 8.568429932427845674e-01
9.159148950623469121e-01 8.192073534354392672e-01 7.440664200859908872e-01 5.154095708683695820e-01 3.565585686560971412e-01
7.379820393542046997e-01 3.297605228851038239e-01 7.833532947013920333e-01 5.387305270920648148e-01 5.292139823237158591e-01
1.031198401469582970e-01 5.209815634324754807e-01 6.724722667140812238e-01 2.011496777163733762e-01 6.209923281607054868e-01
5.110435187995802098e-01 9.033372776924994962e-01 6.633429328714204321e-01 3.134811144326777876e-01 1.407559439839165538e-01
5.233954345579825418e-01 2.923732103975995589e-01 8.379951653800786771e-01 9.969195747462504809e-01 1.379855173395516665e-02
9.902547837553175025e-01 8.215636854742133233e-01 5.188597545493534025e-01 8.032566913592829039e-01 2.059622840544159672e-01
8.828670916999348250e-01 3.046592015999416425e-02 9.155495048624641141e-01 3.081566069270701425e-01 1.602841127052029302e-01
9.474728281841706679e-01 7.081352698295767523e-01 8.362582614980403894e-01 2.901639328916156835e-01 8.403620211448609156e-01
8.074639425980906227e-01 9.350656260115597362e-02 6.531453026208680068e-01 3.634053805840401496e-01 7.742081517763236276e-01
1.973703151250174592e-01 1.972940539592359377e-01 1.580188947285640078e-01 8.451296244919918044e-01 1.881256017451661267e-01
6.239923451059671278e-01 9.863879104426275246e-01 3.801749170824437751e-01 6.159008954417486414e-01 5.148665089927386695e-01
5.840521840998200709e-01 3.542510845579047718e-01 3.966796219282920921e-01 5.764701467636512699e-02 2.138973252491990218e-01
1.214087421450261717e-01 1.513709025632481442e-02 6.573681763634341424e-01 2.294343315870777111e-01 7.538144016165848615e-01
9.202662181547660580e-01 1.440257008465162247e-01 4.402749748967382803e-01 5.199865117511436319e-01 8.776446393065080454e-01
5.108224702901452696e-01 6.487316077801038583e-01 9.770964603411030902e-01 9.693606715802735030e-01 8.596933795022798641e-03
9.841228072413576999e-01 2.750289880050946767e-01 3.032273334189150571e-02 8.157511335369049821e-02 1.036857472998703456e-01
1.392431766628173806e-01 7.812545686147956969e-01 6.763013176942279658e-01 2.894932687926181636e-01 8.887974728663496915e-01
2.765078914940184429e-01 5.512368741233781844e-01 4.934166297407593937e-01 4.930721904607806572e-01 4.993912406891971578e-01
3.337093315309865860e-01 6.303735544874777830e-01 8.362793603917151319e-01 9.004387701104802355e-01 4.327341036757987869e-01
8.655013593055757015e-01 2.732709038015416203e-01 7.198757859612758825e-02 8.676934432697426258e-01 7.885257480418774723e-01
7.103332261003812986e-01 5.999667410742767215e-01 8.025142304658537951e-01 6.179350570141440846e-01 4.426270846041405749e-01
7.479419838005979537e-01 3.184379268233441529e-01 6.476288792943777350e-01 6.361895970489249708e-01 1.239163645817863424e-01
8.957262392096521086e-02 1.119614238848687382e-02 6.584170398640029065e-01 5.527471852683365494e-01 7.008904711239124508e-01
3.506483376589986101e-01 1.825782525445653892e-01 1.519112323460852787e-01 8.233275582158225969e-01 4.158803346072297291e-01
3.687855318840952412e-01 7.062392081510586728e-01 6.129906893427570225e-01 1.370755886426375803e-01 4.929135898529246607e-02
3.618008963069742068e-01 1.162448621835457940e-01 9.267212532750779275e-02 1.539702880810265295e-01 4.488721032380933451e-01
7.777930133071433438e-01 7.671980317872301169e-01 3.045974969556276557e-01 1.857011335030123167e-02 9.024292561474457353e-01
3.446664536802976908e-01 7.853753473137872199e-01 3.765406397238723057e-01 5.242775933118349885e-01 2.735229027714067840e-01
