5.550814408216464546e-02 7.666439867472873981e-02 4.614522389580956174e-01 5.335810405980718762e-01 8.444687187863288980e-01
9.931195636264068538e-01 9.930505655045602786e-01 5.335854204542245238e-02 9.073127443072572795e-01 9.560687310974542719e-01
8.529030661456308282e-01 4.428017985908396792e-01 5.258718704622967755e-01 4.702127430034273026e-01 8.986456407977503336e-01
8.001463498621113057e-01 3.781380611811957504e-02 2.294021865154821649e-01 7.635212422929374965e-01 2.188693673900700132e-01
1.797907902581401540e-01 4.818212559045154109e-02 5.384090561069898584e-01 2.957688010399902589e-01 2.742958156042869522e-01
4.252082187517483014e-01 9.347915751821808117e-01 5.460876664131077973e-01 2.062580165478767880e-01 8.529915985731533201e-01
2.646569730294745515e-01 8.098698840490254902e-01 2.974958968288176075e-01 2.642568577189772228e-01 3.152175329139224047e-01
8.601313752988561934e-01 3.940632202295248909e-01 4.185273031928905541e-01 2.948205364605184231e-01 3.007396681365460678e-01
2.679297201461733335e-01 8.654407889809260235e-01 7.112260083117423193e-01 5.445817856171742966e-01 8.623095729138205989e-01
2.924542444863216240e-01 1.307126049819745672e-01 7.887516307256128290e-01 2.006133029718591976e-01 1.179058397799265245e-01
3.658247411289183848e-01 9.973732531706851479e-01 9.180791645098038689e-01 7.711042460063824988e-01 7.191398012300310727e-01
4.481876516283768153e-01 6.744909341630539457e-01 6.158098525576219950e-01 1.588430377404902449e-01 8.277989187656422665e-01
3.102332413267256950e-01 2.746361709993182521e-01 1.812822861612600756e-01 3.145229928353621141e-02 6.518845898641090209e-01
4.023693974462100309e-01 3.426975351003934689e-01 1.437059843356566224e-01 3.738359149178460683e-01 5.192190855665171911e-01
4.490654570699892378e-02 8.270953015284534526e-01 2.062024189256810303e-01 1.664698048685779863e-01 6.502000485119182605e-01
6.419753907451096753e-01 3.200541930462059703e-01 9.134157335452848248e-01 4.970942844783965420e-01 4.831004637944502633e-02
8.926630278506169081e-01 8.068092695513928714e-01 1.515946368145459910e-01 4.101871967437265010e-02 2.414756470270035260e-01
8.333378343536564925e-01 9.769606848602011562e-01 2.627205117110119614e-01 1.062158250318400166e-01 3.474489159063887112e-01
6.441185803327574844e-01 3.116245856648681700e-01 3.316110067783479831e-01 3.945463862669884580e-01 7.368952973536782025e-01
9.640132764271225341e-02 8.689311590658660434e-01 2.483536201383406139e-01 9.408035954668813039e-01 7.879717146993459043e-02
6.954314374831929157e-01 5.638184923319214947e-01 8.814465621296994069e-01 1.761049140105764854e-01 8.616761922526123829e-01
5.146559454652882559e-01 8.665156853163380468e-03 9.466039177286013073e-01 9.708505161730442978e-01 9.210688400273780996e-02
7.257531437668024443e-01 5.457181300110587330e-01 7.355707292496356242e-01 4.376894270563910228e-01 2.620552652576657593e-02
3.069692918327457942e-01 5.221585306021080397e-01 4.835790700274049669e-01 2.895435261081824585e-02 9.897291151754677996e-01
3.131173791639529913e-02 3.384580514973989374e-02 5.376309779205882267e-01 2.629065130203348533e-01 1.893892511302101012e-01
1.034192846424375478e-01 4.918491672895498601e-01 7.971688893185914226e-01 8.486058241682183922e-01 1.982311894854971168e-01
1.749000978295007780e-01 6.489532574612923987e-01 2.528967188911829256e-01 6.094167873464650942e-01 4.106455625216411942e-01
8.713881867690730365e-01 1.225169941545629637e-01 6.221925703685440290e-01 9.559655448603079364e-01 4.025715649257110007e-01
9.515756286178245205e-01 9.805610401790852970e-01 6.995015358919940418e-01 4.881361756268195462e-01 3.804846835766606539e-02
7.194615766866624407e-01 9.982502431575215329e-01 5.452124723773433823e-01 6.191028797411661788e-01 4.863677925998153295e-01
9.940072895476456116e-01 4.268782407677595980e-02 5.242619267931848404e-01 5.701702284703212831e-01 2.841198145972168021e-02
2.254114191151181945e-01 7.927066392316222121e-01 2.022907563134106468e-01 2.446883663649270790e-01 1.507094828440711520e-01
6.627011829668988385e-01 2.524509648704679199e-01 2.327139222215003356e-01 5.091136026984348639e-01 1.274411162415941545e-01
2.558731340610427285e-01 4.131659485769655360e-01 7.488807295054411561e-01 8.201322060433353656e-01 7.427374935968378278e-02
5.594452622643693029e-01 2.674076902547793955e-01 5.847095755413822538e-02 8.948817704595687372e-01 6.674435228779281859e-01
5.028512414861268098e-01 3.433285966932568822e-01 6.335883527561758655e-01 3.493299400103830887e-01 8.585487020890040233e-01
2.171324380699426460e-01 3.050323905383218737e-01 5.898112914974054100e-01 7.153010467577323173e-01 6.844591114726427117e-01
5.067571001762007921e-01 9.057488780960517571e-01 7.274327337796768767e-01 2.144200799957983739e-01 4.013651635972019793e-01
3.828668383319571156e-01 8.062717030256556505e-01 1.792281363462711052e-01 5.723772487179752400e-01 7.221360819090489880e-01
8.850143730464365976e-02 5.586280536442491673e-01 5.020548990913797915e-02 7.330108167867845914e-01 5.594704376012671343e-01
9.173758048335268755e-01 3.244925451258052762e-01 9.963775048378131771e-02 4.080757898682475515e-01 8.010717610615675222e-01
6.712469422844461464e-01 9.726336404191828766e-01 3.561374188773014371e-02 3.477736673257481037e-02 8.631662980217901238e-01
1.390370194170736928e-01 1.891811676299248735e-02 3.708731581365161123e-01 2.636208840084657279e-01 8.752071519982732584e-01
5.893495315356134245e-02 4.060268996709254230e-01 3.143222047487213011e-01 9.873856326421511787e-01 8.780316439575522880e-01
8.402166372400151628e-01 9.432452071771838531e-01 4.186962825293696344e-01 1.578111843552856275e-01 2.094190746804478476e-01
9.148742853199142155e-01 8.938506098317268167e-01 9.472427567094657830e-01 8.084332465264529866e-01 4.394511644223775271e-01
7.708686932121272539e-01 4.424053660479971839e-01 4.566042398946760228e-01 1.668528929287815821e-03 1.131026704003722516e-01
9.816255405030467340e-01 1.640458248384727424e-01 3.314923040776088792e-01 6.578349976195357884e-01 1.897270413642040410e-01
4.983626612762699359e-01 7.590000225286790414e-01 7.834128863545966048e-01 5.474890304585848799e-01 8.554201696087690987e-01
4.034554457015335771e-01 1.363934055989906025e-01 4.057763291506349956e-01 7.053471895123264446e-02 9.574882692502462156e-02
9.736892852114231722e-01 5.204114892209694698e-01 1.774468848739477744e-01 6.909596715560384350e-02 9.059304584863838716e-01
4.574923567999189533e-01 9.295002687856477319e-01 1.381343124063990624e-01 6.259687674987455264e-01 3.139352698949826603e-03
3.867289447387192158e-01 6.279978488351467547e-01 4.548735873292654164e-01 8.359858825442992858e-01 6.803150259602777084e-01
4.001027474697671504e-01 7.052089230729376990e-01 7.276237232404414446e-02 3.869353246959358339e-01 9.585919350910945269e-01
6.478792529766556063e-01 3.392621887076926468e-01 5.874533826452353891e-01 9.881824493572886059e-01 3.288960696905696146e-02
6.451426105794638710e-01 7.599639721995301578e-01 7.083381520082705496e-01 2.883967789148111915e-01 3.468177496874674803e-01
7.334106560853937973e-01 1.400184195214948524e-02 7.514581600520346960e-01 3.245594544676405624e-01 5.580956229334543828e-02
8.263487013828049177e-01 3.908563765543360269e-02 7.386504850472708217e-02 8.500386735650276027e-01 7.061967345860840073e-01
3.260174812804159661e-01 9.036939985605912939e-01 8.862181313425105955e-01 4.290492716870657475e-01 3.918835691763655760e-01
9.689719280107812471e-01 5.346764488305416618e-01 1.619498598680810808e-01 2.133790668597669304e-01 5.115377590806854391e-01
7.512164626164312686e-01 2.595733000462320250e-01 4.877892621831587672e-01 3.803392993472914929e-01 9.342566236758420573e-01
8.114043721676417187e-01 4.506191829125926196e-01 8.283047785309628486e-01 2.882637306579451941e-01 1.475449061499979342e-01
8.543917329136985206e-02 9.512640433089324388e-01 4.522949396224675844e-01 9.524378100521860846e-01 9.340787586226868555e-01
5.053800771135301684e-01 9.550418386022320183e-01 8.957551900870636130e-01 3.034497715734379986e-01 1.996602965037717059e-01
3.986661201763039841e-01 4.765252928623106010e-01 1.802370793247611847e-01 4.931854243079716316e-01 8.601981762829796763e-01
2.932878557311271450e-01 5.433649103024618121e-01 8.416115913215738153e-02 5.899969042778099304e-01 6.318846338283041764e-01
3.058399561253676291e-01 5.381847663199200715e-01 3.157048944259954748e-02 5.138103037387837801e-01 7.558668826571888211e-01
6.355548601322025259e-02 9.118994888008262745e-01 3.176753975630536297e-01 2.723105910720122758e-01 7.362730686127140212e-01
4.315741962445132085e-01 4.371769221780452686e-01 3.808518238769269537e-01 3.477257122365952080e-01 9.143120455525682866e-01
4.714377593055520954e-01 9.012050090522459866e-01 5.378778852668624211e-01 2.899539717461359078e-01 7.614869518691697037e-01
4.508490198244796687e-01 7.227369550197347836e-01 3.126112063030231925e-01 3.565973654488516775e-01 7.260203338632668091e-01
7.824479152556679251e-01 8.119608832267890541e-01 3.826822450202594927e-01 1.180690253750334984e-01 8.278203865576273524e-01
1.660745528127313131e-01 8.475468051129488867e-01 6.518696632103371247e-02 7.715163950310705010e-01 9.267420684075498016e-01
6.805399152488412762e-01 8.709223139846712369e-01 8.241372721966000459e-01 9.790380277858570235e-01 2.354694595907097510e-01
8.458477972875731998e-01 1.256787053027282886e-01 8.165812066633532096e-01 1.649685395017949086e-01 5.654293929351168480e-01
1.019983590935056306e-01 9.313733995517893272e-01 2.580986761441740329e-01 3.223351826961462496e-02 1.658556772884572927e-01
9.118480701528116628e-01 8.744622482638948480e-01 5.381960114128843120e-01 4.360932769095375861e-01 3.804524373612911958e-01
2.953885309316439667e-02 5.146888826768342140e-01 9.018229951117026078e-01 1.218894729598355431e-01 3.142926967680684802e-01
9.238715468225137117e-01 1.888546300730233884e-01 8.519672253734519307e-01 1.515539711786781929e-01 5.642500957935606687e-01
4.314484702833598639e-01 7.392958040994800362e-01 7.290937052501178517e-01 1.040490014308417255e-01 2.348009310558890617e-01
9.484291427785185302e-02 2.812001648653472685e-03 5.836555163111212252e-04 5.288705789949001979e-01 8.688654052980274711e-01
2.521900334726739912e-01 5.365263338481609523e-01 9.601200575758255251e-01 8.245845728499971994e-01 7.977857405975975480e-01
3.396082250032227412e-01 8.828332993987575428e-02 6.781593330347136517e-01 9.114251007859994758e-01 9.004096113827083636e-01
7.218673089766372009e-01 9.861701688907336116e-01 8.894001989822042376e-03 7.322789336499784252e-01 2.952408448569356914e-01
8.621677948014982995e-01 5.694369231168124879e-01 5.390969897282090750e-01 4.545576254307189812e-01 1.876421987200458386e-01
2.826480280649723564e-01 4.485012453158548906e-01 6.750679150171252640e-01 2.016315997528020931e-01 1.952369825087745259e-01
2.175341055497677090e-01 9.827267840981371849e-01 5.774287935304245334e-01 4.645985921310349376e-01 7.488151644817986341e-01
3.186075238525962749e-01 4.861042614538493289e-01 8.286509286326215751e-02 5.017267175208595109e-02 7.796399254474726259e-01
5.837397269264642530e-01 5.812107582045574761e-01 7.785306032280245869e-01 7.162165128918976942e-01 2.289709597529279161e-01
2.165046399773792318e-01 1.187172851146317543e-01 4.559374883112189414e-01 3.772574822687601026e-01 2.078062706611440991e-01
8.631394056945811410e-01 9.889111258866767340e-02 8.683107058419262669e-01 4.791346093842051568e-01 9.950619431638895174e-01
3.199631088894060449e-01 3.352054355029996380e-01 9.765386379974525521e-01 5.484394705854367391e-02 6.637296328553707880e-01
4.007025239685433338e-01 2.475214271168021396e-01 6.675584755849687246e-01 7.558790764158215270e-01 6.673889137050116327e-01
2.748354301866633431e-01 1.382691397345329198e-01 8.263030113897918971e-01 2.435134332613874131e-01 2.027712162127447426e-01
4.530494617237275090e-01 3.213883005065970577e-01 6.022557312493126425e-03 3.594624867673879010e-02 2.906110631334626326e-01
2.426335980567605466e-01 7.593435501863348147e-01 6.512018685112251903e-01 2.156753674444600311e-01 5.242424332256798714e-01
2.304534589937592415e-01 6.487747774225059993e-01 6.962081051008528476e-01 1.105099571027012839e-01 2.273430712200952275e-02
8.932635779980632185e-01 6.442499750623187360e-02 4.905332676320616203e-01 7.273099669530396216e-01 5.195971341268100785e-01
1.280869590522840662e-01 9.784774833306477682e-01 2.285810034920259248e-01 6.427696033717841262e-01 5.738500083036381927e-01
7.020866223846105036e-01 9.897781679830085499e-01 6.345458695827262963e-01 7.170387358272937162e-01 2.266673156319920501e-02
