2.139902966459662492e-01 1.376146166754351752e-01 4.319145570205422668e-01 5.921949982054069972e-01 2.851536697531572573e-01
1.649888959739471694e-01 5.026430768675571592e-02 1.516976274624106669e-01 8.332168470934765425e-01 8.307851502606515837e-01
4.584750956580374570e-01 5.863517780213932662e-01 5.223414028305258805e-01 6.084306073369795120e-01 4.657828715568246292e-01
1.934481647262509263e-02 5.210136528120216104e-01 5.922380654394225896e-01 4.965222947692572442e-01 1.885687514985787683e-01
1.819825624860360591e-01 3.027527451886593557e-01 5.690950258987205190e-01 4.062673192850168036e-01 1.955218173101802570e-02
4.160915221827520272e-01 8.759548400122889600e-01 9.591955918516616997e-01 9.107600951978541692e-01 2.302223727653529561e-02
5.614560205504796064e-01 1.685964019894800048e-01 9.506044012498545692e-01 2.497463208606430785e-01 9.462906146499150406e-02
6.263705915604214081e-01 5.565800052509095597e-01 3.382980900162233517e-01 4.850737405495622045e-01 9.410767108471378428e-01
9.566516604144331692e-01 2.599229409930281509e-01 7.820155999374496236e-01 5.471490074964435735e-02 7.534664080537182285e-01
9.143778546072424129e-01 9.954665455225132353e-01 5.878381372816631201e-01 9.428222225771306642e-01 5.463237254330032266e-01
2.052931120251166863e-02 7.873432681535619260e-01 2.009205315034319206e-01 3.692565810954628880e-01 2.831447182398194595e-01
5.348977946211483925e-01 6.664860053327162914e-01 9.870824658975551058e-01 3.404083530525785495e-01 7.126852602951941895e-01
5.291338450074689614e-01 4.501003328189923103e-01 5.092509060074548177e-01 7.451294634874557898e-01 7.730554388020887124e-01
6.258783564554774026e-01 9.245183369979455001e-01 7.164495776278312356e-02 7.527757129235995714e-01 2.537321722354357600e-02
1.014716566610591730e-01 9.599915089162101012e-01 1.719236390683775983e-02 3.627947030564189212e-01 7.764392586674720986e-01
5.932910426241381208e-01 9.765779728202829135e-01 3.143457527633451987e-01 9.597006461451446091e-01 1.676962876799965585e-01
9.343959106668375814e-02 3.567469964249058156e-01 2.143614059949222606e-01 9.481154880148521258e-01 8.396915213598610261e-01
6.451348270887068415e-01 2.991422373361858345e-01 4.593853328373804779e-01 3.745404336303149728e-01 8.666291112371382610e-01
3.399946543177003733e-01 9.381915879035584993e-01 7.309406995269129848e-01 8.905784892560542065e-02 6.496648013440815550e-01
3.643230719577998933e-01 8.638891842252873765e-01 3.699180924011968852e-02 6.024826173420823050e-01 2.373529555484132914e-02
9.516367245247273621e-01 2.835917293655112470e-01 9.145958827695044313e-02 5.438819910218753995e-01 8.050356280452650726e-01
1.261623886809168926e-01 6.511713220440280558e-01 6.149040494816256919e-01 9.469437139245445723e-01 4.447041453529716470e-01
3.466374282117091754e-01 9.385162301529401674e-01 5.303531233980188775e-01 5.886835011576745380e-01 8.728509293678138325e-01
5.304323172507788842e-01 7.949339613142563099e-01 7.960527880149836921e-01 2.121879844723739694e-01 4.854176106493627296e-01
8.241185817307702388e-01 9.742804495875421189e-01 3.041778447188492329e-01 9.002765728119245248e-01 7.048703972202849943e-01
7.957007355319840602e-01 9.821286515101660397e-01 7.378296834855347930e-01 1.524602665629881670e-02 9.864410676416205392e-01
4.897985821688398689e-01 6.751306867144996060e-01 1.932172195786165947e-01 2.137064927149798788e-01 7.084536459097482419e-01
4.988515943448338374e-01 5.581057118955194962e-01 9.694071872073618534e-01 2.236921712870155732e-01 2.840235353942810459e-01
2.353997645161709507e-02 2.946737180505636378e-01 6.522397968071467211e-01 8.906203239311754061e-01 7.643889283426136272e-01
9.897683484276385002e-01 3.980858302760079681e-01 5.313124858569338027e-01 9.312989477584358022e-01 7.145133605616559302e-01
2.735712182089453659e-01 2.142650768176281861e-01 6.665086131430623118e-01 3.683493409850161493e-01 3.280670878648721533e-01
5.945309425599629716e-01 5.003985544306207567e-01 5.319225915046126296e-01 1.114310668642428670e-01 2.493140024482903838e-01
5.281380765424110724e-01 9.459612982144477433e-01 5.041714897953654129e-01 3.458456041995876529e-01 7.725649411511175124e-01
5.875373774755243694e-02 2.894523285633284759e-01 9.973666992647682861e-01 8.249586508762404291e-01 6.752746671794763733e-01
7.486832833307874857e-01 7.188577554274234727e-01 5.977116635885226792e-02 4.317999097635908390e-01 3.723245332643271288e-01
3.449044831957637225e-01 2.627388204137430794e-01 7.622433826578893790e-01 4.461010952057709034e-02 5.762663221394189739e-01
4.040734437347317520e-01 3.592501151027308604e-01 9.383962602454558599e-01 5.941694854978860629e-01 8.184592765632388023e-01
1.804789546004880174e-01 9.078802426653178603e-01 1.662252043591879724e-01 3.837953895029888596e-01 7.435763775845100065e-01
3.772462014193902480e-01 5.525701947128702773e-01 6.721833888515358346e-01 9.867813369376466914e-01 7.596136273769013014e-01
3.456052827111137926e-01 7.625807114139604437e-02 3.566698965506303054e-01 5.637683441059582190e-01 8.119258219469258631e-01
3.713293871129356161e-01 8.124712286859698818e-01 3.919477098261126002e-02 4.000950163127745540e-01 6.279320597002879811e-01
7.298318827125640507e-01 2.427899607246103431e-01 4.865317140810282437e-01 8.317786605550225865e-01 7.495572288006491224e-01
2.541824183499123979e-01 9.493233618938474727e-01 8.132233889201745392e-01 1.127480106611198352e-01 2.345414498879160314e-01
5.034582722894813678e-01 3.751340480324870663e-01 5.553170779505698373e-01 5.475678878270971994e-01 5.822186018960451293e-01
7.889525930453159530e-01 9.109107672458094385e-03 2.397796444221839129e-01 9.622076300526150039e-01 5.104292683006554920e-01
8.775218866860787781e-01 4.941573318465393161e-01 9.184347154026647475e-01 7.999643917493302059e-01 6.319203791008286553e-01
2.624178742570728584e-01 7.427171567164783106e-01 7.540861024773752863e-01 6.564690724629728136e-01 6.853833044057533463e-01
5.076635467341353847e-01 1.298168146868085016e-01 3.473056170352772920e-01 1.217775125332443142e-02 2.198322719968117678e-01
5.972248392179108079e-01 9.783384741862776179e-01 2.254434415176178597e-01 5.981678600836242143e-01 1.067030447482384403e-01
8.511988836857602436e-01 2.918328067765012523e-01 8.947529240582693388e-01 7.090120602291590801e-01 2.557709754166007654e-01
1.853675373989416286e-02 7.435548874923225693e-02 2.759600412722765794e-01 7.010331046278801548e-01 6.680177139968263011e-01
1.719163313072222810e-01 5.631619397586278275e-01 7.739439616193797278e-01 8.030572932491047977e-01 7.769338909784672120e-01
8.794066939058091670e-01 4.911590722431085076e-01 5.870868195749492369e-01 4.553904020176033907e-01 1.591851008477911389e-01
9.444250142559733607e-01 8.708665730459089760e-01 8.604767096656851244e-02 7.346759440073432623e-01 4.746096706557705325e-01
8.998668061720271893e-02 3.058375316291903623e-01 4.146716681610530530e-01 8.956261751500258494e-01 7.942132178855518809e-01
2.828304605654401449e-01 7.454353550342780466e-01 1.637023966782304996e-01 4.442163889536250299e-01 5.309513285980977937e-01
5.393520889112390915e-01 9.479014479664440440e-01 3.987389666068339444e-01 2.520349908378997084e-01 2.753766310013454621e-01
7.508977220996819746e-01 3.362807011414347125e-01 3.769924060027513013e-01 3.580514201029588728e-01 3.758692868060183878e-01
1.256439753003387727e-01 4.402964998019853748e-01 7.570950486490365394e-01 7.164961316346387665e-01 8.539924480518165106e-01
7.495981256848576191e-01 1.063420221587904058e-01 9.575916009517860816e-01 1.067573869506291961e-01 8.734891991498572317e-02
9.546391768473090345e-01 1.988853924468895196e-01 8.219829521715342757e-01 2.995814267177474566e-01 5.818642239672403571e-01
6.167607587993499951e-01 9.533370571652086678e-01 2.439939468426074454e-01 4.586800429647648336e-01 5.743001845875325140e-01
1.159485109965746608e-01 4.361833892056448114e-01 6.566455620440933005e-01 1.208144076093531361e-02 9.452571505999921575e-01
6.210723220995434390e-01 7.868924691111728320e-01 5.969775986278841318e-01 3.731687051281807888e-01 4.710177279767524539e-01
7.028014386141278047e-01 8.816828086815050591e-01 7.951969316572815583e-02 8.194963911357006081e-01 2.922731020556105230e-01
1.658767914730566728e-01 3.594978227727740894e-01 5.652119231033249092e-01 6.493485674087839943e-01 8.156483199738771006e-01
6.142970782882127834e-01 9.958853734045960415e-01 4.107930729887150356e-01 6.885931253615142911e-01 9.784536672866926965e-01
2.354706961612473837e-01 6.166266881500471753e-01 4.646218961914283518e-01 9.582738195937886561e-01 4.624034451704528426e-01
6.206493872990543892e-01 8.095288696343851953e-01 2.600612250333000919e-02 7.846801448700716497e-01 1.193489964384865099e-01
4.678337912233979656e-01 7.131323377095142302e-01 9.377529352378735084e-01 4.461626137852036100e-01 9.793306779465378309e-01
1.194059294446414565e-01 2.434008136788915477e-01 1.372207107223433198e-02 1.759938844628970989e-01 8.114860890230624069e-01
8.894033107115931758e-01 9.612824628138647576e-01 4.392805638964996096e-01 6.100112417575042079e-01 5.620052717334799164e-01
4.943228320321371161e-01 2.816656619906876546e-02 4.443584796866103526e-01 6.428335837127374663e-02 4.444601121499247576e-02
1.835157499329715947e-01 7.058477613576531473e-01 8.194469919073875674e-01 2.975102407048325626e-01 4.965639446480093477e-01
6.057424424993981260e-01 9.506115961743184517e-01 8.896437108592305520e-01 6.818147435892837338e-01 5.105765115071269067e-01
4.049035951639201603e-01 8.870985741367019006e-01 5.954540277654215563e-01 5.408902377714350784e-01 8.701595457574654580e-01
5.244183194816237625e-01 4.790652605080232274e-01 6.914736522381400574e-01 1.529187652573482659e-02 6.618468764858898012e-01
5.413311847516319997e-01 1.538070005053742140e-01 6.356287477263226071e-01 4.068623353915867824e-01 3.371077600003734576e-01
8.581975518777309464e-01 9.848784513531787521e-01 9.151312515330284336e-01 4.904647105502015769e-01 4.173192816712509856e-01
1.404660333959594221e-01 1.131660026500322935e-01 8.552263659361842851e-01 7.366295261051333254e-01 6.465921963983217724e-01
6.550895189945734609e-01 3.318056160456516190e-01 8.183693074758380259e-01 8.916488926729715381e-01 4.808700166688859579e-01
4.083366080665514763e-01 2.341996409905844345e-03 2.763720515421492774e-01 7.545992529311318364e-01 5.178852228856752893e-01
5.086434597506199751e-01 3.061351258542700515e-01 5.210372293553795497e-01 3.524309683230136825e-01 2.898291146431951626e-01
8.621696622087160478e-01 1.378888912994513660e-01 6.438702403430121013e-01 2.229049152307027715e-01 6.683196294079567501e-01
2.549196306490574271e-01 3.968227547273077693e-01 2.491360436977881898e-01 8.845606309195148675e-01 2.161904465880555293e-01
6.269635501710207892e-01 3.633163687306784073e-01 4.181653424417158815e-01 3.789354826977642254e-01 3.600110779163401276e-02
1.877837402395312605e-01 6.113862149659077261e-01 9.389571863278245445e-02 5.015063828004372448e-01 4.985942629540263127e-01
6.703514906142724605e-01 2.644284723398188097e-01 7.723959419017956129e-01 2.706485173687448453e-01 7.254694932120424600e-01
5.637525001906834587e-01 2.142235828794888386e-01 4.405294563092913007e-01 9.011707607655129459e-01 9.232550428608763404e-01
7.447056680724616351e-01 4.135012580365480250e-01 2.278509555762388006e-01 5.035143677351048286e-01 2.858278732420030943e-01
8.232113586364547819e-01 6.821858296996285986e-01 5.980104190591616353e-01 2.348938334906502945e-02 6.323936955934533755e-01
4.063414908006489634e-01 6.404114610852186251e-01 4.319691884053485920e-01 9.287302347749132325e-01 7.894320646240718942e-01
8.498944748643832980e-02 7.502143747893895709e-01 1.671740548542336446e-01 3.982735267512180766e-01 3.010141602823931395e-01
3.886050682284138968e-01 2.462487958412670208e-01 3.498340803140995714e-01 8.612339184976470774e-01 2.178597751022977036e-01
3.503616648312822823e-01 4.812064728358708132e-01 4.364770683168450738e-02 1.286914687680740244e-02 2.328453994819967843e-02
1.557965756491525022e-01 4.559783602837006455e-01 8.423593999693634871e-02 4.343821091480255525e-01 1.824804265569307526e-01
5.594338249407294628e-01 9.199573840125515600e-01 3.446387811044312466e-01 3.731316494012884011e-01 3.766193696128321555e-01
9.823050036823063325e-01 6.714661532535084465e-01 6.579224615467071935e-01 9.802573029145056349e-02 4.473751317127192539e-01
8.347892583458069726e-01 5.143928168594610328e-01 7.840011310280400325e-01 9.068320087931234230e-01 4.361511610192160271e-01
4.504567487960920991e-01 4.382980840642205500e-01 2.721980425128645020e-02 3.258313166037785091e-01 3.606319896815035619e-04
