3.088995036826684970e-01 8.971010202505580455e-01 7.950687360641551793e-01 2.231311458594608110e-01 2.742225187662173935e-01
3.961992041778589213e-01 5.331193221527051884e-01 7.887258909260929096e-01 8.616412238116912814e-01 9.186025888903327496e-01
5.668189941671121224e-01 1.493178456412931343e-01 3.707511573692235940e-01 9.739805344394799613e-01 1.188684133751316541e-02
9.375303796860977590e-01 6.641490333886987951e-01 6.672324789345456253e-01 7.389315495089202601e-01 6.780631662141860527e-01
4.178597842216551506e-01 1.346835062899032209e-02 9.599288591731093279e-01 4.020946963487154191e-01 8.243272179608378547e-01
2.125353153421528640e-01 7.545878718768550542e-03 3.337415602412285853e-02 1.058748988177139472e-01 4.928049127507160287e-01
3.425470439893674168e-02 3.423317157449957682e-01 8.068030766047895597e-02 9.102491519532318609e-01 6.646707377616226653e-01
9.313076645877073068e-01 7.529521997670808320e-01 4.658777188951306325e-01 2.454978123552032931e-01 1.607163166101210905e-01
4.035006370314808688e-01 7.803019086274876059e-02 1.033939752240042864e-01 9.658805214934198524e-01 5.602509546892220360e-01
9.049407854149312813e-01 9.192332520099862903e-01 4.952037557235478005e-02 9.167919613589154970e-01 9.640817995681683072e-02
9.310870076149159180e-01 9.092935688164074381e-01 7.869077704836255904e-01 8.111907875577069049e-01 7.137378051398943768e-01
6.849758457040541204e-01 5.429819259705401802e-01 2.406547693024216894e-01 7.239542444425581813e-01 7.495316216517726726e-01
6.594221524675305535e-01 1.826458526871261867e-01 8.058268491248672394e-01 7.746488880404560629e-01 4.890761001745158598e-01
9.351569356893424390e-01 7.932915024514023417e-01 3.819491296863977148e-01 5.566800858191406354e-01 2.974665311873203599e-01
6.542175189086412157e-01 7.586884437438620177e-01 8.586665656133189994e-01 4.570213579981449170e-01 8.855842556660650233e-01
9.955961033696902884e-02 7.916853254202451673e-01 3.613068004573066760e-01 1.392072931394728874e-01 4.668369220590399271e-01
6.302473897266877012e-01 8.863540974948702633e-01 3.652266058016163663e-01 8.983077828869682202e-01 2.876718171929967260e-01
3.928692063142380508e-01 6.309769281231942806e-01 4.178564342892741035e-01 2.687839630660449064e-02 5.500851595435291008e-01
1.183098558509156906e-01 6.291601709184302393e-02 1.571303500555676358e-01 5.335246473164086956e-01 6.792327472784274178e-01
2.461772044971219930e-01 8.532950944924835301e-01 7.686097537102465349e-02 6.230605379760556506e-02 8.962674489633472019e-01
2.562187853122457337e-01 9.099017672503852960e-01 4.952683497679764013e-01 1.506637503740140271e-01 4.870125118414946330e-01
3.965150964294361646e-01 2.252249446675660405e-01 5.265659431684981406e-01 5.425151018997691477e-01 2.940675201352818124e-01
3.011580775210248584e-01 9.643216101791827199e-01 5.371304916762036363e-01 6.431177909415444205e-01 9.060965978972330692e-01
5.491251427702318333e-01 3.166951314095456382e-02 4.603318432758296552e-02 2.535000331577096366e-01 7.278686575392252500e-01
1.718667759857400723e-01 8.987533544850776490e-01 8.858058477837151834e-01 2.809933245798094115e-01 9.305764398947913296e-01
7.199757389003498265e-01 3.893664027541972050e-01 1.256873903192264885e-01 1.584966199243390550e-01 7.924340529836437774e-01
2.347101568527687476e-01 4.455902249820464789e-02 5.602810753498759233e-01 6.154803376599045084e-01 3.531475607875370626e-01
7.878430327406401590e-01 2.630350141167484557e-01 2.411179560609830741e-01 4.858983219861385816e-01 9.142334167411950707e-01
1.018440503378801321e-01 6.155186867446096333e-01 3.613913427810532264e-01 6.115338343858318648e-01 8.092227010412106347e-01
6.626004356215833280e-01 9.417882974943416752e-01 5.455203059356844575e-01 9.435730847225225482e-01 4.524469484857207568e-02
7.758155628430540851e-02 7.938981250963011993e-01 3.112508918246449374e-01 3.210660231854586266e-01 5.625053902286675234e-01
1.591559741357571056e-01 4.019800931397421451e-01 9.085847558330744089e-01 1.797211874462603109e-01 3.525498348056215203e-01
9.112231212739225761e-01 9.137908020990103131e-01 9.984302097885432437e-01 5.966185809923494343e-01 3.819287160170881101e-01
6.778576916920981965e-01 4.952297378143648565e-01 5.375117944136611481e-01 8.328119131688000998e-01 7.592916355853671639e-01
9.341742547713719480e-01 3.284854364803603266e-01 6.270353368439562924e-01 3.050892232530648673e-01 7.004678218784536892e-01
3.077087339499985363e-01 3.307399054711248620e-01 4.336845603885741696e-01 9.290199648208079530e-01 9.335435611906268694e-01
6.652219971429869094e-01 6.734537337899868525e-01 1.117555851510270148e-01 6.384460703954213390e-01 8.727602564316612188e-01
2.246166502419257860e-01 5.918797613632749144e-01 1.769005587177331362e-01 8.412848172182860740e-01 6.477546632109947300e-01
9.297441186149433268e-01 2.183875291135268792e-01 4.315306668631613274e-01 9.551092440691736352e-01 3.712483842064979722e-01
2.827200147311821343e-01 9.585202642676572404e-01 3.978267740328781388e-01 5.727734405206075241e-01 8.029010098509533622e-01
4.015309915189145817e-01 2.310877919165988947e-01 9.184459360632241109e-01 5.697706439755099161e-01 3.009789253015077160e-01
7.478380749466234656e-01 4.148997059407942833e-01 3.320263654534397757e-01 3.394665925203391721e-01 2.104133865880382093e-01
3.897104451419606264e-01 4.410265079292280399e-01 4.444697884440241831e-01 1.742077741714815886e-01 4.583139929633062160e-02
8.477678813036561012e-01 2.576262231280359583e-01 8.259190833658945907e-01 5.638891172865987400e-01 8.602659817422750876e-01
7.248439379484343803e-01 7.792131642225686994e-01 7.588092994477266817e-01 2.364449538873947265e-01 7.083268989620089551e-01
8.169224562632274589e-01 1.370984017323556570e-01 2.864191763322526674e-01 6.384242982772079245e-01 5.941145264617581079e-01
7.627637077578768299e-01 5.259497874970758824e-01 1.747045164224247937e-02 1.500065126207088539e-01 6.364187790821187463e-01
4.331888259665440666e-01 8.001866041256879836e-01 9.333450588348582988e-01 9.065062997827703084e-01 1.735024682174605148e-01
5.109062739294567557e-02 8.754676440550063221e-01 7.719249060889000758e-01 2.476922053008099311e-01 3.192836584774664255e-01
6.342122917627958101e-01 5.312476682789082361e-01 3.827819441830396796e-01 2.159911075066438535e-01 5.083862846009660208e-01
5.245894388244549678e-01 9.111856799752713343e-01 9.417151689278450144e-01 9.511855657003021047e-02 9.223896581524253513e-01
2.837201200401330281e-01 9.537981820571115321e-01 3.007444862027472965e-01 5.206071303439960829e-01 1.538236970661925884e-01
3.935686069767796447e-03 8.623045600378570485e-01 9.196928702837767755e-01 3.382193869869466463e-01 5.940913653468886668e-01
3.447455152467064909e-01 2.507941673984761533e-01 2.527607625414595161e-01 5.658438631447620937e-01 1.923096716866213862e-01
2.997529201944318933e-01 2.337342867446409178e-01 3.239042488044562296e-01 9.936148161097793086e-01 4.611755940469107751e-01
6.784682047205247146e-01 4.998922351209121873e-01 6.172105605755859870e-01 3.068808109122503902e-01 9.174411199126096816e-01
7.814174028490606938e-01 1.590118745577894233e-01 5.958833704408338372e-01 7.384323462267428084e-01 5.753391673554952845e-01
1.127690139367456545e-01 3.059439652866424719e-02 9.963828713803754011e-01 3.520379908430911753e-01 8.114082026628565147e-01
6.689100615259745419e-01 2.942948461253003245e-02 7.356492668864591522e-01 3.933748894814491637e-01 5.676590976732390770e-01
7.955091159549541047e-01 9.156102258320053533e-01 5.675647148970011102e-01 7.661134422833530966e-01 9.207615363326504543e-01
9.909103521431217310e-02 7.150941138588662316e-01 2.984349748613176478e-01 7.614901349191437463e-01 3.360657145427393688e-01
5.645145273480534076e-02 9.719711614573053327e-01 1.037873675023166520e-01 6.345923028540122468e-01 2.416379291865738965e-01
4.031858679322042338e-01 3.450218104688375087e-01 2.319932491200443758e-01 2.502034889689437325e-01 8.199036960252545914e-01
2.993361359473724059e-01 4.024014621409079950e-01 2.227343389912841420e-01 4.131053944962850277e-01 8.021708499652449031e-01
1.636961098528553205e-01 7.759342469896818306e-01 3.584659738837151499e-01 1.677259269486360838e-01 3.925157678168122999e-02
8.091798075878007257e-01 5.911935500942044897e-03 6.801629007850376052e-01 6.976950071101784001e-02 1.272453683713853367e-01
7.174222257392365298e-01 3.773853943714357007e-01 5.064859144628599541e-01 1.526831814791670405e-01 3.671126061217931946e-01
9.768197072864543973e-01 6.484413014886403204e-02 5.610646312039022643e-01 8.610794790479078253e-01 4.984079455648626755e-02
8.211054304885624378e-01 8.450866191814926376e-01 3.196131611757228042e-01 8.590139882108348557e-01 8.259483863106886758e-01
7.373793047542859247e-01 1.773422866763032513e-01 1.131868891237619579e-02 6.768957399130518526e-01 8.169086452046783187e-01
4.689955688380511578e-01 2.784354813313488775e-01 1.325730762196182244e-01 1.796023297092745885e-01 1.624861424391926823e-01
3.208201995917815408e-01 5.643798639734938227e-01 7.156490800042550893e-01 7.816009546594705482e-01 6.539040370045807737e-01
9.645688829849475843e-01 5.542602937423424247e-01 1.983961917430733246e-01 3.735319456732759669e-01 9.473438051274649663e-01
9.680256861198445195e-01 4.589953471032892640e-01 9.185680930218496076e-01 9.556790227074816180e-01 6.926842511716978512e-01
4.352585483138982081e-02 6.258592954252689688e-01 9.784407739921969771e-01 1.369306154706850798e-01 9.908816123893736671e-01
3.394359027586506539e-01 6.692041710399129206e-01 2.497292960352772706e-01 8.732640050561936151e-01 2.369433866473389383e-01
1.019549326976169068e-01 2.888511204515668007e-01 1.167717134800622114e-01 5.145362590566642247e-01 1.452247602903609103e-01
6.006472017582700218e-01 2.704166713245126363e-01 6.335261400570441070e-01 7.072688885572023798e-01 6.740745803103193046e-01
5.314253150479513188e-01 9.894111385750548049e-02 6.866961653926018094e-02 9.536808863864105756e-01 5.221461600129408964e-01
8.536962281645692485e-01 8.335976235378422805e-01 2.442710980099612739e-01 8.426038331164639184e-01 9.136643562340346358e-01
5.626069878511468225e-01 8.269327881787713608e-01 6.641118200875029132e-01 2.298589185010090352e-01 3.514083509231511471e-01
9.627867337495654709e-03 5.542489654764047868e-01 4.848598537172754686e-02 7.196372342237393749e-01 3.753583456022763221e-01
3.527334159072793573e-01 6.142222484549234585e-01 7.079537876294732524e-01 8.492568739887457197e-01 6.007187291852482680e-01
6.321951989172092112e-01 3.393377695663277738e-01 7.505990576385292989e-01 7.970349089754125149e-02 1.871460749695995629e-01
6.112249697050411434e-01 7.055172554782411787e-01 8.967170023908878074e-01 6.985807050129376750e-01 6.016419471664782304e-01
7.610844522801860634e-01 5.469458853723306868e-01 9.807130378738670995e-01 4.438703693854373356e-01 2.504344018488774415e-01
1.175129648710674379e-01 8.193091401862059309e-01 1.769583275097802444e-01 5.729360458778685050e-01 6.856858074554669225e-01
9.057777636222305029e-01 5.246288109634412722e-01 6.787611387487280101e-01 3.349100095858705828e-01 4.144980005954927993e-01
2.020490638373022563e-01 5.050553989964202684e-01 2.127426019589070405e-01 5.103844201562318661e-01 8.107644551312398473e-01
5.453943354947614619e-01 2.929886659448120989e-01 2.646623829932126526e-01 9.698863568159676873e-02 1.514710293958360099e-01
7.644749555316749934e-01 8.615212576470627770e-01 3.262834648129510073e-01 9.622086976410775261e-01 6.459238194327121541e-01
5.115774066356602034e-01 6.506239281328133339e-01 7.417949708276929677e-01 6.083444029613555015e-01 5.238870067684030518e-01
6.160874491860957036e-01 2.543378668177649349e-01 3.698226899428612713e-01 8.822325486660167471e-01 8.585148377162743483e-02
1.109076403007921430e-01 4.675816104102495929e-01 4.364253233137820320e-01 2.130703477981614746e-01 1.827624617234053783e-01
7.248397353787439101e-02 7.651350652036689182e-01 1.032838057215135219e-01 6.451568721468547984e-01 1.279055714254649923e-01
5.449832060040591397e-01 5.480907935032441891e-01 1.588216555122705653e-01 5.908358652395704347e-01 5.543841693512194801e-01
2.377174207907374326e-01 3.644734686916458744e-01 1.605780881119405201e-01 3.302452295074836952e-01 9.452945804632123528e-01
6.425367367684735598e-01 5.920601187270635446e-01 2.563527095869095884e-01 1.883995424958901932e-01 2.338987854612274431e-01
1.244691624070674019e-01 4.118449556457911553e-01 1.559658782621877737e-01 9.442903046204583761e-01 3.871131122084529030e-01
6.692079085530124871e-01 3.117066885499202300e-01 9.303413301133248714e-01 8.607742396564098675e-01 8.124002851388556490e-02
