-2.034493968863226258e-03 1.171948041564062652e-03 1.127940764174445096e-02 1.248848263279478182e-03 1.502900852512891079e-02
-4.863364525791257983e-03 2.965746425384717042e-02 -3.116712799734942460e-02 -2.552818106550755473e-02 -8.397141110583222767e-02
-1.415072435224805185e-02 -8.597284254453288477e-02 5.854413937322302391e-03 -4.634917987601948688e-03 4.623436254672560336e-02
7.473073124055507055e-02 6.954208536832035339e-04 -8.928445301379627982e-03 5.997122038219082976e-03 7.620350678845066658e-03
-4.175306153425429462e-02 6.025300441623943071e-02 -4.231806364916665744e-03 4.718350144883220500e-03 1.543251592207706691e-01
2.795455251195978416e-02 -2.238225742408148922e-01 -1.056155912630914358e-02 -5.880991600995046607e-03 3.443562409735816728e-03
1.309776180404212571e-02 -1.086723722032802431e-01 3.918790613277571555e-02 6.174286122991944764e-02 7.279051813169641616e-02
3.865232125304483932e-03 -3.279534447308936340e-02 8.434993255286607830e-03 -5.405094496651291318e-03 -4.782020085512274019e-03
6.516160336188508463e-03 5.583685674654337294e-02 -1.217233123079382133e-02 6.571796768620106989e-04 -2.439945302104334912e-02
3.216378278848948044e-04 -7.839050438146477617e-03 -9.631319836394976175e-05 3.781231685645877662e-03 -1.072886024086344009e-02
3.685990857226902756e-02 1.284430736173033938e-01 -4.007339530560028590e-02 -8.210438088388666289e-01 -1.682904276722352321e-01
-2.046460231723337513e-03 -1.741323848382271208e-02 -1.115021777767249457e-02 -3.344053813377801678e-04 1.082915063691589422e-02
-4.334062769576911382e-03 5.648045254649506535e-04 2.344706365603533432e-02 1.531584776115326590e-02 1.086159214129612459e-04
-3.066628162456584705e-02 -2.613168252883638423e-04 5.724726726027043466e-03 -1.349941455511388493e-03 6.788969067074940821e-03
5.100860872292418231e-04 -3.692177051648692920e-01 4.980390913342042092e-02 6.765477576073417910e-03 -6.830903511602197387e-05
3.216474181958038029e-03 -2.701388389922168218e-02 -2.091540003193589296e-03 3.255871720662277275e-03 -7.361992145581770092e-03
-5.103443206126818781e-03 6.929447234057603197e-03 1.867393991461982136e-02 -3.020174842773214099e-03 7.462518688509215369e-03
4.773601532608352099e-03 -5.939313865584650498e-04 -4.796680283005682471e-03 -1.016838852811937385e-04 2.669287427795880539e-03
1.256424152605116647e-02 -2.632287590531058874e-01 -4.829351909303494783e-02 4.140596314225935409e-02 -8.201749065196531352e-02
7.698024718702167757e-02 -8.633027625322198251e-02 6.670332806066125997e-02 -4.674366859447702353e-03 -4.037153898772100763e-02
-1.689595208201487633e-02 -4.939600310254652071e-02 5.734320250822253807e-03 -1.230360901807979479e-04 1.117673731613285596e-03
-8.543099100448652006e-02 8.474556744802339003e-02 -5.238476181112105418e-02 -7.494037230329399224e-02 3.381474324990675351e-01
-1.038020669841701639e-02 1.579790868073588095e-01 1.569786363189534101e-02 -1.480072897617993417e-03 -3.960177222203775833e-03
-2.381278022309999964e-01 -2.203226602789237487e-01 -4.794544285776944359e-02 -3.009584756435866940e-02 -8.340211932789321631e-03
6.843082849614394794e-03 2.826603213626711561e-02 3.173568591086146223e-02 -4.813572099155357113e-04 -4.416050465562679044e-03
-8.009760190897987839e-03 4.953191558180522057e-05 1.596671966109449239e-02 -2.499445452677586180e-02 -1.715881816126741538e-02
-1.622451002993811620e-01 7.583244945015886560e-04 3.387785174397073100e-03 3.595561440508018240e-03 -1.132648597995579778e-02
3.640835479315886886e-02 -1.300344788508949467e-01 1.945859813144610109e-02 -1.573227145657847201e-02 2.988968226039240630e-02
-3.241928272340811878e-02 -1.182793995629093792e-01 6.938739087198673820e-03 -1.204786737739267123e-02 -2.240029554318228623e-03
-2.741968784069347964e-01 4.213051549399998014e-02 -6.150653834706616176e-03 -6.711781690602403039e-02 -2.836431530775395185e-02
-3.338432056891656001e-03 9.426654788195992438e-03 6.323721444385875783e-04 -5.083746871931893105e-03 -7.853142635011783196e-03
-1.278592162539582411e-02 1.045602126529488569e-03 2.059916055393085782e-02 -9.195372654037851923e-03 2.655154354466250990e-02
3.462169623667585207e-03 -2.083766560598060945e-03 2.251987507026215134e-05 1.602639423475854530e-02 -5.296468844674714904e-02
-6.106059273331952177e-03 -4.636142446694409107e-03 1.048068761618018568e-02 -7.166478154195477998e-03 -5.168507243131398830e-03
-4.570757292324320077e-03 -1.872207693678083068e-02 1.523746568474066733e-02 8.656683332706683253e-04 1.011753932136146353e-02
-8.738428781687230694e-04 -1.318029813638386255e-02 1.719025597446221035e-02 -2.973557011721826679e-04 4.370976614852806739e-04
-3.253381005318654439e-03 2.111912396962231653e-02 -2.580127242342713720e-02 1.074929239605961970e-02 3.378699723982576952e-02
-3.001333818541897583e-02 -3.121594438836736707e-01 1.421137314442042499e-01 -1.340049455944472209e-02 2.890031860354464466e-01
-3.959684924137797418e-04 1.061932614356983842e-02 -5.023284735319150096e-02 7.080142319043216206e-05 1.325240605272411804e-02
1.908693663065162390e-03 -5.765736190820092144e-01 -3.422898822483450010e-02 -6.645780975231030049e-03 -1.407753537101192887e-01
2.840264777844379168e-02 -2.092512907301974645e-01 -3.238507176844862556e-01 -3.819093422924202397e-01 2.044547110826279088e-02
-5.252673991660857661e-02 1.303101206687155011e-01 -1.375508911776818499e-01 -1.867744373232212130e-04 -4.152820551908044389e-02
-3.450665112605977858e-01 2.281652861643915786e-01 1.883331565720829451e-02 1.288310848631853134e-02 2.804962604974926312e-03
2.494266535983653554e-01 4.124734224112341918e-02 3.458596618875662502e-03 2.114247013463071631e-02 1.723893084109977270e-02
1.470756277294451783e-02 -2.260445540869780376e-02 -1.969737960725360670e-01 1.409937106105847195e-03 3.518817185947908932e-02
-7.501311653467989879e-03 -1.673063528214140810e-02 -1.336479924987743657e-02 -1.596478620879392683e-04 2.803969214178999962e-03
-2.875338639714908329e-02 -2.792869555586339342e-02 2.375760283865312739e-01 -2.680523424859682785e-02 1.564279984040237992e-01
7.262658485500191226e-03 1.958141808380056692e-02 -7.603311579626194881e-03 -9.621549717125024584e-04 -5.234183457522613436e-02
-3.668044297828722267e-02 1.969958758247903827e-02 3.516365501750400718e-02 7.196999443141751090e-04 4.758610958501581847e-03
-4.075438293844344494e-03 -2.097182133328139020e-01 -1.184886454677244461e-01 1.065468683900394186e-03 -6.481515749946869555e-03
-1.408404396566458050e-01 1.021474289801162089e-01 2.111945139553149040e-02 -1.193316269700926344e-03 3.738005182702675011e-02
-3.257203917854791918e-03 -6.921475542835836840e-05 -7.823003320350576176e-03 -4.313134557771127614e-03 1.331773237977552883e-03
-1.558622927549063730e-02 3.325180611913406553e-02 2.048653133316094901e-02 6.691328460351650919e-05 4.088327536758559061e-02
-4.646846579790709850e-03 -4.922491649083978599e-03 6.697716007752599343e-02 1.255708963347828720e-03 -2.797990471170135052e-02
-8.705265216885925417e-02 4.695027421883810059e-03 8.865046274106111457e-02 -9.799483201636764729e-02 1.202582789632006266e-02
1.435356793340299315e-02 2.480050618095297477e-01 -1.740607554681624647e-01 9.273536291817249810e-02 -1.241877306891024935e-01
3.325504863010463052e-02 1.579909736880684146e-01 -5.911391195177335273e-02 -2.217418344769610456e-04 -8.771992272281554232e-03
-4.914875180848410005e-03 -1.204387846637755208e-02 5.180625890322763114e-04 3.869549735453645589e-04 2.449127460525853464e-02
-2.248320584228952201e-02 5.205304742285491587e-02 1.181720293028713509e-01 1.087378565479111409e-01 3.321853778010381841e-01
-6.477462392610383243e-03 -2.890988380728955545e-02 -3.504814281267744532e-03 1.892789118969975988e-03 -2.395247737339762165e-02
1.791477939972875447e-03 -1.214854820424776487e-02 3.882004916978527387e-04 7.627127640792523682e-05 3.025080680392692664e-02
2.685560607850659594e-03 -5.585284826664239054e-03 -5.256057242847704362e-03 -1.952038142052136345e-04 3.552740665714729240e-02
3.608162711608035346e-03 -2.296227387839951395e-01 2.264630083753796375e-01 -2.043058995718576298e-01 -1.727051599147288660e-02
2.823133775611537041e-02 -1.741000605016167950e-03 5.095468693822240679e-03 1.973909161713707620e-05 -3.121103910859263520e-03
-8.409061129397297357e-03 8.173116154347077889e-02 8.700870263113230293e-03 -2.140584383169201292e-03 4.820225778444551905e-03
-4.682674650875143663e-04 -1.497283064259839203e-01 1.176569166395722982e-01 8.033864062602694665e-05 -1.766791316618998228e-02
2.204539863622159181e-03 4.820236497906935785e-02 -2.022427346890582137e-02 -2.569840325039047645e-04 3.968229650246474921e-03
3.864866204288875534e-02 -1.002691903312851879e-01 9.779970316326340798e-03 -1.253678138582548906e-03 8.507634140896794261e-03
-1.684485344373925705e-02 -3.038223377200784808e-02 1.408152997420879238e-01 1.408651996512537332e-03 -1.165388509724691740e-01
3.614646653321875597e-02 2.237471162192194163e-01 -6.902345938770163003e-02 3.211005885253493297e-04 1.039943329438543403e-02
-1.042242801449719172e-03 -6.634177061200059559e-03 2.070202943784561767e-02 -3.768078372245387518e-03 1.945345487130218168e-02
4.343916245157695109e-03 -1.030647498078159363e-01 3.241057817559095944e-01 1.557253248238633578e-02 -4.151358883189452953e-02
-7.785285355978688662e-03 4.042470838275195877e-02 -3.910882588093844703e-02 -9.723300926609574485e-04 3.775755246029831487e-03
-2.417837579279523419e-02 -3.478278996979624477e-02 6.808383117482009680e-03 -1.240959168455606915e-03 4.030032229663312905e-03
4.099219524922459099e-03 -2.808206677040074335e-03 2.281811092765745688e-02 -2.272152566741425517e-02 9.222791016303190717e-03
1.171987925183992293e-02 -1.174027279168155385e-01 9.541575543258659642e-02 -3.153009073575568921e-02 -7.265131146654226282e-03
-3.078577207202954865e-04 -1.134763332094873046e-02 3.560542344027291251e-02 7.731291042497843730e-04 -3.570126146328466126e-03
1.991222355053146043e-02 -2.220039749406797491e-01 2.002917361236720706e-01 1.442784297710698049e-01 -8.248106953122584795e-01
-1.709910135353455082e-02 -7.977632691219516126e-02 -7.047350499947775855e-03 2.955727667473252371e-02 1.304937910599123230e-01
1.267764857386163499e-02 -2.388130497139663230e-02 6.224871303893411006e-02 -3.659815792605112042e-03 4.368951573364200126e-03
3.794816621888945189e-03 -3.012898861735310244e-03 -2.424501022769670958e-02 -1.939248063125362243e-02 -2.638917805009946462e-03
-1.063103592430812662e-03 -5.750580297365946725e-02 -2.209860313992518741e-02 4.360228402992934009e-03 -1.128189774018349689e-01
4.606026208284097478e-03 -1.623325296176822419e-01 2.697406736534521329e-02 -1.047974716108678213e-02 1.798810630587157873e-03
-2.293289869476314996e-02 -1.514079159225305560e-01 -6.630861412960413308e-03 -9.722085717973298971e-03 2.018123482632316196e-02
3.313046595171209030e-01 -1.288601531931853061e-01 1.921965537825429116e-02 5.926058364226107628e-02 -1.224539173175802700e-02
-1.623570124823587105e-02 -3.918668792296568087e-02 -3.232158005733708206e-02 5.259924030579966880e-02 7.537303018398698769e-03
6.297221609374467101e-03 4.839303690937840456e-03 -2.864848394044185176e-02 -7.022671303289262706e-04 -1.941371946166002907e-02
3.545031875910132323e-03 -3.246634175623470259e-02 -9.364565380556946761e-02 1.771439806487030144e-01 -9.604363166683969888e-02
-1.403735564367020010e-02 9.315112528523556909e-03 -7.993223870204825988e-04 7.754181652409214724e-04 1.154298323939613848e-03
1.115858058519268170e-01 -5.712132328339201287e-02 3.852337822259314093e-01 -4.236551846421294891e-03 1.997835212473951169e-02
6.643888693609305111e-03 6.622939892367652424e-03 -6.338222818532534414e-04 -1.821929078429155874e-03 1.345599891017260352e-01
-1.319718025882444211e-02 -1.828929179348370848e-02 4.270323219895984582e-03 -6.658621327003085184e-03 1.399091685802572420e-02
-1.220039465306110068e-03 8.561336151085680024e-02 -5.203538801381812906e-02 -3.987378902000892895e-04 1.024432233962828051e-02
-5.847826939210814395e-02 3.588988768345545161e-03 -1.753959672699074914e-04 -3.201638847339927096e-04 1.208245162782582011e-02
-2.220690192747448721e-02 -8.167259286922755324e-02 -2.774908095565511643e-02 1.296048531540786486e-04 -1.521611534491186957e-03
1.768694426116887986e-01 4.938664507630062539e-02 -2.689780134709495590e-02 1.737720324713761533e-01 -8.892885557939693431e-02
2.991671517701698785e-03 7.886572534491841091e-02 -1.725607202444646646e-02 -2.003331477037079665e-03 1.518269925230442477e-02
-1.508481227078025538e-02 -1.634335223480694876e-01 -2.783462376293507207e-02 3.034670991026505379e-03 -1.513879614367870108e-01
3.128950393759100806e-02 -3.346794286475583430e-03 -4.409632219353505633e-02 -7.636439061644323401e-03 5.198967515527193328e-02
4.882952937284686795e-03 -1.735783449721534392e-03 1.999047004280199349e-03 -5.235681770781758655e-05 6.349939524749964592e-03
