9.473374830548278447e-02
nan
9.482825992910599855e-02
nan
9.463015978775560222e-02
nan
1.063907743231783942e-01
nan
nan
nan
nan
9.464712761358173854e-02
9.474359982461098839e-02
nan
9.465879914892216807e-02
9.522813496558830970e-02
9.463819953474325586e-02
nan
9.464823364704723352e-02
9.473987231048280888e-02
9.465572853776801909e-02
1.017643427870330991e-01
9.469368503962143080e-02
nan
9.479729627529578928e-02
9.465589415808645102e-02
9.986906942392960451e-02
9.490454253700914000e-02
9.463726354641721628e-02
9.633629990807782151e-02
9.485190026460721402e-02
9.491437954904755059e-02
9.595110789220626102e-02
nan
nan
9.463917035292035429e-02
nan
nan
nan
nan
4.252441257249196527e-01
9.471355519815204127e-02
1.343343423375675805e-01
9.629852357799276175e-02
nan
nan
nan
9.463951995137991069e-02
9.463334549843825660e-02
9.487724958201958214e-02
nan
nan
9.497787919576730631e-02
nan
4.634943440393574088e-01
1.014683225339857026e-01
9.463644787913760847e-02
nan
nan
9.476081421696394558e-02
9.466165152459796173e-02
nan
nan
9.464065031312682286e-02
9.464736453319985698e-02
9.463309781613245264e-02
nan
9.467875459329130883e-02
9.549982248688067277e-02
9.465933225815477414e-02
9.467060975701865888e-02
nan
nan
9.463935253400705683e-02
9.464807273834374701e-02
9.720077417007065568e-02
nan
9.883100443554354575e-02
1.575538848227714672e-01
9.869314608632201447e-02
nan
9.468128905902606363e-02
nan
1.116237876576121613e-01
nan
9.509589368782740693e-02
9.464875781178469505e-02
nan
nan
9.491923283026981739e-02
nan
9.563699115706139620e-02
9.526328772090499053e-02
nan
9.466162950544775023e-02
nan
9.464024834986205226e-02
9.896370888841216074e-02
nan
9.463152136987146301e-02
