9.074379874670599477e-01 1.439295370010849062e-01 2.016590273529073052e-02 3.208480079592155310e-01 1.265611602095028099e-01
8.325494888828363083e-01 6.759192545032080002e-01 5.740342423244412240e-01 6.071596725516732462e-01 5.695325926724950083e-01
5.651177033655476745e-01 5.863886459162436227e-01 7.048044123784360515e-01 3.649715133028137437e-01 2.136968008189717994e-01
6.322873229145856699e-01 5.834761347137622511e-01 2.873766658843892596e-01 8.587492923901619557e-01 4.569077803208232424e-02
6.846532644245304500e-01 8.637921774474252024e-01 9.829502551329721838e-01 7.746713286778206253e-01 8.390324667429864824e-01
4.519735250925449588e-01 8.469736631432532858e-01 4.520844952805080919e-01 7.322935013058606835e-01 1.229389421226203538e-01
9.213969696780932583e-02 5.838793984666357240e-03 4.153230501258129426e-01 2.545700047867544003e-01 6.604610650620122980e-01
4.620694705674838199e-01 5.303886955896601751e-01 8.815670569515323685e-01 9.174656124229453313e-01 8.691949315514891916e-01
3.067988868060477214e-01 2.584220564705439482e-01 9.441002253297106073e-01 4.551927543298519563e-01 5.639106353204692557e-02
6.852461477918725397e-02 4.961727888929521324e-01 4.378802367674020646e-01 9.515838441112025592e-01 3.941774789858786265e-01
1.401607138960572208e-01 7.073029943817755738e-01 3.531487615807671343e-01 5.157961114525748680e-01 3.318397085430029314e-01
2.689397246850750989e-01 9.836198439075860556e-02 2.171924319572627882e-01 7.199221404206722630e-01 8.588223199756569448e-01
9.541572832532242421e-01 7.943054969977181301e-02 9.007595757222249810e-01 4.087875588803455695e-01 7.261602684080235015e-01
5.116892890735131871e-01 7.494160921345225379e-01 8.218734220975815186e-01 2.519978286486221908e-01 9.139269087820839355e-01
5.016677799387145864e-01 4.214298178317877897e-01 7.230013885973199939e-01 1.121002367266943356e-01 8.424914228766764435e-01
8.328857321666675029e-01 4.338437774174715988e-01 1.322385928301467173e-01 5.066931013125298700e-01 5.843285838254423936e-01
2.989088858910321500e-01 3.056014211623658827e-02 1.401710373251419117e-01 6.041807509817799238e-01 4.218500625074727006e-01
2.558816332129399962e-01 5.751100378851531358e-01 5.476069125900056012e-01 1.760759790764742094e-01 9.025651301360974044e-01
8.346938149239359062e-01 6.176726446373251855e-01 4.454175930134206540e-01 3.889841500689849019e-01 5.734587376821995708e-01
4.700229370340737178e-01 8.934373328840909956e-01 8.197540857968470540e-01 8.840359368303829513e-02 9.337111910054752828e-01
4.606479742793456733e-02 3.775993869284244298e-01 4.310492576947211329e-01 6.191706835232839712e-01 8.136616574951124337e-01
2.194106802514963483e-01 9.875450178772492427e-01 3.621527487872880924e-01 5.148561086733316472e-01 6.048385430745871760e-01
5.140331213497240093e-01 3.281696401087267345e-01 3.260611621903241053e-01 1.481090079017485239e-01 4.703133836194850481e-02
3.553105278720314342e-01 7.830418623987333016e-01 3.078927351884672703e-01 2.981114748788493696e-01 6.722506783618982240e-01
1.624129046430557999e-01 3.539862573890523167e-01 6.120409001410596073e-01 6.219849256445508789e-01 5.588819947771810348e-01
1.251909166255320560e-01 6.964233020839062371e-01 6.236008551400498146e-01 1.827798469213115506e-02 1.478389610387516040e-01
2.315158838511536255e-01 3.615407776681456298e-02 8.640519364375887079e-01 9.686818632048463940e-01 4.912329960683986529e-01
2.904490596011661818e-01 6.303378082425349360e-01 5.874171222107754664e-01 4.798759972940176421e-01 1.109778189957676409e-01
9.288933355810575776e-01 8.649523113281040176e-01 5.461340256707911678e-01 2.935291154006030023e-01 2.555785323018194832e-01
6.335297092039697819e-01 4.377417984244944549e-01 1.174145226525458163e-01 4.630089453473159589e-01 7.335486953158741885e-01
7.833759152837864725e-01 1.599342251484360267e-01 6.796332965462045239e-01 5.454691100326509723e-01 8.314441500948377417e-01
2.576656005262357718e-01 7.093681217260613403e-01 3.225749507815405259e-01 7.369816820992924900e-01 7.320641674857790715e-01
1.940988789442303908e-01 1.089744638582079705e-02 7.385196828934701418e-01 8.657763138677130321e-01 4.220448105972894881e-01
6.686131714746302857e-01 9.485365732563488805e-01 6.490910720879968787e-01 4.460976867467530971e-01 2.664222429444740303e-02
3.027830366516841565e-01 8.377638443872783558e-01 8.238648005702146060e-01 4.925164355966451524e-01 3.494743920527021430e-02
8.772353938447968735e-01 2.072542925896417865e-01 2.554080869506137885e-01 9.435803149463528605e-02 6.088135602802622337e-01
3.035504605790675381e-01 2.434837662280893156e-01 4.822655978113276065e-01 5.491573217622742753e-01 1.881438355198713497e-01
7.676275626149158260e-01 5.150116178507546660e-01 4.203230705111424825e-01 2.877901887860461194e-01 1.011030713714254903e-01
6.615163678335737041e-01 1.760529395290386656e-01 8.125313579814075204e-02 2.008975719654969572e-01 5.585483070603500799e-01
9.471532038551984112e-01 1.702875197858629841e-01 2.708259994166848372e-01 8.829525214423132873e-01 2.735414576026483635e-01
9.891915049173396479e-01 1.375456512519315222e-01 4.813136216755611319e-01 3.381580840851426961e-01 8.891395912932520407e-02
5.179532969228271000e-01 7.603037714626880161e-01 2.133742287770221679e-01 9.045922574778406666e-01 9.831723191117770488e-01
3.526774547444432306e-01 8.130418446236538088e-01 5.559952500671359044e-01 8.528610519029063974e-01 7.323770351191596362e-01
8.055059492649572217e-01 2.411192055903044196e-01 3.041579868755238669e-01 8.330174015759187478e-01 2.369090818348540406e-01
3.954278037329728157e-03 7.799896449469349013e-01 1.704188678594670270e-01 6.975093076309086815e-01 9.284134069744367501e-01
7.068982306077475908e-02 2.052227364723185898e-01 2.546141265945374155e-01 4.526719399837079161e-01 3.826413860302111392e-01
8.223734584385572477e-01 2.127367643942346120e-01 9.243902525706322315e-01 8.855738781008144489e-01 4.762631890515909294e-01
8.027043857035868202e-01 5.949032278421773068e-02 2.565783105534739095e-01 5.014486716793333798e-01 1.291836884439111488e-01
4.513823190153528619e-01 9.204454776449733089e-01 6.577629457985367800e-01 4.849788254931368670e-01 9.662603283430256651e-01
9.533180334360737973e-01 1.187663572277931623e-01 8.438365698840891715e-01 7.840534605424921422e-01 5.719994289090989392e-01
7.939117102112880353e-01 6.283558600994034737e-01 7.528553767470602676e-01 6.277894643829473598e-02 5.316934583523080793e-02
5.225528005701467471e-01 4.331719614104651006e-01 2.727635957261186350e-01 2.066826191221564635e-01 3.946588301240430141e-01
9.807305392458283144e-01 1.163261067631903289e-01 6.660896864289111985e-01 9.096476346608517449e-01 2.043299801713392982e-01
2.664335329647359307e-01 7.607491371078590747e-01 7.102928504106376106e-01 4.317510118013027087e-01 4.284427358640359174e-01
4.206006071461709794e-03 2.538112153538133464e-01 9.499294002052172115e-01 1.196523578200286986e-01 7.793638094430281882e-01
6.231693402508768909e-01 1.889171905300005561e-01 9.678616955422697510e-01 4.115057071696759383e-02 2.298267902581306865e-01
8.368888306392157084e-01 9.380152701328132725e-01 6.472503812075902641e-01 2.195651198120229797e-02 8.658800781316311479e-02
6.399095323099006638e-01 5.157586288704461008e-01 9.797900495276810062e-01 5.346371345118759999e-01 8.913816977106998607e-01
9.731561450476441388e-01 2.238753196296482395e-01 1.588880051862433529e-01 6.903334747004604699e-01 2.720272071129881120e-01
5.401157736128214815e-02 5.435864596824907524e-01 1.229151010035833824e-01 2.676787654197922972e-01 7.104087507263902035e-01
5.659530285086301626e-01 3.494451368416814363e-01 8.392004440156273226e-01 8.921326425992800457e-01 5.284379387568982622e-01
4.727372067490894780e-01 3.972596842264637385e-01 3.954650553138672198e-01 8.422121654220848797e-02 7.784086264995615512e-01
6.649184720669959470e-01 7.370467291953930467e-02 3.628527651719594127e-01 2.466345645555595434e-01 4.614037157260091337e-01
5.155262618756334403e-01 6.408717730770603360e-01 6.297690829554047909e-02 7.451982018676962527e-01 4.779865499144749785e-01
3.491410267402724754e-01 4.188428810106203937e-01 1.424969578030601536e-01 4.083644041027157945e-01 3.662052222955232139e-01
3.244904865360891399e-01 5.740504748017769554e-01 4.737199048083424735e-01 1.864904226407139154e-01 5.799737928492065819e-02
6.930843085705815643e-01 5.720454401138240774e-01 2.048927501554622665e-01 9.309427088855660726e-01 6.733704590463299722e-01
4.373259237959962187e-01 4.812769577459796722e-02 4.074569378799171027e-01 4.214197826904865218e-01 8.815774353784802120e-01
4.133400012369958798e-01 1.722059531874375882e-02 8.585752723189838953e-01 9.253403714565852090e-01 1.245702619064454897e-01
6.364463671120150767e-01 5.041858099260849713e-01 9.744196415668564537e-01 8.294576779528344268e-01 1.211076112702323959e-01
6.228925831949391201e-01 1.792135357529792694e-01 1.361301308198691329e-01 6.164503909950491689e-01 2.935468882965797111e-01
5.905691002057256167e-01 6.617821818821123525e-01 1.493648476823903337e-01 6.114585921671108482e-01 9.500987090898761478e-01
6.363248904821583452e-02 1.576812455642166988e-01 1.587660897887962497e-01 3.055689569776254277e-02 9.291164102597528895e-01
1.921937099584203335e-02 2.631533701297533723e-01 8.717037239943817850e-01 7.469924740530238250e-01 4.842142735277199517e-01
7.399069421841882876e-01 8.870393008910900656e-01 2.715546355432696402e-03 4.036166705874572047e-01 4.168454792459329594e-01
3.973868574216743443e-02 5.921943380805926305e-01 6.755834781724812110e-02 8.998838163634688136e-01 1.055847462464317710e-01
9.516714218041205653e-01 3.344321756814406799e-01 4.436963379204529323e-01 2.429853515774049733e-01 8.005367548230710728e-01
5.257615970148046269e-01 2.305724897592409395e-01 5.189000887191652645e-01 8.041053011980368037e-01 1.013519022106906808e-01
2.556374815861786054e-01 9.209239183451001232e-01 6.099224778991066964e-01 9.477747398558222791e-02 9.479098562088861257e-02
2.209470047019382877e-01 8.478095873813508154e-01 4.444035181621983632e-01 7.084096259049884603e-01 4.945707953346731856e-01
4.459669011643629943e-01 2.043763430272578230e-01 3.490120148914330755e-01 6.329535034790180204e-01 4.521227111814956068e-01
1.180989983754942019e-01 8.826699980299735904e-01 6.962220096948286141e-01 7.338940985712648635e-01 9.444479777850139923e-01
6.253660072071779430e-01 5.028833053847472367e-01 5.331953381857432728e-01 9.758480815166343803e-01 2.232368272594256187e-01
8.154477086175836442e-01 7.606126749717238011e-01 1.985247372350762429e-02 3.503359289570867618e-01 6.036797732119576487e-01
1.403964102181998186e-01 7.458598547663586320e-01 7.715805859561465363e-01 5.141837098673518458e-02 5.214344953129714799e-01
8.198092883279078924e-01 2.280425601501514521e-01 2.609701443063930926e-01 8.726672615334809535e-01 9.659845784508239719e-01
7.574106115592169619e-01 2.404115613149311326e-01 4.045115182788394659e-01 7.767204064538539843e-01 5.423251679116817270e-01
8.161115735729002063e-01 7.167716015168951182e-01 1.707678222627382336e-01 4.971703529410076428e-02 6.618802875867653146e-01
4.652289003896156183e-01 9.909547753236525036e-01 5.392296663142851498e-01 6.477029193844817678e-01 8.545539274062385893e-02
4.896590696093874318e-01 1.947364288945547806e-01 5.054432335625075323e-01 4.288393190480704886e-01 7.447727421915500967e-01
6.326366119777767638e-01 9.042292233421821424e-01 1.165420227995255242e-01 3.503055843455077367e-01 8.991553929482742902e-02
6.367369714747973530e-01 2.609869369883517365e-01 2.837903909632999433e-02 5.751459720958045363e-01 1.295891977820706753e-02
5.024537113929032905e-01 3.247735905659803191e-01 3.867624260784542356e-01 6.228331555087447402e-01 6.680399629684055096e-01
3.888081204575007943e-01 9.229898752995657762e-02 2.519555540995906950e-01 5.440525352809384430e-01 3.352801320421028297e-01
6.852862115174496171e-02 9.659566659670119071e-01 3.467104612093998561e-01 1.650369790137795611e-01 2.429038483933692039e-01
9.521797360450604542e-01 2.003449684056948232e-01 6.872680641094069953e-01 8.180610266997262459e-01 8.574293336402892818e-01
2.832921422959309155e-01 5.884240824219677535e-01 9.595059186817477270e-01 3.536247478960578006e-01 8.864681182881718469e-01
6.331163520569512704e-01 6.720219231691824113e-01 7.541472102200952321e-01 3.461488411377903196e-01 5.746511078035254627e-03
5.903693193679293572e-01 9.317583982173568424e-01 2.171411753753406115e-01 9.897938812653920282e-01 5.826032419867699375e-02
7.539700315742573489e-01 4.441392315182874917e-01 4.593887925253308246e-01 4.852577738212724423e-01 7.440130866570715540e-01
