2.818396695223641252e-02 -1.249062626966768313e-01 2.759857218448223959e-01 -1.508836206592397214e-02 -7.868098735074463557e-02 1.435935102381535010e-02 1.651893701193158856e-02 1.331153862100360350e-03 -1.877440721024298612e-02 -2.457809813484288786e-01 -1.048776752979201810e+00 7.166249998084597145e-03 3.238412214097172864e-02 9.174047244351694538e-03 1.379932851322603238e+00 8.218655433205562799e-02 -1.667372243899823137e-01 -1.747025997396024766e-02 2.395869399338629128e-03 4.606240680242218444e-01
3.445698076211559102e-02 -2.201079455291979625e-01 -4.876984632920278173e-02 1.172518848349672800e-02 1.442263036477481608e-01 9.901949350438807862e-01 -6.000591342212335810e-01 -6.085356392706212092e-02 -4.802080475512690572e-02 -9.826621007509621641e-01 -1.008810703989758695e-01 1.511180820968240079e-02 -1.167864430821847349e-01 -1.205738762076061753e-02 -2.707696107787771922e+00 1.118608777436951723e-03 2.023339164186008787e-01 2.624808640580049771e-02 1.631978318473023201e-02 -1.358725959354067404e-02
-9.461763955135422954e-02 1.434401179807179572e-01 -1.371913209439633297e-02 3.165410893712550938e-02 -2.689002588866721277e-01 1.787197670518915760e-01 3.835475262725592249e-01 -5.287471131629831733e-01 -3.144216973182224484e-01 -1.476206176311410045e+00 -4.521386169966470803e+00 -2.370587843357245192e-02 -1.384481726968730952e-01 -4.126027172052262187e-03 2.467187948815184051e-01 1.453531010427488307e-02 -3.263362563801708999e-02 -3.562848366865919991e-02 4.603972053438531303e-02 -4.558001640390078879e-02
1.245266263731808903e-01 -1.592474619388026535e-01 2.169849639149674658e-01 1.964357305222947520e-02 -1.341999086508154776e-02 1.004162456640862039e-02 7.804093686662271212e-01 -1.366514242753437414e-02 1.729866548961379313e-01 -1.125421077786393553e+00 -9.169601852762516714e-01 -1.535645830869901418e-02 3.452326344539747432e-02 1.210606635841829544e-02 2.864525374653422940e+00 1.303438517171002786e-01 -1.726646575430303698e-01 -1.914022061665631921e-02 6.988434980427965515e-02 1.156596924440206203e-01
-3.165463817180377837e-02 7.759696420760940627e-02 1.511848438156125629e-01 -2.452067171768536682e-02 -1.401098754675882962e-01 -7.467310295772185136e-02 5.724520545012639072e-01 -1.281984247987267081e-02 -1.134500350547161668e-01 -2.900900409268095115e-01 -4.115177563839271246e-01 -2.050785579470127198e-02 1.192900660391140871e-01 -1.550390431499064706e-02 -3.776864379942072025e-01 2.268452744341763194e-02 -4.180935923752328309e-02 -1.047923486977431623e-01 1.744715145796474076e-01 -2.778318358297453550e-01
-1.201838504527668328e-01 1.175068078616775362e-02 -9.463966100577024532e-02 -1.004170215473508890e-02 5.008807358071309945e-01 -1.380858153248210041e-02 -1.171118013922142487e-01 -1.521405269909453274e-02 -1.856608636518640165e-01 -1.797316866549884207e+00 -4.359948948458282070e-01 -1.905432891329250991e-02 -3.919613271559370393e-02 1.265122101030456605e-03 2.095002665945871478e-01 5.411273806592116313e-03 -2.983841211418993694e-02 -1.387555826129021307e-02 4.438494382011002009e-04 4.967678929462897991e-02
-5.001240092225200939e-02 1.936262688752224681e-01 -1.613600874456050382e-02 -1.205428807642079658e-02 -8.690023989242445790e-01 2.733681472883698824e-02 -4.877106999805899679e-02 3.122169934514472910e-03 -4.249420503900480095e-01 -2.350567595732074189e+00 -5.260503385644857977e-01 -1.416505800613675897e-02 2.500000000000000000e-01 -9.904029204528513874e-03 9.306726824864892667e-01 -8.893173427466509115e-03 2.270496063376663959e-02 4.328998713436631174e-02 1.089884014268916249e-02 3.806891243346594705e-02
-2.304928174138534333e-02 2.360858567631431704e-01 2.671838311554973200e-01 -1.315685027454006062e-01 1.701661506392481218e-02 -4.934063878668540348e-02 -4.407013377173879531e-01 -1.302059679432177319e-01 -2.558517039716111732e-02 -4.075819566943418515e+00 5.873151977955289871e-01 -1.002295076453544979e-02 -4.323433847274744252e-02 -4.832913832468897081e-02 3.591450604720753531e-02 1.917292392674386503e-01 5.515479132438293464e-01 1.697156119436760147e-02 2.405111710134001657e-02 -3.259871830804541015e-01
1.355283863289275317e-02 1.059783113503367652e-01 -1.262678658064956584e-02 -2.418552661440747254e-03 6.449028167518214283e-02 -1.000000000000000000e+00 6.095709950268162203e-01 -1.507524524167954370e-02 -2.032954162114070928e-01 6.041468024012429661e-01 3.408192042219695406e-01 9.596266303610316573e-02 2.230705039179089327e-02 -1.242814652277938470e-01 2.323343835963009585e-01 8.471345765074756937e-03 9.577274631904279800e-02 1.357747293391499410e-01 3.170370955123733708e-02 -9.262668311904590501e-01
-2.284698308321901628e-01 -5.555464689036239134e-01 1.664127797863663438e-01 -4.133564928494032342e-02 1.247048153436606938e-01 4.192837339713334499e-02 1.207850657397500915e-01 -2.114078334561677111e-03 1.289404786844830855e-02 -3.133068360908200845e+00 -7.750582393605154330e-01 2.465612580952583188e-03 6.195186214371074807e-02 -5.925756591188751504e-02 -1.567763282835203498e+00 2.872987723121488424e-01 9.056063925290938621e-02 -1.001927783302216657e-01 -3.448325611833404913e-01 -6.835491869289641587e-01
-1.020280130712738903e-01 5.467964359651495965e-01 -1.318572101013964770e-01 1.755195607481146655e-02 -4.264780500340282360e-02 3.820682365538037584e-02 -2.357169771987897011e-01 6.650449686985047959e-02 1.088724270661877158e-01 -1.428709216026118556e+00 -5.663492368997460336e-01 -5.134807261025478575e-02 1.921830009131903286e-02 1.806969222008515674e-02 -1.049081632386195118e+00 -4.673830279951765587e-02 -1.378310709414944449e-02 -3.170258870669575429e-02 -5.369231158902119244e-03 -8.598775510308427350e-01
-1.510960167726124459e-01 -8.476183034950457440e-02 2.035351824182300429e-01 -1.941207052656304111e-01 -6.383868157973614232e-02 -2.341157698072176760e-02 4.245267142947387051e-01 -6.612992410539098032e-02 -4.051077258551872284e-01 -5.305429717651578336e+00 -3.757818198432098189e+00 2.192621840560736099e-02 1.411906382140259153e-01 -2.101857916172511932e-03 -6.981355960602168842e-02 1.192458244052646207e-02 1.874356235079041935e-02 -4.273510641923352477e-02 1.384395522292179541e-02 -6.690402345317828514e-01
5.001186766032986730e-01 -1.869482312573470528e-01 -1.210061666867953550e-01 -9.872881145829424943e-02 3.433234373527638272e-02 -3.436212220880023316e-01 1.890439618318816573e-01 -8.016443010215171250e-02 -7.691656148801119253e-01 6.184154582007635348e+00 -2.047853704393565455e-01 5.275345817306668905e-02 9.534434242102568513e-03 -2.478716358897537983e-02 -2.917239693276164059e-01 7.204543812324612842e-03 -1.307917505223997467e-01 -5.606510946764149683e-02 1.463984939737289492e-01 -6.842949615499673843e-01
2.540207655038098297e-02 4.364589381131494389e-02 2.636749363344225577e-02 -1.095543506776525469e-02 2.861304279147862221e-03 -9.255612401870141892e-02 -3.872801484544047268e-01 -5.389063791778065521e-02 -1.523764032175387861e-01 1.553790659357675435e-02 -3.202855195406119071e-01 7.255783918528319401e-03 -3.859558070866276475e-02 -5.267019139666129224e-02 -3.946100187250336511e-01 -3.740183421661311992e-03 -8.409897505654894204e-03 -1.989599215868041379e-02 5.486351999808648100e-02 -8.943425053634156130e-02
2.148573016689108578e-02 1.201569560282373800e-01 2.942671434248817636e-02 -1.848390902988730419e-02 -1.117660679005946615e-02 -1.712934226226383791e-02 9.207146096772855781e-02 3.105813463771522290e-03 6.364207811206949034e-03 8.956020880516982197e-02 1.425877749397966854e-01 4.890006713121815849e-04 4.319883180561002317e-02 -3.955834503531179686e-02 -1.565568162110133610e-01 1.877301379540743793e-05 -1.825580619210415145e-02 -1.622102062698966424e-02 5.696804854585972057e-03 1.888131310203586917e-03
-1.343893692232971393e-01 -1.558748823044917575e-01 3.436289627383306428e-02 -3.250369710206060803e-01 1.316402295927541211e-01 3.152994678465864675e-02 -1.542908080108312263e-01 -6.926351219509307988e-02 -4.486945623613871476e-02 -4.697120801404889079e+00 1.101594166730094082e-01 2.845486888894411051e-02 1.690459514312086520e-01 -4.346871204633694086e-02 1.085218676169291241e+00 -8.542444376556684871e-03 -8.061471436684926328e-02 -8.181247932612482898e-03 -4.972802847498890982e-02 -2.671505053890321779e-01
1.791200283929923198e-01 -7.382506600840943456e-02 -8.444334008538648129e-02 3.853970243881267299e-01 -1.351432943332051273e-01 1.124995494778520816e-01 1.189182384933928638e-01 -2.791837007216292355e-01 -8.808982070877538484e-02 -4.928624681166612342e-01 -6.021229905263730808e-01 3.704649375237525216e-02 2.209037510591256581e-01 -5.252859852857735129e-02 -3.288217675650036420e-01 1.346267116284050602e-01 4.948647237589015591e-02 9.749592582829180168e-04 -4.507001070753879207e-02 9.820984671733395954e-03
-3.574982045032331496e-02 1.088281956138153206e-01 -7.753909012568767356e-02 3.994049754148349535e-02 1.530821682381927062e-01 1.000000000000000000e+00 6.041217802197209469e-02 -1.177022392367339521e-01 -8.212213991237347910e-02 -3.028669644184433629e+00 -9.794511477258958099e-01 -1.473308157949956669e-02 2.624846985711957320e-02 1.144185489853173920e-01 6.491332231109960826e-01 -7.858127431364424556e-03 1.307461213075922918e-02 6.088452524514480733e-03 4.290364790915576071e-02 1.218219479968331125e-03
1.425457527116913425e-02 1.294897710749542963e-01 -2.113322008676412900e-01 4.985737624111759997e-02 -2.451177435594314447e-01 1.452338151405321853e-01 -1.637194307564338036e-01 -2.380570532817391505e-02 -3.043781469948350638e-01 -2.943236839711256894e-02 -7.381606396887120392e-01 3.781785343145553646e-02 1.431697490392642644e-02 -5.407205370662394872e-02 -5.937339492623890935e-01 1.191477419956625539e-02 -8.771770416125138168e-04 6.343548473891511552e-01 8.754100684555399248e-02 -4.477163600943327021e-02
8.261286049471087967e-02 -3.431824928900436000e-01 -1.035733013866967089e-01 7.268652530481317653e-02 -7.653939107112196771e-02 -2.538954289091769831e-02 1.950151191073331014e-01 1.489113003283497882e-01 -2.321913160247137120e-01 9.216180615717244062e-02 -3.492752156252150186e-01 -7.518211107099517787e-02 1.277594505723329658e-02 -9.552987635902690511e-02 4.044444274165370223e-01 -1.014789859406723359e-02 3.233882892385689933e-01 -2.184281129873879845e-01 -3.256170959188071229e-02 8.707017352386828540e-04
1.579693678544437652e-01 -3.482101784476432371e-02 9.374797018772367263e-01 -7.305852645313512528e-02 4.564344095133457402e-02 -6.165307194046139305e-02 2.269396522702894770e-01 6.709595504156013433e-03 2.561473818815976355e-01 7.143337518233383587e-01 5.000000000000000000e+00 -3.724051934076515278e-03 -6.816681206765195893e-03 -1.512251531568697682e-01 -5.028882365290254092e-02 1.304253302820260543e-02 -5.527398361461419163e-02 2.057432098226890937e-01 -2.925341919835391241e-02 -1.824302166113547785e-01
-1.055173732733441332e-02 -5.127121880597558246e-01 7.770751988983963798e-01 4.324919634704527116e-02 -6.861285012429304553e-01 2.256894098537090831e-01 3.494109230259657140e-01 -5.266207467653278851e-01 -8.369165473082741669e-02 -5.635141503278613857e-03 -1.096592257567435391e+00 -2.078798125849098677e-01 3.878118773034154587e-02 5.179902113763738825e-02 1.777727518841981380e-01 -1.229893371413331299e-01 9.417430788593827984e-01 4.632919120885340553e-02 -1.097197667701396359e-02 -1.931917635282763557e-01
3.477474998541036505e-02 -8.967495964191445068e-02 1.505367878342164234e-01 7.447359598637554035e-01 -2.150461499199554649e-01 -2.078900996497803216e-02 9.382268629616948019e-02 -1.970520973707877432e-01 -1.136011372961464594e-01 4.482078808186529817e-01 -2.809349973485569252e-01 -2.108428187199855308e-01 6.228595784364752974e-02 -2.500000000000000000e-01 2.580671736622800472e-01 4.080776520397261025e-04 -2.025306636229541879e-01 -7.628974618038832090e-03 4.681742151129217877e-01 -1.826873382566237755e-02
2.562063385022607664e-01 6.552311827693386714e-01 1.596273670509514714e-02 6.455279005317633712e-02 -2.722795292291845248e-01 9.292028490971129817e-02 7.907459675502377661e-02 -1.000000000000000000e+00 4.902460133050785818e-02 -4.077675136477627027e-01 -9.668955677513038083e-01 -7.480024527668162251e-04 2.651950176654944979e-02 -1.421805920265449726e-02 -5.440520386902326921e-02 1.492688130165933588e-02 -8.142791500796578430e-02 -8.073475138661645456e-02 -1.926551237619013313e-02 2.131438570117727971e-01
1.034743179425465232e-02 -1.000000000000000000e+00 3.251146099224899721e-01 6.146424322949606452e-03 -6.767390582646402863e-02 3.077145872416843855e-02 5.515280652200224010e-01 -1.297842370889798758e-01 3.471431211317024812e-01 1.216902292768619054e-01 -5.757461787635552719e-01 -7.443150703831640912e-05 -1.881100205449853444e-02 4.788284077115458059e-02 2.810655122263805872e+00 -8.391215719793004846e-02 -1.683635593677665701e-02 -3.499911088206836274e-02 1.590934482136833472e-01 1.855170555757759340e-02
-1.970701075529231530e-02 -1.813129951345852087e-01 -2.291744919206073205e-01 -1.028832371194109141e-01 -4.872955430591513482e-01 -1.974404780984950411e-02 -2.171941271873781276e-01 -3.298572710570158439e-01 -1.082881361213676452e-01 8.039566152249373321e-01 2.992224366742310959e-01 7.204426755451985576e-02 1.416160632156974741e-01 -1.654460308237726621e-02 5.059045651931538545e-01 1.601604403688556069e-02 2.595247931959951404e-01 -7.729789970276786104e-02 1.309718320142456809e-02 -3.668506759802334094e-02
-1.764101297689661396e-01 -1.591585727399294145e-02 -4.231285224047591498e-02 1.002534532295540695e-02 1.648531322517401698e-01 1.274724721300798426e-02 7.645615871970814492e-01 1.616358814600532198e-02 -3.194787211128624071e-01 -2.913311502321328295e+00 -2.996792819431476129e+00 6.451589859444262047e-03 5.503315263590166997e-03 -1.196732891332205270e-02 3.895046705327118719e-01 9.381061151207745544e-03 1.705526237182456162e-01 -9.720299958856424768e-03 8.074975212506144140e-02 -7.910834270940692026e-02
3.557342704230950087e-02 3.198591707391591488e-01 1.752725326593655361e-02 2.777562328733243144e-02 -2.418484474976675680e-01 -3.196902628636195780e-03 -1.297345881961915574e-02 4.892929110544366484e-04 -7.488499978769806720e-02 -1.303000232635473488e+00 -1.578605849055230603e+00 2.124591624395561276e-02 7.402047410830670839e-03 -2.801049845207529906e-02 -3.457285557709526280e+00 -2.375309967954811197e-02 -3.185394113136025534e-03 -7.522790917919860987e-02 1.006510853641028394e-02 2.051799375249158675e-01
8.244750899338697259e-02 -6.447511166606639810e-02 -1.016003214637851981e-02 -2.872341017208405664e-02 -5.967849680936825746e-02 -6.050353695523843882e-03 -2.792367217897244805e-02 -5.248428234019586122e-03 -6.794434705420185350e-02 3.343655907626180146e-01 -3.132475939789364783e-01 -5.918393112094889191e-02 1.387370654098459867e-02 8.231905747304276919e-03 -2.952209244762469265e-01 1.555754492358682982e-02 -2.735335275991873302e-02 3.429595055673811954e-01 8.802198426577652335e-03 5.260783957861967473e-03
-2.609873509099098210e-01 -2.260844101301533182e-01 1.116108482587764572e-01 -7.464937875781423038e-02 -4.237768842880298426e-01 1.300861596846219874e-02 3.421622118748943731e-01 9.233080606524813883e-01 -3.859545213236240668e-01 -3.023525712060041393e+00 -3.590691821943014506e-01 2.158504600021793618e-01 -4.973278906133049571e-02 2.620601980862375443e-03 8.630888756756509572e-01 -1.004233069909821197e-02 2.881141787868466975e-01 3.367276892078543971e-01 5.538608531697020859e-02 -7.346414511197183472e-01
-3.410953283621459553e-02 3.782508507422462779e-02 2.826759670645586087e-01 -5.051980918607655857e-01 1.638700226192834897e-01 -2.303431824155928453e-01 3.510719457966913759e-01 2.312023014851420644e-01 -1.187880735524505932e-01 -1.665710216159129176e-01 2.606946189993241680e-01 7.173927771855442836e-02 -1.959124048301283047e-02 2.500000000000000000e-01 1.349070526505526724e+00 3.188686764477306479e-01 2.186289130277983134e-02 5.834178127698381316e-02 -5.434572060988771686e-02 1.071563239115254224e-01
-1.967875947473857190e-03 8.018480348974507677e-02 2.615857485321787176e-02 1.128690318986945267e-02 -1.354095396303910404e-01 6.376272316642659678e-03 -1.577367906090277883e-01 -1.637984448549634556e-02 -5.075566996043355539e-04 1.955076505039715293e-02 -8.402743411363392534e-01 2.811459478877190599e-03 3.530481739556553394e-02 3.630214131239097725e-02 2.088332995473166920e-01 -3.058020301068778684e-03 -1.943105649131063447e-03 -1.226821562429647981e-02 3.831410555064898582e-02 3.516601332293948362e-02
6.074026642053238778e-02 3.540881426976478785e-01 -1.056907148327009133e-01 -2.511523658531432668e-01 6.691623728921829162e-02 -1.677448231432245723e-02 7.459788406699600083e-01 -9.437009414046713951e-02 -1.960165797269558807e-01 9.996660466663048750e-01 2.333609156896641890e-03 -1.680488658607279528e-01 1.837384696172935511e-02 -1.226946722290110370e-01 6.956607217373272922e-02 -1.734263459631807947e-01 -2.404827161642392463e-01 -8.716905313969877667e-02 7.007954293094162401e-02 -8.162936445322557799e-02
3.597219170502341523e-02 -7.885966409439948421e-01 4.384192296500800251e-02 7.537307223934872069e-02 -5.359809716332231827e-02 -1.081512773299565522e-01 9.394323080599652487e-01 7.550263637510786115e-03 -7.700289056883105610e-02 1.868679988819429427e-01 -9.302196281072211415e-01 -2.695106175863100015e-02 -1.667485636833010154e-01 -3.078851894006011977e-04 1.660254075498523108e+00 2.158325972517042418e-02 -4.116708225802003240e-01 -4.170846384060711981e-02 -2.030922241768469416e-02 2.258094569716224131e-01
6.346409762411894806e-02 -3.770384254700098192e-01 4.533004422746419460e-01 -9.460469575532505504e-02 2.110509249025025735e-01 9.104260496080061882e-02 -3.556428326395333350e-02 -1.528659283135354319e-02 -3.075776178132545377e-02 -8.413739524473473272e-03 6.039487511989755086e-01 1.086558521088760738e-03 8.079684754820749479e-03 -2.487580327221663168e-01 -1.330547485473641656e+00 5.598331727297772148e-02 1.230761855789792858e-01 5.650094749920928777e-03 -6.202882741469732675e-03 8.884134050807460103e-02
-1.262557829141553178e-01 2.234337585751121520e-03 9.126781401909732361e-02 2.028303422880621820e-01 1.556370341014124969e-01 -1.575737259198073947e-01 -3.784133821070972958e-02 2.065098432716934718e-01 -1.362697089323827160e-01 -6.547874495382315363e-01 3.082541943237985804e-01 2.257558411483384098e-01 5.840081982468376537e-02 -3.275946875167439019e-03 2.183337170324672449e+00 -7.570587173886187717e-03 3.136313738289221442e-01 1.995796083399991594e-01 -4.544750751902363467e-02 -3.296724110337955205e-01
-2.257493074687300927e-01 6.820627920206041861e-02 -9.819743462077319685e-02 2.503235971100328805e-02 -6.624291368664173008e-02 -4.452921133831638095e-02 2.173103940474175322e-01 1.219435380864357238e-01 -1.189444596591018172e-01 1.819905284970411152e+00 -8.465987409648427775e-01 -6.764304854894039043e-02 1.116624247401627225e-02 1.070010313663428492e-03 -5.795862513862213294e-01 7.517058538521709243e-02 -4.426477516030727540e-03 -7.675288833249468978e-02 1.775327436168972761e-01 -5.553131678123606092e-03
-5.213557129245600663e-01 -2.159567430359870255e-01 3.020825978117172017e-01 -2.947061970906613912e-02 -2.367944766446643257e-02 5.884963375899606580e-02 2.037816184166880637e-02 -3.544235182824214542e-02 -6.219906391856597910e-02 -4.181125438013951978e+00 -8.510398131551664275e-03 -8.720551246512728283e-02 1.647355445009355268e-01 -7.222763316322266224e-03 -1.778802038694503040e-01 -2.909250965847771583e-02 -5.821793614703143493e-01 2.988100741314932418e-01 2.259141454588665110e-01 3.946886415960039196e-01
-3.736881333023017171e-01 -2.647231254639105524e-02 1.614809496461052651e-01 1.348367576815328039e-01 -3.507807862774859481e-02 9.953203443324126765e-02 5.820319526467000043e-02 3.981193594582196904e-02 -9.527280059699264059e-02 2.826645622976323491e+00 -3.519726626172296480e-01 -7.954883620359700074e-04 4.026570010983137465e-02 -1.130196805990691875e-02 -8.532438608805732461e-01 9.354096073453145588e-02 -2.990085194872309574e-02 -1.217056488789547246e-02 2.237108847549144214e-02 -6.684316100604342781e-02
-2.928217929525959995e-02 -7.406173725680884612e-01 4.324294262939997746e-01 3.340083841443405865e-02 -7.559857034806324871e-02 -4.297077953260634853e-02 -1.072125022366357885e-02 1.334726870657526321e-01 -6.572525344591219343e-02 -1.568027295350007178e+00 -3.158556120027455894e+00 5.710902635178909809e-02 8.850960607496599630e-02 -7.048470929702502219e-02 4.326824321781714278e-01 -1.503789292222732221e-01 -2.005721595629668397e-01 2.846094833176713787e-02 -6.329959264589352097e-02 -1.634153443772855263e-01
2.496827634904967216e-02 -1.908634949523308755e-01 6.667399246226746179e-02 -1.808816898710527976e-01 -3.297045797918325971e-01 1.463316280967417483e-02 8.298556400354563378e-02 -2.700734541252136287e-02 -1.012174727059965557e-01 -8.089041720940947089e-01 -1.624315336461696069e-01 1.287120515279806532e-01 6.112264600781647239e-02 -1.113273651919522572e-01 1.493233354614719621e+00 1.598590906506092424e-01 1.107126658661381630e-02 -5.152061702720081571e-02 9.354510927383810279e-03 -3.861825243019213847e-03
-5.026342967877622803e-02 -1.471138132347022398e-01 -9.497895313664929395e-02 -1.802803054517021150e-02 6.612667856171579317e-02 3.301984870646190035e-02 5.815164048051230106e-01 -7.507570624375251023e-02 -3.348483965213985281e-01 -2.707304391331873811e-02 -1.168768472343653775e+00 2.257088584375427365e-03 8.805526471048601145e-02 -1.412532963126448063e-02 4.747890354353302200e+00 -7.893964224289614284e-04 8.380577139201542125e-02 -3.223547434733640971e-02 1.299171260071349532e-01 8.397365697488773373e-02
-2.210876101332174409e-02 -2.943175824838806243e-01 1.344835975605417344e-01 5.307741459905592277e-03 -2.725443979092360275e-02 -1.181640477086918495e-01 1.932375913830754466e-01 -2.352988348625206227e-01 5.762925194335091761e-02 -3.117877082790122767e+00 -1.027532401433826958e+00 -1.103180874747608162e-02 1.872992752481963674e-01 1.021540899971864515e-02 3.245235486676973369e-01 2.427617313002510338e-02 1.444976969662692574e-02 -3.784608009053588157e-02 8.532714867193053054e-02 5.149724298366230302e-02
7.050217610501782750e-02 3.786060593708709954e-01 9.291631914923551006e-02 3.698379829543264191e-02 1.140126598791487006e-01 -3.085066496087698548e-02 4.807171512051927609e-01 -1.081549265605019766e-01 -5.659384078350516989e-02 -6.786698357584414198e-01 -6.228455824945683394e-01 -6.174186586864201243e-03 2.481649501215327791e-01 -1.466496308254658897e-02 1.582145471813833359e-01 5.932918170866632868e-02 -4.727057513052245613e-02 -8.573166734273797267e-04 5.849106169833086233e-02 -1.733204084161442751e-04
7.250215438827390946e-01 -1.297385688191581288e-01 -8.470756691727081567e-01 -5.749681585603257095e-02 -2.878592609928325441e-01 -8.061005355887787549e-03 7.036205112911345094e-02 4.352607538712315871e-01 -5.387214389563430572e-01 1.577563630736955602e+00 -1.518988664892596097e+00 -1.418468205800149824e-02 1.813277909366096674e-01 -4.674401499365716389e-02 -1.531725229152439027e+00 -5.447279617798368723e-02 3.360278126656897624e-01 -6.387706476732764038e-01 4.843900333639666878e-02 -6.806959064484587041e-02
-7.789051946652097991e-02 3.184803773740136901e-01 8.664447283008224962e-03 -2.840023697149575768e-02 -1.531640492556536337e-01 -5.133591786812591318e-01 4.174533409459904032e-01 -1.978800480419051766e-01 -3.051866021825470621e-01 6.076651724897302875e-01 -9.657649294425471598e-02 -2.247245703679206022e-02 -8.901650126586511946e-02 -5.479677335615147638e-02 -3.502439302619512196e-01 3.338352025278518587e-03 1.053093989670726011e-02 8.457803878622624505e-02 6.407255523453113388e-02 -4.196149987160839590e-02
1.916102062985881871e-01 3.670902284832305851e-02 5.784580530003597537e-02 4.069683383851974839e-02 6.077756164034322367e-02 -2.056812890036642250e-01 3.792003154952580668e-02 -7.142339850010276381e-02 -6.918659585987518845e-01 -9.373123256985874119e-02 -9.317109134433361195e-01 1.165763124643280982e-02 1.337028359220888626e-02 -1.380164128339155145e-02 3.302955652225661454e-01 2.802714006116804532e-02 -1.864231411676393335e-01 -6.428756019545627254e-01 9.948648578193520775e-01 -5.987530036986303539e-02
-4.316887590789169477e-02 -1.178600386189209391e-02 5.741199520584473748e-02 2.973790790279093321e-01 -1.233976722334867160e-01 8.571213408359161512e-02 2.385055006357441609e-01 6.155075519256805738e-02 -3.948347296865541978e-01 3.518115051516267133e+00 -3.083060415821477829e+00 7.574647496301731286e-02 1.187554954530650325e-01 -2.658814828622832818e-02 -9.746729775543647722e-01 -1.372409427504287238e-01 -2.804482390283920962e-02 -6.249327861906699838e-02 -1.221322727423049086e-02 -4.732570750761341816e-02
6.970888637771854857e-01 -2.893443782411029286e-01 -1.075339902204985876e-01 -1.129067004904386190e-01 -2.515378267429074777e-02 2.139276677159052467e-02 8.639733580142727742e-02 7.808303724292453563e-01 -5.449077781061663073e-01 1.543375358691104093e+00 7.208264357479650108e-01 -1.174981175786844467e-01 7.818114598162418175e-03 -1.638546756040672875e-02 1.396347928574834141e+00 1.715701565281233520e-01 1.437357055639632182e-02 -6.036505240914304821e-02 -1.467141817871286114e-01 2.302975213936749033e-01
-3.347368296193017345e-01 5.148859622268365382e-02 -1.815828068486434188e-01 2.030835462569514638e-01 -4.531937700985607005e-03 -5.270539046813933481e-01 5.173262524456604394e-01 -1.796270095539000827e-02 -7.896973018083459916e-02 -1.596861017297945551e-01 -2.082139026946152605e-01 -9.001373575496647572e-02 2.958213700324432982e-02 5.938730200110557168e-04 -9.122742109872865324e-02 5.172647664436822584e-02 -2.328086481451968337e-01 -3.840449598324290059e-02 1.209167622080141169e-01 4.216839137000402693e-01
-1.621533556486172145e-01 -8.076859198514415444e-03 -4.120167160036802834e-02 -6.081761800213741215e-02 -1.605856977975483879e-01 -6.546335109514030137e-02 2.582492629473905343e-01 -7.538484443333923202e-02 -2.476753605521671564e-01 7.790073282645074704e-01 1.418981193821491349e-01 -2.114543068421785924e-02 1.396566178694083268e-02 3.970151767971249329e-02 -3.029692454103249943e-01 7.911989621319091143e-03 5.304970858458433330e-02 -9.198654259090980126e-03 -5.818208395694288854e-02 2.389126814031024629e-02
-3.485133391324628932e-02 -1.124836046478167595e-01 1.664877230351623771e-01 2.560698810498655553e-01 -2.206240558520859013e-02 5.089126145942080015e-02 1.612874842729323799e-01 -2.840544068682739759e-02 -1.031232855285237364e-03 -1.871348645412157230e-01 -2.181360029727155148e+00 -2.472882206897043800e-01 -7.404603817639365815e-02 -7.166683976026843629e-03 1.294189741280797223e+00 -4.158640789322359810e-02 -3.928978969787053077e-02 -5.849386132642785119e-02 1.624994361359479930e-02 3.559764183588434161e-01
-7.911387623013130255e-02 -1.652299810055607443e-01 -5.547684467827341814e-01 4.769012281118899244e-02 5.465208822179230541e-01 3.620479765866263522e-02 -1.348091190342977086e-01 1.264634932360210462e-03 1.380797152956655116e-01 -6.633506704028139245e-01 -6.329546153573376577e-01 -1.261564025332241254e-02 -1.697558212577455691e-02 -1.574185564330842987e-02 5.195672699237827152e-02 1.893208752234681602e-01 7.841577996406605411e-02 2.073820793387093700e-02 -6.034743069781028924e-02 3.195586650248624649e-02
-2.348550093620385346e-03 7.064256164382795578e-02 -6.944922337091076481e-02 -9.312328639635165939e-02 1.000000000000000000e+00 -2.337246795651212461e-01 2.811734773127384512e-01 3.056638636347510860e-02 -1.865919720718850761e-01 5.214485173558550679e-01 3.984903829040905565e-01 -1.219480100136884348e-01 2.008544878220731508e-02 1.899529856592405835e-02 1.613522319128857019e+00 4.067930128412244363e-03 -2.216214418282668464e-01 -3.192983307787110314e-02 1.610489938933004073e-01 -7.592019604719360722e-03
3.298932885585727504e-01 -2.316946221996221342e-02 2.679656893554579478e-01 -1.418328915268546320e-01 6.353271661986759078e-02 -2.505982300922990902e-01 1.502007585446250015e-01 -8.430318551435429797e-02 1.866859829782040528e-02 1.242826141121673000e+00 2.651007991332491320e-01 -3.490333961422488751e-01 7.058087073389690547e-02 -4.631694509804253762e-02 3.147467289116069988e+00 -9.934013704152645785e-02 -4.359941390061814470e-01 8.720534802615090286e-02 7.449458561194913786e-01 -4.738808960230572048e-02
3.344447089755545055e-01 5.338115390392530468e-01 1.799884522507883347e-02 6.035546073115576060e-02 4.457045993455917656e-04 -7.562762073705567301e-02 5.839458010449593423e-02 -5.956672108323315951e-02 -1.314250451295444488e-01 3.577803976323036261e-01 -7.572472005400828765e-01 -2.032049172444751195e-01 2.348078461489400137e-02 1.063644075073665561e-02 -2.671208541933750014e-01 -1.311233990225540297e-02 -2.441834656842111206e-01 1.968637503967655966e-01 -4.004990760406147710e-02 -4.002186411999841820e-01
-2.679009480310616809e-01 -7.544705729324244214e-02 1.900757343037064520e-02 7.706394179058071413e-03 -3.790128095847016265e-01 4.835980016422405242e-02 2.548834471413025660e-01 1.787557445024381686e-01 -1.479952583032352609e-01 1.594714265302504541e-01 -1.564938059460198705e+00 -8.125382843555359336e-02 8.754722763182508360e-02 -4.147363888406344068e-02 -4.811613736879329362e-01 1.988104030448374984e-02 2.611084734683044931e-02 -1.269466951493594675e-01 1.602275509878273718e-01 -6.433063681463005445e-02
1.237375212918600045e-02 -1.705654229579389725e-01 1.376386400236566665e-01 2.598086837778783840e-04 -2.702821362631115387e-01 -5.799116711262920082e-02 6.385439997812822344e-02 3.536114870861092330e-01 -1.900303857810244634e-01 -1.934860525153279998e+00 7.337799894449669180e-01 -8.341369872166782759e-03 -1.266755388994477705e-01 -1.734136377508603902e-02 7.458724241791946374e-01 -4.057092906533066312e-01 9.612795276212135476e-02 -1.242807661808162240e-01 7.085481904747556459e-02 1.075786946112444915e-02
-1.090072105374852302e-01 2.800021239179732724e-02 1.162732823813511368e-01 6.607598813587750586e-02 1.581898750447555471e-02 7.558758051978924086e-02 5.547327053137304093e-02 -2.382593305455391747e-02 -5.539409904566367643e-02 1.199457796436635748e+00 -1.845672397872544890e+00 1.000427749766798734e-02 1.974777204672779896e-02 -1.331619078000716161e-02 -1.002415129605700311e-01 2.328208248972471472e-01 -1.543883963454428972e-02 -9.037691469048503290e-02 6.024124793611378148e-02 -1.955837582852820375e-02
1.443402571772608653e-02 -1.775697251112651753e-01 2.376206745140221205e-02 3.826758695714853331e-02 -4.386905728253389092e-01 -2.344403265672849110e-02 1.000000000000000000e+00 -8.015957620681642137e-03 -2.190861332162669373e-01 -6.578886876548257767e+00 6.052446593524881679e-01 -3.690801878265663749e-01 4.032839260436879569e-02 1.530102065799655159e-02 -4.137143305713418151e+00 2.368522217265529028e-01 1.747976354385300524e-01 1.977914889568021251e-01 -2.578015892927701391e-01 -5.471076325389244710e-01
8.703269592206350214e-02 4.496472943781822940e-01 -1.466623238117185056e-02 -1.439816034996962424e-01 2.896550535995369158e-01 4.777449505742382280e-02 -9.300404687641729007e-01 -1.757446717217363286e-01 -1.140583073503540212e-01 9.414039613760827319e-01 -1.509386085907920450e+00 -2.600018235814230069e-03 8.706069030191784797e-02 -1.676818021278244503e-02 -2.097520589685704095e+00 1.123982980376733443e-01 -2.705501621209926294e-02 -3.828597649132563230e-02 3.108452844911439583e-01 -9.208616140785803872e-02
-1.100791050077250394e-01 2.145664936679193557e-01 1.484275391182125481e-01 -2.178209617841117551e-02 -6.363926439736163065e-02 -5.400126768992187243e-01 -1.191349948259490601e-02 5.400643730314896168e-02 -2.975386529073773337e-02 6.620296306571316070e-02 -1.654636040827952792e+00 7.394738746195562984e-02 3.847361806062953721e-02 -4.977590718822505478e-03 5.454057364746163206e-01 2.125351771096650397e-02 -6.675194882910130689e-02 -5.747286908507846098e-02 -1.367779261047098183e-01 2.175206898167986007e-03
-4.806493778148358542e-01 -2.589171927350392699e-01 4.458747128814803673e-02 -6.213229016975393426e-01 -6.086564657631816921e-02 7.192140576857494749e-02 1.000000000000000000e+00 -2.470795883655443198e-02 1.830881754441677500e-01 -3.555507241617852365e+00 -1.942320133373206303e+00 7.180301041767878090e-02 -4.907532178227910769e-02 8.641300128425001559e-02 1.434229703813377332e+00 2.650547227129085859e-01 -1.480616740787322472e-01 4.887395709775967101e-02 -6.950826035145131199e-01 6.370214441559916008e-01
-5.379403751102818099e-02 -4.513608347130437237e-01 -5.443802181701090995e-03 -3.457448539877776977e-02 -2.384788135333482106e-01 -3.918233197639483384e-02 5.369333089438430712e-02 5.376068162762567271e-01 -1.355767608847998074e-01 -2.668072990640336095e-01 -2.892394074793686043e-01 -2.606980830508794436e-02 6.216424078656036800e-02 4.093749132282747949e-03 7.330760491563144132e-01 -1.963436577528536800e-02 -3.192453178344116863e-04 8.536013228822511567e-04 5.957212491551531208e-01 1.000000000000000000e+00
-4.040939558596898240e-01 3.174245982667343174e-02 1.533442189894393230e-02 3.111744330188603858e-02 -8.015518272933902511e-02 7.444559677592736376e-04 6.506570860310961768e-02 4.433261985760132001e-02 1.351970217340184299e-01 5.058701786024271119e-01 -1.244724272469196480e+00 2.223645328551764055e-02 -2.190044882137414176e-02 -3.407538383873700422e-02 1.647412182996384589e+00 1.171010327301116698e-02 3.405258589963371108e-02 5.274068011983441828e-02 3.171615076522849019e-01 -1.831094295571632918e-02
2.922233633204135428e-01 -1.000000000000000000e+00 1.000000000000000000e+00 -6.523944196223206704e-02 2.380071485063419909e-02 -1.092342529275761170e-01 -5.029866105536358045e-01 2.640998250501938593e-02 -1.612017013138856425e-01 6.218361358065240818e-01 -1.021184707661114688e+00 4.164274220795467080e-02 6.323510946418359202e-02 -1.327802897492961209e-01 -1.197265546828827132e+00 -1.415251991362163203e-02 1.603474624949094707e-01 -8.878002046531650870e-02 -1.000000000000000000e+00 1.000000000000000000e+00
-5.802227260734862252e-02 2.517286917511911692e-01 1.155708689796183519e-01 -4.160487712237473379e-02 -5.079957357584837796e-01 -1.851164134961458541e-01 -1.248709364142500944e-01 -1.366227105362054772e-01 7.127179008202993993e-02 1.167295317849079916e+00 -4.520758262038186981e-01 -6.349144811800893143e-03 1.140947132419147317e-02 4.757526409512222165e-02 -1.628627125336926884e+00 4.213748218797617323e-02 -1.000000000000000000e+00 2.449248186262110646e-02 7.277567961621165919e-03 3.618590616022216988e-01
2.333215713614582021e-01 -2.164611873943937947e-01 3.073709700028423586e-01 -7.466908670853268648e-02 -9.174585567319561152e-02 -1.003142551640001656e-02 -3.028181036878003704e-02 -2.650078660914827579e-04 -1.166446877886049465e-03 2.332176031956513795e-01 -9.267917097110511815e-01 1.404233613061247610e-01 1.811324269429208725e-02 -7.531192974041841896e-03 -8.229019158671990741e-02 -3.473640189734700234e-01 6.264222710929882865e-02 1.049249638620898817e-01 -2.177451270921076931e-02 1.049782735238439652e-01
2.952818009199919061e-02 -8.677582794062962956e-02 -2.373915562154232939e-02 1.218977427992786605e-01 9.689666824180908841e-03 -4.045521157232656595e-02 4.490381559295997804e-01 1.421831217692360871e-01 -1.486503156272902908e-02 -9.278298315011321851e-01 -2.021521356665250568e+00 -3.644424207281982131e-02 7.423656443569390251e-02 -3.815727043080319181e-02 1.638636301763375658e-01 3.829759633431323307e-02 -2.286931066733410151e-02 -2.630753970952273008e-02 1.810127877821105999e-02 1.967386212353849084e-01
-9.271173855401498506e-03 -3.607627512179569229e-01 -6.358575524558245096e-02 -7.259958844502220621e-02 -1.435141429883142750e-01 2.431883861751661484e-03 3.640245640014313500e-01 3.067436289553078232e-01 -3.161923735378195377e-01 -1.210561051930091475e-01 -3.718846883625947508e-01 4.703166604364390074e-03 8.734295956115491200e-02 -2.918162456613435443e-02 4.559715253526783751e-01 -8.434152377663823490e-04 6.973513143629277503e-03 -3.661739078907898931e-02 1.433810873280360887e-01 -3.322006355984880727e-02
-7.963367626406343824e-02 -1.022151083366782953e-01 -1.621698668398998122e-01 5.258306986424934187e-02 7.967502194248680947e-02 -2.894960754042194204e-02 3.817383873586718268e-01 4.670421992479131812e-02 -9.172362543061339524e-02 -1.356523913859790875e+00 4.300361449074154713e-02 6.325573366519837183e-03 -3.929865219929672832e-02 -8.350024485639099409e-03 3.395564146812971029e-01 2.803874886059794583e-02 -3.011621888652377121e-01 -2.372963575255164215e-01 8.697465162803234839e-02 -1.421661237129014377e-01
5.475444272811473383e-03 1.000000000000000000e+00 -6.517143638043000620e-02 -2.146870510505046736e-01 5.373338855751857296e-02 3.377450147681342330e-01 3.179916102065598604e-01 4.992421629079410450e-01 -1.000000000000000000e+00 -1.976113377970960761e+00 -3.322412656798756636e+00 1.822971745263737148e-02 7.799346981669165457e-02 2.024303733640674466e-02 -1.432777772792254600e+00 2.661674722740951446e-02 -1.671774912968483351e-01 1.879773559894453230e-02 1.165659973154778706e-01 7.559736080055614975e-03
-5.330420640867510745e-02 7.368862876558394774e-03 1.157744364344596849e-01 -1.818923737674969232e-01 -2.784451899029007360e-01 2.055534654151839127e-02 7.302142919877753491e-02 -2.806807953897157842e-02 4.567284040217706176e-01 8.965933021570960948e-01 -1.761496405985568003e+00 -7.234839223251930684e-02 4.003120224729973808e-02 -4.925218168810229988e-03 -1.366734166865835910e-02 1.736475891605598065e-01 -2.602173209949448091e-02 1.439607655760694049e-01 -4.448857897824636323e-03 2.488747835517528539e-01
-1.243632758987237583e-03 -2.500963231236320583e-01 9.796371213871385430e-02 -3.807668501163452048e-03 3.161971674018620310e-02 1.594337869516983296e-03 1.487928916652232758e-01 -4.684094081866694431e-02 -1.746702074654380432e-01 -1.007557370179296141e+00 1.337133177374446869e-01 -8.134709797447741905e-04 3.407538216119446184e-02 -3.272297065964518276e-02 -1.229587554263552873e-01 -7.308446509982949660e-03 -4.575626019576611164e-02 -1.077270419608126160e-02 -6.334414473111122995e-04 1.996913886718159128e-02
2.547777222216532911e-01 -2.233716117804227796e-01 -1.754748784763251745e-01 1.193427089202127450e-01 -9.356279046551632672e-02 -2.360379776230925666e-02 9.876161105644787330e-02 -2.990882729882600732e-01 -1.706783998946586056e-01 1.185259414892366747e+00 1.106939962914222031e+00 -3.988700549965878278e-02 5.859237546234044580e-02 -8.933075631761941762e-03 -5.376708544178233629e-01 1.473989750024815547e-02 -2.090684849543159307e-01 5.446376795064191562e-02 -2.418920488863407145e-02 1.583343334794511392e-01
-3.405477572363302396e-02 3.395857938338200377e-01 -1.027504975458838066e-01 -2.476401506193816500e-03 9.185146409164561543e-02 -3.894013778269107134e-02 3.130402620056110113e-02 2.040144440059243891e-02 -4.971087618769309130e-02 2.704762637836076455e-02 -1.996694066236640364e+00 1.342043735230474995e-02 9.739822043924059591e-02 5.850285275664895632e-03 1.734432664700068960e+00 -1.260449978483542052e-02 -3.072410356770962844e-03 -5.846278415153446234e-03 1.194804823356359486e-02 -3.984853254499148324e-03
7.858693160779470221e-02 -1.833385116180262231e-01 6.802952081746307944e-02 2.054262435586295954e-01 -5.013198108360247124e-02 -3.666264154859665697e-02 -5.047608036152161082e-02 -9.000134420085363629e-02 -1.025814934617115398e-01 -1.663421962477152460e+00 -1.729018978204769352e+00 -9.407696977979343456e-02 1.495271914846339235e-02 -2.890229029912803893e-02 2.563202486752443887e-01 4.185898052491654475e-01 -1.886498504796366854e-02 1.954319174831486636e-02 1.394758799833511753e-01 -6.938042632751190153e-02
-3.539877712245403374e-01 -2.236607818900269301e-02 3.387364552083397401e-02 -2.505637958267012411e-01 1.611024713514331436e-02 4.861618729864909672e-03 -1.679634087287653621e-01 1.206834936025740213e-01 7.013383859915811591e-02 -2.952236275327887238e+00 -9.364739106726663320e-02 -3.301711849267108603e-04 -7.659875826707786446e-03 -6.758825164921220333e-03 -1.893865937174490921e-02 4.360849761471684294e-02 -2.354994566881908960e-02 1.155982331726747442e-01 8.757479614393791356e-03 -2.693600219568818566e-01
3.763974808278285067e-02 -6.446236436484613364e-03 5.727718410320096348e-02 -3.178751740865709118e-03 -1.075829111799535692e-01 -2.878682371076959901e-02 -9.932970415753582250e-02 -2.015549005438748570e-02 9.347120520978233205e-02 -1.834596835299976192e+00 -3.748605821882820544e-01 -1.552883419641095941e-01 -1.339320251477818784e-03 1.620771623676002787e-03 -1.508690199358298512e-01 8.937702033000008428e-02 8.711030088343660882e-01 -3.679528731055529273e-02 -1.568544829912510985e-01 -5.051842811800341115e-01
-2.208471184455790964e-02 -4.334400028802682381e-01 -1.678862856308452611e-01 -4.366966086895457955e-01 1.000000000000000000e+00 -3.151578143031050216e-01 3.918012639883833304e-02 -4.411967682377639366e-01 -1.693660685009819866e-01 -4.329109698692056307e-01 -6.188422071133234947e-01 1.493709786480045543e-01 7.260907312606308672e-02 2.056098109377804846e-04 -1.540194297647855093e+00 4.215606234790613555e-02 -5.549053476486770498e-01 1.177985956255585137e-01 3.896670245362046647e-02 -1.517488497975564843e-01
2.530704936412305206e-01 1.798220180026130210e-01 2.377688701895866730e-01 6.625422630267888136e-02 3.130690292207845976e-02 5.040568810906436575e-02 -5.518401896487029612e-01 3.607271933373189521e-01 -3.694332953512382556e-01 -7.297086259314103929e-01 -3.212063575335701415e+00 1.918479879251221501e-02 3.026944055424631019e-02 3.036633673086583732e-02 -8.405304079429440911e-01 -1.172845290204309679e-02 2.273373467200326126e-01 2.414333130245864822e-01 5.584670551224357044e-02 2.044122875851185350e-01
8.071868424536214615e-02 -2.044057569865307886e-02 8.499050677717963354e-02 1.967027396230976166e-01 -7.300099887869138104e-01 -1.032000761997650673e-01 8.490710759441143507e-01 2.747331912401105095e-02 2.455769167683954229e-02 -1.028562546753936768e+00 -4.571002217704451254e-01 -5.044235084317569284e-02 6.432306764134966548e-02 -1.111221217060223559e-01 -1.580725334309474039e-01 3.113451375622062686e-02 1.426701150986138256e-01 -1.217130614569791325e-01 1.291566085794573771e-01 9.266154294900995347e-02
1.845967747047027319e-01 2.660129236778415174e-01 1.892308608884119003e-01 2.775216646640478180e-01 -3.829492811163170973e-02 -3.744444135158431913e-02 -1.320979840232379965e-01 5.533333842743497905e-02 7.494153775627232505e-03 -2.195352227422821961e-02 3.145991718237034718e+00 2.805637373585510852e-02 1.852100807671438684e-02 -2.463985559110069140e-02 8.715594743687251622e-01 3.265126547837967491e-02 1.037341566190374265e-01 -3.462202567981714774e-02 -6.119109755836668607e-03 -1.135376641461694203e-01
1.056868589823920825e-02 -4.573664181457991890e-02 9.253556432767472140e-02 -2.081211311107070139e-02 3.030034031410622566e-02 -9.098386073292061282e-02 1.267501150623861865e-02 1.491537966584536024e-01 -3.574888518348626198e-01 -7.672994772988804835e-01 5.424373129824074102e-02 1.302235813330837599e-02 1.573421607738187053e-02 1.662036284355496440e-01 -4.192236225525236559e-01 5.828927243845165307e-02 -2.416089329358800941e-01 -5.349166138513572477e-02 -8.864456791899356924e-02 1.380996607505503293e-01
8.905033221315795944e-02 -4.702681877994567272e-01 3.278846288136036380e-04 1.265329151898934162e-02 4.868342956108708160e-03 9.555929319844261652e-03 3.536070613187172196e-01 5.822753320757789210e-03 -2.637606395341825505e-01 2.337050006768233434e-01 -9.613155514085858222e-01 3.462860482023125824e-02 -2.770718638826252453e-02 -3.166453712690981553e-02 -1.584296747832346197e+00 -1.115843367514582074e-01 -5.621060182334366127e-03 -9.960847396644829932e-03 1.359438804593242900e-01 -3.434956940688761728e-02
-9.418843196952120939e-03 4.140090380727673436e-02 7.164503408801210782e-02 -1.906627803470736923e-03 -3.150883225405644583e-01 1.037156079119458049e-02 8.313692251080028184e-01 -5.998184872080191132e-01 7.748932714821892692e-03 -8.189346354985822529e-01 -6.377757838186527417e-01 4.594046427789959947e-02 2.283771923780932023e-02 -4.954949687861309737e-02 -3.930647419253111563e-01 9.154309542077420508e-03 -5.497114123797554319e-02 -2.655502355645460513e-02 5.690187776145433710e-03 1.814904066209018646e-02
-1.984193044443889609e-01 -4.970184465082373715e-02 7.189656222365161664e-01 -1.585670913663270870e-02 -1.665708226417743076e-01 1.368342608359424985e-02 2.372116310077105883e-01 -4.102574784942374791e-02 -1.995513613464013070e-01 1.267154808202088090e-01 8.440355108510567694e-01 4.535000757020183487e-03 9.942427231037946622e-02 -2.294900093530770346e-02 1.119722583598503851e+00 4.792915199492783773e-02 7.189491873013426071e-02 -1.540061828980459138e-02 8.877548502518366191e-02 -4.235896303544690045e-01
-9.840430383513501522e-02 -1.663477137539193518e-01 9.847625125172541904e-02 -5.054321933996679117e-03 -2.462348798029908026e-01 -1.277867087443088946e-02 6.557847303971484076e-02 3.151277335919818725e-04 -4.604050388044478304e-01 -6.022519366305348898e-01 -4.111279945633443123e-01 9.511006986617155830e-04 6.379359802543753399e-02 -8.197598597438642345e-03 -3.371743116020751163e-01 9.485823761851729097e-02 -8.306087108660202556e-02 4.678394387119360481e-02 -5.110688138582574619e-02 -1.495158082141405213e-02
3.876799083279656999e-02 -1.290173648410714302e-01 3.377953165822698833e-02 -4.217209518471411872e-02 -1.117394863606492247e-02 -2.023504011110983589e-02 2.802687520683717626e-01 7.511425835962981523e-02 6.704291600118282568e-02 -5.844780852314567648e-02 -6.771804885581557132e-01 -6.678293766879372581e-03 4.456789079327218989e-02 -5.591211697591932581e-03 -1.194592772270301362e+00 -4.628009150565187751e-06 5.714557425633230150e-04 3.592020284613838682e-02 3.592254468448389257e-04 1.756267212879902666e-03
5.028170471530135632e-02 1.593499331095509230e-01 2.566687792331309032e-02 3.670059790796109667e-02 -6.311370384880933271e-01 5.240741893837729676e-02 2.235692792304521670e-01 -9.814736581673252219e-03 -1.177894621355669719e-01 1.529631761714542182e-01 -4.919260033011599864e-01 -5.859918865094801421e-02 9.369950076722165233e-02 -3.204219181898495302e-03 3.354651962148079147e-01 -1.376699103693560487e-02 -3.158762301024871655e-01 -6.032911092446205381e-02 5.924124318625582225e-02 1.651258925380674203e-01
-4.191789944194570378e-02 -1.715405078008236661e-01 1.856600260563855687e-01 -1.942441300331954335e-01 -8.791085939905518565e-02 5.224908002508784483e-02 2.143330532629997009e-01 -3.459238210555914961e-02 1.053210592308582022e-01 7.429850573893613530e-02 -4.857790090325723315e-02 -1.480291673352544628e-03 4.937832971246534919e-02 6.086119754744865641e-03 -3.475635580015109388e-02 7.261860338706249869e-03 4.503674927635407249e-02 -4.526695148634466564e-02 8.336905249324380596e-02 6.107352132924744881e-01
-4.324603623050306961e-02 -1.603373263629032375e-01 2.000156137992031152e-02 -2.568755979551609614e-02 -1.042560131528182249e-01 7.617001318708641923e-03 -3.686086699479633744e-01 -5.547014285754920532e-02 -1.639730267013341791e-01 -1.013578383917662640e+00 -1.540705363332304678e+00 -5.316101957945379430e-03 1.358920266218349888e-03 -1.373297015655531965e-02 -6.003833175227252239e-02 1.555436528730791586e-02 7.448866991755340172e-02 -2.575332004094593383e-02 -1.582028076070561562e-02 1.780195513299087096e-01
-4.354974666468869327e-02 -4.960917853787735199e-01 -3.642680839816379579e-01 1.022808854659137678e-01 -5.335397867139730910e-02 -1.895142046952066894e-01 4.672656829711673843e-01 -3.520443286024870638e-02 -2.450779426299195402e-02 1.807418136812174170e-01 -1.657778491636350937e+00 -1.744555257758453881e-02 -9.298913581847591606e-03 -4.152662613830869487e-03 6.538091062161924816e-01 -1.247059989529903101e-01 -6.519534916874033526e-01 3.717106703205521993e-03 6.952084487339614538e-02 6.956569081439311075e-01
3.234794809412171179e-02 6.327105551415153073e-01 -3.653574696565788787e-02 9.948635758681147190e-02 3.698681265791044920e-02 2.798138798778659897e-01 3.815194367893550709e-01 2.723454203987402426e-04 7.570740905330982651e-01 -4.413022860111966428e-01 5.292328769641848618e-01 1.864004876050780884e-02 2.871891738099658850e-02 -1.586663065644615400e-02 1.060966041801753468e+00 2.055552476268301260e-02 5.095507886717621365e-02 -1.863590260696975850e-02 3.733931803935958138e-02 -4.039919139631387851e-02
1.649324796994214026e-01 -2.510577210757304334e-01 1.711013736732376056e-01 4.240319137088721657e-02 4.312905938026438957e-01 2.132457675523752663e-02 -6.823270241229174859e-02 -3.156006373684225319e-01 -1.193466883335880802e-02 -8.468312854387507471e-01 -7.763738428077475717e-01 2.676616973728384585e-01 5.092046972791100523e-02 -2.191001617367074536e-02 -2.637995864598956075e+00 8.270613900935126425e-03 -9.186112015097178118e-02 2.291664082112160605e-01 2.601949431172647167e-02 1.328469819627835780e-01
2.844610678979894725e-01 -6.451718939837746136e-01 -9.626627668135182003e-02 1.299449800093908092e-01 2.360710733421582733e-02 -3.148424656039848702e-05 -1.137262314454192957e-01 -2.203109813469774150e-03 -4.192455743389719158e-01 -8.679303042060165785e-01 -9.056692234093344229e-01 -1.978872169575362355e-02 -4.637290849032528472e-02 1.651300140507233529e-03 -2.166453500953975375e-01 1.362265527498937416e-02 4.529954598168926122e-02 -3.737664312284480483e-02 -3.222908702747036974e-02 -2.291827279561427233e-01
-1.718834232026963374e-04 -1.904207833575262132e-01 5.116115006656611897e-01 2.906371976832320195e-02 -5.417736416351242451e-02 3.862607017797382580e-01 7.281263211805367730e-01 2.918928598710252564e-01 -5.794414561405223374e-01 -2.508641686812504989e+00 -1.230262736176013449e+00 -4.433437670016447674e-02 8.851292713410319202e-02 -5.539186932569995642e-02 -2.783592164750833486e+00 -2.710311908476187998e-02 -1.668722347740428380e-01 -4.206523325303945238e-01 3.310758263980242422e-01 1.000000000000000000e+00
-5.059752819816731861e-02 9.086967501858711493e-01 -3.921379670447467519e-03 3.418251961110280179e-02 -4.997772900432255194e-01 1.290106754036185466e-01 -2.942323076879791999e-01 -9.560568706295917429e-02 -2.935383135729167092e-01 -1.980778991586195747e+00 -5.000000000000000000e+00 8.533333791580855268e-03 -1.067161116200833759e-01 9.435620331561411778e-02 -5.761247924763437250e-02 2.006052020750167045e-02 4.500077226542643222e-02 1.008069926040756036e-02 4.421948556819062237e-02 -1.602471426708961255e-01
-2.117837357855764657e-01 -1.145304222681775008e-01 2.834127176530239559e-02 1.239550115445094414e-01 -2.632731656656941976e-01 1.088074300099664028e-02 6.628716058943393552e-01 1.559813405971691436e-01 7.407712543455202692e-02 2.376510486701739477e+00 9.997770162564950658e-01 -2.287867465092435076e-02 -5.686459532472169093e-02 -1.111503725616182388e-02 1.861029285995491556e+00 -6.666797973017885015e-02 -1.183510222822039271e-01 9.987067832474882945e-02 -1.715208278024104027e-01 -1.539680705021713447e-01
9.386182221056161299e-04 -2.413103178280834593e-01 6.859340110688792562e-03 -1.255601869827469852e-01 -2.966315458656057502e-01 -1.126452523859102633e-02 2.469794793527144983e-01 8.052394360445613505e-03 -8.272147625300109094e-03 1.156357372295870434e+00 -2.744674200256663754e-01 4.860056385420305491e-02 4.441100344564728047e-02 -6.732636785012756364e-03 3.458213256913089118e-01 3.318732670522111378e-02 1.747183571540886909e-02 -1.128985653695980529e-01 3.504248738053355322e-02 -1.759859845780634979e-01
