3.991369728978602094e-01 7.857672415528681453e-01 6.744234019482572284e-01 8.949264734253522535e-01 5.041548641652136009e-01 2.201533547026400250e-01 9.150573220999822510e-01 3.424615441731164722e-01 6.074052356095552829e-01 6.737363623558249692e+00 3.303310540834078157e+00 3.870376736653102223e-01 1.555024900995727044e-01 6.299570153291333963e-02 9.229021313516028613e+00 7.080462470208602754e-01 6.285437080841280721e-01 5.136265320907992260e-01 6.225458105479078075e-01 6.565121573528459598e-01
4.724162317112134413e-01 1.580722686709846725e-01 6.947723119544266801e-01 8.015267235513814370e-01 5.160506148760692913e-01 1.995482828465152403e-01 9.542255144050595383e-01 3.649929550656062505e-01 6.459078895341199278e-01 6.618292892464278765e+00 3.439911353326917443e+00 3.934714907596722488e-01 1.404397851936091124e-01 4.613141066281789548e-02 7.769417220448663564e+00 6.692614275992950779e-01 6.139507710745122360e-01 5.269708170888791621e-01 6.169343960061313137e-01 6.706009683410755207e-01
6.247855174259082656e-01 6.119746960168436223e-01 4.810525881781670399e-01 4.337081486199215741e-01 6.972129615984830053e-01 2.236792300454860938e-01 9.248988247803103802e-01 1.445702063678873106e-01 6.028610396649988212e-01 4.975753030227739515e+00 3.029465415496169101e+00 2.961511314177124321e-01 8.782231451297638214e-02 1.088624666225555815e-02 9.464567694678695631e+00 6.685830998047842533e-01 6.297261154875570810e-01 5.040206936133047044e-01 6.314454028601080848e-01 5.836107153202876319e-01
4.152755638876679534e-01 7.215548710944957866e-01 9.882591463885478378e-01 8.469255588737419904e-01 4.506410869672097808e-01 2.534037624007486889e-01 9.397108630412838171e-01 3.263112308603578482e-01 5.436881336940471154e-01 6.468087093948311939e+00 3.179025327450222704e+00 3.974326239886089018e-01 1.757856291075500510e-01 5.581652497902898913e-02 8.887256105438474663e+00 6.962975442421310834e-01 3.078815454825077347e-01 4.884802744810827213e-01 6.772195767501094643e-01 7.870496223126293156e-01
2.141797785846826230e-01 5.261519865674721963e-01 7.782548689705153233e-01 8.670176208487230252e-01 4.959198873544007347e-01 2.302094152078627276e-01 9.705592710743393692e-01 6.135756838909507405e-01 6.373778843028761187e-01 7.641115957535114411e+00 2.898951539842683722e+00 9.469947185766575126e-02 2.314468584308422561e-01 1.398612196137580810e-01 9.096422732443583570e+00 6.696370233707039654e-01 7.320422190730827561e-01 6.351921194070606624e-01 6.543845413719455717e-01 6.836674352871461302e-01
2.983618075404562142e-01 7.770353141799946073e-01 7.867993455536412828e-01 9.232228458474832644e-01 4.974637441038764485e-01 2.177596746188810994e-01 9.242485068138219795e-01 3.665175683375520022e-01 6.275378389624658437e-01 6.034554364367791912e+00 4.649832384852337519e+00 3.593645446543153321e-01 1.359680803442812613e-01 4.758919858171731937e-02 9.156692657127017299e+00 6.761697676869927731e-01 4.870003925714715409e-01 5.183561484226633098e-01 6.449277708985791113e-01 6.937305889990996732e-01
6.081579840269725201e-01 2.127901641413509903e-02 4.649044646306077500e-02 8.128816853678779708e-01 9.933607388155147877e-01 5.067850799415523078e-01 6.566678782092815192e-01 7.780203929857505418e-01 2.078783659212265489e-01 6.314455540445539583e+00 2.891272286603824293e-01 2.383193549127147204e-01 8.513220284242858926e-02 2.353334557234473823e-02 8.182235378979823892e+00 7.672080758251940136e-01 7.226023050063278275e-01 7.183482340634572694e-02 9.970866157729411094e-01 9.127162075680410602e-01
5.413044086589923198e-01 8.641937883316834768e-01 7.171137896976481629e-01 6.954692482236463080e-01 5.089510653521236438e-01 2.151953635138537935e-01 9.068836379638437473e-01 3.198428155553177388e-01 5.504287603473174695e-01 7.061338987722992400e+00 3.989431245778143786e+00 4.314062384554998575e-01 1.629981332435717356e-01 9.294014635866360008e-02 9.223942032771065058e+00 7.043200264373825625e-01 6.348640616195192488e-01 5.098771627112110849e-01 6.478299268753344720e-01 6.672612638676960195e-01
2.665797238534169389e-01 3.727217873603193010e-01 9.837405238228431603e-01 8.396157481807436929e-01 3.172946872339724722e-01 9.001848854660690624e-02 8.702512515696865236e-01 6.631783135368924942e-01 2.827032484617298946e-01 7.812355159195414345e+00 2.090139005734015232e-02 3.628748895741066294e-01 5.564485656079160014e-02 1.508727765556158729e-02 5.396416630389091473e+00 6.701834012440007760e-01 4.502764875806880007e-01 3.071212428778882786e-01 5.817444567674004974e-01 7.022301879808665603e-01
6.011549920041313610e-01 4.123325865717711869e-01 9.286246714171773053e-01 6.610521181508852706e-01 4.708402301039930626e-01 1.894865502221982079e-01 8.022503365326016933e-01 2.442499633040544627e-01 2.935215576564171314e-01 6.980469215620447088e+00 3.284451134480932399e+00 2.562381332115031274e-01 1.555650007474664864e-01 1.366856271880514395e-01 9.467208677066377476e+00 7.238281182251367074e-01 3.393950481166643218e-01 4.737465233942622089e-01 5.725495483489515536e-01 6.922729849257739376e-01
4.946718308164566036e-01 8.532986535567653741e-01 7.276002235387004635e-01 7.140728039622223910e-01 5.225812487518995963e-01 1.962596756012622290e-01 9.098160621247918245e-01 3.643466797091187148e-01 6.061930858247317477e-01 6.501294490538688464e+00 3.366075980929999822e+00 3.449248050999818571e-01 1.583177790053134359e-01 8.298604632154828187e-02 9.306955743663925418e+00 7.324854851652792265e-01 6.117668156443565319e-01 5.316201831019651269e-01 6.268251121691317262e-01 6.292317138872578486e-01
2.876359901395855734e-01 6.554200939237517787e-01 7.508056902412282296e-01 9.038445970484316749e-01 4.202318870475214574e-01 2.335373695280347495e-01 7.488101831004716491e-01 2.655319437562728702e-01 6.282696537531625713e-01 6.045281470342090735e+00 4.946007785312064975e+00 3.507983797869392850e-01 1.208246477969100313e-01 5.074807971568436049e-02 9.746799341914032411e+00 6.206558762625264958e-01 4.772014026643884854e-01 4.505830378274108816e-01 6.556242480406992978e-01 6.824447994892164360e-01
7.563972998236989653e-01 9.446154639581202384e-01 6.857805704080239817e-01 7.572510925118011160e-01 5.110601734097737214e-01 2.108202985114708827e-01 9.539498294027274339e-01 3.387636028445624170e-01 9.270369105708384794e-01 5.908375635762852518e+00 2.781928401306506871e+00 3.158889298700465198e-01 1.275492482917880976e-01 1.336106917960260820e-01 7.032224523220820700e+00 7.421529255876178066e-01 2.015263462310784570e-01 6.046141120910073496e-01 8.385300040262313459e-01 7.970842283926311556e-01
6.375860931868807535e-01 8.349431478570541465e-01 8.777377269587794961e-01 8.023572439703913206e-01 8.849371477199027280e-01 1.922738738778617673e-01 2.866577607963588514e-01 3.582576994709552043e-01 5.378623337538206428e-01 2.747237138978636750e+00 2.330235374208128318e-01 1.182974532804620948e-01 1.955260909544099257e-01 1.640444299299728126e-01 3.526016319808526145e+00 8.344684074887765979e-01 1.315864005338438503e-01 9.236190916346456170e-01 9.575904676311209895e-01 9.736648367431768314e-01
4.680654881131873224e-01 9.873280222848097587e-01 8.043580599522065500e-01 8.266171887341345892e-01 7.146050001924937334e-01 2.185465052613294046e-01 8.845090327776639061e-01 3.581462429719611817e-01 5.984305883981244634e-01 6.155780635230167164e+00 1.997924127339492539e+00 4.005731487583042427e-01 1.344206572315836401e-01 4.462105686243722502e-02 8.327910366240768525e+00 6.986709744459265181e-01 5.255680399740954023e-01 5.084116903570953250e-01 6.256011707415141121e-01 6.375913880848580462e-01
4.441812543920383716e-01 2.141688094871768977e-01 3.962003203255222150e-01 9.325330057531877603e-01 4.357119742313103616e-01 2.205884005904054368e-01 8.568231270363619867e-01 2.847862804933825598e-01 6.659468371175405466e-01 4.092949255609177328e+00 4.966957250409018698e+00 3.238921307062646027e-01 8.094342266933157726e-02 3.270450610512991990e-02 9.348759582727289796e+00 6.821004672357975362e-01 5.554387588011447940e-01 5.426114133131426653e-01 6.493636858696005820e-01 6.839056385990960329e-01
4.408334206731316374e-01 8.520013835152703274e-01 7.038004909914786777e-01 8.821898249393209657e-01 5.154993813769838118e-01 2.175445942487377604e-01 9.036135460991037149e-01 3.357066753882556598e-01 6.005926067871325547e-01 6.576509824983888031e+00 3.930595002458494136e+00 3.789362370534260505e-01 1.622850732811745023e-01 6.425081628492897157e-02 9.710449631522143576e+00 7.287324443722817957e-01 6.344095341701314617e-01 5.082806603093761311e-01 6.212834086420380153e-01 7.471820137206662826e-01
6.080916004069950587e-01 8.628133124124899300e-01 1.820389244894269343e-01 3.451895612141288039e-01 7.728801391045145852e-01 4.697475669762963268e-01 6.635917871776837451e-01 1.690025015068015724e-01 6.120430989495038165e-01 6.200938062942195295e+00 2.843986331561009884e+00 3.862512028620982418e-01 2.398115689904200543e-01 6.594530169454192181e-02 9.023192939424761860e+00 7.437813285494274673e-01 6.209222620160543826e-01 5.898976713263385241e-01 9.124892731235852983e-01 3.111941159024090298e-01
2.685194983370315924e-01 5.478042053134710709e-01 4.700370859943922008e-01 4.782061422151446806e-01 3.936056730492673572e-01 2.465059290125961033e-01 4.122820263033224464e-01 1.561911935099875581e-01 7.511341886085644015e-01 7.369257474001754460e+00 2.040369521318274426e+00 2.762694907661881194e-01 8.726495166553283056e-02 5.187215694377613623e-02 9.852254837606963633e+00 7.760367552483011799e-01 3.390335408501999881e-01 6.484997723946683834e-01 6.123958455907302367e-01 6.680038363150021530e-01
5.243698042900915013e-01 7.813602414138335339e-01 7.027614443213001660e-01 7.822884819962848679e-01 5.468379351817368450e-01 1.810041702466867186e-01 9.663454595272548131e-01 3.377522973500665660e-01 1.047003253481020302e-01 7.310920828645718572e+00 2.865391586176641248e+00 3.458167843395391072e-01 1.899509411498042089e-01 5.745635275653249857e-02 6.389646339709658562e+00 8.630807320157474205e-01 6.162650976076291531e-01 4.476752879313024014e-01 6.344858979489871320e-01 6.392330593778228209e-01
5.085718565349205411e-01 6.818618903217694704e-01 7.203691807039840356e-01 8.204741140455185100e-01 5.251790648682356233e-01 8.278456507344716941e-02 3.285260218251284670e-01 3.760340788355351904e-01 6.266585511176228085e-01 4.215054117879025064e+00 4.293001537765281483e+00 3.280597783375595045e-01 5.868360109338879860e-02 5.848921443294303329e-02 9.443055816125177415e+00 7.054361655686285371e-01 5.321812796195968254e-01 5.241954596758873208e-01 6.088478726149950671e-01 6.507008548079618038e-01
2.732002325391326147e-01 6.102087040464883039e-01 7.486467128390172920e-01 7.512490935731240826e-01 5.095012855796573481e-01 2.233737683192181245e-01 8.553150644329607921e-01 3.566104471666698417e-01 6.030939177165125509e-01 6.461523295432461289e+00 2.690682021452345918e+00 3.769546667679807839e-01 1.048969496806310131e-01 6.156414635333980201e-02 9.421656135522843201e+00 7.492919586265446297e-01 7.060810688425183113e-01 5.278186371357590501e-01 6.221044214583081322e-01 6.505104498272403779e-01
3.936513762711908448e-01 9.315519554265674351e-01 7.211417790575981313e-01 8.546569083340994633e-01 4.883603374023441912e-01 2.219827645871993993e-01 7.963137318307172974e-01 3.495516247843424296e-01 5.859148877530721000e-01 6.326221604662524811e+00 2.906645274579453986e+00 4.139503391323319792e-01 1.364347555808409496e-01 1.563958422782692204e-02 9.280427530780233525e+00 6.775851088282650592e-01 5.398792571458294054e-01 5.332908727512878366e-01 6.404633565059275613e-01 6.540430248278171765e-01
4.825485841054558689e-01 3.428039894404404930e-01 6.681506859089324513e-01 5.883729877530770036e-01 7.829768563331218623e-01 2.334247655205778371e-01 1.204000737995100656e-01 3.354476164592763432e-01 6.688166475405326050e-01 1.390579060607989748e+00 3.376276780625314444e+00 3.953526111051085534e-01 1.656660054282659000e-01 7.619767428896022377e-02 8.391830819880105707e+00 7.162989721385836228e-01 6.389257516596916764e-01 3.542381895041335493e-01 3.742613659737420995e-01 8.344475705222014206e-01
5.085514150278197532e-01 7.632810906758623615e-01 7.087231841966223911e-01 8.215967115950020272e-01 5.077890209367594831e-01 2.200337696157910750e-01 9.253939059451804505e-01 3.378331382135470462e-01 6.079306897324753267e-01 6.707779321603790201e+00 3.427657298875695702e+00 3.730451497900993396e-01 1.684439191850275463e-01 6.222968694936927003e-02 8.780240576594334101e+00 7.125170644649299057e-01 6.506414703783200970e-01 5.111082369794121005e-01 6.200698949681473504e-01 6.599867557116876338e-01
5.196422612028552823e-01 2.787087132702855685e-01 7.093611452922501392e-01 7.934065121967435186e-01 4.677749516746657621e-01 2.183574986682436103e-01 8.157762328775057803e-01 3.363653223593295327e-01 5.564375378229443614e-01 6.436717337641510106e+00 2.905020144498134282e+00 4.026079559730614821e-01 1.899889736081412095e-01 6.193753722098344766e-02 9.246291497185461949e+00 6.730594794479944909e-01 6.676920958580701004e-01 5.046233066171772474e-01 6.057008667409302660e-01 6.436085530544650712e-01
4.657075308140938286e-01 8.386627444243125451e-01 7.090550148000658304e-01 8.064190657796437289e-01 5.031275945443619557e-01 2.154971912493418851e-01 9.302611014686370527e-01 3.381598801312123426e-01 6.042722430561816571e-01 6.743911539736005878e+00 3.419209800427416734e+00 3.436922417289293707e-01 1.567570424411648122e-01 5.886064851313881074e-02 9.269809993131191916e+00 7.098852635973214031e-01 6.163757094134675318e-01 5.121773915102845187e-01 6.222920066134268735e-01 6.504059869123582915e-01
2.517802377495798605e-01 4.780443950141847198e-01 7.927002822154078920e-01 9.231829864906806460e-01 4.616536737597073392e-01 2.494829060146608046e-01 9.183448543079706372e-01 3.676247256569931121e-01 5.283075489359754240e-01 5.413862661098661988e+00 4.522534809039771453e+00 3.536466014235408184e-01 1.728077364715457920e-01 9.550785789292866312e-03 9.046604709989439996e+00 7.848908431443951672e-01 4.475720934169283294e-01 5.506683543948651671e-01 7.730490425438739654e-01 7.261241945161687195e-01
4.374229448840174506e-01 8.872590692049491246e-01 7.579715256511253552e-01 7.961015735641420177e-01 5.085180877579925651e-01 1.907861655256765654e-01 8.650643057460235541e-01 3.491814437598379506e-01 4.524835596513379077e-01 6.828317626336549040e+00 1.651198103431954500e+00 2.261077648248670247e-01 1.582542719886070592e-01 6.369535183658295296e-02 8.837037879121348638e+00 7.229970801406238046e-01 6.912953693239412001e-01 4.986899533883327740e-01 5.881103939721501472e-01 5.971653158763101654e-01
5.732938398918020484e-01 7.531989621134539403e-01 5.287910276212375305e-01 3.564656810960719069e-01 3.907247957832811203e-01 6.377232935613196263e-01 9.124139099104875417e-01 6.863429567214838212e-01 3.890028445923232603e-02 4.123220524314948676e+00 3.503217723765828406e+00 2.922935130592281272e-01 1.441675028366688205e-01 2.446781604842588609e-01 3.265420588456264817e+00 5.367730835410899903e-01 8.866096818849483752e-01 6.766515703968110085e-01 9.075453469908503212e-01 8.902716865213597952e-01
6.251708013961316812e-01 8.667556409886190139e-01 8.001908895957361434e-01 7.678139749740167108e-01 3.477979595242494115e-01 7.018402272947458220e-01 9.095598836370778484e-01 3.840637432469117263e-01 6.033946954282571884e-01 3.408095006284901363e+00 3.220584723236367353e+00 3.744790697207374675e-01 1.574841703752605793e-01 7.714784455186732282e-02 7.495611437711470870e+00 7.688837709437186252e-01 5.917495751020018790e-01 7.130211331299274313e-01 5.122548470953535160e-01 4.914596439063272926e-01
6.078582211954741688e-01 7.961508441054466756e-01 7.117842664618418969e-01 5.738811716861327294e-01 4.358920422043017773e-01 2.137772213901829033e-01 9.351296787699617807e-01 3.534250067628525449e-01 5.922487200914550165e-01 7.005976057266769530e+00 3.253900152172021887e+00 3.249873389131907597e-01 1.445004694109766064e-01 2.415085176000777989e-02 9.010408510767959456e+00 7.120173111982943670e-01 5.231334151397867283e-01 5.208281922353066307e-01 6.346936084939395206e-01 7.115142634833785396e-01
5.946216453473492924e-01 9.757906460359710987e-01 1.169588290262414398e-01 7.719537331794495971e-01 4.405417210614152035e-01 2.700905005165187278e-01 9.121043793512140230e-02 7.181307131305432190e-01 6.555899869368617683e-01 4.578139801613241744e+00 2.974293645264702413e+00 2.174393119012392461e-01 2.496501503675852829e-01 2.173801623878131306e-02 6.938674209867808251e+00 6.889825130772603279e-01 2.587946406935511812e-01 8.621344659930795240e-01 5.935693249026953167e-01 8.411455383437296263e-01
2.891881785376331226e-01 8.626726186198555579e-01 6.461191072941105951e-01 8.635711702291439806e-01 4.362222782278895039e-01 2.041883289968999260e-01 8.801014873209308531e-01 3.532793326988049598e-01 5.559059187805318603e-01 6.467740811525603206e+00 4.767503781831417875e+00 3.541855408689128515e-01 1.673494017819484314e-01 7.197346466721565861e-02 9.215927374836967445e+00 6.826440785004195266e-01 4.418021413736626934e-01 5.381078271523569434e-01 6.830663167404732450e-01 6.876123956181449115e-01
6.779168106521296089e-01 8.043152914292512889e-01 7.513392403950756027e-01 7.583362698855050654e-01 5.177693177944107106e-01 3.778855406868000810e-02 2.497334225828119758e-01 4.335618828807012437e-01 6.052839775051921389e-01 6.222083005011464607e+00 1.231795843635706156e+00 3.421396078492474069e-01 9.611857545116200829e-02 6.086762156552472103e-02 9.576810241143778768e+00 7.544465066649054252e-01 5.954453930999208389e-01 5.235407535200264917e-01 6.065597814250982545e-01 6.802979463326713772e-01
4.013742897339629967e-01 8.857774155940572047e-01 7.369470540317418772e-01 9.956430165612983885e-02 5.069376721490158610e-01 2.180306879881165893e-01 9.108790095434458056e-01 2.920788616475177846e-01 5.931497916342191035e-01 6.613883998300216227e+00 3.332903080778342186e+00 3.966627030509766727e-01 1.519186801769635553e-01 6.977649195772858692e-02 9.298154953527152600e+00 6.900001406447285879e-01 6.058198571463188076e-01 5.014480737703193025e-01 6.546097541139453968e-01 6.025693679888127763e-01
5.256975865900962441e-01 9.041951776474967950e-01 7.283542236706163076e-01 8.643836691549023898e-01 5.066240173988407758e-01 2.152718032325289244e-01 9.125821645577170127e-01 2.851798352422585947e-01 6.139899108881122780e-01 6.513616810519985201e+00 3.526183483528547935e+00 4.089353544278415131e-01 1.137593664488758261e-01 4.335915674408684362e-02 9.122601110517599921e+00 7.262736869633183989e-01 6.258420638218716858e-01 4.331065013076699222e-01 5.946808779407635193e-01 6.656445308743977884e-01
4.358113743296513354e-01 8.683120956027041704e-01 6.866199513864956749e-01 6.479697950981322396e-01 4.434122298171725984e-01 2.702018559385921948e-01 8.884775716699360171e-01 2.531274552138633727e-01 3.305477386564570352e-01 6.121904509121472771e+00 3.441973487128679121e+00 3.397816706737589731e-01 2.279875416069485627e-01 3.684546395326088880e-02 9.656805841315254213e+00 6.247352464122626348e-01 6.220794035132649613e-01 6.328162991926896686e-01 6.615789561424412213e-01 6.977186955306674543e-01
4.602921591401045176e-01 8.574554320290813658e-01 5.919186528031427086e-01 8.140441891790608508e-01 5.039964263872547257e-01 2.179179630069028872e-01 9.179373287198201448e-01 3.086196175224310556e-01 6.090907736120109162e-01 6.923434517552405687e+00 3.423692468215161266e+00 3.570429802625942339e-01 1.285052858606453019e-01 6.904069081320031442e-02 9.248109220955706533e+00 7.193767712477715515e-01 6.112653001615189208e-01 5.066138844603481628e-01 6.222980742846221380e-01 6.546388266712629411e-01
4.109229182454497975e-01 9.124447437736019628e-01 7.212787162176084177e-01 8.035434430127079697e-01 4.868044864343329947e-01 2.266266801708823886e-01 9.161434775512087292e-01 3.479185635403679866e-01 6.204690352988438962e-01 4.917329115434263542e+00 3.229396503747707925e+00 3.321165963877739657e-01 1.495598500172468093e-01 6.291127360110507216e-02 9.274031628973745001e+00 6.960110561297764287e-01 6.101063851205675848e-01 5.015666675633710936e-01 6.318715662124262389e-01 6.958566940846224735e-01
8.357017784066350652e-02 4.126921781058805472e-01 9.333824924794607014e-01 8.908776210870302803e-01 4.828544409128847636e-01 3.202718810957924100e-01 7.553917685316813291e-01 6.497533825096920568e-01 4.505282530517746853e-01 6.143669163573314940e+00 3.482163035850312838e+00 1.504039368074389094e-01 6.961617488648634555e-02 7.833323186660635928e-02 7.610044927164004491e+00 7.315315639515533874e-01 5.631736959055237968e-01 5.918903964999457923e-01 7.759596055936245351e-01 7.031742668973021138e-01
4.169807229451706343e-01 9.043179133043567353e-01 8.208479481818737877e-01 8.029852844373711607e-01 3.625111666130448884e-01 2.189007029683258387e-01 9.894974978497866891e-01 3.443676452094620588e-01 6.580298479740674944e-01 6.869653669430322296e+00 3.693903279072578982e+00 1.525707879073611439e-01 1.510175563210543470e-01 9.797272187283719014e-02 9.332761689545993278e+00 7.017600083694902624e-01 4.117321323297179481e-01 4.531417069208817372e-01 6.312144257903468114e-01 5.933989451056054243e-01
3.012039183558523625e-01 8.561212339463998289e-01 7.288658931536052821e-01 7.222202130906982820e-01 6.284306793162370841e-01 1.661978969865211819e-01 8.768607843439892857e-01 3.422341651237215121e-01 6.569254642960138391e-01 5.656059974063088802e+00 4.649126303851468300e+00 3.388189431144749686e-01 1.267658212132813100e-01 1.256524624216357744e-01 9.889580980054658355e+00 8.886788701197437801e-01 5.287122856699495443e-01 5.117279496158865237e-01 6.313179610041209644e-01 7.183372590758417831e-01
1.553680754146500587e-01 7.515106549391652457e-01 7.417773934807690983e-01 9.619334317665158007e-01 4.774905785006262615e-01 1.710442455572700471e-01 8.831468396132168275e-01 4.086758291153484990e-01 5.597673282746498113e-01 6.586471424034744615e+00 3.040078559905769584e+00 3.552740788885860868e-01 7.624580829877306010e-02 1.390686226772124001e-02 9.020219173077974162e+00 6.855009021890513532e-01 2.903941418391326468e-01 5.175743668780502516e-01 7.676003011619063621e-01 7.051257494841428608e-01
8.838319696960339478e-01 8.542637858566735076e-01 3.105885060949749032e-01 3.338465699364970285e-01 3.876378110792526033e-01 5.617636799097220912e-01 8.274305568543661726e-01 5.483569392034637335e-01 4.907769454913168961e-01 7.154954019093615614e+00 3.302502711363144439e+00 2.215377427862181281e-01 1.978288622260098162e-01 3.951674919203926328e-02 8.563984880988485315e+00 7.042769266953907703e-01 2.618262725506864674e-01 6.200262817718027453e-01 6.690719229056585338e-01 5.467681805103148385e-01
3.878259880316149988e-01 4.152189400041127465e-01 2.953400653197028602e-01 6.393584475536981948e-01 5.790199954135218929e-01 3.879873169813511380e-01 3.442528903404771246e-01 3.101445113086370720e-02 6.849015691731952238e-01 5.532338082764631793e+00 4.028525174699165490e+00 1.044122431699322229e-01 9.517041632256968697e-02 1.345535458517886085e-01 7.407469266939592067e+00 6.228900271249460108e-01 6.187577264382970732e-01 4.956792302964478925e-01 6.270068025086655839e-01 6.330042375722125803e-01
1.486312534833874599e-01 7.931096743592240816e-01 6.345314398281888257e-01 7.778447285287127810e-01 5.369356545554929694e-01 1.463288362547957577e-01 9.488173068481633443e-01 4.049472427846652067e-01 6.005436919904862947e-01 6.924837352178415451e+00 3.710285849157720861e+00 3.112426544908480919e-01 9.921911560676149877e-02 7.962728918647875298e-02 9.936179256321631570e+00 6.911901642005073843e-01 3.724519262486184479e-01 5.430629896116728750e-01 6.150017322529084396e-01 6.366495608986223464e-01
3.524932187597461519e-01 8.184581546645735006e-01 7.595222503479207576e-01 7.572191809893460412e-01 2.717482149948279302e-01 2.567155879283098407e-01 9.439130070997135968e-01 3.323724592456322458e-01 5.681160506720697168e-01 7.017673225516339208e+00 2.002683593117767114e+00 3.501680530025493288e-01 1.323738770659334540e-01 2.914133631189392767e-02 6.374650439409304425e+00 6.855508920854254118e-01 6.253658555773223826e-01 5.045020815178118401e-01 6.665890281394799555e-01 6.748685826502580642e-01
4.873922795813759312e-01 8.596403416084542615e-01 7.384146470886300273e-01 6.932616467921504100e-01 4.797557837150204230e-01 2.219751063546220593e-01 9.116600241157358786e-01 2.847232830970307105e-01 6.399103364651961279e-01 6.948665656718475248e+00 3.825053759319783087e+00 4.405862521924416297e-01 1.610165036370476976e-01 1.019161550259125026e-01 8.109889905954615230e+00 7.125104383377077744e-01 4.269381362029637805e-01 5.144501602355979752e-01 5.891056845497991690e-01 6.597198318254560157e-01
4.563896177989070768e-01 7.940786585189041347e-01 8.422407505706392961e-01 7.998721422529148084e-01 5.009738797105556252e-01 2.422784069031774234e-01 8.423277554615624663e-01 5.329061241320607323e-01 6.341141471493130233e-01 6.750779062087818083e+00 2.946172409137548076e+00 3.058189972769201903e-01 1.658750845699211163e-01 5.357426438858355067e-02 9.280220603648706046e+00 7.012410600000329453e-01 5.871716056661266947e-01 5.094807595268027178e-01 6.484696280590973583e-01 6.103505001989012468e-01
1.896967409732972509e-01 4.275006134708735916e-01 5.151619654808721194e-01 9.603166659017730034e-01 6.793009042562574429e-01 1.962166063249322634e-01 4.135497073193243889e-01 3.266113561221687944e-01 5.836451111672119607e-01 6.672456413733499403e+00 5.885105745128220711e-01 3.311391695127895995e-01 1.307838002266163424e-01 7.609433471970020180e-02 4.865170167210632002e+00 8.299805732381114742e-01 4.996141467968458483e-01 6.905425292416411676e-01 7.497696044341524146e-01 2.905952891440908847e-01
2.886744232176295943e-01 2.499999442834076602e-01 7.012032252471124272e-01 2.257276195788308071e-01 5.232490178763333777e-01 2.078842930871466488e-01 9.332644319118303944e-01 2.765578573544897889e-01 4.372754059602550480e-01 2.089878985355008822e+00 1.878529424471763409e+00 3.284962867596756819e-01 1.249455569725767823e-01 4.331181806132321926e-02 5.283747590528432347e+00 6.826293496417943363e-01 5.139258019814983980e-01 4.763235794391225131e-01 5.924018209128842916e-01 3.926955799781338130e-01
6.068970518982679252e-01 7.056289177048109540e-01 4.766317453704330687e-01 5.469747737653027908e-01 7.399008510894019564e-01 1.408160259297232542e-01 8.125851419133648390e-01 2.302650695019241300e-01 6.347163429366712295e-01 6.754494910557639287e+00 4.522697579117009425e+00 3.579793519995139728e-01 1.536658729358061637e-01 9.009054834771328124e-02 9.422884728422433298e+00 6.662246505122201290e-01 6.760262651096915487e-01 4.980782312475176554e-01 4.988749154425739518e-01 6.127215091239269773e-01
1.702230080252673527e-01 8.216829199466619826e-01 6.565819640318925066e-01 8.951666772127905292e-01 4.728774887955016770e-01 9.416882468461006128e-02 9.509560445521665351e-01 3.548298983117503247e-01 6.357081886316221508e-01 5.954319912640489321e+00 4.411508985386209503e+00 3.656435137058550722e-01 1.962748402707753526e-02 9.300158488577221771e-02 9.446338138320060196e+00 6.856023140417986106e-01 5.844864203637338829e-01 5.535103080175685086e-01 6.140104096576213255e-01 3.077335247547902108e-01
3.917477576735872713e-01 9.605115226080216395e-01 6.987543431680987016e-01 8.644033958901009562e-01 5.924374673360742749e-01 1.653410564706584152e-01 9.067078016736589419e-01 4.036050291394568945e-01 5.749452477277923190e-01 7.071564096076635941e+00 2.928251757801867861e+00 3.879180159323887267e-01 1.601968950928287228e-01 1.194149386713492522e-01 8.265874637410453474e+00 7.277587295213354679e-01 7.122880261635585741e-01 6.418818289133263466e-01 6.983419267686884480e-01 5.650907900259780625e-01
5.014962908177409417e-01 9.464726052014996727e-01 6.922091027806339669e-01 7.979116353914530446e-01 5.221595834549476178e-01 2.078874541687128208e-01 9.850118129242371179e-01 3.292793399188152503e-01 6.133935495803588545e-01 7.320040470706794977e+00 3.419304599060970062e+00 2.961126579164625738e-01 1.828237475072007900e-01 5.998283985622009096e-02 9.281330698594437933e+00 7.163033177481855640e-01 5.964340531104992404e-01 5.112641384871338124e-01 6.372597278057905434e-01 7.455054791500579370e-01
3.392379390420658947e-01 8.144106700502637963e-01 6.844598480138025520e-01 7.705276436399302042e-01 5.168949524694924635e-01 2.305973583385736436e-01 8.729872610387734433e-01 2.883387204034126294e-01 6.124378257325640007e-01 6.840527865873530011e+00 3.441322870641313258e+00 3.893076254761142496e-01 1.710985656209927097e-01 6.548954661584661940e-02 8.730919959774791295e+00 7.590217215017580621e-01 6.632285714269623433e-01 5.271361020160576505e-01 6.241394763989698280e-01 6.689527402519864774e-01
5.138346763749204182e-01 9.165168897096355183e-01 7.158075878731429142e-01 7.818103521247503629e-01 5.035319563938160936e-01 2.150485458262898497e-01 9.606280347556488408e-01 2.794211082439819194e-01 6.136953236189216510e-01 6.919754187663869516e+00 3.462389542764624295e+00 3.137281253831588068e-01 1.529838570340667225e-01 5.913372287494289559e-02 9.928733861024843677e+00 7.131465156187191123e-01 6.464152447343486374e-01 5.009653516980827614e-01 6.162039185559812227e-01 5.157996633540554710e-01
4.434686137113830751e-01 8.402356591117668971e-01 7.039883220885413406e-01 8.274849078138687419e-01 5.016902067660423681e-01 2.073616066686723713e-01 8.229151296773693502e-01 3.398865352215409974e-01 5.513325769026399259e-01 6.300026867020207533e+00 1.540099634696419528e+00 3.462405097487811223e-01 1.522199252084285859e-01 6.717586071178362206e-02 7.543733948997322081e+00 7.383533987212849148e-01 6.600287475462200959e-01 5.201266753306668100e-01 6.287248603394994806e-01 6.522790639747702013e-01
3.920270601618310313e-01 6.919834098299214586e-01 7.222897262078109559e-01 5.056160909001963244e-01 2.282580744081989244e-01 1.991276371793456457e-01 9.334991523182203377e-01 4.021563603600283310e-01 6.125736906106419299e-01 3.788552429199263827e+00 1.754976128599672780e+00 2.955078290476410019e-01 2.320954169802501577e-01 6.016445431474433392e-02 7.172093727644388572e+00 6.994240502937595361e-01 6.134585648474293329e-01 5.473528297297958201e-01 6.539155547028930870e-01 5.328076718624935593e-01
6.058592385057248730e-01 1.387113058012063860e-01 7.403150291278695061e-01 6.982856651582390883e-01 4.944555598120730644e-01 1.545815417936840797e-01 8.941696967557863918e-01 4.357136185235042092e-01 5.170126841118427574e-01 6.814486476137777693e+00 3.925289070954812498e+00 3.025087799998739668e-01 1.443411739111082615e-01 8.818374516496262083e-02 5.781855894012743136e+00 7.267562951351982381e-01 5.509992698618318974e-01 4.890646781438728330e-01 5.764838699425436364e-01 4.567217831999578204e-01
2.170765177212716779e-01 6.556186260047865977e-01 9.102126526149048047e-01 8.217472874003476369e-01 5.137361179821084978e-01 2.064322649546518063e-01 9.996175923442107702e-01 4.789643382010901895e-01 8.872557124509792281e-01 5.758079237207561540e+00 3.845163883337802346e+00 3.667376947242532159e-01 7.732295315882818654e-02 5.683582182563178681e-02 9.065627936930026110e+00 6.242635357970287568e-01 6.223513268071254600e-01 5.832388867653117703e-01 6.017178624731794878e-01 6.607017491611906213e-01
5.062752827100710507e-01 9.220097885371552060e-01 6.918872495280393720e-01 9.701079741299603043e-01 4.350519477077763875e-01 2.323902163278895872e-01 8.989343592170371267e-01 2.615829527516433939e-01 6.184859898338581630e-01 6.715381351581250158e+00 4.057778522881605454e+00 3.996425455060880760e-01 1.046472458907422992e-01 1.511301414184872127e-01 9.230238377199480482e+00 7.145856343636897146e-01 6.195014302825838648e-01 4.867517915580429899e-01 6.401164406140902319e-01 7.653926130730759336e-01
4.683424929698857819e-01 8.875495320593697057e-01 6.999105756656995858e-01 8.181551094321936057e-01 5.205802839675882643e-01 2.193103430830930234e-01 9.393380114003959669e-01 3.355977121635732030e-01 6.120078269488216094e-01 6.649437807095947228e+00 3.563646193111255300e+00 3.925058230849235441e-01 1.565844171164604004e-01 6.218505975308852990e-02 9.249925030371706214e+00 7.009413823360167717e-01 5.998261306667039827e-01 5.067533291939598783e-01 6.225859019792744364e-01 6.561162687276425043e-01
4.886507320636563900e-01 8.596623572362764865e-01 6.986925162865880168e-01 8.175186430410176230e-01 5.111278819326585676e-01 2.176753178813325140e-01 8.945215784216319355e-01 3.319607045511788201e-01 6.096119937033954717e-01 6.703324209813118273e+00 3.976236040612909584e+00 4.145218394095037118e-01 1.569459050446218584e-01 5.903824638087824817e-02 9.257118896600223579e+00 7.244476366184090521e-01 6.296654622071488072e-01 5.050496567226460121e-01 6.215608414369935275e-01 6.586528811781203752e-01
5.932186831332781907e-01 9.303787739674089785e-01 8.454048923645669511e-01 8.193146287055684818e-01 6.491765625626028102e-01 1.874713507002604140e-01 8.625966289437846379e-01 3.840491879535952169e-01 6.692702053656073291e-01 5.913604111829783072e+00 3.513497987224852181e+00 3.972988125940213888e-01 1.551962312841730918e-01 8.386158220373160499e-02 8.726752628897424202e+00 7.214618886162127431e-01 6.847448602070447254e-01 4.871752191764101569e-01 5.864156799371557094e-01 6.634875238867302683e-01
4.244285675273417047e-01 2.164981808100430172e-03 5.323470188914386503e-01 4.565066836619324775e-02 2.350436138091080984e-01 4.469593459704808147e-01 1.805531180451838136e-01 4.124880751559527603e-01 4.570408825957184007e-02 6.522869578522936251e-01 9.612547162074203122e-01 2.313923660657724035e-02 2.453086877390220633e-01 2.175040739693308578e-01 6.813293190350012019e+00 5.424681799511666958e-01 8.860834483851682819e-01 4.742703144530019399e-01 8.770896866931646718e-01 2.436252290040782364e-01
5.574776257551219416e-01 9.320098248418903220e-01 7.074879240714113671e-01 8.408629296097417383e-01 5.061218319618732142e-01 2.163964519205251180e-01 8.879450220115646664e-01 3.209265180143814900e-01 6.315451028493930252e-01 5.282301862080557520e+00 1.648208655545795320e+00 4.340820733980808033e-01 1.543326165427868768e-01 4.227671743392691361e-02 9.263078325941730640e+00 7.194189550936811450e-01 5.925901968530098429e-01 4.980577775503881033e-01 6.216016160655718492e-01 6.607194717165908449e-01
5.133238498233338998e-01 6.198838635755223869e-01 3.116772131422682057e-01 9.446829688206599407e-01 6.411269200757656606e-01 1.654823171749711108e-01 9.453816623707727018e-01 3.189111125235529198e-01 6.816170299908916874e-01 6.119869542518394212e+00 2.627911169878477171e+00 2.269927148005325135e-01 1.700491347205011494e-01 1.777207527626429306e-01 8.824708428275998884e+00 8.666628002407221754e-01 3.985515120081478679e-01 5.648652336731646573e-01 6.102764088798255937e-01 6.855122595989743273e-01
5.083943809920342671e-01 8.500836855610064413e-01 7.004866048348032948e-01 8.227115111461974495e-01 5.033618360298544037e-01 2.178895258721522399e-01 9.206471630969130793e-01 3.310675905149830789e-01 6.093225208196300091e-01 6.682210317615350448e+00 3.454478681578772470e+00 3.826347407828494251e-01 1.631657009114918511e-01 6.919296071154693029e-02 9.276805292896778354e+00 7.200666095608554418e-01 6.100085851331387143e-01 5.061607009342825592e-01 6.215969071620379705e-01 6.573589383116159590e-01
6.230046130890222189e-01 6.843492217835585034e-01 7.661678340990398794e-01 6.470422466795999750e-01 9.724346569553762309e-01 2.164340415706322851e-01 2.763037230095884977e-01 5.059390163129251494e-02 1.259960008571814338e-02 4.165420696250368593e+00 6.971928844236724432e-01 1.980214885056608698e-01 2.978916848398827089e-02 1.196005429954432042e-01 5.863713577707608593e+00 9.819059490607595642e-01 9.292111298069706260e-01 1.056332183112307366e-02 2.509622794467141205e-01 1.063730087458395479e-01
4.256044110142828130e-01 9.382857346632748063e-01 8.444657372768737957e-01 3.549323458020070543e-01 5.140209911854395353e-01 2.020861686404498980e-01 9.857358392310314743e-01 3.906196742873854211e-01 6.422596141782840329e-01 6.769307556427047068e+00 2.742157940860085574e+00 3.097516613072608949e-01 2.176425276110773299e-01 3.874004374047911037e-02 9.166801347157326418e+00 9.413421632430114538e-01 6.985819107204981337e-01 4.340394230756288163e-01 6.160916498005893915e-01 6.751377150419718420e-01
3.169830663181549824e-01 6.657398465562389678e-01 8.283078256441769316e-01 9.124566474390848336e-01 5.373263977004363312e-01 2.265694409037298240e-01 9.133780330373976186e-01 4.189040597295921042e-01 6.492440268495122124e-01 5.858486328030140022e+00 4.097057676903011370e+00 3.604685939043965615e-01 1.231611749383569043e-01 4.628578411754931399e-02 9.759788967968892948e+00 6.391169131433928063e-01 4.675292189826600886e-01 5.371592768692800002e-01 6.547429759640019942e-01 7.093613570375468802e-01
4.546622687733191670e-01 6.622816750031048638e-01 7.535881074842317728e-01 7.680994617416705417e-01 4.659984654386873926e-01 2.126393403221878975e-01 9.389019105809593979e-01 3.839978411847569939e-01 6.505342082824523420e-01 6.488638487689404322e+00 3.305864166220652933e+00 3.563540180227869891e-01 1.563457341965184266e-01 6.675310503997398948e-02 8.442781969835468914e+00 7.367405671494523522e-01 4.925121177444167220e-01 5.231618325891733701e-01 6.102893709416971069e-01 6.486179659593680480e-01
5.142013590392363609e-01 8.735965565068056771e-01 7.265636827214546622e-01 8.373665200067637038e-01 5.008435181278071413e-01 2.035711884238628755e-01 9.465951886563090945e-01 3.180951022502093162e-01 6.074773044759629315e-01 6.651743486840141273e+00 3.530588585900003906e+00 3.974051255370384950e-01 1.587286420571963896e-01 7.284152052962776513e-02 8.242683267047578255e+00 7.388173138233757875e-01 6.884040784049371142e-01 5.108671227756553801e-01 6.026422219246526657e-01 6.633712628687613577e-01
4.868573870623730260e-01 9.751891015159224185e-01 8.134448556070937864e-01 8.093365442587251435e-01 5.489902252634749624e-01 2.168595128224287960e-01 9.725270709747991793e-01 3.678659164679095595e-01 6.035129151662291802e-01 6.953274944412219938e+00 3.160594735152001178e+00 3.456633860051452345e-01 1.564029749691602245e-01 5.578241376936285412e-02 9.223312671082563696e+00 7.301997923452838712e-01 5.872349263402604214e-01 5.177222752834208519e-01 6.100168252076070274e-01 7.209214597025354054e-01
5.308832641206477909e-01 8.155484897204410277e-01 7.398092173627226487e-01 8.183682004687578004e-01 4.644274279387365367e-01 1.783799587896939542e-01 9.315125095621381579e-01 3.650627815433721279e-01 7.767497446587372512e-01 6.343450712094707455e+00 3.127502053965125484e+00 4.016468804497376754e-01 1.643403817107833842e-01 5.754958309559402019e-02 9.247744063457885133e+00 7.160829758877232942e-01 6.120162315379640283e-01 5.105042278265032873e-01 6.178109801079257890e-01 6.904830986626888656e-01
3.514855605362096069e-01 8.844605662713702632e-01 7.097818972946609017e-01 8.081827047590495194e-01 4.141880939420921059e-01 2.030503597158278828e-01 9.521422684330593800e-01 4.195682891700689421e-01 5.725433068061548392e-01 5.871773952139885289e+00 3.830837079109095544e+00 3.874033996014953352e-01 1.297582511613654399e-01 4.107960081559541843e-02 7.677068889375044947e+00 6.846767999426857099e-01 5.549112504494525533e-01 5.608684606463331113e-01 6.522491251664204182e-01 5.703908267520022557e-01
4.019551755635126233e-01 9.012885723465433596e-01 7.804938419888474144e-01 7.539552667624473958e-01 5.240508327840988079e-01 2.274990015350326911e-01 9.381492133783378984e-01 3.427203108839719237e-01 7.996521896697112997e-01 6.652070355441893845e+00 4.188531612127955661e+00 3.386066005554926872e-01 1.435106951342243198e-01 6.226820029017036268e-02 9.085702663859658301e+00 7.708338867730915034e-01 5.396446866842503631e-01 5.095530182151822851e-01 6.309561339987316275e-01 7.249710868819442267e-01
5.071568359382978564e-01 9.011180182222642276e-01 7.084539521414423557e-01 7.761861386302425503e-01 4.722830645158881402e-01 2.162308297289083914e-01 9.064367588178782187e-01 3.317116005658640177e-01 2.251253320630298149e-01 6.476398340474204041e+00 3.421092813015123912e+00 2.639140377223659351e-01 1.576162437821920503e-01 8.307469362471728291e-02 9.821935542176994716e+00 6.847279775044147199e-01 6.181460239794466238e-01 4.364189236010322936e-01 6.208174851356884627e-01 8.117904069209231910e-01
4.667287888596562961e-01 9.184005135944333098e-01 7.405866958414729639e-01 8.753825966211711274e-01 5.066323380274327937e-01 2.826593344024619370e-01 8.293374774988881981e-01 3.556524207896152867e-01 6.107031102615665397e-01 6.026402192606274077e+00 4.622240512406791346e+00 3.427451704323077331e-01 1.638576078343624287e-01 6.356437371960155236e-02 6.659269283606006340e+00 6.631980924957636692e-01 6.983475728776673552e-01 5.011196296687076002e-01 6.785079041661300492e-01 6.550287956879660145e-01
5.411776334867275384e-01 8.367682488866717838e-01 6.067918472639284300e-01 8.058875281531197032e-01 4.165821662148523896e-01 2.298458047689534711e-01 8.962406605489952049e-01 3.365894405528467304e-01 6.004954911408049156e-01 2.911029130130583731e+00 3.209328322066831607e+00 3.446378218024342410e-01 1.825590673794849073e-01 1.552279611194870568e-01 7.537099862215384860e+00 7.158711773575039405e-01 6.422070106620623164e-01 5.105945686365442882e-01 6.442999615581901374e-01 6.742117476900004736e-01
5.278639765589647759e-01 6.366645375905591875e-01 7.261603165202404897e-01 6.478859806229499974e-01 4.726260826246456714e-01 2.623624200298808606e-01 9.420896153282936059e-01 3.028678700710858429e-01 6.062060575672016949e-01 5.634355007546728800e+00 1.836765865501954309e+00 3.922399729875640784e-01 1.551369475941203890e-01 6.008348044707299135e-02 9.238798509072907450e+00 8.176007599389359948e-01 6.688370143367372567e-01 4.839880794153883503e-01 6.061606876408004441e-01 6.705256639843847344e-01
8.949565020915006830e-02 4.212811872561026960e-01 9.712412977709818929e-01 5.841398698730713157e-01 4.803923672051099159e-01 2.355695806796042069e-01 9.711524167211503800e-01 5.537020879349099922e-02 3.898752446347137357e-01 7.308233101693007328e+00 4.935891881610416476e+00 1.670085284123271618e-01 1.402664578956748509e-01 1.110042279359082784e-01 5.109977664230409999e+00 9.966925871629508382e-01 6.376933510587546872e-01 8.068490872805361702e-02 4.224336580791827611e-01 6.973630607871842413e-01
2.170701814702125365e-01 7.087081429021794277e-01 8.679399733721311350e-01 5.002112115987326080e-01 8.792874892417729127e-01 5.275156655974911901e-01 9.804631297942822954e-02 4.607182138023329099e-01 4.059668205145902098e-01 1.526888443006098717e+00 2.440427707581163563e+00 3.531120187230836482e-02 2.076282182608427673e-01 7.837509887021561553e-03 5.776899412174651083e+00 8.076833661424120958e-01 2.769793819210152885e-01 2.609198501834223416e-01 5.769281114893610729e-01 8.544407204083264151e-01
2.587911935728030022e-01 8.069206080934440140e-01 8.820273440419148514e-01 3.848968036712392404e-01 8.846090757490766565e-01 5.763198585301589905e-01 5.636350558954137391e-01 9.982632702202199892e-01 8.367466934439726778e-01 4.983812582322118878e+00 9.926791056946016045e-01 2.442268723218841697e-01 2.314752562856978169e-01 4.381748139710300860e-02 7.512391867081272601e+00 5.056300861489546605e-01 4.804640002904279061e-01 7.231328009116252398e-01 8.585436646969469843e-01 3.446399983550985091e-01
4.867838449876435991e-01 7.837441770864290724e-01 7.108686323513391248e-01 4.847119185112866435e-01 2.721901227490666209e-01 2.207715818800109753e-01 8.611724282286040699e-01 4.069564358911343938e-01 7.359291312605832358e-01 6.885214239329268793e+00 3.300715800906302899e+00 4.110196308092122774e-01 1.765475054252222953e-01 1.233007587533993532e-02 2.828984012446341012e+00 7.475140242374520572e-01 6.907094943380435170e-01 9.402886827238890466e-02 3.717035795681729038e-01 6.733479016400750750e-01
4.749232470824716335e-01 8.657054747921636428e-01 6.939805921786649234e-01 8.242931368517193436e-01 5.024026753404844392e-01 2.161657429642996342e-01 9.024223788448032524e-01 3.253149602217890735e-01 6.278634179727211606e-01 6.633930954429047233e+00 3.512481056773477217e+00 3.342393517842320860e-01 1.650301976327663844e-01 5.926500818385815189e-02 9.431329552032337915e+00 6.961620763109702681e-01 6.247322128481397341e-01 5.110725633093955445e-01 6.226920874766990188e-01 6.495799279863369025e-01
4.686852081950180215e-01 2.855998942440400867e-01 6.867302468461644605e-02 6.771003193960029032e-01 2.568128659242299161e-01 5.856671772776855800e-02 1.790736013128535475e-02 4.964409371916668201e-01 7.685085664910451531e-02 3.103774101188961687e+00 2.623514898530813433e+00 1.596065135733235052e-01 1.467429560262196175e-01 6.362251362805737553e-02 1.086460798861953458e+00 5.389359167299218045e-01 5.602453369513369363e-01 9.390785623151172157e-01 7.353905129040524402e-01 5.690427719854721511e-01
2.208373551372847521e-01 3.378766381050742895e-01 3.551875643380768555e-01 2.835418831120783967e-02 2.946390768185435105e-01 3.145084756404233906e-01 7.412603185684397689e-01 8.994288156058909411e-01 3.534003800234786219e-02 7.539870362377135926e+00 4.398844347086013684e+00 4.371072451230424982e-01 1.887837004699007282e-01 5.994431597589555683e-02 2.113673105130460250e+00 9.427015480068174913e-01 1.820667707868014462e-01 4.749547288213251672e-02 4.668061531442225798e-01 4.305977123823275798e-01
5.210405765136187917e-01 8.171439329518370709e-01 7.680055270593096894e-01 8.607978267482369050e-01 5.114534771599393848e-01 2.199892578211744276e-01 9.657382374312420970e-01 3.057090676251617012e-01 7.147837582381881827e-01 6.717546568693895992e+00 3.289196051071003879e+00 3.706873384513647562e-01 1.913657907094349353e-01 8.065932933645228453e-02 9.148857114706094862e+00 6.729607926185020572e-01 6.123973644477062050e-01 5.312915736856279603e-01 6.266440813324356540e-01 6.497490190732095883e-01
3.648307979913213428e-01 4.821693906330235535e-01 7.688448581853615238e-01 6.764981387957302861e-01 3.525141899089778708e-01 3.017334301969734622e-01 9.502768676138262371e-01 3.366754838047815723e-01 6.487504661867324884e-01 6.559163866281557453e+00 3.578157088596047863e+00 2.352299965656927117e-01 1.287964783003557878e-01 3.620112181730137518e-02 1.954029602711363722e+00 6.876200265601830619e-01 4.673188266639365374e-01 1.488154267408223763e-01 8.822547719471918182e-01 3.168606520641985558e-01
3.233766687834621067e-01 5.122599300491799124e-01 7.506733655014686812e-01 4.547129287882345494e-01 3.992997537250213003e-01 3.599117592588395587e-01 6.404519222937883338e-01 5.592802236221232626e-01 8.899108074717235750e-01 3.868447698513235000e+00 3.199386996267393535e+00 1.494871480832107025e-01 1.742709983565514098e-01 4.445989448877177286e-02 7.651939685557859860e+00 6.945840468805531964e-01 4.423177815274321745e-01 2.587797946079550826e-02 8.027014683676312323e-01 8.680673458925737274e-01
3.025491058350535667e-01 6.805983135192575917e-01 8.060561178471792321e-01 9.241618491701297788e-01 5.117960239651893062e-01 2.158395156526318193e-01 5.230194941798882446e-01 3.871821564953704109e-01 8.496958682251661843e-01 7.494347991236280926e+00 1.774328295453209137e-03 3.360510933545304835e-01 1.012314235252002037e-01 3.416963438873089204e-02 7.793482157895844864e+00 8.202936882442084521e-01 5.436627719456049723e-01 4.818192379768351241e-01 8.751989779914156609e-01 4.090258000677641781e-01
8.295087848238260619e-01 9.619787410078728396e-01 6.823012069619189823e-01 8.271143912275857879e-01 8.524459612963464217e-01 1.631615294359868296e-01 2.251829705832493755e-01 3.409311675049687129e-01 7.557311724354329741e-01 5.053114035410711580e+00 4.256564776828254182e+00 3.149160262292202139e-01 1.045645065052696193e-01 5.317327867084611220e-02 6.154323631827313790e+00 6.996990369892716055e-01 5.667661239466095235e-01 5.046489401777282113e-01 5.780111771454010672e-01 3.886337933777883613e-01
6.782162413033714365e-01 8.593751688524731147e-01 7.570363659708402304e-01 8.174818044235345749e-01 5.109944074446459705e-01 2.299330157830696275e-01 9.367620862683412319e-01 3.239800703308154395e-01 5.925575983387985080e-01 6.284556853693803902e+00 3.777182193184072112e+00 3.717208781718575605e-01 1.569362927392374540e-01 6.963717880192497878e-02 8.782179321206957212e+00 6.901149888990267822e-01 3.665194005436324121e-01 5.071909495679672863e-01 6.241990598731027573e-01 6.499129332999401543e-01
4.455113820212235343e-01 6.978765915715325896e-01 7.174819755879999761e-01 9.265319690003332997e-01 4.613630506243770468e-01 1.995823296457972518e-01 9.537043982741262305e-01 3.298179100758864002e-01 6.160720668840840020e-01 6.922771377253893021e+00 3.051512904155733175e+00 2.863881131643774558e-01 8.704921692278909384e-02 5.605069769220696885e-02 9.291904297849091776e+00 6.959843358205288766e-01 6.128997295427459635e-01 5.205732791354754641e-01 6.059146558204687727e-01 6.531547448956362967e-01
6.374090259775502254e-01 3.462808215763559239e-01 5.070289437046566761e-01 6.202193426512077057e-01 3.106983850227854616e-01 5.851187864642755088e-01 7.549028549245324626e-01 1.546092397480686165e-01 8.264911300704996799e-01 2.507262578644745332e+00 1.437742519302064981e+00 2.464458306760295148e-01 9.594182936593993738e-02 4.670656010043959527e-02 2.471579995173712518e+00 5.913065379648309028e-01 5.556374840000128934e-01 4.940607130352222542e-01 8.521276137804327799e-01 6.122515495792868467e-01
7.416399399579997054e-01 9.689895208379493141e-01 7.083367015235173536e-01 8.580139104347819234e-01 4.070696198342846905e-01 2.067745910495208672e-01 8.640460162701476543e-01 3.583429638129092543e-01 6.496494003818555907e-01 6.346540426926992495e+00 4.340579050278667417e+00 3.707283845698789992e-01 1.223781035469564543e-01 7.684940460608097323e-02 8.972759984945327005e+00 7.399612662005158326e-01 7.226575681300354548e-01 5.588934418520132841e-01 6.253633708277298586e-01 6.541639636730546270e-01
2.374450055576372565e-01 7.985487558862107704e-01 6.675807973285872166e-01 8.731258917473190273e-01 3.058496002006106385e-01 2.521805610002074705e-01 8.161153623865572415e-01 4.627861945022022638e-01 7.620681980977476178e-01 5.357549891570958955e+00 3.079593565909617858e+00 2.883838612104152599e-01 2.492338296675274956e-01 1.075802298250725791e-01 3.965427214923969323e+00 6.066945539236130447e-01 3.049515309174169464e-01 7.556486835796984991e-01 7.509326961203606210e-01 6.978720051228032295e-01
