4.695194689791453158e-01 5.885594178302517854e-01 8.494608058978815324e-01 5.022627822388275876e-01 3.090640386069682943e-01 1.708087262363050252e-01 4.910832964252711541e-01 3.596935358157640206e-01 3.178303519881307548e-01 7.660610217170625624e+00 2.826339379265403018e+00 1.130925128268251978e-01 1.867530800150254966e-01 7.496676350146573575e-02 5.172413539230913848e+00 8.489773642441469370e-01 4.910964037295674212e-01 4.723736302484943805e-01 6.240071610960798987e-01 8.903144435119416666e-01
4.641562298564080313e-01 6.129311629563021224e-01 8.518238301595232320e-01 5.700233390013289547e-01 6.055178007310874078e-01 1.386294988040918663e-01 1.824260014519952233e-01 3.375713088452459987e-01 3.348502650415285942e-01 4.051219935916152259e+00 1.842154218665233767e+00 1.517988916995514082e-01 1.894351112951038196e-01 7.317112892370619681e-02 5.573372820411280237e+00 7.657922360452430466e-01 5.423077191191874036e-01 4.781399313759375214e-01 5.626056271236852258e-01 9.080273949030545078e-01
5.339268345326338983e-01 4.093640633545847507e-01 8.599809675223988314e-01 1.959242556054772710e-01 3.757980077774311090e-01 2.303335451938867962e-01 2.515536822123508598e-01 5.767621690255996247e-01 1.021157175254767679e+00 4.460884668602755454e+00 1.871542282854935291e+00 9.673557903640503386e-02 2.566215311884109673e-01 7.159887834305586618e-02 6.350479073019105414e+00 8.693819219728402548e-01 3.970948913323181229e-01 5.615103766602155266e-01 7.509035939199460996e-01 8.664325004490259774e-01
1.320742081310892768e-01 3.637514648160612429e-01 8.911290198602436208e-01 5.472990901393955943e-01 4.813375473306363839e-02 2.046594480231103130e-01 2.925216616084240218e-01 3.203579272831681424e-01 3.670080954117724281e-01 5.976103335190604326e+00 2.950699383327508585e-01 1.633407320828407228e-01 7.655654147604872006e-02 7.996888272909595530e-02 2.588803937792980570e+00 8.512514574349866470e-01 5.334788131812340239e-01 4.723477458746180857e-01 1.095622281479198268e+00 8.652835988113206644e-01
4.384544113107465835e-01 7.899540098401385269e-01 8.421053194004737286e-01 5.621630552458796171e-01 3.793189198563243214e-01 2.125986454763580946e-01 2.337363356623040067e-01 3.323743014393579220e-01 3.847663725473857155e-01 3.388709849243874306e+00 2.843165158292406680e-01 7.574863256142211343e-02 1.978747954714152879e-01 7.158837461856634721e-02 7.617278503716556237e+00 8.596624774236230060e-01 5.379724880952485577e-01 4.802813172501927408e-01 6.304826854436055283e-01 7.497089683352101686e-01
3.680901845793659311e-01 9.397310648067805916e-01 8.990945282524395177e-01 5.237278715375973670e-01 5.160394266881790371e-01 2.094986488834719718e-01 2.169061917863084332e-01 3.498807308935453775e-01 1.365940700077484249e-01 2.987765804122328284e+00 -5.532211098194084187e-02 1.220591774332907137e-01 1.722099035457385630e-01 5.520341722687110986e-02 6.329368590540132899e+00 8.715072394927813049e-01 6.006424781693783244e-01 5.251619915773014791e-01 6.518490546283425280e-01 8.432541326241544954e-01
3.993621735834912978e-01 8.044969501576999527e-01 8.688111882480418213e-01 5.402019347683166828e-01 2.506753122189844807e-01 1.591391931331941900e-01 2.745512298865832590e-01 3.457783582377079723e-01 2.448549758626877848e-01 2.826165817478631048e+00 5.990360242679107827e+00 1.160612983757152439e-01 2.307874259297220121e-01 1.098280209342929470e-01 5.912018325599627921e+00 8.536701115511754479e-01 7.170210764800317715e-01 5.178739327698920203e-01 5.758251791686080923e-01 9.502620749198956718e-01
4.632440212324861473e-01 3.009410457748084022e-01 8.059510459674498195e-01 5.859581100762538686e-01 3.731122068009645187e-01 2.043714653998329744e-01 4.984661735851783626e-01 2.875796561844818355e-01 7.035836323015488558e-01 3.360424399518161742e+00 1.658315454395379973e+00 1.170332511856415347e-01 1.981784178427947740e-01 3.924028478657881625e-02 6.612687064464683573e+00 8.778925183448291758e-01 5.724871304832284125e-01 5.071969542207668269e-01 6.245901554541396505e-01 9.787153001709344435e-01
4.494595454326845152e-01 8.012243389244017022e-01 7.139092683576671039e-01 4.387691887352048736e-01 1.174290362027564649e+00 3.541579625741676507e-01 1.886991007393036268e-01 3.703646784215505194e-01 4.744725379009459010e-01 4.185097619151761705e+00 3.922462331059344831e-01 1.941077224900857323e-01 1.699814001249508322e-01 1.061771647050600009e-01 7.750989772826376800e+00 5.251937300536855258e-01 5.228101577395436461e-01 6.540046951842990453e-01 6.321424274143853106e-01 6.935278266285781479e-01
2.309666554352216294e-01 3.331008186642584468e-01 7.747776479897592328e-01 5.355324129459051452e-01 3.816277844182164314e-01 1.214040580982995721e-01 1.136728424756766609e+00 4.773969397726920971e-01 3.566574157329548411e-01 5.421935482172361986e+00 8.000528569377268751e-01 1.021898822403474599e-01 1.645069261345372957e-01 5.645534648851024268e-02 5.869233985738759429e+00 6.764479417360695912e-01 8.603834732431336896e-01 2.875348807298995224e-01 9.257444952911020319e-01 9.258566940932300149e-01
4.819436749153855892e-01 7.937811918197765770e-01 7.785183062927504283e-01 5.704481550467421780e-01 3.090349739394593898e-01 2.095879092267484145e-01 1.140013617337478191e+00 3.492466502600430345e-01 8.154095818234091686e-01 4.413664667244997730e+00 6.994188251401567413e-02 8.000530584534301659e-02 1.865085510285809933e-01 5.276033214980757613e-02 6.356733105030258457e+00 8.734849345584322355e-01 5.699143702430801151e-01 3.480403381745008073e-01 4.388304981487226586e-01 8.676424056679232777e-01
4.426780746823037460e-01 7.276157708724757534e-01 6.792147733238569351e-01 5.320475299707541073e-01 3.410877031755804034e-01 2.371930113083814962e-01 2.509757355000507006e-01 2.417634150658775072e-01 2.693873492424496141e-01 5.239487943983600182e+00 -9.751165810552788749e-01 1.502046506787600710e-01 1.824122414485508936e-01 4.138903694999225558e-02 6.238473968223881450e+00 1.033886547857135296e+00 6.354544080683257601e-01 5.098301118156552958e-01 6.309168153182178607e-01 8.750221589762328112e-01
3.691705766962334878e-01 8.426885789338589561e-01 9.307530731113127231e-01 5.675004026504966159e-01 3.941833882156994262e-01 1.435845231192720284e-01 2.764104689739976806e-01 3.315112098921167427e-01 4.140951113118225280e-01 2.722463171555356887e+00 -1.009219539397098742e-01 7.535548200632243010e-02 1.954158088478660238e-01 7.879876763766946457e-02 6.316870421048413675e+00 8.628719288645981811e-01 6.064489116818705394e-01 5.286372634548668348e-01 6.087867530279567063e-01 7.714142656392698472e-01
4.437272049008670893e-01 6.805979401326156530e-01 7.654828958741464184e-01 7.624976594963264187e-01 3.387065935939524430e-01 -2.168542080857083221e-02 4.650634440172766171e-01 2.993764566338695254e-01 5.718084750235623570e-01 3.647900105436108653e+00 4.458509906414986901e-01 1.841748121271821748e-01 2.140279511671740187e-01 7.623133458664839435e-02 5.802790127399993558e+00 8.338874845845600792e-01 4.793831060907626229e-01 4.532885400401981402e-01 5.696570882125873148e-01 8.255673777386047796e-01
4.280194576609738233e-01 9.569583619148268605e-01 8.347507328965960705e-01 5.994017335890333698e-01 3.129769807274714322e-01 2.053454947993088031e-01 3.168174606507344615e-01 3.543083638859782503e-01 3.288916522431882816e-01 4.087653290890084889e+00 3.953363989827342051e-01 1.162427985708909955e-01 2.109702533341367980e-01 5.054304305327377012e-02 6.330977551606609133e+00 8.595493053121083804e-01 6.416255563367363468e-01 5.048148095572141392e-01 6.298061170433899569e-01 9.041723643475816363e-01
4.608700231062896058e-01 8.456865762458264379e-01 8.334580301452202411e-01 5.317281244759886061e-01 3.544410690603952974e-01 1.815740909678789927e-01 3.964740847543146707e-01 2.174869968291446021e-01 2.960950770677702737e-01 7.630866476527011777e-01 4.797390672390809740e+00 3.822514152887156458e-01 2.310219551379276426e-01 7.383605575357250761e-02 6.237302059859565873e+00 8.735703277959034896e-01 5.481545737776878369e-01 7.682867473613830267e-01 4.724489024773608770e-01 9.781501734339714815e-01
4.560494689258710599e-01 6.673703954483138912e-01 5.888673850813226363e-01 4.992631746405075122e-01 3.701633480642573804e-01 3.422558096998742361e-01 5.655892497836756405e-01 3.566687209452160667e-01 8.006087511637642873e-01 4.428908118820409356e+00 1.349696230095419835e+00 1.027995522193078382e-01 1.642503164923796999e-01 7.093541257789773291e-02 6.377778404179156091e+00 8.247903535504232941e-01 6.221986869119835450e-01 4.650654706104572766e-01 5.969930855788030399e-01 8.926382280486366838e-01
4.371727658791531579e-01 4.141526395236256319e-01 6.158068136371841472e-01 5.510879680220600596e-01 3.306377129939119253e-01 -2.729695026147301862e-01 1.400047158341327647e-01 3.141429972937490600e-01 3.141116788398510273e-01 4.896264079743207986e+00 1.465429021381982611e-01 1.103400854833851141e-01 1.993368077509460323e-01 5.524288001909329060e-02 6.853114713063602537e+00 8.484504724593128211e-01 5.009648354472665543e-01 5.025042070516014814e-01 6.063937565600584501e-01 9.169762401576607713e-01
4.353497580146516999e-01 1.144134859053401065e+00 3.438725562603670016e-01 5.847350575396569328e-01 7.057605990871691493e-01 1.636733768767457964e-01 6.867746371610804479e-01 4.341294673409040183e-01 1.467519838723416736e-01 2.925100951725791987e+00 5.794447410736158766e+00 3.565125049852797545e-01 2.348799378760040371e-02 3.338748900657112495e-02 6.009069345841384191e+00 9.748372119544993497e-01 6.972153103587394041e-01 5.467296149322250498e-01 5.876734005984729503e-01 7.490250387740483573e-01
3.190546206585286870e-01 7.843946898079989793e-01 8.726268698543822033e-01 5.474979399071491226e-01 1.796188117733804324e-01 1.910062454379041208e-01 7.185864358895787118e-01 3.195642107181666525e-01 3.519482133159651527e-01 4.673450332018157738e+00 -1.894377435906571261e-01 2.105206096614614664e-01 2.136214039772672268e-01 5.527885739253975139e-02 5.999484325508745108e+00 8.722650550690287385e-01 4.751616179024256703e-01 4.664852872638750592e-01 6.219321920276137394e-01 6.904336077145489803e-01
3.342406698353601047e-01 6.576969134396671857e-01 1.378785437903746747e+00 4.441218267379584139e-01 5.574160426010268399e-01 2.892018651265556017e-01 5.053432036364962077e-01 3.449750864464207756e-01 5.286627772341447873e-01 3.055650974906941819e+00 9.604979454012232409e-01 1.025108738548322351e-01 1.663223920066173034e-01 1.842902438946873445e-01 5.987463171987934984e+00 7.345141920513920120e-01 5.376906384491721980e-01 5.258350987748052763e-01 5.315301302590814680e-01 1.237274356564864508e+00
6.132985610939428733e-01 7.797830284219048336e-01 8.051483991915340255e-01 8.854874078671227666e-01 4.293200354461211843e-01 2.707021520911251367e-02 3.403160417784474312e-01 3.489524296449586505e-01 2.880024914288728533e-01 3.906916952567005552e+00 1.400379886420299869e+00 1.308665253443052345e-01 1.724068227520249574e-01 1.042283552481427511e-01 4.530721912095955872e+00 8.271820299712491220e-01 1.015864898204774658e+00 3.117475036586900283e-01 6.221684391069666198e-01 8.771682588720668416e-01
7.663931843123935606e-01 6.753307465863651604e-01 6.379455759897060263e-01 5.773094629345727480e-01 8.635575117493308195e-01 2.372187450951697418e-01 7.209268840696847480e-01 1.848334560378594449e-01 4.536932801684476213e-01 5.956908463225988548e+00 2.468299140639446665e-01 6.679161764864215145e-02 1.650257952078438561e-01 1.292474003319178943e-01 6.533330974569643068e+00 7.010430627969208572e-01 3.028006762430268117e-01 5.470704168685577296e-01 3.944996684866725611e-01 8.840050236870291567e-01
4.522625382944768790e-01 5.533264515815455864e-01 8.932927808821863325e-01 5.620844469692181100e-01 3.763507227384088605e-01 1.519531503004853401e-01 3.022662299531672647e-01 3.682373145434474360e-01 3.194530674766345446e-01 4.594043550104608187e+00 6.449957754299516788e-01 8.259231551277443351e-02 1.877317953076081680e-01 7.009748752127524518e-02 6.709921742634137765e+00 8.122819809534994606e-01 5.451124736782506641e-01 4.867408411714680416e-01 5.259534068454118083e-01 8.723858057122364507e-01
4.058457845717569623e-01 1.306968255903069309e-01 8.346918045242230910e-01 7.230779455672031730e-01 3.668791484975104655e-01 2.460036381643755099e-01 5.982464611001978572e-01 5.977735882855595984e-01 3.384676379864688944e-01 2.916586106167091241e+00 -1.600677887495223217e+00 1.180604455151713500e-01 1.469457791813210679e-01 1.168405319434579620e-01 8.425372344816295822e+00 8.294078919265800431e-01 7.786271732394826062e-01 4.953583572649989941e-01 6.101613260511049575e-01 6.726300169110065452e-01
4.397846600802749473e-01 5.746511648631218439e-01 7.597693929859795636e-01 3.120354075911893066e-01 3.310042212683255158e-01 1.808952644457128001e-01 3.175461391561310021e-01 9.719428352654357894e-02 2.842489572205376680e-01 3.230754304692663670e+00 -1.784732047263442034e-01 9.176055145361849963e-02 2.289937377452376244e-01 1.193627761414364219e-01 6.431819919278789932e+00 8.797110779217466314e-01 6.323443058340387779e-01 5.330945478041932972e-01 6.237271504517971632e-01 9.102005589870298952e-01
3.262300210834111480e-01 5.099400480041894612e-01 8.739758038208328417e-01 5.443991220447650381e-01 5.254031652709744149e-01 1.914264648484292897e-01 3.801344312659418190e-01 3.536661743518955681e-01 2.106370880043076932e-01 4.328530613977758179e+00 8.817518942712943009e-02 1.402376564795972114e-01 1.595879747148495620e-01 3.139553208408780993e-02 6.154311081478908818e+00 8.647528230894692136e-01 6.205755055818866772e-01 5.283935977975576792e-01 6.477138291486816968e-01 5.896988757243417645e-01
4.443131365855801929e-01 8.337968688369283843e-01 8.891082028373107349e-01 5.679180290424994393e-01 5.952401955862984817e-01 2.065705586880110523e-01 3.427114722162829530e-01 3.451589538947935076e-01 4.235593660148404549e-01 4.433665783511722580e+00 -6.266780140321438763e-02 1.183488934974132323e-01 1.766949098112098326e-01 5.496152684481722672e-02 5.991151331576830330e+00 8.520746231320154296e-01 5.819301750933574269e-01 5.509367862443302899e-01 6.121345650101580604e-01 8.843823212446026982e-01
4.408571927265599877e-01 8.009723657999345825e-01 9.336875078761908142e-01 5.624135187637341327e-01 3.196969943613757748e-01 2.011644964176070582e-01 3.128229138400838161e-01 3.602490620315810244e-01 6.138343788094889897e-01 4.014341325612916123e+00 7.000547435407253882e-01 1.167472272516261594e-01 1.845855117603001916e-01 6.325004140319522017e-02 6.272109565133232145e+00 8.599644079544067621e-01 6.290366858021531060e-01 4.643200086083224543e-01 6.305414667048435673e-01 9.034546560807303894e-01
8.623822601971561363e-01 3.670286650922471861e-02 7.832081176856809934e-01 6.730292498678065449e-01 7.904560819483273937e-01 2.271250519914727040e-01 2.609702233208628375e-01 6.852455495478870784e-02 4.121504778510348133e-01 3.860928906387550263e+00 2.364977473557814847e+00 1.535405649948833606e-01 2.270311985545664657e-01 1.056656880042736446e-01 6.296983675418886151e+00 8.409981740964175279e-01 6.893175978830569095e-01 3.858978950681332676e-01 6.118782930932591402e-01 5.069105392170516478e-01
4.074724869497277080e-01 6.576631482384204253e-01 9.854624596208381160e-01 1.309630984388058694e+00 6.298382219586506903e-01 1.260676914028046880e-01 -1.021395955995491600e-01 9.780151096122076115e-01 4.043068242563458980e-01 3.968818805385770254e+00 6.233866247104531411e+00 5.821360902876853566e-02 1.746758680871556835e-01 1.444042335559420909e-01 7.158778092559912487e+00 8.761278533148434411e-01 7.081494952222852080e-01 5.891149163240042563e-01 7.581851272585822255e-01 8.838656081111062601e-01
4.280008804866664573e-01 8.864535152375163651e-01 8.649450499378980028e-01 6.435325936162497040e-01 3.765046295347376226e-01 2.136476639993244719e-01 5.824555956708030724e-01 3.407007651765506795e-01 3.265389791146583454e-01 2.667323502050916062e+00 2.401855958725430895e+00 1.257516765794923219e-01 1.977652521650718476e-01 9.520701711171353221e-02 6.462110400240065111e+00 8.637556382108269037e-01 5.147083380782965234e-01 4.900983691196063585e-01 6.276956992108041478e-01 9.062194426050417251e-01
4.352697322236945277e-01 8.937951987445308388e-01 8.735892175697457240e-01 6.258871298824075780e-01 3.766176699216737811e-01 7.307794900191583176e-02 3.623872908309604401e-01 3.317525645242300203e-01 3.374319063109831873e-01 1.830993721316293898e+00 -8.401295772521026883e-01 8.299084437607193165e-02 1.676982364652328528e-01 9.459594433684247183e-02 5.921150808383536024e+00 8.707559576371012300e-01 5.965398596315821811e-01 2.769553083805569305e-01 6.260136699341771749e-01 8.709787888479367801e-01
4.166271655634682936e-01 4.764167102388123798e-01 9.463769754828774694e-01 5.329991765624491062e-01 3.663613127489516730e-01 3.089684831791773556e-01 3.206049175310178301e-01 3.020783795809258709e-01 1.673053957086094445e-01 5.707132252022224961e+00 -1.581575429298648083e-01 1.221368363134671814e-01 1.555645488752382954e-01 6.547572591158416777e-02 5.872370280487617222e+00 8.631601797363240847e-01 7.366500214929281309e-01 5.560860978582097269e-01 6.273691646121737353e-01 6.340136009076156043e-01
3.402206038484909545e-01 4.852018509902819576e-01 6.818952679216798707e-01 9.047482498028938114e-01 2.504150618846374132e-01 1.805100292939332829e-01 4.223687621681702642e-01 2.730322157344751144e-01 2.642134139520159186e-01 2.132930265864380281e+00 -4.807433293417331388e-01 1.125578725069861091e-01 1.918951487543212320e-01 4.918344481902545140e-02 6.404380305388467143e+00 8.672116056211228718e-01 5.498420292954320221e-01 4.984467954033108827e-01 6.328290412974190149e-01 9.237331988607138111e-01
5.070971885792173728e-01 1.324915899649694584e-01 5.645634557385283969e-01 4.870105505514546462e-01 3.884198335755308373e-01 -7.777428811951364596e-02 4.889009930334367593e-01 3.026374599049564962e-01 1.263386181829837807e-01 4.689456011532002755e+00 8.536685754926345293e-01 4.097520400492610237e-01 1.605238356886541651e-01 8.707451133698067280e-02 5.641886517089264252e+00 8.641157935544498958e-01 3.252822784775666332e-01 5.225968294700664707e-01 6.076205830625989179e-01 5.887400712705586070e-01
5.404615672289285744e-01 5.504779589267423390e-01 8.660917798805469747e-01 5.021762415234050092e-01 3.942317529124813036e-01 2.125983420816939251e-01 -1.264985132726680339e-01 5.841302907090571983e-01 3.156617445415127454e-01 8.656088797318184369e-01 2.631503393006791924e+00 8.840419667318147323e-02 1.586601119087886202e-01 8.707582145211248403e-02 5.125064423681308767e+00 8.586085891652238677e-01 6.169906480496301082e-01 5.924270505017444899e-01 6.019880921670119900e-01 4.702680257012347154e-01
5.155288363882063463e-01 7.478897556155582604e-01 8.815338334681847021e-01 5.295276629251650657e-01 3.736159491145867872e-01 8.473562330817008270e-02 3.986638114914107245e-01 3.304738934570474740e-01 4.136040997002672359e-01 4.303103844454723159e+00 -3.069640077662063593e-01 1.081200384616668037e-01 1.498454108931905893e-01 1.063436275041935580e-01 5.797975385744007504e+00 6.985586165607451381e-01 5.455221960222882416e-01 6.235178314570140046e-01 6.350290903173567703e-01 9.348144412442009887e-01
4.617380086993815302e-01 6.763795701777425284e-01 8.410257493410417950e-01 6.089704501388185642e-01 6.109421342988720083e-01 2.110943218318333814e-01 6.940320667022417678e-02 3.021749723917141472e-01 2.826935570942511466e-01 5.171468757456908705e+00 -1.910853589105367067e+00 1.301853121990065865e-01 1.996858100318245066e-01 6.915645918440876949e-02 2.841634988517321325e+00 1.007267288811034334e+00 5.573074084577283038e-01 4.599149138078313936e-01 6.344168119963984331e-01 8.775542082764206109e-01
4.297841222256131855e-01 3.240930225115767893e-01 7.031384360849460835e-01 5.821660058732304188e-01 3.544884362158975954e-01 8.614242761960499983e-02 7.130789026550421461e-01 3.713460950849484243e-01 3.665887825492953334e-01 1.855012669376602474e+00 3.028288170674047652e+00 1.178688217913168579e-01 1.595343264043401488e-01 6.619845437909101238e-02 6.373751685209018802e+00 5.392188306952243604e-01 7.424994884380223814e-01 3.971263387230808406e-01 6.197586837628421552e-01 2.285053072714731126e-01
6.373369489304715474e-01 6.014980938554727041e-01 8.383730557159772001e-01 3.966639522500753356e-01 3.615326305844785981e-01 2.263438052964527603e-01 5.773789934699568027e-01 3.185657454860338911e-01 3.183658646449489260e-01 3.907413418946953154e+00 -1.199128280480088460e-02 2.639954175237748668e-01 1.045035746616676531e-02 1.094253096395378932e-01 9.902611096713901162e+00 8.131983276194514332e-01 5.450481498878183562e-01 5.630205075943297555e-01 6.852134777818152944e-01 7.570050252258868628e-01
4.250447062477502591e-01 1.060707109405623072e+00 8.515975215944882049e-01 5.673520748518504631e-01 2.776944510131398869e-01 1.933365854773187731e-01 2.830091486151112279e-01 3.362665669715736994e-01 2.988140859103672886e-01 5.596024545063802869e+00 -1.151060766174058170e+00 1.187377455639139906e-01 2.195787728253458804e-01 7.230021610224895978e-02 6.508183214208696832e+00 8.696488822901371485e-01 5.845369828996398454e-01 4.779782999404655341e-01 6.321041262908609903e-01 9.146075232130717048e-01
4.193948249875185663e-01 2.437158822867473429e-01 9.411124886544581791e-01 5.522204001553866481e-01 1.938915406204120562e-01 4.344560340382725983e-01 1.915044905719762991e-01 2.454309431893238469e-01 2.263453659369145110e-01 5.556229911740230065e+00 3.478439004912681209e-02 1.127307211990010855e-01 9.812626482872593980e-02 -4.122703811031309951e-03 6.401700141530360710e+00 8.565076130683600963e-01 4.728908940285160289e-01 4.604742682061340187e-01 5.251381043454925734e-01 8.750917906420156989e-01
4.234237534337242925e-01 5.899899423848693480e-01 9.504802878831816182e-01 5.559042769162018116e-01 4.090220640890964154e-01 2.189275413414953075e-01 3.401713180635949074e-01 3.267270519730663958e-01 2.810803789798548835e-01 4.045316687392019439e+00 6.303250197019072409e-01 1.169778304428737148e-01 1.843586225511147925e-01 7.178144457726774730e-02 5.229818184153138816e+00 8.370766657603437855e-01 6.167298490606863970e-01 5.057380455981828060e-01 6.374956358288503822e-01 9.028265231669352353e-01
8.178660309204823786e-01 6.524456630499083643e-01 7.209334402928445629e-01 6.236468908489085639e-01 1.037642864353835792e+00 1.659974989369771559e-01 4.885830834455016647e-01 1.107729382496866588e+00 1.471138316465567253e-01 7.493426244913663936e+00 2.519346379751465026e+00 1.769646322926829440e-01 9.662730588833756684e-02 9.550099667327402453e-02 4.557691635020600707e+00 8.480630360220877684e-01 4.553604378677192921e-01 3.634853121589060043e-01 7.648581502946361077e-01 6.873797693335359504e-01
4.287510575688464609e-01 9.774561665387541121e-01 9.379204131472385075e-01 5.587594425736085446e-01 4.814159262125470296e-01 2.055096007381607692e-01 3.031309990099564922e-01 3.153723580241394875e-01 3.280587203855430123e-01 3.664194768864908802e+00 4.084609030807045960e-01 1.007003170927212032e-01 1.724018286408793010e-01 8.025794230734444035e-02 6.398671258223264324e+00 8.624568140043920028e-01 5.617409541410326446e-01 4.687643098658466623e-01 6.271307970750563676e-01 8.833447506389140447e-01
3.712219718924159029e-01 6.519073940332559269e-01 8.583000685143449271e-01 5.658673799726486875e-01 4.190349597288062222e-01 9.353356348241036178e-02 1.777851010622153727e-01 3.027132571131722627e-01 4.418416635835395456e-01 2.991944295789980224e+00 -8.808355487232712999e-01 1.332056747431832888e-01 2.021622967841449070e-01 8.844416108803183907e-02 6.445894283973659711e+00 8.597766511903839337e-01 5.874932505471204269e-01 9.048487537317191354e-01 3.316383271797844756e-01 1.005302209288061688e+00
4.549050629231627396e-01 6.786550439626065634e-01 8.946838949143947062e-01 -1.390965525697721583e-01 3.479724857176800246e-01 9.997452914037760485e-02 7.853332140272597517e-01 3.400010046597439217e-01 4.140437071750103226e-01 4.255247293555227017e+00 4.154600585289468517e-01 4.940889616652199279e-01 2.493544706783268339e-01 1.408443729473342065e-01 7.076391366822369022e+00 7.126781662922851979e-01 5.491556408501881981e-01 5.511378111362301713e-01 5.820029345943897869e-01 5.826271083621449298e-01
4.688032557026937108e-01 3.477336632383966619e-01 7.818801949658428230e-01 7.412223575033767275e-01 4.412497922591016586e-01 1.928346079151193604e-01 1.666668092590959382e-01 -4.367134917633779256e-01 3.917153639718965463e-01 6.247557291445107630e+00 1.820639802147853981e-01 1.650481562357966614e-01 2.001810548584109228e-01 -6.907278893598239877e-04 7.173872058818227870e+00 7.229326928591904844e-01 6.123246454474587930e-01 4.687442076898210574e-01 6.440796659945329239e-01 1.186765566618237955e+00
1.315950464538005127e+00 5.111530370213591690e-01 4.926683933500520807e-01 6.025899283805662421e-01 3.561293444588120582e-01 3.311065036170637160e-02 5.696651478240408739e-01 2.714573760366392197e-01 5.131298630722874732e-01 4.495642875850940356e+00 -7.006638804935416687e-02 1.159024085159787859e-01 2.417125683202702990e-01 6.322535832450638937e-02 6.445509063432656838e+00 8.778806346435018559e-01 6.604870893924843500e-01 5.156726138793418235e-01 6.164728639178496117e-01 1.037638548689388207e+00
4.081572573272677085e-01 5.425601754401372379e-01 8.780809990750739757e-01 5.886283361043826989e-01 3.995397229651277970e-01 2.110977456506409056e-01 4.967951473133436213e-01 3.722474166155169129e-01 3.477538891462913506e-01 4.019653594185778722e+00 1.944826422909716079e+00 6.340982773037201481e-02 1.920505398659690388e-01 7.182123918160142340e-02 6.227270071887842207e+00 8.589215143179143030e-01 5.159687270313336738e-01 5.072942488737995914e-01 6.349723644635909547e-01 7.641092812333628581e-01
4.624679070923065072e-01 9.138641205487036956e-01 8.687064718341143132e-01 5.538560163155800131e-01 3.406530302776610286e-01 2.683852819465845085e-01 3.774652294027841526e-01 3.424226929124755125e-01 3.011513622474090712e-01 4.168560581526770115e+00 4.485673034879375520e-01 1.317429285455708754e-01 1.642446610594860690e-01 7.351210314646113020e-02 5.734980124033872251e+00 8.360637497950241803e-01 5.780451389496386039e-01 5.919042432131196296e-01 6.206011446482068150e-01 8.648897208787316160e-01
4.339017529593787170e-01 4.196009510867611536e-01 1.741246015703864503e-01 5.243085227188792885e-01 3.274684298561486018e-01 1.972681685979377486e-01 8.794674326123692598e-01 3.902692283009713270e-01 5.057123508648664334e-01 3.413300174043627067e+00 2.421857877385870772e+00 1.652620836582301966e-01 1.971245278083532948e-01 7.028569061390765871e-02 5.915486910622899330e+00 7.734453346047701627e-01 3.898273760142598743e-01 5.161350869883848391e-01 7.396676776386418295e-01 5.698838556995400317e-01
4.194998899618870847e-01 7.967921018292689617e-02 7.001050669378571234e-01 5.437309968897729995e-01 1.047042431995474532e+00 3.172444613839524585e-01 1.020941348171239549e-01 -5.105407517022486630e-03 5.328014812159084235e-01 -2.158984638933469924e+00 -9.550038783127767772e-02 3.586698561468265600e-02 1.971228138711521582e-01 5.595425906881676403e-02 8.370708244303383339e+00 8.735557636659593284e-01 5.968147662673367604e-01 5.099582291676795220e-01 7.101102836362596094e-01 7.609290746995740484e-01
4.154877456275463676e-01 1.001967947874312426e+00 8.480143264080715060e-01 5.389407554531083777e-01 3.648729049483208642e-01 2.039347025615185771e-01 3.345587689789698560e-01 3.072122390079027876e-01 2.560165407471663435e-01 3.963045672677527165e+00 -2.430716866043542534e+00 9.166500404739377772e-02 2.035600769359436069e-01 6.401587675950393130e-02 6.825847631951997840e+00 8.439495221961302862e-01 7.999237967422196949e-01 6.176668062453849473e-01 6.533122698591645738e-01 9.006178487639762142e-01
2.872376661026566080e-01 5.725116027421628395e-01 8.488315982948817506e-01 5.722840068110699452e-01 5.351366534297159472e-01 1.749006688632016027e-01 1.679958452736701746e-01 4.157657082207319998e-01 2.545302453537652831e-01 4.474396370324678074e+00 5.848227481082457491e-01 1.060489223237685019e-01 2.070488777255770629e-01 7.380017722394080493e-02 6.289927850943140442e+00 8.489215656892055151e-01 5.374340034736899696e-01 5.450639788041123923e-01 6.285528413281471494e-01 1.034763779386028038e+00
4.339481341198753173e-01 8.058912131060061990e-01 7.800814997776075455e-01 5.636393667450874112e-01 2.735398093759999205e-01 2.275880562088452852e-01 2.506659997620139246e-01 3.400193316772470165e-01 3.210412341285189264e-01 3.982433988467596997e+00 4.283458049565073977e-02 1.222273632171682334e-01 2.354080191580694148e-01 4.332868250606013161e-02 6.280986651464416148e+00 8.598269167497790688e-01 5.875212300587783210e-01 5.027172280518718006e-01 6.204855048841091403e-01 9.070278848680155548e-01
4.283833808579693980e-01 7.463315301037672933e-01 9.102743792380548760e-01 5.547233794084411862e-01 5.903367431037448432e-01 1.975119910892571828e-01 5.645269727001065441e-01 2.136003309049727683e-01 3.375992949497835238e-01 4.950849696598145222e+00 9.994898720171714324e-01 1.190273331685202107e-01 1.213837869994628255e-01 1.462232117364613282e-01 6.157350359936105022e+00 8.285649494899751666e-01 6.754713313736239177e-01 4.904016872338527455e-01 6.017951884981767030e-01 8.934157274860476949e-01
5.308550210858327123e-01 7.630859290241045478e-01 8.643506505728600908e-01 6.990638846328588452e-01 5.026962039949105510e-01 2.167641798577110701e-01 7.057769671275928580e-01 3.241320144272349935e-01 3.412935980906143252e-01 8.439804605919048797e+00 6.756869227012813894e-01 1.315540731122768758e-01 2.459737920045353132e-01 9.024742066780222505e-02 6.407651443853693785e+00 8.410789286675044440e-01 5.885810993185144335e-01 5.026118819358847967e-01 4.854745147194853283e-01 8.936987378527515569e-01
3.966947145021698651e-01 7.326465679071091364e-01 3.722172869451106925e-01 5.668072743856429341e-01 9.897518728075360706e-02 1.954461601731558029e-01 4.199382382668379599e-01 1.776673578051811420e-01 3.068278764730265618e-01 2.518097793459330269e+00 2.192556182873631521e+00 6.312462032170118587e-01 1.592005022418905846e-01 1.205408819314360280e-01 1.318464919891442877e+00 4.173549410545772109e-01 4.941512987904972398e-01 2.200447510799532214e-01 1.062278524638325949e+00 1.507575404623133775e-01
3.805161514675690637e-01 3.211739140792405633e-01 8.843649456583376756e-01 6.241778614150215176e-01 2.101869364666620887e-01 1.397712067150720383e-01 4.129261888868477337e-01 3.448853695413309217e-01 1.460279818912931127e+00 4.029991773397705757e+00 -5.468459015698778902e-01 1.304135477208174243e-01 1.913942968103646558e-01 7.296421110119824527e-02 3.200419538307892608e+00 8.380885783678707623e-01 4.375057253789321754e-01 4.826741978195203675e-01 8.731545776341658183e-01 6.280860730771911093e-01
4.767522803319932390e-01 3.996410232597946699e-01 8.897990800859807425e-01 6.700111743388059704e-01 4.189259414908106383e-01 -2.937384183811978522e-01 4.407589381540458762e-01 3.455809703325035120e-01 2.483575002383600905e-01 3.894975167191493615e+00 7.500408843274057880e-01 1.274761557704046366e-01 1.826885912029969916e-01 8.070624483547203520e-02 6.012735331202287981e+00 8.925826717193330317e-01 3.276195752678511264e-01 5.531632684509747433e-01 6.314597990326193955e-01 9.319145150213475892e-01
1.336488388046277676e+00 8.641235423790234460e-01 6.499897054968180043e-01 3.862009510979962368e-01 1.069998318780317342e-01 3.692088487847503542e-01 6.513100204444280950e-01 4.345538480583863716e-01 2.405445804929304265e-01 2.356874733603863348e+00 -1.453018223240416518e-01 3.882787866535313270e-01 1.790418508251963858e-01 1.210290364502205479e-01 5.702013305175142932e+00 8.287551478983172792e-01 9.751686067215453724e-01 6.472016499195349937e-01 3.706793518704203372e-01 8.850543563650929979e-01
4.323106093750968548e-01 5.631007875401546903e-01 8.636063267104829855e-01 5.382705692024899458e-01 5.213805876362989089e-01 2.105035210952651559e-01 3.623350702485180763e-01 2.229928602515038882e-01 3.020590715333044685e-01 4.119333299451694685e+00 1.375442841903691260e+00 1.102687601894968977e-01 1.832567993297618547e-01 7.228705950439548444e-02 6.120681937321389654e+00 8.443181983493017739e-01 5.477964916945672336e-01 5.434225928920823900e-01 7.294746767967457135e-01 1.061456317697773155e+00
1.283107713996369803e-01 3.757578993489717467e-01 8.335435590876637546e-01 5.659814542941541404e-01 3.807944103465152330e-01 1.879630904467384234e-01 3.788998294639401299e-01 -1.124231671035239299e-01 1.263776651570082954e-01 4.357162861229963546e+00 9.815572672580952229e-01 1.155409848787395111e-01 1.272474787759365622e-01 1.169490671920511288e-01 6.146796586537003115e+00 9.443276679190382161e-01 5.889099943941217274e-01 6.199196276388806437e-01 7.146977042748805520e-01 9.024923453846430688e-01
1.385279074676505573e+00 1.458985511870043994e-01 7.546409702350805881e-01 7.866780226540985854e-01 3.513904233227589380e-01 1.182929000993982044e-01 3.923755719977974343e-01 3.573751361757772638e-01 2.570433682587135449e-01 5.996769427534758279e+00 9.097709357827250543e-01 1.659141774872960051e-01 2.096891275766817608e-01 1.331975569451562813e-01 2.477031411615931322e+00 7.253565789685043619e-01 5.365639140583413624e-01 2.491778663713234421e-01 9.646917787866283733e-01 1.314110266176617969e+00
4.892733657083943033e-01 7.347037198795766111e-01 8.647473796895632780e-01 5.987134474557715969e-01 4.606995033762012470e-01 2.435796661647987027e-01 5.382714240233800185e-01 3.402093742076647831e-01 3.495227988761215321e-01 4.351497683392969940e+00 2.822623543078751907e-03 1.202143149120400850e-01 1.887568634157613667e-01 7.400817064350892482e-02 6.605941914328425923e+00 8.595627980596386442e-01 5.666768488475840693e-01 4.271602795686406662e-01 6.368141682785635194e-01 9.349050192338487220e-01
4.089963424246796375e-01 4.087457351589887100e-01 8.628102333524148015e-01 7.354717098026044564e-01 3.620606768832034250e-01 1.612382016089986547e-01 6.908476960316833893e-01 3.352898884814874414e-01 3.365315074840618537e-01 6.228507100805797947e+00 -5.846289742948624912e-01 1.122498577348796100e-01 2.075294942538285503e-01 1.298883638554718667e-01 6.560864216399228788e+00 7.421850312445512632e-01 6.168815845800396103e-01 4.841541650026735533e-01 6.397151763276597292e-01 1.077516280443660657e+00
4.222302522940178937e-01 8.546636963325505709e-01 7.439840482869755078e-01 5.737481969519127034e-01 3.358374894315447889e-01 2.434148615755861722e-01 5.451330605592246137e-01 3.772003635649932018e-01 1.957226601742604322e-01 4.908196208735889243e+00 1.692390116285767965e-01 1.226691864193991816e-01 2.042336519936976957e-01 8.148062460092414527e-02 6.441119407887424764e+00 8.555920723633204661e-01 5.663328657116021292e-01 4.969306323865325670e-01 6.613501356412717636e-01 9.012550268316191771e-01
4.401993048279276288e-01 3.099058324666167374e-01 8.858123634421387615e-01 5.357560939252444809e-01 4.044275661545478351e-01 2.321449438023310274e-01 3.355508110862387428e-01 3.790627304831429845e-01 3.143577640695806030e-01 4.067504579008418553e+00 6.572424363735973607e-01 1.237635202264550233e-01 2.329596466306032287e-01 1.766240382420664057e-02 6.367917108972475759e+00 8.792583209144058110e-01 6.194132248249345496e-01 5.143106142231003153e-01 6.247399001305763422e-01 8.931934374015092493e-01
4.193213953794412974e-01 9.275807651911276430e-01 8.612556269438791379e-01 5.816622565479039331e-01 4.501356754736628996e-01 2.018147766592739423e-01 1.868389194958854083e-01 3.390900347243100965e-01 3.300346646994579691e-01 4.050803100041232341e+00 3.779125390460986722e-01 1.158166442280424979e-01 1.845965822902855269e-01 6.458166060205933201e-02 6.607058960642474332e+00 8.588189873833184107e-01 5.385499228792052229e-01 4.986829619195224383e-01 6.318207692671167219e-01 8.940951938258753229e-01
4.460259126475661362e-01 7.696327773590799781e-01 8.651888869178741004e-01 5.939652963389586704e-01 5.417753278036144815e-01 2.041578456208965886e-01 2.261981522395941635e-01 3.744942584409846620e-01 4.543378195449050416e-01 4.021093986989423996e+00 1.476323502623599349e-01 1.179212397185163547e-01 1.990594799093988176e-01 6.629483441514040509e-02 6.400960461293093040e+00 8.915681097702625735e-01 6.474887563418324499e-01 5.053917488580005335e-01 6.256975941733033952e-01 9.023118853565755826e-01
4.799829111124901404e-01 7.265384282080800116e-01 6.608661606651904386e-01 5.977446103058201565e-01 6.478586624222414381e-01 1.739763291262328426e-01 7.175920025698102611e-01 3.452312521264145895e-01 2.906337004625201281e-01 4.787589093213997060e+00 5.272105309020483910e-01 5.594199236196323310e-02 2.086232726311197383e-01 5.936153679935234073e-02 6.366536739172821591e+00 8.929540122445643879e-01 5.114367494917529955e-01 4.869017907711379323e-01 6.524768971595801270e-01 7.180687923177117016e-01
4.199687464677599458e-01 1.303327028771288587e+00 8.331284781990744293e-01 6.364442665074352412e-01 4.417337829631544643e-01 2.166865503316549313e-01 4.843355729259364306e-01 3.059504298477034312e-01 2.550819285893099475e-01 3.756653362904082805e+00 -3.751250837419022321e-01 1.055058214218545093e-01 1.580874126627947185e-01 9.245312117595318180e-02 6.505456114897198994e+00 8.590170141955136840e-01 6.230675573145600943e-01 5.057078811535905549e-01 6.301021309127223802e-01 8.244356059009451121e-01
4.589752610963931390e-01 3.206295230923080219e-01 7.910239148069474480e-01 5.689136800164241725e-01 4.083647775548386316e-01 2.048555844890539990e-01 2.719447421590220904e-01 2.440031816504848183e-01 4.546140952773062294e-01 3.948366144931573007e+00 -5.021532686637395493e-01 9.882833441415549147e-02 1.783319405686056291e-01 7.088698034661095049e-02 6.089078841226341687e+00 8.594440850623271677e-01 5.885395495006301436e-01 5.124939479121505270e-01 6.406313270554880868e-01 1.002498923044786494e+00
3.884808501344583775e-01 6.712438128541553528e-01 8.807854435654894898e-01 5.250533384350848376e-01 3.402833815487803504e-01 2.044478339394648347e-01 2.636808040730097003e-01 3.490758614781089841e-01 3.436118634023321294e-01 4.914855964345510309e+00 9.619876955148920494e-02 1.177839178296565398e-01 1.734577536913038398e-01 7.199473455688452928e-02 6.691760777811031069e+00 8.654043516579227324e-01 6.270106298740805162e-01 5.088627306814302864e-01 6.371029953844605798e-01 8.567830231070491243e-01
4.461036768701353017e-01 7.989616059576784002e-01 8.053337327990742756e-01 8.834116636758593266e-01 1.597692730122509119e-01 2.017438068359509173e-01 3.862003159533253793e-01 3.214402637296910337e-01 3.338170611465763327e-01 6.225885196114244735e+00 1.604947459222858308e+00 1.113645221998080387e-01 1.950340720999808319e-01 7.759912518856720842e-02 6.139188605979754243e+00 8.409308409269574680e-01 6.135573535279288393e-01 4.886036527591290368e-01 6.215519113001478635e-01 9.693442974606469864e-01
5.435278700058936430e-01 7.728993105125293583e-01 8.768138563791415541e-01 1.872946450289737774e-01 4.563855912417952299e-01 2.026331808243488630e-01 2.219847551252163154e-02 3.601002517800015457e-01 6.122390559461434734e-01 1.639690037597775651e+00 -1.116914034345988238e-01 1.195517144747521437e-01 3.139389378836774380e-01 8.594128234601521032e-02 6.309298026345058652e+00 8.488168656033459047e-01 5.531999593216609945e-01 4.612808178947764848e-01 5.871547574103770373e-01 1.033553270192328011e+00
3.868011332748568787e-01 1.458643912541394139e-01 9.080753925459910114e-01 5.573690396724962914e-01 6.450027110146095977e-01 1.974339750569800711e-01 3.170577507994124522e-01 3.598321560960198173e-01 2.708325905785107235e-01 3.346380900089070964e-01 1.577979281365049058e+00 1.000418753863191179e-01 1.357649870459219643e-01 6.708921437245095321e-02 6.038601509558633396e+00 8.247188283663994257e-01 2.903289374635430464e-01 5.026469441251240067e-01 6.475360229835104287e-01 1.096234465174972472e+00
2.003183400368031553e-01 -6.337257870499213297e-02 7.862391178164879202e-01 7.483037205211242604e-01 5.078729327380197001e-01 3.027896646834841166e-01 1.025783854229356251e-02 2.559695792774275835e-01 2.055694777466940404e-01 3.823041181381348075e+00 -6.172950632118641145e-01 2.661984576895740640e-01 2.361877514326101157e-01 7.473397435954654000e-02 6.632481974188414675e+00 8.585298998741002219e-01 2.053363941244168156e-01 4.299378329886758277e-01 5.997042517268300621e-01 9.693499270613242791e-01
5.173115710664387690e-01 9.315716692334162774e-01 8.169776126690923013e-01 5.702276144679394587e-01 3.848075202005325490e-01 1.944931565583998823e-01 2.224383670689516479e-01 -6.376972533197194926e-02 2.969429564438701430e-01 4.468993406358843679e+00 5.039631375874657593e+00 9.753653902661085784e-02 2.294309750482425025e-01 1.161587714017451867e-01 6.393876785461525714e+00 8.549712198572653188e-01 5.723873841381378336e-01 4.919245827317994535e-01 6.213792238167830106e-01 9.768517177763984538e-01
4.986242446106419757e-01 7.404044913337841649e-01 8.739983136724240875e-01 4.046659801200219175e-01 4.987982937213616963e-01 8.489078468840419167e-02 2.404587300380572334e-01 5.050949604263536008e-01 3.429987472842628282e-01 3.697403947374201749e+00 -1.481981004376247135e+00 6.088395682301076667e-02 1.277058851515942284e-01 1.147973238115731487e-01 6.470498004508031364e+00 1.040598839206432480e+00 5.818961592113858217e-01 6.494092838430466363e-01 6.664090456330644674e-01 8.414044491628815958e-01
2.901866069135237702e-01 9.179702120533993481e-01 8.552913543984459466e-01 5.597384333432326997e-01 3.806423518010325080e-01 2.097388043362537757e-01 5.998848730403566476e-01 3.736037928338076242e-01 3.537804207669619228e-01 3.745559699663719044e+00 3.939870087883045713e+00 1.088099994810176746e-01 1.980412727451331956e-01 6.883161901360095036e-02 6.434102983754999450e+00 8.300014205326098349e-01 6.413214085338126980e-01 5.207175765194254069e-01 6.290753203519319214e-01 1.043763966211872507e+00
4.012449070502432380e-01 6.752341092007052570e-01 9.267886354143406447e-01 5.435657196432889249e-01 4.361049186426759205e-01 1.992871186646066328e-01 3.227427289944491129e-01 3.281204905516070802e-01 3.190877911126880351e-01 4.773194548590392827e+00 2.859900244093134258e-01 1.132295685997152662e-01 1.969314745868173122e-01 8.076357170047276934e-02 6.330229695985864602e+00 8.611666275476457244e-01 4.320230281089391111e-01 3.092376998115865527e-01 6.303671499481441343e-01 8.999740656564464425e-01
4.578616593700866044e-01 7.379468955839169064e-01 8.875086596374687220e-01 5.516840657892149169e-01 3.332037922376386296e-01 1.902320032145767281e-01 4.060465324458681358e-01 3.595324589271747806e-01 4.480504889333415952e-01 4.415789554334216049e+00 -2.635529583483324778e-01 1.414149276584655557e-01 1.914124469165195963e-01 7.357973818807871103e-02 6.230457187978355904e+00 9.056487102642821752e-01 6.915218326035533769e-01 5.014059872878057211e-01 5.922106407431281250e-01 9.239841448251734368e-01
4.305350533778237176e-01 4.794597521966891818e-01 8.685812662537421014e-01 5.712119418041626817e-01 3.547191756465538637e-01 2.013004612340779098e-01 2.936432604985795836e-01 3.311535204781341779e-01 2.874097723653384895e-01 4.259276586048427404e+00 2.133586477842581985e-02 1.148572468361407500e-01 2.000208360255541773e-01 7.321346433763774308e-02 6.358064403792481833e+00 8.594849041637497855e-01 6.511833976609016084e-01 5.026635168831244949e-01 6.263998452489666358e-01 8.943343994790444729e-01
4.604569664380360750e-01 8.637786685627614203e-01 5.097330949545089140e-01 5.372389075586628815e-01 3.404655916527531412e-01 1.908697792158050854e-01 4.623025386180850682e-01 3.005088131020791087e-01 3.012848687646372814e-01 3.622409628506246371e+00 1.049401166995949986e+00 9.850203533590481952e-02 2.362390368590601419e-01 8.690362895263809007e-02 7.599593773963072785e+00 7.978029310059464585e-01 5.459671060593839220e-01 5.165492269178724172e-01 6.800723642193305940e-01 9.273134722358176152e-01
5.327763052771561370e-01 9.768100068239590206e-01 8.715962812411847116e-01 5.766929446832812500e-01 4.961598675407121184e-01 2.082505811037995425e-01 4.663912209104417728e-01 3.256399708699188600e-01 3.061413654212477575e-01 4.112320080429891611e+00 1.866412933700297039e+00 1.186175745865520881e-01 1.924992585711454707e-01 3.123631271674677523e-02 6.391043800667438823e+00 8.600960447416229337e-01 4.541007314534051265e-01 4.922188441832278660e-01 5.977842420905701282e-01 9.197609510708385505e-01
4.350761911610612764e-01 1.914079973346665131e-01 8.757268131520674626e-01 5.870013878933475482e-01 3.511075808042870561e-01 2.033712976335338429e-01 3.340981134183952928e-01 3.274957630325086022e-01 2.950102754671761751e-01 4.959875059537056430e+00 1.275893629804144003e-01 1.507294980261407458e-01 -9.457696507321206036e-02 7.169361209330531171e-02 5.932339977509909268e+00 8.588039668924458692e-01 5.825400971653269533e-01 5.215749507219189507e-01 6.362038106757152978e-01 8.921907488933077390e-01
4.307708369485159783e-01 6.197246840158286973e-01 8.207959892905388744e-01 5.573051800476097606e-01 4.226477616328907505e-01 2.865939072822216160e-01 5.473945982985051195e-01 2.932837005394635654e-01 5.458432265913581993e-01 4.743848615821857351e+00 1.477058494191345828e+00 1.030361878142387888e-01 2.154210640554092282e-01 8.568525278708982729e-02 6.109950874249308939e+00 8.580121141919949679e-01 8.701133014561984735e-01 5.214265873848551447e-01 6.037658564402966777e-01 9.010151292434481762e-01
3.971959347114860095e-01 6.975128747948732277e-01 8.641288245903455678e-01 5.840178434030600663e-01 7.958596830681592404e-01 2.151416648253766661e-01 3.190389048995067589e-01 3.409962442965011054e-01 3.192148115791929031e-01 3.376483341602395605e+00 3.868321984247296008e-01 1.067096303881997360e-01 1.630961609565071968e-01 7.016235292762691700e-02 6.277527399973063638e+00 8.704597634784241311e-01 5.522574448979497008e-01 5.077703195548137760e-01 6.091035040420947899e-01 8.724644462060271444e-01
3.991734329550218341e-01 2.291328183286342746e-01 8.880553835525525352e-01 5.392541906458405698e-01 4.102384678786786809e-01 2.039245487075145302e-01 3.767623668875706988e-01 3.246856540956538639e-01 3.160334310151070580e-01 4.472495592263449282e+00 2.001323507245279520e-01 1.082715983416953354e-01 2.009343569093371418e-01 6.384168674423255918e-02 6.325786845730583252e+00 8.589419496634952411e-01 6.043756408295657412e-01 4.947472092708932734e-01 6.239140522486682494e-01 8.759590884298948943e-01
-1.165160507809544083e-01 5.785867659965852061e-01 1.074508634708477794e+00 6.052980060509262072e-01 5.298707284196886302e-01 1.713085774310196263e-01 3.840690125803617461e-01 2.271264641908377346e-01 5.928088326603169200e-01 5.281012212735631373e+00 1.216778070700746950e+00 -1.497809110496754748e-02 1.559103829995090451e-01 1.127385339481525028e-02 6.236699659244963279e+00 9.001728844957785913e-01 4.803996034877870414e-01 5.852687844273145590e-01 8.700934534512603236e-01 1.221840081332092431e+00
4.510078403698682958e-01 1.004847697301781473e+00 8.009922527285426863e-01 5.733727128919228200e-01 2.929023817447259370e-01 2.420746052735223142e-01 3.138594671868017993e-01 3.069073840472567594e-01 1.192378460668294532e-01 4.470947455925455394e+00 1.950561315655523487e-01 2.159863859344300918e-01 2.784822391869057334e-01 7.153045211919301094e-02 6.375491387698717816e+00 8.577316878277171375e-01 5.213404885119166110e-01 5.073092421457366941e-01 6.113759685013939738e-01 9.022019247720302060e-01
3.458917393926282946e-01 3.617938536999245613e-01 9.210942309989827992e-01 6.160177910639290655e-01 8.208715107862764038e-01 2.374317265981400193e-01 1.695415844042937881e-01 3.256127354889825076e-01 3.467995193009894561e-01 4.409708530601959886e+00 9.593216897035995450e-01 1.737700783622817546e-01 1.119526673275414164e-01 7.311906769564860409e-02 4.641180618227556565e+00 8.475002157912517875e-01 5.806702291475847044e-01 3.784278589168423856e-01 6.299477566396006756e-01 8.249058236111114217e-01
4.705324933582329394e-01 6.166442969814627251e-01 9.188524106002686764e-01 5.779764542201953903e-01 3.568235189160462451e-01 1.283685854952231198e-01 2.967228243523815090e-01 3.340126129478687145e-01 3.119251094569663318e-01 3.655889509119016001e+00 -2.800339991100327386e-01 1.100009756948474582e-01 1.915174947694203156e-01 7.122977679351998048e-02 6.106445425652681891e+00 8.758530787526835892e-01 6.438934380167070648e-01 4.843455317981592012e-01 6.329551066395190384e-01 7.267424088555654027e-01
4.206939549367293418e-01 6.450371952164746236e-01 9.606491588685003302e-01 5.758350722073640737e-01 3.191560978321289488e-01 2.250687547713020598e-01 3.948807113705014027e-01 3.347421332080839917e-01 3.093357594530583565e-01 3.179222334234417247e+00 -2.057422348295043335e+00 1.179858399464524810e-01 2.120299900529636072e-01 5.861097991650472683e-02 2.966273001137455623e+00 8.554386555755888466e-01 5.086585235090027579e-01 5.079689628031109905e-01 6.340023809390236131e-01 9.259591670197130364e-01
4.185568997080882925e-01 1.094313032567078903e+00 8.639321794117510445e-01 5.769143491103573274e-01 1.886602583014283518e-01 2.206236463945767390e-01 3.475425700383983907e-01 3.844014872597649179e-01 2.734399236420658186e-01 4.261278103196501910e+00 -1.622056036934913514e-01 1.016653924568056144e-01 1.935995691591851919e-01 6.949988253646371961e-02 5.679257785062420183e+00 8.396136931965912931e-01 7.559793243506320870e-01 5.079438854494656708e-01 6.295682943212234095e-01 8.548077624768211091e-01
5.350427412348579548e-01 2.871696027136907414e-01 8.476479432511444534e-01 5.524213141585981868e-01 4.758773568927910924e-01 2.580544964132124308e-01 3.709563314386484234e-01 2.276201515158668975e-01 3.767443423392491386e-01 3.446075982354672718e+00 -4.596591065210412497e-01 1.179089814248798773e-01 2.251858205779641575e-01 7.250541719046221800e-02 5.449874114891948729e+00 8.561366059959669705e-01 5.929079442987270632e-01 9.267282647936977424e-01 3.721614073275368861e-01 8.644986678604968944e-01
4.438334025859488330e-01 5.470503083999125327e-01 8.409942672145732656e-01 5.416622036039819843e-01 5.728148192654705095e-01 2.159275530223840611e-01 3.460311240998633076e-01 3.328861143301047876e-01 1.961395277705703655e-01 4.320263745350052531e+00 -4.908219036237843613e-01 8.726844751143986167e-02 1.761208102042449708e-01 6.943874048010924283e-02 6.342545348162202501e+00 8.765399095233232796e-01 9.080795231766813913e-01 6.659700964775060461e-01 6.319201118036413822e-01 1.049725079925007298e+00
