nan
7.836532514116403836e-02
nan
nan
nan
nan
nan
nan
nan
nan
nan
9.146960406106681429e-02
nan
nan
nan
nan
5.902771722495931545e-02
nan
nan
nan
nan
nan
3.215446208407120310e-02
nan
nan
8.517000036562337728e-01
nan
nan
nan
nan
nan
nan
6.318639116929666288e-01
nan
nan
nan
nan
6.667961650068444934e-02
nan
7.851048171264213282e-02
nan
nan
nan
nan
nan
nan
nan
nan
nan
nan
nan
nan
5.660979686252148868e-01
nan
nan
nan
nan
nan
nan
nan
6.773717577278421942e-01
nan
nan
3.280555406733974555e-02
7.249731193472437607e-02
3.342232768169083879e-01
nan
nan
nan
8.022970038620910738e-02
nan
nan
nan
nan
nan
nan
5.739246272679151550e-01
nan
nan
nan
nan
1.566043457116030602e-01
nan
nan
nan
nan
nan
nan
nan
nan
nan
nan
nan
nan
nan
nan
nan
nan
nan
nan
