9.543407252276968344e-02 8.691569786375038520e-01 -2.329741112560057559e-02 2.007643952648099223e-03 4.369182682995821632e-02 5.143893589263379140e-02
-3.065044953274303693e-02 1.133693562023996015e-01 -3.157311049995837338e-01 -2.798907744596635001e-03 9.100131960064901729e-03 -1.560856838773410915e-01
-1.904279165471667035e-01 2.904929309510585062e-02 -1.085077398750145250e-01 -2.007966368021384118e-02 5.292376786568237651e-02 0.000000000000000000e+00
-1.094500098404179410e-02 -3.284075228222213538e-02 -1.948431203812748536e-01 4.832450866882467898e-04 -3.811144490035529332e-03 -2.474936940714602893e-02
-1.722554854136010283e-02 0.000000000000000000e+00 6.855600872916822741e-02 -2.361198532387418225e-01 5.460190730877812620e-02 -7.684307281350487295e-02
0.000000000000000000e+00 -1.928705092846021429e-01 0.000000000000000000e+00 -1.765890755608824289e-02 1.077238943488813411e-01 -4.137445030234285920e-02
-1.660497401436787090e-01 6.089699663723220982e-03 -3.531709538865070858e-02 4.551056764247067565e-02 -8.016812713733967311e-02 -1.406498455052983543e-01
-2.060819752353704811e-04 -7.454648438943390666e-03 -5.759919345839385058e-02 0.000000000000000000e+00 5.977799653540385658e-03 0.000000000000000000e+00
-5.780899680850569433e-04 2.163567908972837961e-01 3.897272789129502257e-02 1.881334447547063776e-03 4.291203103940748748e-03 4.231957381111757510e-02
3.674473555400481072e-04 9.088249226505456385e-03 -1.326290959321625440e-01 -1.667033279373523937e-03 0.000000000000000000e+00 -7.255994463035084219e-02
-2.121956791645605023e-01 -8.363268829772654844e-02 -2.811383566474148776e-01 4.164433152797229754e-02 4.473078413094470213e-03 -5.151379523900281865e-02
-1.210699545404979732e-01 8.856511668593776421e-02 -8.595380785632067769e-03 -1.912630697182390593e-01 -1.380371853550056982e-01 1.242360436784636507e-01
-9.400151829577499396e-02 -6.451180420031878138e-02 1.272987236855519233e-01 3.168125681753982126e-01 1.067239164038742277e-01 -8.394226216424872933e-02
-2.170746063474551714e-04 2.814430159040981483e-01 4.339553371764202222e-02 6.255714380847586520e-02 0.000000000000000000e+00 -2.099600702881770919e-01
-1.965048100275407987e-04 1.345231222478514566e-01 -1.476445531490230001e-01 -9.511965380242710932e-02 2.660744928653847440e-03 1.462881020630520945e-01
-7.625701977928305009e-02 -9.977291407633699649e-02 4.660800719906090656e-02 0.000000000000000000e+00 1.681378563050997879e-02 4.970883388914448808e-02
-2.650816522258377561e-04 2.371326510362930795e-01 -1.403750090605314915e-01 -1.908770093451959233e-03 -1.465519724961761028e-01 5.615255382567164132e-03
0.000000000000000000e+00 -7.035983215684699088e-02 -5.275737662372888270e-02 7.179931313746798494e-02 -9.799999999999999822e-01 3.320776245305626789e-02
2.724764448200911807e-02 2.991930013567839497e-01 6.187704328059435294e-02 4.946762911810783508e-02 0.000000000000000000e+00 -1.012372886320446752e-01
-4.194400872338558545e-02 1.716840469272075675e-01 -4.048589240638685860e-01 1.611076747265176023e-01 -1.954584060831601466e-01 -2.450668313381682284e-01
-7.568522540795853681e-02 -7.912279314746412107e-02 6.513822504427631450e-03 -6.394726811135353906e-02 1.734823037985062585e-02 4.241020958103993571e-02
0.000000000000000000e+00 5.565322998446238512e-02 1.725952557940630128e-01 -2.360464548828624960e-03 -1.236203839999795804e-03 -2.136118171773406654e-02
-1.175125176144467456e-03 -1.645478144842884780e-02 7.281598717911030340e-03 -2.487706421043953120e-02 2.427679923925139815e-02 -5.494634907903646337e-02
4.660083892307882725e-03 3.017681545452233771e-01 -4.318145956320246226e-01 -4.714584922181841919e-05 1.056846408645708280e-01 0.000000000000000000e+00
0.000000000000000000e+00 -5.815478541398431261e-02 -5.734494729465219182e-02 2.187895133508463430e-02 0.000000000000000000e+00 -4.733370290382451356e-02
-5.956417432807861734e-02 1.169355965452915508e-01 -5.339357057275546936e-02 -2.188182132728287363e-02 -6.722966206242649186e-03 9.602348973384759734e-02
-5.573331810881002740e-02 2.829056213308221990e-01 -1.155728559435876268e-01 1.146258290481538128e-01 3.000831353202311202e-01 1.485858789542100489e-01
-9.115885036946538714e-04 7.424596407666082809e-02 -6.523972320811988190e-02 -3.730927314883235790e-04 -2.169803948666487042e-02 -4.205235087237174652e-02
0.000000000000000000e+00 1.417098700656560795e-01 -5.973064606808151655e-01 -3.687991755305689012e-02 7.643340458312343488e-02 1.557860442069255134e-02
-4.926797155249253244e-04 5.954021829495403234e-02 -8.205120778187693920e-02 8.967269555705492624e-04 4.632254257540207622e-03 -2.553390340860279759e-02
5.557778841564403605e-02 7.869801232387986512e-03 -3.268079588944592384e-01 -2.242680255509690024e-01 3.512756899567511751e-03 5.500274071634347894e-01
-1.861927060741354889e-01 6.763655834615633911e-02 -1.088635680514455327e-02 3.945190504230248335e-02 0.000000000000000000e+00 -5.558743836265058608e-02
1.227826199657187272e-04 0.000000000000000000e+00 -1.805025686538501775e-02 2.936251149875998404e-04 3.149913889390383668e-03 6.071012560397513746e-02
-6.055153422462163093e-03 -1.708390881241937387e-01 3.667501227199469055e-02 0.000000000000000000e+00 1.031081326695001826e-01 1.283533621892923686e-02
-1.944688605611318716e-04 -2.019355622435030362e-02 8.448906061390090011e-03 -3.803062183990951013e-04 -8.087779545335668785e-03 -6.905412489375815921e-02
1.200081249512604349e-03 -4.673502568662998846e-01 3.421780969905831304e-02 5.865929431204860642e-03 3.452501472370739059e-03 -7.041403017551872701e-02
-7.124486828277996064e-01 1.899549244529192549e-01 1.212302508625298092e-01 5.162326759622265504e-02 2.278765006607088878e-03 1.447508665618378321e-01
-2.998584108561357488e-04 7.211135000502916226e-02 -1.863100175197980254e-02 -1.268498984857469730e-03 1.327687987270558358e-04 -5.320738308776236554e-03
1.939520781431864904e-01 2.994530777124584375e-01 4.763255162749325256e-01 -4.160362270896723197e-02 0.000000000000000000e+00 7.948967516838102709e-02
2.381022159993872317e-04 1.091489741844833133e-01 9.751104226919612983e-02 -6.791117704980755357e-03 6.190479339385165404e-03 1.198161416592020689e-01
4.920486688843481128e-04 7.189673038536446847e-02 2.127755030717351850e-02 -3.769094483402643525e-02 -3.362570572573442274e-02 -1.017159942506512017e-02
8.698303642487772568e-05 4.160984431714062626e-02 -4.311305291764260805e-01 0.000000000000000000e+00 0.000000000000000000e+00 -3.517373316158380753e-02
-1.206811394242639527e-03 9.948624247501575146e-02 -9.085794316240585200e-01 2.829458812649442156e-02 2.126905902238599485e-03 6.182923634759644911e-03
5.552204490314751294e-04 2.290617038891502432e-03 1.516548534447293428e-01 -6.920114319097087074e-04 0.000000000000000000e+00 -3.366430284472527595e-02
0.000000000000000000e+00 -5.158403883812716362e-02 0.000000000000000000e+00 -1.121735475844490336e-03 -1.387210614702375118e-02 -4.047387255006137247e-02
1.968322744283309417e-02 -5.732304955372125033e-02 3.416390026363584909e-01 -4.593042462445087737e-02 0.000000000000000000e+00 3.052101636277068653e-02
0.000000000000000000e+00 1.088164620415072031e-01 2.198860133644555195e-02 -4.381828288335953142e-02 -5.580318199918742755e-02 -1.870968805293966863e-02
4.818802486150654957e-02 2.308659242849247714e-02 7.827095355518529085e-02 1.242641906445535009e-03 4.745409037222517515e-03 -3.858671256727602139e-01
1.349959815372988930e-03 0.000000000000000000e+00 -1.581427448520169449e-02 -1.765158473354654480e-03 2.393965931651953483e-02 9.845013303494820622e-02
-1.623505819122592151e-03 -1.605731938855779473e-01 3.305780504524873376e-01 0.000000000000000000e+00 -4.123995180256400501e-04 6.450649274153727464e-02
-7.991673652429767682e-03 1.808586252045552706e-02 -6.290724820404408613e-02 -2.476882684549349558e-05 -7.827308190883442568e-03 -3.228703663908686350e-01
4.668208004512626463e-03 -3.673224301211817228e-02 1.050559475687059229e-02 -5.982994089694150270e-04 -2.848661305233187238e-02 -2.547448169559850435e-03
-3.311665251271187844e-05 2.453635215797137989e-02 2.650907798373531871e-03 -5.222760660216269930e-05 -2.110001259456743220e-03 -2.085398209314222231e-04
0.000000000000000000e+00 -1.914969815986627619e-02 -1.489999283742947898e-02 0.000000000000000000e+00 -3.522465569416374787e-02 2.988843522753421023e-01
-1.279526415427298114e-01 5.783694295760454657e-02 -5.021173630736868593e-02 -1.246499266271575786e-04 1.923802378238474720e-02 -4.302781044694602500e-03
-4.211513094394057194e-04 5.163518318605306995e-02 6.700024863297150690e-02 -1.055696135422767900e-03 -1.988325754668900276e-03 -6.713313123165285529e-03
-1.393514041313721578e-02 1.164275127507292083e-02 -3.749199660626054698e-01 -1.316901762604271494e-03 0.000000000000000000e+00 2.406894006385481566e-01
-2.141140701002232534e-03 1.056524441296276678e-01 -9.065777800085168814e-03 0.000000000000000000e+00 -8.337485796080296629e-05 1.684606979476772209e-02
4.504732264601821190e-02 -5.749934958985521843e-02 8.734414555848210582e-02 -5.455395205932308568e-03 0.000000000000000000e+00 -1.508838334250309568e-02
-6.797766419660500326e-02 -1.162401480681247296e-01 0.000000000000000000e+00 -2.712373377623411401e-03 -3.048187911641392009e-02 -1.665972372057980197e-02
-3.406458117235619987e-04 -1.245805442517810419e-01 -5.942808408972023726e-02 -9.519547189432200907e-02 7.622715306800821253e-03 4.147070926869005358e-01
-2.133175441395401481e-02 -1.491485014164764533e-01 2.366618007081661146e-02 -8.005848863191847298e-03 -8.121690147003753774e-03 -1.431962332535891003e-02
2.639552794503742528e-02 1.870131110510313624e-02 1.095611786015017637e-02 2.449877517552612530e-02 4.234532252952692699e-03 -2.871519298940317100e-02
-3.975447525933593906e-02 -3.994199847173843243e-01 3.611279551422673373e-02 3.722316736871711905e-03 -7.593603672442495768e-03 7.956792382255818696e-02
-1.903906758176734659e-01 1.020234617415436730e-02 -4.122780256223086415e-01 -7.723157183767608014e-02 -2.329178531752109510e-02 -1.269587899629896766e-01
6.110330735494143989e-02 1.459507316539848144e-02 4.593936735760133921e-02 -8.044044496028010527e-02 1.455144677905210494e-02 4.282872931845287945e-01
1.012266841881272975e-03 -9.364642152379375195e-02 8.826007141388488020e-02 -7.744898295935011279e-02 -6.274849278282247818e-03 -1.269038363494640609e-01
3.568692332811569255e-04 -9.213464775828586473e-02 1.266171574565824135e-03 5.280466894490633625e-03 -1.474433574414156511e-01 -1.938362010027142729e-02
-5.490642953636057930e-04 -3.445295618454086856e-02 -7.939077181977552064e-03 -1.734632627658600932e-03 2.628751353853379024e-04 1.069331829153319542e-02
2.798756881672366959e-03 -2.104725981236225396e-01 3.423763695985644617e-02 0.000000000000000000e+00 5.094648484594788140e-03 -2.825848236208418629e-01
-1.302477823410099489e-01 2.019907852859758324e-01 -1.816719432952731139e-01 -4.066344818051852855e-02 -1.173600608870075529e-01 6.357609813105116617e-04
-9.118197323785012613e-05 -3.018997889662862200e-01 2.332365679861242436e-01 0.000000000000000000e+00 -4.049354857580499470e-03 -1.338156784425331529e-02
3.402400029511041396e-02 5.754335304132814771e-02 -2.224876954119648503e-02 7.897206805136398888e-03 1.056220733262742788e-02 3.310584178264810995e-02
-1.934164813674046565e-02 0.000000000000000000e+00 1.847265778952167370e-01 1.667413349482416770e-04 5.550119300624830471e-02 -1.634897621706174753e-01
-1.186815255452369463e-03 2.372252846304292728e-01 -1.644134023546612103e-02 0.000000000000000000e+00 5.572431067624356721e-02 -1.667580241158451160e-01
-3.496036980585507520e-02 2.222796287252485833e-02 4.260492309332014615e-02 -2.387355001466740650e-02 -1.637106471570846543e-03 -1.510851645899708579e-02
-1.018541509229160770e-03 -7.226754355298757593e-02 1.867341022059710795e-02 -7.725442129957645889e-04 5.164501100111192761e-02 -1.659846164477134789e-01
-6.648159106199872086e-04 -2.182675663646460248e-02 4.678641904171131904e-01 -7.111082919956285319e-04 -7.376199764175914338e-03 4.538320761929873215e-02
-7.586228397850313873e-03 -1.505852900518107190e-02 -1.802929242028767157e-02 -1.794990559596042028e-03 -3.676025873472893446e-02 3.209352288590871377e-02
4.147704083866634770e-04 6.663053999309366260e-01 -6.758366145047585427e-02 3.287787646879052339e-01 -3.795697913438729476e-02 -8.846398496867298455e-02
-1.055186878462193029e-01 -1.784142002560442919e-01 6.933103031856237275e-02 3.348188141966015538e-03 -5.119694012786116938e-03 8.807593675458674082e-03
-7.261349030918798179e-03 2.330649418710086518e-01 -1.382049715717152683e-01 9.821813590714827125e-02 3.646099811860770319e-03 3.850401177437687956e-04
7.075819914684558683e-03 2.205555647071830161e-01 -2.135830025707232804e-03 -5.199760550163775100e-03 8.852355479031977226e-02 -1.274090539506157471e-01
6.329165187716326085e-04 6.083061071964716848e-02 -1.453095996787865741e-03 2.248110273346330592e-03 -4.266916841605182184e-03 -2.396213771331279566e-02
0.000000000000000000e+00 4.536339903978731103e-02 4.464646355404904357e-03 -2.998180411958541874e-02 -1.501741765194061773e-02 -3.309361728579358897e-02
2.982092411693881839e-02 7.052124451390084925e-02 4.340321158454907846e-01 -5.970616737687289280e-04 6.353186637300595185e-02 1.144457130181703551e-02
1.319571657872252723e-01 1.516746444964843336e-02 -1.768184145388456141e-01 0.000000000000000000e+00 -2.708490138154173894e-03 4.345681308975615081e-02
-5.545632522171982728e-03 2.605313484638652199e-01 3.723522597065106327e-02 -2.496077199638703503e-01 9.878603946012044432e-03 0.000000000000000000e+00
-4.242149470863041533e-02 2.187498075345448434e-01 3.266006710344283165e-02 -1.963513446067523694e-03 1.239288389452498224e-01 4.042205405826160974e-02
-1.488867440326751557e-01 2.985898941966625905e-02 -1.292849037180029415e-01 -1.033279896734092375e-03 2.033031301473834859e-03 0.000000000000000000e+00
-3.597645402076641522e-03 3.409386634347505440e-02 3.960191092699391624e-01 -4.727881475629506017e-03 3.679591984276321670e-02 -5.913133678038409724e-02
-9.553497408733518936e-02 5.446055183983748021e-02 -6.230979221998909044e-03 -6.314054494226095660e-02 6.300035974822200124e-01 1.222210623092701287e-01
1.442428412128037257e-04 1.146376950022057750e-01 1.329199295600107765e-02 -4.266596405948152801e-03 5.800366110585401455e-03 -1.581523691238729823e-01
0.000000000000000000e+00 1.064128914264698272e-02 -8.410325486162590833e-03 0.000000000000000000e+00 -2.680275894148921763e-03 -2.883197498458730124e-03
-6.839379370814849778e-03 1.438139132016993949e-01 -2.271494394781046686e-02 9.521980861982143850e-04 -6.439993149609350709e-03 8.311370579090099353e-02
1.074962884866733498e-01 1.367546823162318070e-01 6.446716392130501239e-02 0.000000000000000000e+00 -2.666449635415709882e-02 1.411671857636369043e-01
2.706494703152722723e-04 4.818056987271263081e-01 1.323799591256907653e-02 -1.342657614578011396e-04 0.000000000000000000e+00 1.242201408814247628e-02
-4.055002988072676563e-04 1.992580602072421825e-01 -2.966125255950470274e-01 2.166403401512996096e-04 -8.827319247504683553e-02 2.289929413967947344e-02
-3.876359596869183299e-02 -8.119250284564930031e-02 -1.678222722357777530e-01 1.902300049887431206e-03 1.586072339759470734e-02 -1.993352375515583183e-02
6.778174852057844511e-04 3.698719678094102188e-03 -1.378994955039903290e-02 0.000000000000000000e+00 4.290151890155025072e-02 3.036156149509553100e-03
