7.987892814355453952e-01 9.899999999999999911e-01 4.435642570457568046e-01 9.978648556329434705e-01 4.977822398713883933e-02 8.382007206271199218e-01
8.297783909724685270e-01 3.473039946729751526e-02 6.682554457489957578e-01 9.478842037531478582e-01 2.191952620117501582e-02 6.710543222629176130e-01
9.000000000000000222e-01 2.765787943468479004e-01 1.000000000000000021e-02 8.693468490745113186e-01 4.904276567676052467e-02 9.734270689146747868e-01
8.961277872011889079e-01 1.427531004390295843e-01 4.922946534196337431e-01 9.977943364911148194e-01 1.000000000000000021e-02 8.858946989772799041e-01
8.467071020885745813e-01 2.716185217283650366e-01 3.147880772296597351e-01 1.000000000000000000e+00 1.701824432016909028e-01 8.775846722264292188e-01
8.294934098801790556e-01 1.549744223125132728e-02 1.000000000000000021e-02 1.000000000000000000e+00 5.013424703126304061e-02 7.755044635612864390e-01
5.882202088304782084e-01 6.369864001279058885e-02 4.500580645590606110e-01 8.138121727335307920e-01 4.558349706057928108e-01 1.000000000000000000e+00
8.984701329609428022e-01 1.422800340737254698e-01 3.913204224028317135e-01 9.496126158388120686e-01 1.810144104596265319e-02 8.592666188843149921e-01
8.985771351159357323e-01 8.857478667823486251e-01 5.629533756064613037e-01 9.974414602977016431e-01 2.267578649479596101e-02 8.061151557861547801e-01
8.986818507664511291e-01 1.604295981427514006e-01 3.382066801282032631e-01 9.964604748290557534e-01 2.955921001159950157e-02 6.926478008721996815e-01
8.509098995731999571e-01 5.649632769298612578e-01 2.290832642357433224e-01 9.387162884533657436e-01 1.000000000000000021e-02 9.403168397662690081e-01
7.223070228643642121e-01 2.191007823394209297e-01 4.387239225072278037e-01 9.457489006993320402e-01 2.758394496717229138e-01 6.690578694575377572e-01
5.357242238270446544e-01 2.242110072729593395e-01 5.020307806795553107e-01 3.917465989444233743e-01 5.830863584970551461e-01 6.160866470411094920e-01
8.982898760735140709e-01 1.141016794722503336e-01 7.369348580848361641e-01 9.454979875121820587e-01 1.089924842277533446e-01 8.514534447829965602e-01
8.988355714760725146e-01 1.000000000000000888e-02 5.368240818653818858e-01 8.782246005585485626e-01 1.445558221472263982e-01 8.344624510172398146e-01
9.000000000000000222e-01 1.650275620609130967e-01 5.386638753307740890e-01 9.924114272008320858e-01 4.009154148937205120e-02 8.264290778749951993e-01
8.993300218432761506e-01 1.000000000000000021e-02 4.595853751410999277e-01 9.997382114412519671e-01 1.737333354502226812e-01 9.325001544102090589e-01
8.980912945789858437e-01 1.287553346318391079e-01 5.156013517645450239e-01 9.340225273276858697e-01 4.680272501743367730e-01 8.556823663644211875e-01
9.000000000000000222e-01 4.661178254159186185e-01 4.800032294725700144e-01 9.232449642571016746e-01 9.899999999999999911e-01 7.838390479946000244e-01
8.321269531693936683e-01 1.000000000000000021e-02 5.288859241904182440e-01 9.396644513813540156e-01 3.482098976918674427e-01 0.000000000000000000e+00
8.471821811258130053e-01 2.428138113335248649e-01 5.210163419046994759e-01 9.215142261141189284e-01 1.284204611849040778e-01 8.773988145518460957e-01
9.000000000000000222e-01 1.827908979605299133e-01 4.726318555414066314e-02 9.986789586506950034e-01 1.550518166116673577e-02 7.508946202270767589e-01
9.000000000000000222e-01 3.106217889489185646e-01 5.549003934835565754e-01 9.906275536232856949e-01 6.078540541183245771e-02 7.272695502311414817e-01
8.997961139984214096e-01 6.270038251813654373e-01 2.021780743779649780e-01 9.973960148010156956e-01 5.105712149980952408e-02 2.389418699066058471e-01
8.746130206993979472e-01 9.159370855115427090e-02 4.751196903977891184e-01 9.382658810431373508e-01 9.198771136560947304e-02 7.601964789105801756e-01
8.509921380145728520e-01 2.388626196553714220e-01 5.084066844796812923e-01 9.494932349952814876e-01 1.000000000000000021e-02 5.936395264929306137e-01
8.766658216558070871e-01 1.734434596306954346e-01 4.273875534362523432e-01 8.446456496896164179e-01 4.027825043766470325e-01 1.000000000000000000e+00
8.945187942378638457e-01 3.234271898250554167e-02 7.154768149399162169e-01 9.977789114992955399e-01 1.596387242762725978e-01 5.599272920687765609e-01
5.236773840863823137e-01 2.534948921074226535e-01 6.811115993781451383e-01 7.800962619223700267e-01 1.000000000000000021e-02 8.698771445006091563e-01
8.993186755314748204e-01 4.954125817974140700e-02 5.284982718884190245e-01 9.973756726073698120e-01 2.096327014409726103e-02 7.910984613600635651e-01
7.964187084007005035e-01 4.584692770508180804e-02 5.027354939883291740e-01 6.642238664609521059e-01 1.572244487599766538e-02 5.184248693473887393e-01
7.308867138472655567e-01 5.932776830478377061e-02 6.083239254155857756e-01 9.804368436052532942e-01 1.969240547209366587e-02 7.897520264038669913e-01
8.987779335534107350e-01 6.739464415691368004e-02 4.924424037016326694e-01 9.978773640448272975e-01 1.218854095366963056e-02 7.694487809977537118e-01
8.975155050340465346e-01 1.000000000000000021e-02 6.194760052081691448e-01 8.020807583869888902e-01 6.762628867097225660e-02 7.261525761594685990e-01
8.994582507792475701e-01 2.340476156304917010e-01 4.822929226283670934e-01 9.986588984856655804e-01 1.000000000000000021e-02 7.335887597136622196e-01
8.988055233301595059e-01 1.491324898957305800e-01 5.414771100855916286e-01 1.000000000000000000e+00 1.958838074876773777e-02 7.387469636143746410e-01
3.626925126773293817e-01 1.027850323013557166e-02 4.133821223663797229e-01 9.693299161713345713e-01 2.995494142164872864e-02 8.454494049985924464e-01
8.990311342477168566e-01 1.790322008229356943e-01 5.417458494791480561e-01 9.965397212116825498e-01 1.593310422505547427e-02 7.853824766453676443e-01
6.866155217687689438e-01 4.352219880316263168e-01 4.780236616528715787e-02 1.000000000000000021e-02 6.343215266923177831e-01 8.506795146548913333e-01
8.986202396743749876e-01 4.458575792186915132e-01 7.103701759198590704e-01 9.742100720314635920e-01 2.649959069087221356e-02 5.111439409299720626e-01
8.994660000387262322e-01 1.937959733766756731e-01 5.107138606187426877e-01 9.219374490363582142e-01 1.265408021725958065e-01 8.692892490950903106e-01
8.993920923207907592e-01 1.271454664802229295e-01 7.811158818050866204e-01 8.782712175057365567e-01 1.000000000000000021e-02 1.000000000000000000e+00
8.993438674521136988e-01 2.644630633687305998e-01 1.000000000000000021e-02 9.015297073692536411e-01 2.615168921871969393e-02 6.097259896803668422e-01
9.000000000000000222e-01 1.000000000000000021e-02 5.074832139804703601e-01 9.966591640209320202e-01 6.211349626198875429e-02 8.441252175974875982e-01
8.435014708493255853e-01 1.007644911472455468e-01 2.521492989071443258e-01 9.969481591628099881e-01 1.501003121199905553e-02 8.903177862973814527e-01
9.000000000000000222e-01 2.026511253369874255e-01 3.226646541223850417e-01 8.182440547791770546e-01 2.107362952511547538e-02 7.942161503285092294e-01
8.983436845645873525e-01 1.753542867733631216e-01 5.085435976915331224e-01 9.502952133181405969e-01 1.000000000000000021e-02 7.645836953876417041e-01
9.000000000000000222e-01 2.030083280855883299e-01 5.659008866420754957e-01 9.993918050626240390e-01 1.503588390011958813e-02 7.476578503467178338e-01
8.980415607199524475e-01 4.349101683475301572e-01 4.992857247163046686e-01 9.953512883564190616e-01 4.951811906851449202e-02 8.827997167972565506e-01
8.988552192904911697e-01 1.280101752841419360e-01 2.805811160946686256e-01 9.783993279401327348e-01 2.136638006912943213e-02 7.886410812537680837e-01
8.893414863033651807e-01 1.281731804632252336e-01 2.676461512754244598e-01 9.956846084579173972e-01 1.031087943564398292e-02 4.959229726798183302e-01
9.000000000000000222e-01 1.077093116776873111e-01 5.457137521353153664e-01 9.971500397160049101e-01 3.825474001979821403e-02 7.777482885880727670e-01
8.990946304222012797e-01 9.823661778889083984e-02 5.476863368113652486e-01 9.973809493688647887e-01 1.840041757489539048e-02 7.806547546611092292e-01
8.209603776959961685e-01 7.782973065676904167e-02 5.551436847263904184e-01 9.874582226862678169e-01 7.264448997871610081e-02 8.993097286656493994e-01
6.514028864288039511e-01 5.500940823773778909e-01 5.584960377881695859e-01 9.992258051279493403e-01 9.159041711091576998e-02 7.868945888168948910e-01
8.990296860144771918e-01 2.094441515327067072e-01 5.314046489246221361e-01 9.977707155571061692e-01 6.020991176666633249e-02 7.857135615532865325e-01
8.729958936923154500e-01 2.372506843147006161e-01 5.501555836281184497e-01 9.989087518772435947e-01 3.343322839801027291e-01 6.159064700368624967e-01
8.992797019476250764e-01 2.029158847273039301e-01 5.372898397043001095e-01 9.615839264194055991e-01 1.792022220419332151e-02 7.928549416247252513e-01
8.842547529639447346e-01 1.674490164252279423e-01 5.701469054771556300e-01 1.000000000000000000e+00 1.581358547192816544e-01 7.335202278382944030e-01
7.109051185437251785e-01 2.514428208863940251e-01 3.910611597540136763e-01 9.909389841010609601e-01 2.416988713629445590e-02 8.171309684709938681e-01
9.000000000000000222e-01 1.407678770008846669e-02 5.623533669802640578e-01 9.147811342516091182e-01 4.451754479615184501e-02 6.471450678525441091e-01
8.087271330624208332e-01 1.792164982455382582e-01 5.449607568420378190e-01 9.844228289491512296e-01 1.000000000000000021e-02 7.832223689765287489e-01
8.877790431146518335e-01 2.026778237984235287e-01 5.500740922451334836e-01 1.000000000000000000e+00 1.000000000000000021e-02 7.549386824560624376e-01
9.000000000000000222e-01 4.113614917035854357e-01 4.913629054890373271e-01 9.795899253606557000e-01 2.133928746724177150e-02 8.164529462297633877e-01
8.250570227373316134e-01 4.001110632841475834e-02 2.611955729966693451e-01 1.000000000000000000e+00 5.791282722780741188e-02 1.000000000000000000e+00
9.000000000000000222e-01 1.129002632122907135e-01 9.666919563813983762e-01 8.790131724713177164e-01 3.812937562764143196e-02 7.534257658211269693e-01
8.995970197534987056e-01 2.815982665795497275e-01 5.109493655797916478e-01 9.212530529997613460e-01 3.863564365598011474e-02 7.466495634689110927e-01
8.992601002214070105e-01 4.188052932268751527e-02 6.177526220399832679e-01 9.878245495950217503e-01 1.853965397852708197e-01 4.666716682184497422e-01
8.991520816759247525e-01 9.779185526600453482e-02 5.564790631972429402e-01 9.965085824620945054e-01 1.834145371959644555e-02 7.832848256005644494e-01
8.928404985617809375e-01 7.316698443151761766e-02 5.373118248926838092e-01 9.959953010409153817e-01 2.696464138274477090e-02 1.000000000000000000e+00
8.751532101857353307e-01 2.744638868530869247e-01 3.204833932514273287e-01 9.392034175836045939e-01 1.000000000000000021e-02 8.310378948961437695e-01
8.981222763676774967e-01 1.234767868035903798e-01 5.658546807967674841e-01 9.893452163559555146e-01 1.657681015068888930e-02 7.541243329481763791e-01
6.544821200301685904e-01 1.000000000000000021e-02 5.557787181259293829e-01 1.000000000000000000e+00 2.122723549248428654e-02 7.892846447819406031e-01
8.714465379988072247e-01 1.787126454412694687e-01 9.167276971051986356e-01 9.975321894944145784e-01 4.407905601710766785e-02 8.473799084025340767e-01
8.765395204318062738e-01 1.654564019307050438e-01 7.302662338077637871e-01 9.971587787681536197e-01 2.502060963057474441e-02 8.375225507582491069e-01
8.806263398177701651e-01 1.573362027410392938e-01 5.421421054155300956e-01 9.479767072213508561e-01 1.049956474442461166e-02 8.086237743674351552e-01
8.989302182446350375e-01 1.707769505836758128e-01 5.028143297226365105e-01 9.992371675794238239e-01 1.437353260481157302e-01 9.107821850929878060e-01
8.990337738701237313e-01 1.749044241293649105e-01 2.746177682237944118e-01 9.968117480228435578e-01 1.491382212577777727e-02 9.085334216701792531e-01
8.990840847082496312e-01 1.550366988447658967e-01 6.302630179806185673e-01 9.983494217879277377e-01 4.567698048561549817e-02 8.013569065324371854e-01
8.998160672413212380e-01 2.986075028157758604e-01 4.000083602203193256e-01 1.000000000000000000e+00 5.373763283506022281e-02 7.784487046986582337e-01
9.000000000000000222e-01 2.783096473115952429e-01 5.736561025895825505e-01 9.934141620894678670e-01 2.916866907130160474e-02 7.373555257781164718e-01
8.802562932417913322e-01 6.939870636936340542e-02 2.133364925738161222e-02 7.907308826406787006e-01 1.218882302360548182e-02 7.846307577058195815e-01
8.997485714089682451e-01 1.000000000000000021e-02 5.684581671860698959e-01 1.000000000000000000e+00 7.763104001000636911e-02 6.963782132834063221e-01
8.989357836926775702e-01 4.593822411458364785e-01 5.386319515028427096e-01 9.986243687700202543e-01 1.353816459951296888e-02 7.830826374118452504e-01
8.990537218221925642e-01 4.643608397801413656e-01 5.505694811799290989e-01 8.919405569183846971e-01 3.765529584679930958e-02 7.092904355541288508e-01
8.699652048908865787e-01 1.248327912797100869e-01 5.041547530553073253e-01 9.977753840348397851e-01 2.616725906304143145e-01 8.836382377022160561e-01
7.399819991070684111e-01 9.260186732911608598e-02 5.435928443991921988e-01 9.959200506279275444e-01 2.280816504668994882e-02 7.383809192665925503e-01
7.041148931494315422e-01 1.000000000000000021e-02 5.511526040906002955e-01 1.000000000000000000e+00 4.454267306409938343e-02 5.042471948219026112e-01
7.443012233233485819e-01 3.294934562711062664e-01 6.615791350898274636e-01 9.722463641526388756e-01 2.004218536821590901e-01 8.154133529164266925e-01
8.115704254797899697e-01 1.145345520595478644e-01 9.899999999999999911e-01 9.960440063020135071e-01 1.342916599262040760e-02 8.629703909630749292e-01
8.975577403759017470e-01 2.087919212504598110e-01 2.169683475550251428e-01 9.956438249293835252e-01 1.189521997749209831e-01 7.551614863779058107e-01
7.349955835175554508e-01 2.391054325535434122e-01 6.353555484317465751e-01 1.000000000000000000e+00 7.512533944695567456e-01 1.000000000000000000e+00
8.988249558927213778e-01 2.357119395149658292e-01 5.830699560730678854e-01 9.935204187684082422e-01 1.772624271891789366e-02 9.087733606322013769e-01
8.098349702823233187e-01 1.152970557790185951e-01 5.321710030605758535e-01 9.879168801557997037e-01 2.009707895324482074e-02 7.787452848486968726e-01
7.312670883542444766e-01 5.653420365225957783e-02 5.862547709236596294e-01 9.986239176227493797e-01 1.892309152061185523e-02 8.017413684329154355e-01
8.742676690162781705e-01 4.897751131450244211e-01 5.574527466088697869e-01 3.709686012940607291e-01 6.212907214755105517e-02 7.543674419216144234e-01
8.994532640210124441e-01 5.429767722772051997e-01 5.360226659246368763e-01 9.982296400162311567e-01 6.525485012440768173e-02 7.875155637531480179e-01
8.986628156951084190e-01 4.006797233611638642e-01 4.992696645286855972e-01 9.996157251530822796e-01 1.421800905011429694e-01 8.270164851668430073e-01
8.245504651784826278e-01 2.614307842718851527e-01 4.410676477794035488e-01 9.965688724966407230e-01 5.868406683571437271e-02 7.619939677015532542e-01
8.976227300567964917e-01 1.000000000000000021e-02 5.268514024722487088e-01 4.928819015039515028e-01 9.769746798813741528e-02 7.863522942328649012e-01
