4.730504114726372805e-02 1.433920766072529773e-01 2.198514782715822458e-01 -9.464488878674627266e-04 -2.017567013434654109e-04 -2.438499440234553339e-01
-4.507306904926565438e-02 1.524510117261086151e-01 -1.792840211015767071e-01 -7.556867310165617246e-02 3.139910616851390485e-04 -4.731511555813346613e-03
-1.185728869769790278e-01 -3.836699950414017616e-04 1.719113291867029325e-01 -3.566453864337703478e-02 0.000000000000000000e+00 -1.741496307286159173e-01
0.000000000000000000e+00 -1.338717782341014573e-01 -8.090549086120041311e-01 0.000000000000000000e+00 -4.849444065455202520e-03 2.741697893996380975e-01
2.276199788745316213e-02 1.898665480530759841e-01 3.241732198092717177e-02 -4.964644505992064222e-02 1.187729230314043399e-01 -1.664785696719530139e-01
0.000000000000000000e+00 -3.787898162842621985e-02 -2.251770456311410207e-01 -2.374393145154395091e-02 -2.983753623681446778e-03 4.741903519197121497e-02
-2.437785714510846136e-01 0.000000000000000000e+00 5.335819061047053502e-01 -1.912149727706802804e-01 7.253508594985705327e-02 0.000000000000000000e+00
6.131913788652409829e-05 -2.704307676179426578e-02 1.254878017206563778e-01 0.000000000000000000e+00 8.828762965454558295e-04 2.411054526417653054e-01
2.741712765838323087e-04 -3.452652467989381080e-01 8.276508368147710015e-02 -5.589002460442785494e-03 -1.984281893976075524e-03 -4.299114768742159920e-02
0.000000000000000000e+00 4.801761829313510449e-02 2.153112236091875575e-01 -4.374441547790892661e-05 -2.178500846402596156e-02 5.159360313566662554e-02
2.785346248431130444e-03 0.000000000000000000e+00 0.000000000000000000e+00 1.196406441519482465e-02 -3.288971373336789777e-03 -1.732664133211938295e-01
4.694708041388810963e-05 -7.356071659590741017e-03 -7.405925776873649446e-03 -4.168157073714144406e-04 -1.152389595033864733e-01 -3.018019953099425057e-01
0.000000000000000000e+00 5.524278750337115879e-02 -4.309085441638723091e-01 0.000000000000000000e+00 2.572581980551192152e-02 -1.590230809643124188e-01
6.208818506801735406e-04 2.487202618377949356e-02 7.080278766628841369e-01 -1.988202789889230090e-02 3.156890960824843689e-02 1.111935082802359559e-01
-8.841370272184182833e-04 -1.419540824127576983e-02 -3.095116874703111587e-01 0.000000000000000000e+00 1.800968820880158652e-02 -1.152690628495861153e-01
-9.225906435215031629e-05 1.449295086380691759e-02 2.430124294952962227e-01 -1.978613758658932277e-03 -2.146863226317589392e-03 -3.795689664250787021e-02
0.000000000000000000e+00 3.221197348284209339e-01 4.044415538494811752e-02 -1.819536354398575010e-03 -1.224060191849212220e-01 -1.806161151097761264e-01
-3.682854537133280182e-04 -6.605080882692332400e-02 -9.799999999999999822e-01 -1.237610939373490551e-03 6.881662522070013067e-04 -2.243423940831605623e-01
4.764050339011582924e-02 0.000000000000000000e+00 -1.842610457360412679e-01 -8.269040700674568090e-02 1.783463154114665536e-02 -4.037866626335597786e-01
-2.476338945359486568e-04 3.582061282452091849e-02 3.357615238699917515e-01 0.000000000000000000e+00 -4.367897792279707911e-03 1.389593013423271461e-01
1.799395715482135852e-02 -4.292622976521626166e-02 2.082573153405049837e-02 0.000000000000000000e+00 -7.339290239511377101e-02 1.276744404706430247e-01
0.000000000000000000e+00 -2.531147321537360537e-02 1.580611160435529128e-01 -1.901891783984314014e-05 -3.734617507898965044e-03 -1.048095459250228748e-02
2.406005745287406023e-04 1.493341922257825083e-01 3.438234328613249541e-02 -2.279049107711306893e-03 5.451856578247353362e-03 -1.291467942166699481e-02
0.000000000000000000e+00 -6.126380737043397862e-02 3.416997477634984848e-01 0.000000000000000000e+00 2.219463570106506856e-01 -1.393725461718897662e-01
2.146733866302406608e-03 1.389893897572905823e-01 4.631617859546849347e-02 3.879594894602385324e-02 -2.218359758866552539e-03 -1.923333745288023644e-01
1.429452423043730581e-03 -1.593166324398374578e-01 1.344247074351108406e-01 3.955440374479814083e-04 -4.778246134664078382e-03 -4.338470069990432026e-02
-1.183887008835828591e-01 -1.084022123605279421e-02 7.511508808542007032e-02 0.000000000000000000e+00 3.332091039864956694e-01 1.282760384866292735e-01
-1.917769969900494657e-04 0.000000000000000000e+00 -1.197370378637583610e-01 0.000000000000000000e+00 2.587889135728628151e-02 2.026484249701299978e-01
0.000000000000000000e+00 -1.738255710927741615e-01 -4.556868072651132882e-03 -2.570682214687822209e-01 0.000000000000000000e+00 -1.758765650337594522e-01
5.576936525482555041e-04 -2.359548180488471592e-02 1.537183542704814720e-01 1.814548729882681233e-03 -1.130200032610935781e-02 -7.439957267516936201e-02
-3.770938049021098641e-04 1.110003776481962093e-02 -2.693479843646646651e-02 -3.828853724018193572e-01 -1.081185452267702934e-02 -6.028317865693509914e-01
4.560929376246803703e-03 4.920164973409265480e-02 2.369443880229749055e-01 0.000000000000000000e+00 5.973268725874333190e-03 4.064179488150479469e-03
1.241281455624580169e-04 0.000000000000000000e+00 -8.698660747884522093e-02 0.000000000000000000e+00 1.897886196371218869e-03 4.876842854468189069e-03
-2.190362805418220675e-04 1.376124921566542758e-01 5.087892943775747939e-02 0.000000000000000000e+00 1.225318478181321169e-01 -1.814538285704126938e-02
2.618893346803567376e-04 1.303782838123722365e-01 3.654677053345145588e-02 -2.775418036047491688e-04 0.000000000000000000e+00 -1.354407019389073097e-01
3.419986771134098710e-03 2.330770743153726121e-01 -1.518735238169471521e-02 0.000000000000000000e+00 4.031334517575414409e-04 1.564938227632891032e-01
-1.015277890223129591e-04 -1.165464771715404337e-02 -4.665316913613267585e-03 0.000000000000000000e+00 3.061747887516952371e-03 -2.183359803160507540e-01
1.126731399576599846e-03 -7.421468660561800212e-02 -2.589396775879286051e-03 -7.190992611343487986e-04 2.456742316118429650e-03 1.114238429957607919e-02
-1.088833254155660048e-02 0.000000000000000000e+00 2.301751540369982862e-01 0.000000000000000000e+00 -3.351592823978074426e-02 -1.246203996030319505e-01
-9.264928386997490876e-04 5.896102051562157744e-05 -1.330849931310791601e-01 9.917749977140323525e-03 -1.482081571705183521e-03 -1.865207551000623298e-01
-5.656069209964138502e-05 0.000000000000000000e+00 1.962008284932071842e-02 -1.345339268810102212e-02 -8.111075682095007788e-03 -1.450095133091803823e-01
-1.245922480240642882e-04 -8.039660889484233136e-04 9.709620467176922898e-02 -6.721223446083275654e-02 -4.025226107486173412e-03 -7.940328222998373209e-02
-1.672193062309186877e-04 7.190672212835785566e-05 8.052251801658620589e-02 0.000000000000000000e+00 -2.343262710223243100e-03 -1.924156642054169596e-03
2.244210952553075868e-04 9.833163866679987819e-02 4.858174369014323091e-02 -1.360226675146947216e-03 1.230619731814180419e-02 3.775993310482052973e-02
-1.649414076803054977e-02 -1.017932337647254049e-01 1.307518640907352203e-01 -3.296781779317379982e-04 -1.279172624760188844e-02 -1.102682207249396258e-02
-1.958951507678812209e-01 2.051045785082605301e-03 1.113763074776076643e-03 -1.267913217777729418e-01 3.508308877332700867e-04 -4.196963345390063854e-02
0.000000000000000000e+00 -3.672788007928893261e-01 -1.341868156783163589e-02 -1.927864766738647073e-04 -4.446659879815171613e-03 3.779167529612323384e-02
-6.883846326480462345e-03 -1.813906236582147613e-01 1.556704104100329056e-01 -2.320030266347873334e-04 1.083308607181871896e-03 -3.913840319934855372e-02
1.453128306017406059e-04 0.000000000000000000e+00 3.693142699701923437e-01 -2.932461321843813241e-03 3.500688509775747720e-02 3.298145122310704169e-02
-2.751719652028884570e-03 5.705415865759223826e-02 3.945858885376148928e-01 0.000000000000000000e+00 -3.140834388386452240e-03 -1.986664850240917324e-01
-1.042603112613369604e-03 1.646677367961346949e-01 -3.029395157918622628e-02 4.973358116297758522e-03 8.296791788964493972e-03 5.305224964264596554e-01
0.000000000000000000e+00 -1.673306570412235739e-01 -1.205803647387981630e-03 0.000000000000000000e+00 -6.367095132549092928e-03 -7.347769003981825808e-02
1.265024510348906591e-04 2.839670661053381173e-03 4.078879856396145503e-02 0.000000000000000000e+00 -4.542067777019026271e-04 -3.036645621500678321e-03
-3.347902079502869388e-04 -1.779128317118446392e-02 1.712916535119436701e-02 -1.511774211083909009e-06 2.371629153256390315e-02 7.999295966086568399e-02
-3.094636931113735269e-04 0.000000000000000000e+00 -4.606945597663040376e-02 3.470373735607852828e-05 5.652564236456426167e-03 -4.950585353629985072e-03
1.082871351807108653e-04 7.815299890615429873e-03 2.722365946415750138e-02 -6.322492561559976489e-06 2.088513574718149548e-03 2.345259177525476182e-04
3.135773290905444211e-02 -1.426495107238028026e-01 6.358195450995011988e-02 0.000000000000000000e+00 0.000000000000000000e+00 3.241425210488480535e-01
-1.506796765899591278e-03 -1.578831471230121852e-01 -6.514068121253453704e-04 1.057186488756539037e-03 -1.911399380017392595e-03 -5.746948347334811247e-02
-1.724493746178202766e-02 9.413366356335015062e-02 -2.759583428577926933e-01 -2.951645948888435844e-04 -2.848056160438744780e-02 2.671151901231001019e-02
-1.653298367681543812e-01 1.601081614216355031e-01 2.254797647085447776e-01 -4.022659383460753212e-03 0.000000000000000000e+00 -2.087493334929398647e-01
1.067421225886896222e-04 1.334713323328295120e-01 5.304782118709735345e-02 3.833102248863913264e-01 6.808372274946110185e-03 -1.418860581105281793e-01
-4.663522547080061614e-04 -4.962313845912617871e-02 1.112475592261881335e-01 -5.022363160083353865e-03 5.106317220009860998e-03 6.240098922015645949e-02
0.000000000000000000e+00 -3.390027917146021946e-02 3.101215099157667021e-02 -7.577176458956305649e-02 8.449217875832124025e-04 -4.934821353528348609e-02
-1.965239712723804155e-02 -9.799999999999999822e-01 2.345574368202057725e-01 -2.160523170946733029e-03 3.554755084923807507e-04 -6.583895872266362637e-02
-7.723924137311599346e-06 9.959527944991423964e-02 1.502748140625540796e-01 0.000000000000000000e+00 -1.043651387000822314e-02 -5.504109707300888082e-02
0.000000000000000000e+00 -1.544606629266188635e-01 -4.546192986846747663e-01 2.046753687741934835e-01 -5.609314320242996628e-04 -1.109358986328166791e-01
-1.742843178205282233e-04 1.772367229312501180e-01 1.104982777450330966e-01 0.000000000000000000e+00 0.000000000000000000e+00 -2.759438549365034188e-01
-2.062829375165161217e-04 -5.459216603319930888e-02 -1.233443032324090839e-02 4.506568272069706900e-03 -1.962587456383392201e-02 -1.531545882393706842e-02
-2.602918820366306358e-05 1.014299234684173101e-01 -7.583294112726347326e-03 -5.577690090469715652e-04 9.397952786629197564e-07 -2.453997115920541691e-02
-1.620017038242376568e-04 -2.791071524741994478e-02 -3.319522381222925200e-02 -7.459760716645054673e-04 2.720721093091422430e-04 -2.618970265324470359e-02
2.884766496214253434e-02 3.701209039645004389e-02 -4.942155195795310263e-01 -9.060889026329567789e-03 4.861303753401804983e-02 1.308120219194411904e-01
7.841111070601144506e-04 0.000000000000000000e+00 -2.135736729924844583e-03 -5.533907939774498908e-03 0.000000000000000000e+00 8.140862593882398912e-02
-2.218717740148349812e-02 -4.265027244129315775e-02 -1.751672464806687405e-03 5.706486586509256290e-03 -2.049567022747538977e-02 0.000000000000000000e+00
-2.114029326491061525e-02 -2.605473601433252670e-02 0.000000000000000000e+00 -1.150160052704950978e-03 3.080524089233573938e-03 -8.865050652081363225e-02
3.028590413296214151e-04 1.207627195721827362e-01 2.756110047068909691e-02 0.000000000000000000e+00 0.000000000000000000e+00 -6.790492239970169486e-02
-5.105245494437007925e-02 -1.134944700068353240e-01 -1.867036411632932297e-02 2.319917853808829093e-03 6.402624191940619637e-03 1.319858442000683141e-01
-2.437787663700222889e-04 -9.109635320699102645e-02 -4.871686502303787178e-03 1.928959247029658124e-04 3.162116465413542660e-02 -4.076353824690298611e-02
-2.094995306918290243e-05 2.441378133302239337e-02 3.343350887951399564e-01 0.000000000000000000e+00 -1.186611788214327751e-03 -3.648636930946057982e-02
-1.352478381789752214e-03 -6.901522365990313268e-02 5.874260567723400264e-04 0.000000000000000000e+00 0.000000000000000000e+00 -1.044304396269454295e-02
-2.931920553361668630e-04 4.729100577403316102e-02 2.104756568091069868e-01 0.000000000000000000e+00 7.213414245589707015e-03 -2.042064773232363795e-01
1.595592465667508564e-02 -1.058125068861191787e-02 -1.370550907505970958e-02 2.350470952136201382e-03 1.473103469914326634e-02 -1.337557818812903920e-02
-2.856988842145430840e-04 2.322832053550032486e-02 1.981875345645301434e-01 0.000000000000000000e+00 5.427137791150280334e-04 -1.078857395761250587e-02
1.404075166537196717e-01 1.210043693562895817e-01 1.271963815374241085e-03 0.000000000000000000e+00 2.075762292671520792e-02 -1.080664930881333613e-01
-2.422769687558634408e-05 4.581122175317373091e-01 2.430899125452214496e-02 -1.804472479498481175e-03 0.000000000000000000e+00 7.811182963004117269e-03
-2.593695314030130812e-04 6.435275663061839069e-01 -3.103680964228706096e-01 5.282612603909121046e-02 -1.606732809975580786e-03 9.151665544716297562e-02
5.491216352816221530e-02 5.714300356328130132e-02 -2.229115112235058871e-01 0.000000000000000000e+00 1.658411421762475690e-01 2.809969771201194511e-01
1.457802793382801873e-02 -2.430376541918715522e-02 -1.321993230066381975e-01 0.000000000000000000e+00 -5.771529054301162377e-04 1.671649990852501766e-01
-1.440924219130218162e-02 -1.870681861384723699e-02 -2.963975794540521687e-03 -8.504357126035667902e-02 0.000000000000000000e+00 -4.391457079943892478e-02
1.636977434763176487e-04 1.059796701264292471e-02 -6.640199055675585771e-02 -5.010718449322309337e-03 1.548064084238857420e-02 7.791001962056577634e-02
-1.544709446748863783e-02 -2.843854050898471028e-02 -2.215402979502266168e-01 0.000000000000000000e+00 9.141111556412359271e-03 -1.220300220684936154e-01
-2.429259954126572853e-04 0.000000000000000000e+00 7.762462496408849277e-02 -3.217724722796135375e-03 0.000000000000000000e+00 -4.142659353543208848e-04
-7.622085738065787971e-03 -2.059863468978161746e-03 -3.674971137546332312e-01 0.000000000000000000e+00 -1.543103450938946020e-01 -3.053804317761439277e-02
7.307657333564089933e-04 -3.026070288899520774e-02 -4.451478338429431386e-02 0.000000000000000000e+00 5.358326468923119363e-04 4.888741254778778550e-02
8.997013245451792457e-03 -5.046052686802442871e-02 1.095996840291633100e-02 -1.139367948934354342e-02 -5.666596003351961376e-03 -9.353844467354349712e-03
1.587448756253155291e-01 1.311760063168092016e-01 1.791962388956084007e-01 -5.606304137753085086e-04 1.393117696105101999e-02 -4.785967402809433724e-02
0.000000000000000000e+00 8.436007914206761216e-02 -3.679295075317001729e-04 3.353188625293303526e-01 8.339738353239679880e-03 4.923613258110019070e-02
-5.453593191868617634e-04 1.486369632087384263e-01 -9.845333461656554947e-04 -2.498023381730266889e-05 1.088400434613094880e-01 -1.310839697981184410e-02
-1.305102028260407890e-04 0.000000000000000000e+00 -6.980699261733033234e-01 0.000000000000000000e+00 0.000000000000000000e+00 7.763812912432176139e-02
4.182323561299167158e-02 3.331949036360758176e-02 -4.716217787062058076e-01 0.000000000000000000e+00 8.741303464514330393e-03 3.419838383090859080e-02
-9.779727684860546524e-04 1.185573772821726241e-01 6.749635588116792428e-02 5.188606671020155187e-02 -4.817609621683513303e-03 2.054235106798462177e-03
