0.000000000000000000e+00 -3.128813906813671802e-02 2.348674107260663169e-01 -9.445109543168630226e-04 5.005288945707697147e-03 -7.133544069065425597e-02
2.253495143405798411e-03 0.000000000000000000e+00 -6.088974770542526782e-02 1.009726485068761920e-01 -4.361679672765873643e-03 -2.605314393115000168e-02
1.323429380645212983e-01 -2.282183861046657714e-02 3.443685733485558620e-01 2.962860101388650053e-02 -5.210141961358251417e-02 1.650301920209679418e-01
0.000000000000000000e+00 0.000000000000000000e+00 -3.458397403624839384e-01 0.000000000000000000e+00 0.000000000000000000e+00 1.896084017761034968e-01
-3.858679489632612508e-02 3.296785836304744893e-02 -1.032002178331866207e-02 1.775212115191046880e-01 3.277279491574439790e-02 -1.757412995695028235e-01
-2.059517149773566411e-02 -2.196718307827450270e-02 -2.174100950037481661e-01 0.000000000000000000e+00 0.000000000000000000e+00 -7.748925100509874986e-02
-1.633526810058938961e-01 1.488089482820352701e-02 8.826754551904777979e-02 2.451207902333839561e-01 4.280612518355537965e-02 -5.446152540380173879e-02
2.184430191107637618e-05 0.000000000000000000e+00 1.179151629529838902e-01 0.000000000000000000e+00 1.206606104364964412e-03 6.874578402612446792e-02
-9.497992683580062587e-05 6.163571852207423186e-03 -3.549384243079067337e-03 -2.023769093452320016e-03 3.880365510344358990e-03 -4.003053161709746455e-02
-8.039767870579902348e-05 -1.515540846130432502e-02 1.329406029912281739e-01 0.000000000000000000e+00 0.000000000000000000e+00 -9.040189958932130787e-02
1.630535024740885353e-02 3.565763506304078789e-01 -1.350252383974036643e-02 0.000000000000000000e+00 2.353102906427565616e-02 -2.297262878997503310e-01
2.401830678492568262e-05 7.360412429052329286e-02 1.759164066470062654e-02 -3.948774373183311023e-03 -1.675813475571505118e-01 -6.857230915799085447e-02
-3.377664889746731752e-04 5.998953481732384463e-02 -8.315342713922004025e-02 0.000000000000000000e+00 3.458107599220936607e-02 -1.395056171562277791e-01
0.000000000000000000e+00 9.387734981817121016e-02 -1.956333884360799691e-01 1.180785774828771173e-01 -1.536021757437270631e-02 -4.682259551482093052e-02
-2.568502352731752186e-04 -4.102161332740761161e-03 -5.537964756316157526e-03 0.000000000000000000e+00 1.107669394819041754e-03 -2.419289137937396042e-02
-1.139060471303634582e-04 1.066010514240415125e-01 6.538468637782646198e-02 8.241566061918048029e-04 -1.381442371897464733e-03 -7.716963709509246094e-02
-1.697991965511656072e-04 -1.134466114516049784e-01 6.395989564039225583e-02 -6.885324917995884128e-04 -2.297254609510804985e-02 -5.332035260034555940e-02
-2.579217664088448480e-04 -6.277347808018805819e-02 -1.051167481875247972e-01 0.000000000000000000e+00 2.523239005133045068e-03 -2.000168927643308503e-01
0.000000000000000000e+00 -2.793806424947951200e-02 -4.765526511599900428e-02 -6.253398895210669772e-02 -1.557931481906711380e-01 -2.925863712965931507e-01
4.391843424977851396e-04 2.318453010393280514e-02 2.383963372015611981e-01 0.000000000000000000e+00 0.000000000000000000e+00 0.000000000000000000e+00
-7.450538650437223132e-02 -2.578544273837886716e-02 -9.685335215107429563e-02 -2.113799140229127849e-01 0.000000000000000000e+00 8.619714594938802932e-02
1.023860757065616305e-04 -1.584669146616507138e-02 2.864536630095375069e-01 -2.134991679701630981e-05 -1.997623222834115329e-03 -1.705169957286212234e-02
0.000000000000000000e+00 1.393816081823229802e-01 -2.355616029468734218e-01 7.800321321281897605e-03 -3.032738598400555336e-03 -2.840115590659814115e-02
0.000000000000000000e+00 -4.604929450995395857e-02 3.965501634666573905e-01 2.359279070338164263e-03 1.208397894913309928e-01 -2.568393288128839047e-01
1.499251591590958776e-01 1.221439553530391520e-01 7.553742174806095389e-02 3.773178996455325840e-02 0.000000000000000000e+00 -3.623894334073032852e-02
4.600584404835750436e-03 -5.790811933766789460e-02 1.581576619595590205e-01 9.017697317337861854e-05 -2.900320834889405508e-03 -1.577341385751667921e-02
2.349719210614684139e-01 -1.167236895372193543e-02 -5.131268617802955262e-02 3.983322271005870774e-02 1.415603920720034659e-01 6.363407692976501273e-02
-2.647171196731106478e-03 0.000000000000000000e+00 -5.294952786502028080e-02 0.000000000000000000e+00 -1.207291319346871505e-01 3.962583201893685736e-01
-9.516422266628520032e-02 0.000000000000000000e+00 6.230631271315715397e-02 -1.657467694531910840e-01 -2.638218868330163280e-01 -1.730571659578434562e-01
4.846208691504822765e-04 0.000000000000000000e+00 3.036463792615511359e-01 0.000000000000000000e+00 -6.936731876885966416e-03 -1.959759900315599310e-02
5.311320233712067538e-05 1.008310204579838248e-02 -1.158426858345751737e-01 0.000000000000000000e+00 -7.401125972721883228e-04 -1.273649210496792528e-01
7.575306778043537984e-03 2.608212292348979777e-02 2.137770931000309085e-02 0.000000000000000000e+00 7.119886440280341448e-03 -1.317866193561006288e-02
3.786660440304175459e-04 0.000000000000000000e+00 -3.787710797251128692e-02 0.000000000000000000e+00 -1.687646232205599478e-03 6.651701204363230646e-02
-1.372742809033410615e-04 6.890690259615726843e-02 3.904978434131710363e-02 0.000000000000000000e+00 -4.300968511643402624e-03 -2.865589548455087926e-02
0.000000000000000000e+00 6.716454591561933640e-02 1.906775701719121141e-01 0.000000000000000000e+00 1.059963617826441620e-03 -2.085905751935885899e-01
0.000000000000000000e+00 4.392064862629009858e-01 -8.485898955223808438e-03 -9.344499062002324316e-04 -2.639258724326379378e-04 2.233194546014547754e-01
-3.936844198616195863e-04 3.718276335802696286e-02 -1.172210120602603343e-02 0.000000000000000000e+00 -7.023587647276099445e-03 -6.966322241312278285e-02
-2.031646565918757402e-04 -3.177884787053860544e-02 -1.955289368543987674e-03 -7.818490531688623672e-04 4.629297915592840468e-04 -5.307264663140521567e-03
2.681000341197125464e-02 7.509760146592388275e-02 -4.458746948161956269e-01 3.942419398944918552e-01 2.116777518125260438e-01 1.423819072594453006e-01
3.822157848523079264e-05 1.383576855016829255e-01 -1.510768832345524455e-02 0.000000000000000000e+00 2.370165798052556417e-04 -7.063189980715599281e-02
-4.924591599847132984e-04 0.000000000000000000e+00 -1.059935276929209642e-02 5.839081839708271104e-02 0.000000000000000000e+00 5.305271363750820729e-02
-1.815946982046256358e-04 -9.703626580428784121e-02 5.266999707460294777e-01 -1.867166597654970617e-01 1.993666047028458659e-03 -6.275418689244503800e-02
-4.872381076727171230e-04 -7.172382015683646805e-04 8.595640173346698332e-02 0.000000000000000000e+00 1.905240078162776267e-03 9.950479380704368992e-03
7.267539646262997487e-04 -3.992799701834180703e-02 3.434139776429857155e-02 -7.409294024010269764e-04 2.128897699793305589e-03 -7.059544145003332494e-02
2.380136810083574930e-02 -1.632361570033370179e-01 2.483890846182532641e-01 -4.371131982139061047e-04 -1.583680020185215115e-02 5.975909048174823934e-02
-5.208073014091161440e-02 -4.114970738306890363e-02 -6.235520551026659669e-02 -4.410446668867285674e-02 0.000000000000000000e+00 1.175893248742107960e-01
2.070656709915724280e-04 -1.146027672965816008e-01 -4.267114925088210664e-01 -9.359190016444703759e-04 -2.125610559587905093e-03 3.148307392576627645e-02
1.009267526707888635e-01 0.000000000000000000e+00 8.042533355862750699e-02 6.143997348888562138e-03 -1.312081803490366787e-03 -3.554688553720729283e-04
-1.235611219340980503e-04 2.351546969441330737e-01 2.406543646284556581e-01 0.000000000000000000e+00 0.000000000000000000e+00 6.567540560371143421e-02
-5.185070780807037689e-04 1.697600515876972541e-02 -4.954560481900502356e-02 0.000000000000000000e+00 -2.429974568465327004e-03 -2.353502657373538753e-01
0.000000000000000000e+00 -1.283823740713036232e-01 -2.146299876990252070e-02 1.120025738704106318e-03 7.923634722972415154e-03 2.419226219973125147e-01
5.299189144310737995e-03 -1.583609995359344103e-01 4.059374506269915997e-04 -1.352387431787354386e-03 1.235779284353180456e-02 -2.177146177992651463e-02
-4.470267642357251040e-04 2.440362482902462982e-03 -1.015185457225562665e-02 -5.646765484169863694e-04 1.355799863328869311e-04 -3.876008203583441135e-03
6.410001592109655600e-04 -3.415109282844944888e-03 4.748831665011154363e-02 -4.271239332111775978e-06 -1.002694772386908927e-03 6.320574171848401812e-02
9.392741974740633122e-05 1.890677947438779427e-01 1.231692363188789663e-01 -3.924938872158897831e-04 1.762005266390791539e-02 3.689711722233775942e-02
2.610007437361324149e-04 6.047884898542797358e-03 -7.936191247450310668e-03 -1.154915667201886225e-04 2.554306795718648635e-03 7.390045596371900248e-04
-7.937901482355472216e-03 -9.333383971503871057e-02 1.632677227126496933e-01 0.000000000000000000e+00 -9.839071094519323546e-02 -2.303151005267492779e-01
-1.616215290572001195e-03 0.000000000000000000e+00 -7.665703344839946802e-03 2.920265857630345661e-04 -4.088689484124680292e-04 1.370150945377781974e-02
-8.055864559883800166e-03 -1.583648620316988331e-01 -4.375408998043185393e-01 -4.020955911581973637e-04 1.119374417998054566e-01 -6.393025068485134327e-03
-2.023661626856405535e-02 1.510924295610725603e-02 -8.098549696056167591e-05 -1.964774344221391703e-03 6.088531804957998152e-03 -1.509885447146344650e-01
1.765725946456255760e-04 5.034966238139065159e-02 9.577686847913544077e-02 0.000000000000000000e+00 4.419873461262754065e-03 -6.387723155995329860e-02
5.120940781443609298e-04 -4.092448426002053691e-02 1.405152754253732317e-01 5.297873210993783027e-03 4.223571578367610498e-03 -4.669161468492363104e-02
1.227592041149096157e-06 -4.738976950554785184e-02 4.880495499309310536e-02 -3.323297740461796795e-02 8.649427060378715596e-05 -7.555107000556547658e-02
0.000000000000000000e+00 -1.835234082851942283e-01 3.493270145489870693e-01 1.769570013847825488e-02 2.903756591546661874e-03 -7.522713790523556654e-02
-1.306382478573963148e-04 2.125901917952333076e-01 6.355344580514287189e-01 -3.351494007069838466e-02 -4.220564325372458576e-03 -8.700653859663981526e-02
-1.614341866568502759e-01 0.000000000000000000e+00 -4.305536633741594010e-02 0.000000000000000000e+00 -4.216250582850343022e-03 -1.162862383004257955e-01
0.000000000000000000e+00 2.135988752371658639e-01 1.365037145976054078e-01 0.000000000000000000e+00 3.021879361815057834e-03 -1.692361411223918533e-01
-1.284659173663792284e-04 -2.594217948687647587e-02 1.457947007405232531e-01 0.000000000000000000e+00 0.000000000000000000e+00 -2.799269415458525284e-02
-1.838259485590553409e-04 1.390766876001119090e-01 -3.292292872553124333e-02 -1.782256584472457106e-04 1.542821029791409458e-05 -3.335536309546732053e-02
-1.208191154078675444e-04 -5.592875076959696878e-02 -3.769055502143937170e-02 5.390545398389711253e-04 -7.244999976547814632e-04 -3.373402469347504262e-02
-1.329939798284126840e-01 -2.545400001003598339e-02 -1.145268424123007250e-01 -2.556881798024508712e-02 2.270460366987359646e-01 8.902636093975781206e-02
8.257156241100206944e-04 5.972183329304775468e-01 1.249474015238890429e-02 -6.626176886932195337e-03 1.289288057864026657e-02 2.673024042853841889e-02
-1.786548310876662216e-02 6.322493104004218989e-02 5.463938720695049860e-04 5.241663915182289898e-03 -3.976657672063713123e-02 0.000000000000000000e+00
-8.675106642147887084e-03 -1.822073309007565464e-02 -2.112062370692377178e-01 9.891031628276264562e-04 2.511794348904299382e-02 -2.835176116760264320e-02
8.112551915608122270e-05 -6.035216179291070376e-02 3.924281503061892440e-02 0.000000000000000000e+00 1.184595636249254763e-02 1.143978171531304273e-02
-4.022175842031986900e-03 1.757533858959970385e-01 -3.732074092534516663e-02 4.225483419436825566e-02 4.755741095176196746e-03 1.181871529745319865e-01
8.988870219588937028e-05 -7.392187689847319609e-02 -2.484768771550407290e-02 9.966088551991083438e-05 1.945993918288048755e-02 -2.778196717031950272e-02
1.598178512390570577e-04 9.882722820428349597e-02 7.026755718744838453e-02 -1.058417306216250409e-04 -1.412353032168746705e-03 -3.811747925185069580e-02
-3.147557930379675474e-04 -6.123595570024242818e-02 1.359687403427862996e-03 0.000000000000000000e+00 1.118836245239070680e-02 -2.376449484699854134e-02
-6.052071294731547937e-05 4.279174015619422455e-01 1.288182153739528268e-01 0.000000000000000000e+00 1.112538096296804627e-02 -5.890685019129025812e-02
3.757283025279076205e-02 2.264981042541603859e-02 -3.909599678980088533e-02 2.910448958451324758e-03 3.063943743187958185e-03 -1.248312528489576093e-02
-2.223266769610831228e-04 6.408215400142486078e-03 1.542319342077272948e-01 0.000000000000000000e+00 8.384622488555018485e-04 -8.006231450231731175e-03
0.000000000000000000e+00 9.532800183888485990e-02 -1.802222270741151572e-02 -2.243129441230886506e-02 -1.163600497945441528e-02 -9.092363979564917209e-02
-3.841574723819160151e-05 -1.549584103343551802e-02 4.122798072671871733e-02 -4.766696599230747441e-03 3.758225921367507050e-03 2.979242156328788891e-03
2.607628168410731830e-04 -8.934041884163103353e-02 0.000000000000000000e+00 -3.515306268907551768e-02 0.000000000000000000e+00 8.206916643740334860e-02
-9.846364117976606767e-02 5.809006825783827321e-02 -1.438665778088245861e-01 0.000000000000000000e+00 1.437681462827808954e-01 1.987647516785070734e-01
-1.789161050726314692e-02 -8.852368313174580061e-02 -1.515654084140205873e-02 -2.832178767097370473e-02 8.348859354576864539e-03 1.078332934178476005e-01
5.044428953371904965e-03 -1.013464155379185418e-02 4.600201662298570096e-03 -1.757280671694508023e-01 1.394848902501091186e-03 -1.012738311127531765e-01
6.154933429784389953e-05 -2.228164249467827138e-02 4.247273707715946978e-02 8.733799046817076681e-03 1.413187112485746709e-02 3.715144697186035377e-02
0.000000000000000000e+00 1.001394820481934789e-01 -3.968054114567990953e-01 0.000000000000000000e+00 -3.527373453635653227e-03 -8.510003952966174734e-02
2.338414511052277296e-04 0.000000000000000000e+00 -8.766624893504300700e-03 -3.851513610063536132e-03 1.307437738723300075e-02 -1.130129993924703681e-02
2.008122777038701384e-03 -5.723507609303475629e-02 -2.837928824881882361e-01 -4.481867130568633652e-03 -3.352092577313547372e-01 -4.076912238757277734e-02
0.000000000000000000e+00 -8.823624731395660059e-02 -5.021617465866445862e-02 -1.867047269073692298e-03 6.497265202137647447e-04 -1.043360699451996269e-02
0.000000000000000000e+00 -3.004506567122907507e-02 2.399091672476123122e-02 1.282177881570010017e-02 -4.025131378371613056e-03 -9.247392665310324306e-03
4.721582164582954072e-02 -2.203369490150818566e-01 6.973532625418785158e-02 -3.925631073308758447e-06 7.412480677575236307e-03 -7.213415454063237461e-03
0.000000000000000000e+00 1.290663418028563936e-01 4.350672435561403484e-02 0.000000000000000000e+00 3.865822989079819769e-04 -3.176790600865458947e-02
5.218367550156462718e-04 7.661606440567276799e-01 -1.004731003139677607e-02 1.090586675149439797e-04 1.476161059595560224e-02 -7.494682594931790370e-03
-1.825080325912603195e-04 -7.147712823900592705e-02 -1.040814076095043610e-02 0.000000000000000000e+00 2.259477594322066248e-04 8.312692445936596675e-02
2.521728941494247658e-02 5.229528058325075973e-02 -4.767906292756252662e-01 0.000000000000000000e+00 -2.378023054045599535e-02 8.651700918664272100e-02
-3.982547304120401949e-03 1.750843591282215117e-01 -1.043511129250624010e-02 -1.003195074325690245e-01 8.137350882350146732e-04 -1.978527442419049029e-02
