2.310769872843524809e+03
3.952351884101748965e+03
3.952351884101748965e+03
6.935464715133733762e+02
3.952351884101748965e+03
3.952351884101748965e+03
8.157874490434763857e+02
3.952351884101748965e+03
8.125979893920200539e+02
5.801415555071467907e+02
7.077601113582611561e+02
3.952351884101748965e+03
3.371933307257396564e+02
8.157874490434763857e+02
5.997901539667301449e+02
3.952351884101748965e+03
8.157874490434763857e+02
3.952351884101748965e+03
8.157874490434763857e+02
3.952351884101748965e+03
6.049471418227307140e+02
8.135005263924620067e+02
1.406452346851915536e+03
3.952351884101748965e+03
3.952351884101748965e+03
3.952351884101748965e+03
8.157874490434763857e+02
8.157874490434763857e+02
7.882466242359953412e+02
3.952351884101748965e+03
3.152220895374772226e+03
2.459621387189746144e+02
3.952351884101748965e+03
8.129739065659441621e+02
3.952351884101748965e+03
1.466034342780804991e+02
3.952351884101748965e+03
8.859002925670454260e+02
8.157874490434763857e+02
3.952351884101748965e+03
8.157874490434763857e+02
8.157874490434763857e+02
3.952351884101748965e+03
3.952351884101748965e+03
8.157874490434763857e+02
2.412241619494945098e+03
6.605912482669693873e+02
1.143827317121340883e+02
3.952351884101748965e+03
1.285798251004530073e+02
3.952351884101748965e+03
6.536634735226119801e+02
3.278939380726388890e+02
8.157874490434763857e+02
3.952351884101748965e+03
3.952351884101748965e+03
3.952351884101748965e+03
9.794473880145977773e+01
8.157874490434763857e+02
3.952351884101748965e+03
1.915147459817126901e+03
3.952351884101748965e+03
3.835982878635716702e+02
8.157874490434763857e+02
3.952351884101748965e+03
7.968631194875522397e+02
7.774383731313670864e+01
8.157874490434763857e+02
3.172143188252314872e+02
8.157874490434763857e+02
3.952351884101748965e+03
5.259350062381129192e+02
8.157874490434763857e+02
3.952351884101748965e+03
3.210896740502481407e+03
7.970822713394593393e+02
3.952351884101748965e+03
7.218367039486678323e+02
8.107788443129142024e+02
3.952351884101748965e+03
2.007711361812498126e+03
3.952351884101748965e+03
3.952351884101748965e+03
9.405004380065645364e+02
3.952351884101748965e+03
8.157874490434763857e+02
4.944501762343367659e+02
3.210896740502481407e+03
3.952351884101748965e+03
3.952351884101748965e+03
3.952351884101748965e+03
8.157874490434763857e+02
8.157874490434763857e+02
1.917050828095611053e+02
8.157874490434763857e+02
8.157874490434763857e+02
5.759420736595287735e+02
8.157874490434763857e+02
3.952351884101748965e+03
1.309744098343674068e+02
