1.954986319460954025e-01 3.265873182346282766e-01 2.279324838615592874e-01 4.700873183956375545e-01 5.688301422605381852e-01 7.496263821257549420e-01
1.583665041011718122e-01 6.120328007690098993e-01 6.720852977998201805e-01 5.194586270789275373e-01 2.224068842964159742e-01 5.130938988845497040e-01
7.088360080745094161e-01 1.981806043947488272e-01 1.615267945420804097e-01 4.725670794179159806e-01 5.624688978419577490e-01 5.694887555275386370e-01
3.942094376327790473e-01 2.968302608677175769e-02 8.065693996499812002e-01 7.562812726215738524e-01 3.904486387614098941e-01 9.294017382733619215e-01
7.562923021794611955e-01 3.888452247728652056e-01 7.098569248059224401e-01 2.771875782822594836e-01 9.898025361826046087e-03 5.283728849507407510e-01
3.168156645868629440e-01 3.312486944407688760e-01 1.316092378596583901e-01 4.975678638149099164e-01 7.925299365340066071e-01 9.652858341671041176e-01
5.504836511802638777e-01 2.809048427154359207e-01 5.861177273201046978e-01 1.637823995799636556e-01 9.979834127993869597e-02 3.440524303121250682e-03
8.379932930323098494e-01 2.664473162766605174e-01 6.002625042331676264e-01 3.402158117390002845e-01 9.914569774731651908e-01 5.079659170073700380e-01
9.962150210893484514e-01 1.500886511062868856e-01 4.160762135187586752e-01 3.644284874076246794e-01 6.349784019865798435e-01 7.208506145168886992e-01
2.283311256438533832e-01 5.011962660079571918e-02 5.733375021696223151e-01 8.189423307733478818e-01 9.966627773124040468e-01 2.996379084314046981e-01
4.169051929983584870e-01 6.584229152490290726e-01 3.173686404429858499e-01 8.884833750925857920e-02 7.922943120503112002e-01 3.179791900851436370e-02
8.883547519946051185e-01 1.815047763601518316e-02 3.943422954177410178e-01 1.948922741741485609e-01 7.608772013776299303e-02 1.815779129570990191e-01
2.942624528462289835e-02 3.039543653554610536e-01 9.988634331055726845e-01 8.421553472502860682e-01 4.605739124264452977e-01 9.411611710049863078e-01
4.623670058974793662e-01 5.929934994429983952e-01 9.125645244954452284e-01 2.271039560282763770e-01 5.569795619047730462e-01 5.963084060987087209e-01
3.243330693170082268e-01 9.320775167525173766e-01 1.751786743463620288e-01 7.450731906460791309e-01 3.794663669648873361e-01 4.081181912418210267e-01
1.419690520462354444e-01 2.029894633793527525e-01 6.440095653495868655e-01 4.982228337402122564e-01 3.704647299522737525e-01 3.060140320606912212e-01
8.591213426228712091e-01 7.962461801562934482e-01 4.517843066361806326e-01 8.944935138141700826e-01 5.126891777240027981e-01 9.818544475016383055e-01
5.670508183213605058e-01 9.718486360173994587e-01 4.870981108076331001e-01 6.973603663726172242e-01 5.933509267424990075e-01 8.392838001334278486e-01
9.633078987323850928e-01 1.015682168713970546e-01 4.614924280695279490e-01 5.506520041907799756e-01 7.995119839549451601e-01 7.663676002393537967e-02
1.848367896573196445e-01 4.672591017688377812e-01 6.961934615905253088e-01 6.597180027849897099e-01 6.906338271012734120e-01 2.969034334611215797e-01
