1.204292180426246306e-01 6.560646373833987077e-01 7.272478449726383909e-01 4.055416371241016282e-02 5.857205421054579864e-01 3.563554501687715703e-01
1.284215489462876558e-01 4.100351826602279814e-01 7.133158381014429450e-01 5.181454062259938098e-01 7.923942687168910037e-01 6.142595007918634220e-01
7.165774892565728305e-01 1.005033655553086991e-01 5.135509824589367112e-01 5.185550699967685917e-01 7.552292779728455585e-01 3.617699176441877551e-01
4.644295318548740115e-01 9.907197630574319236e-01 4.138552626129338163e-01 1.858779412552389321e-01 6.261406506305953190e-01 9.322253407932175051e-01
6.472802106994379745e-01 6.716379444106733709e-01 5.290884211994586472e-01 1.817343093050194369e-02 7.634960688335223900e-02 9.057360439394167573e-01
5.310412694387327548e-01 6.184179460035437170e-01 8.684970746016171805e-01 3.438132253657236737e-01 6.712706614152298412e-01 2.696665676276363000e-01
7.818142301739101629e-01 9.555959453658096070e-01 7.976204635982642177e-02 7.052823523080643531e-01 1.201221358902619940e-01 2.138791448973910159e-01
3.734289330567756027e-01 4.329360586998873828e-01 9.036461928555084011e-02 1.531897904865813231e-01 9.941604397423305928e-01 2.396734817660969297e-01
2.679832840184348530e-01 6.921081770841824854e-01 1.563012509651218185e-01 4.585957081193858809e-02 1.302615784747580552e-01 6.682173998744448395e-01
8.152846750274641563e-01 3.848514705380569056e-01 5.250167736932015439e-01 4.781352975589496790e-01 5.977529010609505811e-01 7.362224454815800012e-01
1.569521853304596259e-01 5.073810811904607698e-01 5.651846108092432042e-01 5.573159396720738235e-01 3.593964372184862421e-01 8.469130264144101305e-01
2.592667468211926618e-01 5.168954291067906492e-01 8.985872659428478793e-01 9.370342216083084042e-01 8.016327721731937306e-01 2.592366609256121501e-01
7.927782883025160654e-01 7.164389122458465486e-01 2.875540737779562761e-01 2.844146935433563561e-01 5.295405381096094377e-01 5.810707667045935665e-01
7.549782840872197864e-01 5.204594442822714218e-01 6.809722296853948365e-02 3.053836448536380033e-01 2.824782853363920765e-01 7.363303669533413087e-01
5.983420284587152027e-01 1.941773322273782076e-01 8.229494046950869279e-02 2.673432929307876238e-01 9.410084491550195773e-01 6.750953180353689298e-01
9.024410985207502733e-01 3.741834440159962361e-01 1.120909480568287320e-01 7.145078954014359995e-01 9.305071850032186065e-01 9.538074631140094350e-01
1.937142164373478748e-01 8.370227655413904344e-01 9.355834985013287142e-01 5.847872606981597832e-01 7.125090739331833012e-01 9.919690540421646219e-01
5.274632762877566883e-01 5.540598945090702276e-02 9.651968159248736079e-03 9.524443978931771415e-01 9.205731041209096466e-01 3.893826534915677540e-01
7.181416520673590265e-01 7.007328074311157673e-01 8.141927637803989537e-01 9.492880696835231946e-01 9.050352307228051174e-01 2.501850842738648772e-01
9.152160108760764023e-01 2.602404278378426250e-01 9.229142787948222404e-01 2.940074576984053056e-01 8.792198993473447910e-01 5.929364166306544393e-01
