8.026052456941037416e-01 4.114659412614659617e-01 5.450440319411343770e-01 9.772410078229307739e-01 7.316477437478944301e-01 8.302331540347633876e-01
5.089777819779881529e-01 3.167333014269985147e-01 4.270675332682594139e-01 4.198064862636516903e-01 8.700527114029822373e-01 5.873583653735231502e-01
8.892668122851121737e-02 6.119157513748071375e-01 1.775476496365763213e-01 1.759995863067315147e-01 4.267281622183662915e-01 7.130228826282739574e-01
8.467971496502922912e-01 2.717619228854283309e-01 5.950816547283943603e-01 5.521022234086325753e-01 1.775410459089017401e-01 5.260953213887986646e-01
3.871215501553143534e-01 5.742531525045041496e-01 2.907990723681724843e-01 9.667304265600024094e-01 8.881784135530790270e-01 1.561576570449602075e-01
5.554567880074523512e-01 9.245221943370957041e-01 6.771225164923830864e-01 2.637721920249110896e-01 2.249816574949988768e-01 6.004850031656427944e-01
8.706720590121183045e-01 6.467140410301882580e-01 9.871741932808835163e-01 6.338597299954983333e-01 3.747788799363654944e-01 8.668469645430216808e-01
7.148547573164528712e-01 5.337512417947769539e-01 7.937995536291715393e-01 8.804758324797848923e-01 9.360370227126822984e-01 4.457158444257168783e-01
6.090517907359938032e-02 8.820769809249496829e-01 6.577137723274125714e-01 8.584748100329463449e-01 1.153426403869413086e-01 5.337653345910389202e-01
6.190875470187519047e-01 5.338438622659316124e-01 3.004011359769566125e-01 6.798292583817278079e-01 9.107074900006001394e-01 5.796584877242805245e-02
9.125674506465579761e-01 5.720228973286267671e-01 3.443595097640801406e-01 6.460760346670009202e-01 3.649642129929235868e-01 7.499584520037412272e-01
7.267551572924193515e-01 5.816311441599693044e-01 8.607663695214941013e-01 4.425616425986242941e-01 8.191323965986613276e-01 5.740200018586401054e-01
5.200558873976190988e-01 4.872893291651920755e-01 9.872522620250097081e-01 8.107831953881970977e-01 1.229095589955279122e-01 4.735011947224876394e-02
1.136264382782212756e-01 7.286616880860355971e-01 3.120273579750263426e-01 7.665203603074055572e-02 2.190737916836407173e-01 5.837298305938221077e-01
5.815516140876985096e-01 6.185362661876147028e-01 4.154954106448329743e-01 8.404854219487305489e-01 9.079102442724119593e-01 2.328207997956300845e-01
4.499289565445250272e-01 5.381064602847347444e-01 7.232946150469783397e-01 9.344257954910933917e-01 4.465230464099573249e-01 1.882206126073452390e-01
3.842937144078479861e-01 1.827158587371626730e-01 5.707183406997632380e-01 1.021746076063005937e-01 7.691033634866024649e-01 6.116912341623051974e-01
6.474733112794053280e-01 4.570492900152416382e-01 8.529238270557520929e-01 8.577160777438340711e-01 1.906899833490660612e-01 7.956129304847061601e-01
6.100149442789832843e-01 1.046686480363551164e-01 9.734183603990209654e-02 4.468189275800363847e-01 6.801997170015953165e-01 6.121429908602847858e-01
8.598263535400846314e-01 3.042593882951111217e-01 7.860442081839673634e-01 5.374349486082750094e-01 7.292070425632093400e-01 2.559921654992389772e-01
