8.077913219811501122e-01 1.028083879517591726e-01 3.117069518335821021e-01 7.719251026116733527e-01 7.142543651347345035e-01 8.691814813686082886e-03
1.550902133414351347e-01 9.548757784713662877e-01 8.862124138017991593e-01 2.629796878227934620e-01 7.237411414791090625e-01 2.417359038675526151e-01
4.418112736323657197e-01 7.601845783451438576e-01 8.837501479548595107e-01 1.727050349171987964e-02 6.130852829904828161e-01 8.850794378597679479e-01
6.107227864413014018e-01 9.136029918478228984e-01 9.530843202812623316e-01 4.794808896768149031e-01 2.091933598188504551e-01 6.736429568887489783e-01
4.790397791220987189e-01 2.391797201937244655e-01 2.162021104305753560e-01 8.490890984439981581e-01 3.071862011618955446e-01 1.122040265729229436e-01
9.276982289301161089e-01 5.857363091096945418e-02 3.529638534181466225e-01 8.600170846740659014e-01 1.363048608585727406e-01 8.851344554362596817e-01
6.373156592631018524e-01 6.826033508446127662e-01 2.802098091959968063e-01 5.806662201069383578e-01 3.541995773545866255e-01 6.766268467879604787e-01
7.624657187267470659e-01 5.781862631361368576e-01 7.885849077014861486e-01 8.775092669534134693e-03 9.548773506360413998e-01 8.808039149454578443e-01
3.473560097778118916e-01 8.952230600384748493e-01 8.916951657707324896e-01 7.582018015143281442e-01 9.994736403092421284e-01 6.900486484423866695e-01
6.523410685311628043e-01 2.840682966457936942e-01 6.743529820326570334e-01 4.440841225179931184e-01 8.084660073325092844e-01 4.057231970957154710e-01
6.816897095076310809e-01 2.685217396460365391e-01 7.478193234791057353e-01 3.972686727831169495e-01 2.383572429131061154e-01 9.548275664691544540e-01
2.624717739619952805e-02 1.085242336538543295e-01 3.164636998093289799e-01 5.285671336986991209e-01 2.694294002260660958e-01 4.720443036070949283e-01
6.242669319768101577e-02 8.229071163668681965e-01 2.827161360085641562e-01 6.370468145772233415e-01 6.634049422723994338e-01 1.040971786691322620e-01
9.042249543664494515e-01 1.101729999766979384e-01 3.532490966292417545e-01 4.786844618817663877e-01 4.576328229307338180e-01 2.324409047803596140e-01
2.594567574610160410e-01 9.087991674382271956e-01 5.488754286584629494e-02 8.882401567980920953e-01 9.115414977550130304e-01 2.104551102867739942e-01
9.291150831993272297e-01 9.730161403669231879e-01 2.015420191922231430e-01 8.759294924732351495e-01 6.926662147742798092e-01 5.861764512826815876e-01
8.951529594711551407e-01 2.474726437264953560e-01 9.238728625018071128e-01 9.367282294095101713e-01 2.850562586465466008e-01 3.934000610587833346e-01
7.980222358004410710e-01 3.934452909078477445e-01 3.210579039961978243e-01 8.945196153903461900e-01 4.757578411169228749e-01 7.076824931354208648e-02
8.636782202275342657e-01 5.574063052530108253e-01 1.285474644859332383e-01 3.278782349213297254e-01 9.631237807904691195e-01 5.240809483081017017e-01
6.283418610395283821e-01 1.460788919971639510e-01 1.099513500335154159e-01 7.663212394702191288e-01 2.480627768518477438e-01 5.758548787496517996e-01
