4.337685528161839832e-01 5.127942966426137783e-01 4.209077181075671081e-02 1.062073951784948678e-01 7.681623882829178296e-01 2.275457899951177643e-01
8.950865516230895880e-01 5.305269560284805452e-01 2.561459106244258210e-01 3.323048527206089453e-01 3.422431710570539298e-01 1.415245757218936973e-01
7.856512817139105209e-01 3.774274667905581637e-01 2.216832092353194783e-01 3.711212482901915521e-02 7.997975615580079634e-01 4.064411566254929609e-01
8.472639974224482895e-01 5.914316657320022319e-01 8.375355450466596130e-01 4.938001080242682139e-01 9.675649007013571445e-01 1.288221695150419954e-01
5.374308743639741870e-01 4.771535099465373797e-01 4.121092331544738974e-01 3.556843656904551398e-02 7.948348597547660876e-01 5.809666064703912225e-01
1.023135158489137941e-01 3.490048170685730033e-01 3.075835485717554052e-01 5.838136216198686057e-02 3.379321377082150635e-01 1.049956414767017066e-02
4.956682329277242172e-01 6.014938140019409074e-01 2.345098566610018809e-01 2.049634120068015708e-01 6.435217278645127825e-01 9.666534115299624252e-01
5.365441836745324933e-01 8.512061134728949874e-01 3.824632768089095691e-01 8.327980908912525626e-01 7.021894178138269327e-01 4.405689503107323990e-02
5.886150427196874535e-01 4.867986104611268239e-01 7.668791300527537658e-01 4.655416111221517550e-01 6.940905734177049702e-02 4.048509287068036144e-01
6.617611552132018904e-02 7.740352930251235275e-01 1.404220949694110487e-01 4.297724752031581996e-01 8.111604168630741629e-01 1.005207129457167392e-01
7.058130356997153187e-01 8.796579010364559137e-01 3.288743022418294526e-02 1.602442104081602814e-02 4.794056852750373521e-01 5.584155647614604812e-01
8.121770710397265836e-01 4.901952170063029746e-01 7.139745149492128240e-01 4.724829484918210420e-01 3.133279243755532351e-01 3.586372162937560004e-01
6.557922539408752582e-01 8.727651619518530524e-01 7.982767286518700489e-01 1.972141927269733808e-01 1.561362223569590091e-01 6.517510085045385981e-02
1.797501304800813715e-01 7.476050464610585200e-01 9.197084810823910050e-01 2.879267337436322016e-01 5.673085138120510518e-01 8.697856446551796017e-01
1.318871078044914213e-02 6.192329250303183485e-01 6.765241079727898343e-01 6.016537932875163364e-01 9.343891224981419885e-01 4.561105707650181529e-01
4.342023281361154785e-01 6.742578648673197561e-01 7.924719135515762014e-01 9.199467610727717348e-01 2.019952467260811568e-01 1.388879792489863263e-01
4.065261764433134584e-01 2.229919409057470325e-01 2.452381419742780677e-01 9.180288178513127395e-01 6.049471846484874016e-01 3.427412223316158579e-01
7.747455151835441756e-01 4.553327863550132859e-01 3.270114089982117944e-01 5.876454296579959324e-01 3.028696499490742822e-01 6.518469967252304986e-01
1.136541881129382592e-01 9.644765716190587534e-01 8.165259474323807165e-01 7.573753506313847250e-01 9.898441792000854944e-01 7.098996827443290192e-01
6.240238095942174379e-02 7.943785031728528567e-01 5.159317381321181228e-01 5.190132164926317682e-01 3.653106374765269226e-02 5.327497156051748117e-01
