2.007658638823914821e-01 8.610050460680032103e-01 6.103213996713807710e-01 9.320958787011729418e-01 7.123314694877520559e-01 8.661045819852690730e-01
6.350889740338180323e-01 1.541033663593899261e-01 1.180998221676196058e-01 1.809993554784787850e-01 1.170449977185183954e-03 8.902124040303018848e-01
5.698745041943046319e-01 1.837403630542286948e-01 6.342403865803944996e-01 5.535021524015892869e-01 8.967112823307904490e-01 9.440615752835741503e-01
9.740620258042704815e-01 3.434607031525050980e-01 2.482839127446038185e-01 9.132567208927946378e-01 7.036839348993063625e-01 6.745423759024872234e-01
6.787943705110177639e-02 3.081682039970490283e-02 9.621479063414786204e-01 3.332754103806108148e-01 2.248679354548088760e-03 1.332487979624076280e-01
3.192440139556074197e-01 8.131835394559217001e-01 4.339818816248726119e-01 7.099400287742299032e-01 6.751882281897680915e-02 3.912289775654282931e-01
6.131523612626513797e-01 4.338162699518833820e-01 4.299694795207318343e-01 9.148521982974366917e-01 7.922784929035573409e-01 7.448373490428986665e-01
5.205621257783420441e-01 5.692512541766237000e-02 3.487516007385090822e-01 9.714984863059388243e-01 7.282587735561447673e-01 3.853214244283255097e-01
1.078624141616357779e-02 1.682775931887483534e-01 2.517769710396088323e-01 2.373474007504378092e-01 4.553218036826089943e-02 2.500084109760591922e-02
2.187759438314670346e-01 9.731007958876425334e-01 9.021474572985790363e-01 7.069057337007199626e-01 1.905089277515090718e-01 4.586064440879682458e-01
5.905756332373086614e-01 6.421004435412991374e-01 9.738763459842738612e-01 9.541781180913067040e-01 9.096585561311761881e-01 9.959004844915910759e-01
6.965516858959803770e-01 7.145191370473246151e-01 7.280704534594358845e-01 5.193693440049216292e-01 6.272416559524869317e-01 4.521928012425885379e-01
6.436918187126775548e-01 1.130518421854828093e-01 8.307894450150681287e-01 8.263268949130504470e-01 5.542735996134784404e-01 1.768354248546821772e-03
1.158560228019290816e-01 6.322340577880185553e-01 1.919036688282192982e-01 7.243558055686961650e-01 2.413398613075590227e-02 1.936378926779724896e-02
1.749671068047918832e-01 6.034508246338055049e-02 9.878018482093368080e-01 7.693011751923166663e-01 7.981793033876175558e-01 9.756586426875628604e-01
1.731355538426569973e-01 8.235519402928247468e-01 1.177055326126319468e-02 7.000332811838730906e-01 7.279656326965814328e-01 3.884459740124639460e-01
2.759924468672523279e-01 1.186199587680543122e-01 6.999119625883531981e-02 3.404983160070231829e-01 6.454796692643267608e-01 8.727607443927691833e-01
1.077111444601569490e-01 1.434569431350052326e-01 1.351707612016552762e-01 9.017271263476844823e-02 5.976027391244947973e-01 6.579719368341837571e-01
1.571218827979392607e-02 8.302706401973096728e-01 9.222206521169937776e-01 5.829292106883910973e-01 8.802672990410942422e-01 6.355240504857521122e-01
7.878263250359418546e-02 2.383758552112535956e-02 7.098813198761694254e-01 8.085234061640189651e-01 5.787487684533170196e-01 9.693561177534438800e-01
