1.537996363717655246e-01 3.066128801345132660e-01 1.695185076724196049e-01 9.011728127469071925e-01 9.454594686155801675e-01
6.571483711513954606e-01 1.965104872849479101e-01 2.391574270519409851e-01 8.051162494873813635e-01 6.517937697154398968e-01
1.594176119737511499e-01 2.108827375309816343e-01 3.251823905524273695e-01 9.310245330228974492e-01 2.402699794748310858e-01
6.524076797761391155e-01 5.978647514976092037e-01 7.922348184150467265e-01 8.944592131500280763e-01 8.695236396285569436e-01
4.154095478476897974e-01 3.446456646214419717e-01 9.264097754524330819e-01 8.267174306897789871e-01 5.241355835416734443e-01
8.433613428433510695e-01 7.172497113477211972e-01 6.370940267425684311e-03 2.163363268005806805e-01 1.464020105528209825e-01
1.121314804823523303e-01 6.460257674417767548e-01 4.123028248011799679e-01 4.374965658791758472e-01 3.904570516293115467e-03
1.003913610076637708e-01 3.706233437766619510e-01 1.915144002665769563e-01 1.456036394017468094e-01 6.342901587373641625e-01
8.330884501028898992e-01 6.659621359737334378e-01 5.161881757763615575e-01 7.821278092666812398e-01 8.275504900654770957e-01
6.024980056944697626e-01 5.339919310045850853e-01 7.457271912904157585e-01 5.656529721275392886e-01 3.020175175776999010e-01
6.174237499207995139e-01 8.181374501350775486e-01 8.645820903362394505e-01 7.206049464003461136e-01 8.884572383866883305e-01
8.231482284858199217e-01 2.564032841230649007e-01 4.482801077299725101e-01 7.339301805282506530e-01 6.881301081495417860e-01
2.919139746531912438e-01 2.065704170850793941e-01 7.486857454097091136e-01 9.276302060445313913e-01 7.446713212505535751e-01
7.436726391141362802e-01 7.477370011439913311e-01 4.860020696754817626e-01 2.454142037911782870e-01 7.658216656013618895e-01
9.454294329053638535e-01 6.186083810828610918e-01 2.246260664076311642e-01 9.791693550346750596e-01 8.598997679749671441e-01
7.839311756180173951e-01 3.622111720524072709e-01 6.316349906641371970e-02 4.584367027118037008e-01 3.651967056759932717e-01
7.349933882319489298e-01 6.829615046027026626e-01 4.620896040074705668e-01 6.256500482262330465e-01 1.958662390165938350e-01
5.295865080003452352e-01 2.268383784579302009e-01 6.599574364844610352e-01 7.357649351107651281e-01 9.190926201528210049e-01
1.140911170187264290e-02 8.695943391919979115e-01 8.581509057054660383e-01 5.693134957171370747e-01 5.206976681219478431e-01
2.187972057518422497e-01 8.298379714388139927e-01 9.072077325005760695e-01 6.097039021484870203e-01 9.452909958241824118e-01
5.105310818012012142e-01 9.403931273581146444e-01 7.731691372574414078e-01 1.620054997319941847e-01 3.105622800363107006e-01
2.653334311614276020e-01 9.959153176075026259e-01 1.767426755093388646e-01 5.134480826748784033e-01 5.570440200254497265e-01
9.554674029264842439e-02 1.747882091189180143e-01 4.993434040522566342e-01 2.190125693139544083e-02 1.027296424986183787e-01
3.101905744037352086e-01 4.495700201284358322e-02 3.725996892026106622e-02 9.363152188264378672e-01 8.215182810953423065e-01
2.437737709432795663e-01 8.916375151306799030e-01 1.289005395136396670e-01 3.021610031058585832e-01 5.396103317293241552e-01
4.035475682952359699e-01 5.657854334226036785e-01 6.532256865706170812e-01 4.889263850563531077e-01 8.214433748932703505e-01
7.608473503354863388e-01 1.306651717194294848e-01 3.238981948216337337e-01 6.925405626924092672e-01 7.034283207194640397e-01
2.926116983956361661e-02 3.515322473676396609e-01 6.182162023651255334e-01 3.024566693249054472e-01 9.214400120485992662e-01
1.705797863313796014e-02 2.839325222656766678e-01 9.078887882897156425e-01 9.156968957043815083e-01 4.399282359016901678e-01
6.143605960534427313e-01 4.170919361203471176e-01 8.406798689128976987e-01 6.655222858395037910e-01 3.171170775984866186e-02
4.833415923298703953e-01 3.558032893460838508e-02 5.682512616515739134e-01 3.080249584340916114e-01 3.146852219942479767e-01
6.170217972388567507e-01 9.030206305483239326e-01 6.604154789763855282e-01 9.757259157130260263e-02 8.822608150403650207e-01
9.094223166662115387e-01 2.396140488129732127e-01 1.169991882900928148e-01 2.499840632192388279e-01 7.910532250562772871e-01
8.918203060933872495e-01 7.047556657152970194e-01 6.473855897390605740e-01 5.214776065025440444e-01 5.257179265106288746e-01
9.738426378871239963e-01 8.755900313952477143e-01 7.017364852703600331e-02 3.838512212228804010e-01 8.956063062241005346e-01
9.837510940827288719e-01 3.074598536885286837e-01 2.147961165140432893e-01 6.802300927295165112e-01 1.134309311679987387e-01
2.935394943260134504e-01 8.898013376286191267e-01 4.503064150403220944e-01 6.384821294373899114e-02 7.079711962745904863e-02
9.430351809462850232e-01 6.012287455419087490e-01 3.403353072310013605e-01 6.232353420950028644e-01 3.425812537770703825e-01
1.692408152168846103e-01 7.735675415272847966e-01 8.060289336832070495e-01 8.101087043831495249e-01 3.437429497568365022e-01
4.858561898837215898e-01 8.541020137462710382e-01 9.803606310423219616e-01 6.261386450955060967e-01 4.044694482334518781e-01
1.244834384126518589e-01 8.089511394581949677e-02 5.951064040201314853e-01 6.665110703494138145e-01 9.119777642578509314e-01
5.217409407301694113e-01 1.744074981383326728e-01 9.887766983478616378e-01 5.481324428367876367e-01 8.429266641628446743e-01
4.330037136190733049e-01 1.576632857262583176e-01 4.410597534659836949e-01 7.469691852857144321e-01 4.510095598958564489e-01
9.512998897488885719e-01 2.939209132980874495e-01 6.154331193299253933e-01 7.484776786168222396e-01 3.068845267751122430e-01
3.563427099238032358e-01 4.689928355646388880e-02 2.188886198636554870e-01 5.452418908589634627e-01 1.472677139043064853e-01
2.249487106023406735e-01 4.721439493305965573e-01 9.878931081414076276e-01 9.148015843237833344e-02 8.329580700916833225e-01
1.277631457062337050e-01 1.358430140568323008e-01 5.615573816254482153e-01 4.152059141436130751e-01 8.920954435728259968e-01
8.611577825438049283e-01 9.485336860662267888e-01 8.700774516269302872e-01 8.023366964161982029e-01 2.765397762362908907e-02
9.675950812294698000e-01 6.041429247003581304e-01 1.035764029171388767e-01 5.025590490468807570e-01 9.667687085269146552e-01
6.093569708557405873e-01 1.274762325420329967e-01 7.317140348113991832e-01 2.494035034370041259e-01 5.186847226282855772e-01
5.200075146367630907e-01 9.209255663368489664e-01 8.394659829740352963e-01 3.823699451284744422e-01 7.934875741821083572e-01
8.466449701749328982e-01 6.843191439412101840e-01 5.058392614163150780e-01 5.071809114485692493e-01 5.582484576516169028e-01
5.745511444585826855e-02 4.402810217200883169e-01 1.127379479759049730e-01 2.837689428196206176e-01 3.961654764272148910e-02
2.625928796614460659e-01 4.729429249790377821e-01 4.423039810967703822e-01 1.445091985375087651e-01 9.939311926549967424e-01
3.607395523004643945e-01 2.943026081568242969e-01 8.698418916127345080e-01 9.410776921917992643e-01 7.456096835750185559e-01
5.261436599438583661e-01 2.136809549830060995e-01 4.957300383012593903e-01 4.475396351649491011e-01 9.425025651692436890e-01
2.147827788680323202e-01 4.225446615667638461e-02 5.932468825449321859e-02 1.012201663660332596e-01 8.527538852466078900e-01
5.666698588419902816e-01 6.737913084742657155e-01 6.396736557977474869e-01 3.916992396514431540e-01 3.872196292677664298e-01
4.500645593232615038e-01 8.494512181054747479e-01 8.517372792719820618e-01 7.929257851848352523e-01 8.343320447072892776e-01
3.228507763243637640e-01 3.167484933376595313e-01 9.637298494753583356e-01 6.764830242736362687e-01 8.443163345307161949e-01
1.030911191256367321e-02 4.122954220380369295e-01 7.863837483739750667e-01 1.067876037292427860e-01 2.088112822132798252e-01
6.087043529136985098e-01 9.393515876232710893e-01 2.985970099704184921e-01 4.708059367184069810e-02 6.707125321203307733e-01
4.610802761079485501e-01 2.344769254091485511e-01 7.083087301138077940e-01 2.262890455693713498e-01 7.837386311694757302e-01
3.727325536713408383e-01 7.416593065083740832e-01 4.216204347974301658e-01 5.796393018971144340e-01 4.042794357465996358e-01
6.141499001823697013e-01 3.890831879615299638e-01 3.313501779184923057e-01 7.573698848403324080e-01 5.138202253891104299e-01
6.211846509300500419e-01 3.883524051679959621e-01 1.584073636195932888e-01 7.788456330612824052e-01 4.296971820974769818e-01
1.186081808515745406e-01 6.944252239892098055e-01 3.636839161731123538e-01 2.562293904289153490e-01 5.751927813079805718e-01
1.411502096855150601e-01 2.824002553529171289e-01 5.181735239584428498e-04 6.304635061032938248e-01 1.329824249907733957e-01
3.876756013893825070e-01 1.096443772654727145e-01 3.601723977509057040e-01 2.885825662376659828e-01 6.140747409325097994e-02
9.638127626732964082e-01 3.965540756594310157e-01 7.865004510771087531e-01 5.702638086841536058e-01 2.980732376606962664e-01
5.370497726542174943e-01 7.864881502535913116e-01 3.995543165196382418e-01 5.192991332924377090e-01 8.629300061021007995e-01
6.348519508937257028e-01 2.267344753825262238e-02 2.617568648470713910e-01 3.086001031047446164e-01 2.797306461355826279e-01
5.677677074898899168e-01 1.716772307067536696e-01 6.076450975764902118e-02 4.091546198541397006e-01 7.580426741206780505e-02
7.135830960528389832e-01 7.385744878136485392e-01 1.795283873601299929e-01 5.921660086300427617e-01 8.165824710905980055e-01
5.499220391065241520e-01 3.536641512801650400e-01 4.125090289046356995e-01 4.723286052751783926e-01 4.842297649673588111e-03
2.792825762996966610e-01 1.705505150862117736e-01 3.942231413187248235e-01 1.227353847276302368e-02 4.756058922810424416e-02
1.020383747856571377e-01 8.050345494793965662e-01 9.321723791203512244e-01 5.141049460178087616e-01 8.774949832045119136e-01
7.826957498656061940e-01 4.899784810243531519e-01 8.590491842722468574e-01 1.295661788394271152e-01 8.557063937588440528e-01
9.237828427862134761e-01 8.220989167148218257e-02 4.726641280655107247e-01 3.290211077064544298e-01 7.326043558424816249e-01
8.055889489927636760e-01 8.081283507963451518e-01 6.789624407942829176e-02 3.499296945093532951e-01 8.882714755180520783e-02
5.243628346034866494e-01 2.959251519618989468e-01 5.833449029508637196e-01 6.831790057906262925e-01 5.757101123895580486e-01
9.021682763382476988e-01 7.633398609988444328e-01 8.313182272251423699e-01 8.637109919821083226e-01 5.927027292254795077e-01
1.303828396889992192e-01 8.193312660442900741e-01 2.041737026947794131e-01 5.125160682554954494e-01 2.386959437639724069e-02
6.896670525004245933e-01 6.912349414027246786e-01 3.950499074600303251e-01 8.653158023289186929e-02 7.981196291189722736e-01
2.040240889824699311e-01 6.204827916043930136e-01 8.089953807495624538e-01 6.459400226714979709e-01 9.137876332127140566e-01
8.599000259717697325e-01 9.736550459023007864e-02 6.125534021345350189e-01 6.073027451110974972e-01 1.223700977449424521e-01
7.117594201870782733e-01 8.368670200802520442e-01 9.303959261691014948e-01 3.312822182832374507e-01 7.117208758041471128e-01
8.699265658824387737e-01 4.701698700103806861e-02 9.522339985531000917e-01 9.587221768818559031e-01 1.506050682325014156e-01
9.427654823560238651e-01 9.556521570489091566e-01 1.406117759453273663e-02 8.264072751698603447e-03 1.664046033296362470e-02
3.402504877546963513e-01 1.970333603968056346e-01 4.359456217505064402e-02 9.264330155008897449e-01 2.197809025933811222e-01
5.473057695622081109e-01 3.111236736786066048e-01 4.965923533650029587e-02 4.749692707368903255e-01 5.693937394967062415e-01
4.688211981171713783e-01 8.629004337614896158e-01 4.207986689329273888e-01 2.091093822968927984e-01 7.126215682494697612e-01
6.870296717622943472e-01 6.167375989137258152e-02 6.700996548900858274e-01 6.607450975856706821e-01 5.173169741156071755e-01
6.415093503283019194e-01 1.450956739410677043e-01 3.549166901578433286e-01 7.073109128025883985e-01 4.062323060879162728e-01
9.513928572418547391e-01 6.515513967250818883e-02 5.732247485970787260e-01 4.771564101940246605e-01 8.103217433584003482e-01
4.875186685408756659e-01 2.338232822044931103e-01 6.708826542149100014e-01 5.298869649157050832e-01 9.126258345222061363e-01
7.910299462894554434e-01 6.805587382849851430e-01 2.977207431817341377e-01 2.422973684975677777e-01 9.327122492142645438e-01
1.629926228525373499e-01 2.474439230381685340e-01 8.554408582536097150e-01 7.304960191452064544e-01 5.090102244860351677e-01
8.202539417913033981e-01 1.281900827649925523e-01 1.091397356411437647e-01 1.763770934526263101e-01 5.290779093390710619e-01
2.658799460805186810e-01 7.071613447522395735e-02 7.495541862120647103e-01 5.423480547402773633e-01 5.889025317779873481e-01
