6.130230781569688814e-01 8.769799775205168180e-01 3.688602617108577286e-01 2.860571545440983021e-01 7.281240952398559951e-01
4.668351733890718780e-02 2.746367609530001586e-01 3.708803817342017917e-01 1.544733630281487358e-01 2.712650228479973613e-02
2.325749287871534676e-01 3.990715458789970693e-01 3.081599098306514461e-01 2.420104574641293027e-01 9.365644694716179774e-02
6.344890451150846378e-01 3.520218853520067359e-01 8.292162632348227813e-01 9.676845969864955599e-01 7.093978688236356467e-01
6.227403816757599575e-01 8.253697592511312076e-01 2.125901050438292472e-01 6.301615544911907119e-01 6.382071162303731837e-01
9.521312944121002042e-01 7.977941424192314113e-02 3.227765714671344544e-01 6.991933108520144158e-01 7.603965556179889118e-01
9.033169308767110550e-01 6.687829380303889071e-02 2.623573112532786578e-01 7.030086582249123195e-01 1.838774572024116649e-01
8.732962693366039808e-01 4.779319688817414979e-01 5.211589575790340767e-01 1.829034447727082568e-01 5.120650918670540674e-01
2.385793706364525146e-01 7.033753906026052327e-01 1.971966712432471347e-01 9.324744427599115371e-01 2.344815183355027921e-01
2.446623252745753208e-01 5.200751001861954048e-01 6.559033276089862863e-01 1.878084172796395945e-01 9.698518419445143479e-01
5.265672972546102670e-01 3.878860285302038191e-01 2.587826231590016901e-01 1.377486629297794973e-01 3.178487499635376246e-01
8.510575113640291844e-01 6.404350840017269952e-02 4.428502946119026173e-01 6.702308485905590363e-01 8.475566152040032719e-01
2.285828581041402519e-01 4.275750284817657620e-01 8.262230551435296722e-01 3.042109858011500245e-01 1.361374966992751068e-01
9.184267742136372759e-01 2.815169980081162482e-01 8.587566662828172159e-02 9.029798137299266392e-01 9.002046197825289697e-01
3.980909413988484857e-01 7.693877002320773650e-01 1.064518906752738303e-01 8.706477162062091768e-01 3.767899134049818022e-01
2.168023484581388383e-01 2.191044623640242550e-01 3.055749113902656022e-01 5.436571149784481527e-01 8.901597344512229837e-01
1.506707135181712953e-01 2.333667762956225245e-01 5.426831696866138977e-01 8.003174853859013060e-01 9.840495622605773818e-01
6.350270568129684490e-01 7.744409814745172316e-01 9.141006836256374557e-01 3.780311888630171202e-01 7.034639420849581049e-01
9.777870683420719633e-02 4.233321821783975203e-01 2.744031411565223122e-01 4.696465095346989971e-01 1.367075084310490629e-01
7.976102870660046751e-01 4.145977556769449013e-01 6.487416535319776578e-01 1.471737230689584841e-02 5.702851517662036462e-01
9.622358264577755005e-01 4.507784359831086274e-01 3.487730862007305532e-01 5.890926914405436587e-02 4.528410783502617720e-01
9.182608603596453811e-02 6.879657835623408380e-01 7.752181263944968315e-02 5.611597565638000162e-01 9.389765433947033779e-01
3.592661379098528451e-01 6.368499100728610696e-01 3.839587620054228934e-01 6.263348667086839905e-01 4.682391764122424416e-01
3.160852128159108432e-02 6.293933781884563095e-01 8.711142439797000536e-01 2.572603826359159962e-01 4.194744020292960895e-01
6.311773258675119624e-01 6.204980461360699584e-01 8.393617287338337452e-01 8.001345249702120910e-01 2.635306807242521199e-01
7.339030615177871697e-01 6.841868495259262328e-02 4.272779194136225867e-01 3.278155027959483991e-02 4.718254974022975112e-01
7.242765698313522460e-01 2.232472698829308655e-01 6.642189239317594085e-01 4.361842883150213179e-01 1.819273873919606821e-01
1.782471425964490264e-01 8.696929750035986562e-01 4.724036447983850362e-01 5.281496991295989707e-01 8.367840196182410040e-01
9.999216439599469819e-01 3.102604095975736165e-02 9.270203516626756013e-01 6.733006677297334042e-01 1.777219429794133498e-01
4.837279475675076990e-01 9.021170336992893057e-01 8.953084318402441122e-01 3.701140767529254028e-02 4.841142312246106139e-01
5.375065646337001679e-01 5.905463513310726942e-02 6.733728829307461528e-02 5.105172676340127280e-01 1.815622542844164133e-01
9.958935842896822210e-01 9.684733591542742381e-01 7.060222440021798329e-01 2.374650338256711901e-02 5.868663717814739389e-01
9.413169555370468622e-01 9.380240318801953414e-01 8.782888820855982992e-01 7.424837987576771159e-01 3.268504611041685992e-01
4.942778242854208859e-01 6.763158400463502584e-01 7.819798738243087799e-01 8.551235713033527031e-01 8.810148487861627631e-01
1.810169696301769937e-01 5.504380144805741670e-01 8.412520183185863143e-01 2.436794667444378559e-01 7.427594511939727973e-02
9.949096436040694158e-01 4.593406336166340198e-01 6.592101650324412310e-01 2.643637403586877044e-01 9.082708715551316425e-01
1.203386551990637265e-01 1.754200175620979074e-02 5.184909160841583153e-01 9.981097607723199427e-02 1.958941573319927798e-01
4.447233836467334722e-02 6.571390801251775216e-02 4.514165751217473765e-01 7.728731586105863638e-01 8.585393655970423588e-01
3.457410731772768697e-01 8.976703414012952020e-01 4.895945114221967875e-01 3.060261517957119093e-02 2.809743139362029796e-01
4.854818963917295616e-01 1.918957890392426480e-01 8.690873845906804673e-01 3.742610960584122903e-01 7.559435462980977904e-01
8.247588991450757190e-01 1.627354517953057966e-01 6.138921341558469802e-01 1.750419821853885782e-01 9.498451665984781744e-01
1.448531294112873624e-01 7.161500979856383342e-02 9.376757212097283078e-01 3.257036369461407954e-02 7.010609612994115336e-01
1.677767435590035161e-01 7.008822730034481863e-01 7.368626196058264410e-01 8.984180120589757568e-01 5.961493685770176132e-01
3.805302492945406012e-02 4.042003443140795849e-02 9.147521573442539689e-01 9.978072593466769113e-02 6.613313052006185577e-01
4.377682223134408135e-01 3.376789139345590662e-01 5.705034038684471120e-01 1.561840119628141732e-01 6.122581411544953944e-01
5.056926299558472948e-01 3.655454603144944192e-01 1.674332299241555466e-01 5.998552323312326129e-01 7.187269110883922618e-01
2.339851734485799417e-01 3.320005230218892045e-01 1.201153306549336275e-01 4.920651575029511005e-01 6.740290480462136635e-01
8.947077765666189286e-01 6.260591557698839127e-01 4.996227175866367887e-01 3.869334013736500655e-01 5.341225811590465389e-01
3.237180980393395968e-01 8.567428006380795047e-01 3.899218269857351871e-02 4.223290411291001911e-01 6.983751608231446584e-01
1.466479084283121015e-01 1.900733407635262218e-01 6.846515036647239372e-01 4.440029179641233892e-01 4.697651199421559731e-02
9.506718110690860479e-01 1.858786103598931705e-01 4.295794833709839500e-01 9.702811668755820795e-01 9.414686617498404519e-01
9.425177287143217120e-01 5.228376400379123323e-01 1.568964512378659970e-01 8.689991180713235730e-01 6.882957990105499357e-01
8.610955078936183282e-01 2.503106296545631881e-02 5.974611579659748761e-01 4.774698476567547090e-01 3.598292779957337206e-01
4.509673082068516026e-01 8.157088521188644581e-01 2.337078034639127333e-01 2.635677006389884891e-01 8.864534998384562270e-01
3.197122060424819612e-01 5.302402304742778183e-01 5.507057620193489544e-02 8.779094375353483359e-01 3.685644709582527323e-01
5.794271374288899601e-01 9.861220511834050129e-01 2.862668738983433769e-01 2.851053499343567665e-01 9.679670452183058993e-01
9.295814840103245880e-01 4.915960974209238055e-01 4.734677644280780306e-01 2.190302367170223752e-01 4.021091918685797406e-01
3.840687981429535824e-01 5.254039957293092922e-01 3.642059721228865232e-01 3.535082802805757929e-01 6.571211187923636787e-01
6.350336397226811203e-01 1.849401185715243701e-01 9.107231059648845939e-02 1.332866482897406835e-01 1.160390565341753444e-01
5.295360755775483375e-01 5.194878382269263462e-01 9.856288017492316200e-01 5.644374217940013594e-01 2.746652536888363194e-01
8.691370423111458576e-01 1.334102049980335769e-01 3.557312778414293275e-01 9.050004744932782508e-03 7.864677503484110987e-01
1.758917649015740992e-01 7.034521620106547468e-01 3.442429207070124564e-01 7.044825625238501088e-01 9.995228101502806606e-01
5.991896428868285218e-01 5.950407759682438957e-01 5.850944108026941981e-01 4.195951326630709133e-01 1.411072698917064105e-01
1.324335037476634946e-01 5.293802141340483436e-01 9.115858803211318584e-01 9.934063806090840387e-01 7.076132512711167388e-01
9.876026764249434819e-01 9.063972796295967083e-01 9.379624240040942418e-01 9.086244497321331881e-01 1.680288760077469634e-01
7.438513375892202850e-01 8.511083671156847164e-01 6.687200424541145383e-01 8.879861560508017782e-02 3.281204534516896087e-01
8.098423387319493294e-01 8.110225382060008981e-01 7.996272366931783671e-01 6.321063945806831841e-01 3.923484391745079014e-01
9.289017827701943064e-01 5.970905601690252862e-01 5.010745726631943286e-01 1.029866566106313330e-01 8.253253402326651278e-01
1.260058308377842717e-01 1.249841368922786078e-01 5.413075249659482502e-01 6.995224262492273359e-01 3.245399999056214346e-01
6.276435444743451164e-01 8.504049364812235057e-01 9.732161584493629336e-01 2.756480103888055977e-01 5.033876220432643711e-01
2.135473140241311851e-01 2.969893059129088408e-01 6.154547464115954769e-01 4.341327234810926639e-01 8.810556624041695484e-01
1.542564979976934758e-01 1.422946758347772844e-01 4.528760362941010031e-01 3.377843535095190752e-01 4.948126128285424974e-01
1.160604839681357303e-01 7.192583359914833663e-01 9.343672628795148816e-01 2.585465259206687350e-02 2.709496706770003760e-01
2.129596436632495982e-01 3.534155369565485927e-01 7.608813393321811613e-01 4.712757503453965935e-01 2.330683508357788147e-01
3.334361869937144673e-01 2.760463018056314999e-01 1.680991532878899353e-01 8.265506003297521387e-01 6.576817809178940877e-01
7.900397597653495696e-01 1.728043568670809549e-01 5.658297151125190050e-01 5.162491670429424362e-01 7.365446795888196396e-01
2.517338328585214668e-01 7.561890867343299405e-01 8.832008991235886786e-01 1.244632339665341370e-02 2.878857145893576330e-01
3.886889122836978405e-02 8.814914865834454494e-01 8.752306154768175750e-01 4.910613583260925452e-02 4.751386272965915092e-01
1.424515062499531748e-02 7.723875017984784819e-01 7.185877259511569415e-01 7.004351045842738266e-03 8.376307149679894648e-01
2.725085239685028915e-01 6.728693900770675862e-01 9.737335187296946026e-01 2.678978636940987368e-01 2.637687729831494909e-02
1.042699892507344961e-01 2.721818883569847580e-01 1.895937555127252816e-01 9.094755315021175734e-01 7.135629792617620426e-01
9.760775268113677239e-01 4.473670898673026697e-01 2.677785342409619851e-01 6.672963804154269374e-01 6.311246947779359795e-01
6.903636569973413684e-01 6.177748736510939587e-01 9.639997807977604971e-01 1.281809113357711416e-01 7.903557615164330530e-01
2.279457459722561419e-01 7.845393841438110805e-01 2.359601336507577418e-01 7.502502800649013537e-02 9.250430968152197897e-01
7.131237898990955282e-01 7.468894286499583313e-02 3.302779116791002556e-01 3.982844918101047238e-02 5.853694591260899527e-01
5.553374533854189554e-01 9.229618304973649101e-01 5.475651433590046357e-01 3.601006330927299937e-01 1.772167667452307915e-01
4.885970505807694098e-01 8.368109747871484982e-01 7.594254238769621024e-01 1.353688593393663764e-01 4.045765570309931558e-01
8.117700540139616283e-01 2.820572924757791533e-01 6.581876998458888739e-01 4.554036404289130147e-01 4.087103921204277013e-01
8.626455966201425074e-01 9.936287448364996555e-01 8.260392824196918227e-01 6.311346099020096467e-01 1.625524008931362729e-01
8.823967046891765253e-01 8.650568890956190637e-01 7.071700964128884159e-01 5.268265447304423255e-01 2.187665156952197654e-01
1.615685581913003377e-01 3.261128418354175551e-02 1.847592033359980457e-01 7.984392123486013793e-01 9.002327845218817126e-01
3.822804815678537693e-02 8.685381676160672804e-01 8.456393595264339869e-01 1.664909922660741115e-01 8.512003089483454188e-01
6.375950355319995877e-01 3.636525369433249999e-01 4.704056698974016237e-01 9.961692898939843444e-01 4.836267590699193653e-01
5.965881154292118627e-02 9.844700708846576553e-02 1.512971742294406674e-01 9.833887216366961059e-01 7.233713696939302329e-01
5.878165097259315797e-01 5.913293210433654412e-01 7.642508010356265924e-01 4.269266090537777725e-01 2.096287041150350916e-01
1.721367153781561132e-02 7.124819333086971351e-01 2.281802340853484878e-01 9.356432043611957461e-01 5.068146681527494479e-01
6.422652284275298662e-03 7.016089679097463616e-01 2.468434019880756392e-01 3.977940111250255484e-02 7.511920242259576552e-01
7.700112853844097716e-01 5.709544583818294550e-01 5.958603523182088857e-01 7.720491628151064933e-01 4.402347714492257369e-01
2.147428311566446091e-01 2.397438128235315213e-01 5.834785309600889480e-01 7.185086531276564381e-01 5.224533546750286250e-01
3.130138838779483734e-02 2.095532760200469191e-02 7.943031271319771491e-01 1.107684801569194244e-01 1.248005111398169387e-01
