8.788261783826178952e-02 8.187707408114970331e-01 5.237068681841290374e-01 8.605937072455684955e-01 1.717046876871486383e-02
1.472507971193642851e-01 7.339933258684750994e-01 2.643993661613827095e-01 4.258036647884012593e-01 9.202205807917148705e-01
2.128713964191153440e-01 4.951187681589003242e-01 8.949137193659064682e-01 7.631264269483664098e-01 4.394645097075443596e-01
7.440443100827054401e-02 8.436345144415644537e-01 8.308429863131258086e-01 6.158936021246804726e-01 8.263998714894662534e-01
4.933102222631309264e-01 5.542031895804212516e-01 8.377219528992468911e-01 1.698180569799797590e-01 2.144459997662141459e-01
1.685774904987130673e-01 2.543273139911259584e-01 6.796452179437839636e-02 1.874453835309565219e-01 4.205807335124789326e-01
8.877257918877061726e-01 3.920460646299783747e-01 2.040208141448316415e-01 5.975363810335073689e-01 5.181892513602948114e-01
7.045264193397471342e-02 3.452873698084968357e-01 5.123103754535787147e-01 5.641654982152048969e-01 4.581443814023419270e-01
4.146293171165776892e-01 3.267674685843831028e-01 7.578374452415242990e-01 6.355403176098769480e-01 9.834958811921782340e-01
6.890774369330555649e-01 7.952872670907173980e-02 4.430784181192670701e-02 9.314281093401972633e-01 7.938429756137177495e-01
8.305121094235662360e-01 4.630068052271695267e-01 9.582881889449735846e-01 3.220335157545526350e-01 9.326627283591859552e-02
3.249769047702510960e-02 3.911210529822088944e-01 2.546997758889162355e-01 1.530036270273014143e-01 5.441129052630925278e-01
9.428463679163427980e-01 7.670579110981066151e-01 1.950236931037597765e-01 9.242475423942634327e-01 2.897616629476009731e-01
6.052760011381936867e-01 7.078794231924586677e-01 8.086075017101594931e-01 7.605367707961263601e-02 6.941822394408755370e-01
3.724361794259882785e-01 1.919325425390472351e-01 2.082537980903329533e-01 7.028707343516658046e-01 4.102584769771195905e-01
6.937519778129841441e-01 3.858549634978670761e-01 7.643964797971763980e-01 8.912322252658870791e-01 5.276585637585703426e-01
8.791971641334180854e-01 1.901353718730789399e-01 7.156757359569810850e-01 8.645173819371775314e-01 3.679059105053698042e-01
4.373229091777416366e-01 7.137580705274906290e-01 4.012229876585930999e-01 2.837895506139582746e-01 4.896214099921223362e-01
7.132559562138680587e-01 4.374835648841729485e-01 1.106360259359608911e-01 3.685211430574121261e-01 6.569446663828398814e-01
8.620042086375624413e-01 3.196276379945839352e-01 1.574618777062508634e-02 3.659230287240867741e-01 5.001092799571948966e-02
7.272051925212883461e-01 8.058557225594058515e-01 2.462974889203327633e-01 8.054715375484685635e-01 8.781141289186553678e-01
9.908565173689263261e-01 7.583548730912464952e-01 7.815787831239143779e-01 7.015970410265508495e-01 9.187904093502400338e-01
6.588103873299993030e-01 5.586299139095340927e-01 3.681768807981196101e-01 2.070530319961471077e-01 6.606869914816199119e-01
7.487002655829926301e-01 7.843237992907218237e-01 2.483527297148757640e-02 2.209415852819210935e-01 4.241062938727446774e-02
6.842150341856728657e-01 5.518657310757276724e-01 2.444367114634806715e-01 9.151322450872761971e-01 9.451004108735713283e-01
6.155977568221970841e-01 4.854309900540155764e-01 5.310482099934131783e-01 7.572539457892956127e-01 8.254238715715973562e-01
6.905659141361939479e-01 5.731675941740458358e-01 4.709495202723584795e-01 3.839396408911920355e-01 2.294116837535254971e-01
5.660038685746069387e-01 7.662849387675408908e-01 6.024329265640289144e-01 8.681395657229186158e-01 7.396920330728095072e-01
3.772516470164929414e-01 6.826914029358233105e-02 1.412752727945809639e-02 3.190167167648128022e-01 3.134657143430882309e-01
9.296413971297864398e-01 8.501012146004709447e-01 9.137515246273131275e-01 4.291138413238382299e-01 2.458033095739010632e-01
5.431392421198797393e-01 2.851374940100428468e-01 2.174215877831942034e-01 2.307716329427134117e-02 5.509481660292312455e-01
9.552905319104771920e-01 7.352433078651151588e-01 5.706181784484432029e-02 4.401384414889994989e-01 4.881839244092865959e-01
6.219927663790283390e-01 6.947755467844139998e-01 5.893037367552217409e-01 9.506043343898799014e-01 3.663985808395071597e-01
3.536890608448934881e-01 4.180086426185980475e-02 3.558286372850183454e-01 1.713820466817649324e-01 2.982165472562284814e-01
8.257088521910438406e-01 3.069936317745426413e-01 2.615954024939798339e-01 9.763230387811666633e-01 8.635305870438839682e-01
9.780386964344669476e-01 7.345023830863012249e-01 3.575814319138922448e-01 5.885441122365083766e-01 3.175550059354370624e-02
2.418738119578803802e-01 7.222523157379607817e-01 5.772178292968010993e-01 7.119989617641198087e-02 2.879711718790052277e-01
3.232229941811055607e-01 7.448446553352372490e-02 4.632790888303119914e-01 7.766215330167770547e-01 1.317914334298108114e-01
5.522600624628420940e-01 1.427408101850614619e-01 9.070189329944616796e-01 4.187109927240069140e-01 5.831229453124764373e-01
2.773420832363591160e-01 2.811897249640681329e-01 4.670570894556494990e-01 8.676206137357820314e-01 6.777519914322507333e-01
1.842785406927076597e-01 8.994037943171117044e-01 4.791520391912904575e-01 8.310906191021185663e-01 1.189237233502633551e-01
4.803310894760569605e-01 2.233264239615101454e-01 2.754797683279016640e-01 7.205075988148466060e-01 6.615067723344281170e-01
7.780902373264552141e-01 7.686283999045039339e-01 7.282223234842885029e-01 4.955490649154077332e-01 8.345821473156279646e-01
3.358230890776020550e-01 1.814723632547755594e-01 9.713960552394299564e-01 7.776428232987154798e-01 4.906946596149387441e-01
5.241424005251221763e-01 3.394140375190144443e-01 2.427024931327114166e-01 8.218594866570854141e-01 7.073785700625795370e-01
2.047525073435401133e-01 6.521014642862481558e-01 9.886353408904142714e-01 8.231849281174961064e-01 6.873300300423282883e-01
4.722294172800356460e-02 4.827024604027492227e-01 9.138092750168225198e-02 8.969186913049395082e-01 1.363556153988818576e-01
3.398497740328431105e-01 2.416810647341751661e-01 2.478355364780144843e-01 2.479073826954087956e-01 5.310939014384068457e-01
2.351623313217698907e-01 9.445900764888761625e-01 3.616762490124346696e-01 6.801865666687425538e-01 5.015022737531006358e-01
7.725256882984173901e-01 4.883711408520416963e-01 4.546876327906472781e-01 8.482617569836239380e-01 9.226968217576104747e-01
8.853248756718362644e-01 3.384625187152652259e-01 7.126647194198997282e-01 1.161221220931814013e-01 5.315982192680016594e-01
3.497577407823783124e-01 8.899180100757420053e-02 6.007003241734287791e-02 1.069922348252236866e-01 9.913721935737396240e-01
8.862365454451477387e-01 1.232671294251199701e-01 1.901626973138244026e-01 9.048914257001120509e-01 2.806064670710123332e-01
7.638387615424890864e-02 2.837173672605119989e-01 5.257636003928256585e-02 1.733157561164794247e-01 3.274382813599665543e-01
3.766471584660451288e-01 3.106043110530428697e-01 7.960148919051657224e-02 1.377676318775065134e-01 1.159247634444594555e-01
4.153456418648570070e-01 8.235235523072790276e-01 2.824425224327140604e-01 4.885608097928177962e-01 2.931521200178567321e-01
8.391762040075347873e-01 5.010707489996865105e-01 8.991832676022678550e-01 5.644524553971655978e-01 5.177962956721084975e-01
1.177953127703774694e-01 8.417338672190777249e-02 7.072677141047200022e-01 8.298261481608520951e-01 3.551564659744228525e-01
8.591183566070983435e-01 2.554769027429810713e-01 9.617353899499914149e-03 5.411472413920785929e-01 3.474138843719917213e-01
3.892626274046745438e-01 2.133833831527809366e-01 3.241749468636253573e-01 6.720727930522358839e-01 4.451830006845699517e-01
1.391447744913273388e-01 8.443468332598759174e-01 7.932260798697565729e-02 8.100960260996934448e-01 8.392900873540903861e-01
1.233522488321925348e-01 9.006975627723550204e-01 2.459101415803662816e-01 4.262551871106248225e-01 2.450430166581117897e-01
5.789690234296445137e-01 2.005717279372187800e-01 4.410744098882161124e-01 1.599861420886505847e-01 2.868787438363645803e-01
2.565451670138453322e-01 9.361849011583167623e-01 4.489422387103483292e-01 6.563224969634453565e-01 8.987126088462789042e-01
4.676016014085838668e-01 4.124266274393858511e-01 6.550674318329893220e-01 7.259322668117004218e-01 7.670942997071039660e-02
8.426120908491082639e-01 1.676839442566482319e-01 4.703657865083584744e-01 7.671093089230929252e-02 9.519017893841666966e-01
1.374581717088506627e-01 8.340899198080897747e-02 8.485313080675968012e-01 9.692677288717224116e-01 2.492854406871920503e-01
8.475045058868000414e-01 5.947878666079939869e-01 3.079402384373627344e-01 5.416503068213115446e-01 8.454699519439564659e-01
6.140196312855008554e-01 1.170592507362859802e-01 1.989056975863119359e-01 4.784759251815162706e-02 3.341120241404420543e-01
3.684316884987127727e-01 6.579069618939469288e-01 5.368585344449838814e-03 9.827976593336948952e-01 7.647716211709393308e-01
5.083348287048995440e-01 5.713493772663169601e-03 3.029337617868202992e-01 8.957989708891853642e-01 2.831496674638805944e-01
1.959735259196092594e-01 6.872309639222023980e-01 1.772269384955627025e-02 2.004020262139694086e-01 7.544086633853802626e-01
9.407069574333987161e-01 5.707915025541986376e-01 9.501789137499299098e-01 8.285168745970438176e-01 9.911601201290217711e-01
6.580388139903282640e-01 3.031843194288336152e-01 2.739559704193721412e-01 9.496452646584198076e-01 8.533637647942360349e-02
6.507884869496936009e-01 8.376342631487977419e-01 1.901163573002995211e-01 6.079738807013597146e-01 1.787823475019045816e-02
1.165444745543370297e-01 6.213976036210222542e-01 7.625437266856194274e-01 3.152268253745400539e-01 2.403412683591314991e-01
6.689747165616555247e-02 7.549769540540678392e-01 3.616848079835243146e-01 1.287069516241305944e-01 6.690308060937335544e-01
5.978981908082485752e-01 6.989873988789712111e-01 1.549995694935515367e-01 7.316815974708530401e-01 8.861402762366221708e-01
4.316376187971725509e-01 6.966553155401948860e-01 7.444546121309596476e-01 2.835528341863613466e-02 8.684503657952108435e-01
1.718737584720710920e-01 3.774602137744680341e-01 2.385557226601840997e-01 2.031429853339068448e-01 3.675363270156921658e-01
9.481242120547489494e-01 7.296080789862291471e-01 5.146025768224644636e-01 6.469730196356421326e-01 3.113082625871963494e-01
6.081580206949358525e-01 9.164437429269332025e-01 9.274980450557971379e-01 9.103120098977557362e-02 4.916563488438641105e-02
9.564795727749949572e-01 5.113518777903675039e-01 6.345916127158005571e-01 6.250091171150246039e-01 6.079616389946128630e-01
3.251972873305870593e-01 3.997596188023921915e-02 3.992464793688188518e-01 9.726334881539485666e-01 7.249524286907312876e-01
2.070916400253158818e-01 4.555493324511410425e-01 8.801998808693923815e-01 2.754559609068296666e-02 7.991168012013086797e-01
4.989350756601180770e-01 1.978342725456002649e-01 8.752722895074125375e-01 9.235803898160042102e-01 7.088450970542238272e-01
9.386507039012673692e-01 5.589012061915910046e-01 2.199952304520402802e-02 7.855100589944348233e-01 9.795312099895905344e-01
8.040184452537528781e-01 6.487698896022616735e-01 4.417312124687899910e-01 6.359746831124817312e-01 3.656191777047772540e-01
4.444825542267727414e-02 6.284758803968322205e-01 3.062809273953140954e-01 2.157851295066677277e-01 9.635268317418407280e-01
9.993375115275904275e-01 7.656479870837989976e-01 9.416343661064726644e-01 4.372634282586757015e-01 1.363908401953197735e-01
1.596426694272765623e-01 3.724896978564513628e-01 2.919849954076216836e-01 3.133373278869184819e-01 3.504743655207009922e-02
4.006573070463147479e-01 3.986384121820278903e-01 6.256608086962104354e-01 9.152018937092785134e-01 2.127669027680136882e-01
8.253397529756805184e-01 3.557448338085383854e-01 1.023669444214093671e-01 1.015993982602024781e-01 8.821295626370417864e-01
2.868659758590805797e-01 2.147816558223176742e-01 3.104177889015511393e-01 6.908888000390210893e-01 3.558925575025928545e-01
7.902630579635084862e-01 2.303043736740999492e-01 5.022512528572916635e-01 6.468120789643153623e-01 7.850070930579826634e-01
8.463710846928471643e-01 8.735780053602704154e-02 1.398665695843589463e-01 1.406569973283131603e-01 1.492318954407156895e-03
3.878443565690670169e-01 5.398976790634888445e-01 4.202884239845561254e-02 7.147570805622116552e-03 6.213921755617031195e-01
8.702384683269109855e-01 9.237675364067062800e-01 8.697944376399832089e-01 7.858339386078977418e-01 7.326745059976447205e-01
9.175153566550916517e-01 7.298135165652921419e-01 8.379759835470749207e-01 2.311352034012401635e-01 6.151299490124800817e-01
5.027831608584490963e-01 3.895515515214175162e-01 4.731284220623991343e-01 1.087315909589409157e-01 4.957381995586170875e-01
