8.760824700339385762e-01 9.186011711040916738e-01 7.728672489107257793e-01 2.899711756732555878e-01 6.389970585482528387e-01
6.215605246792461624e-01 1.425082940497948147e-01 6.883474076052249480e-01 7.382797410098201896e-01 3.320478070302146367e-01
4.842567895066973716e-01 1.140163560811408017e-01 5.078084281943300304e-01 3.514108945725055166e-01 2.833791250962311992e-01
1.960223427943481589e-01 2.215124406673771862e-01 3.303970088420371543e-01 9.033166764214232147e-01 7.882934288524190425e-01
8.330427436544107778e-03 4.131802224529596002e-01 5.830677274114800523e-01 6.859767642484995154e-01 2.634833787498653823e-01
6.763249455662344589e-01 8.505892360684841336e-02 6.115625866063885141e-01 4.491210414762639713e-01 8.459197820725969930e-01
1.320612212598997193e-01 7.814841572199164865e-01 6.661202338016606328e-01 1.736915666978720019e-01 4.797441130823247857e-01
3.208836621204278483e-01 7.257191426610615226e-01 5.622337607744712917e-01 8.796772005029637187e-01 1.429073060045258359e-01
2.598873552702718470e-03 1.674543893446160947e-01 4.118147874030734235e-01 7.418535528844251159e-01 7.683430809638108760e-01
3.390027142762515044e-01 2.359970916310181188e-01 7.623989920401619269e-02 7.507923800331112174e-01 4.557943232915445675e-01
1.106952113075493349e-01 5.095354820808265517e-01 2.492675745402735954e-01 2.669414681902188002e-01 8.662933171335374105e-01
5.585103603894124857e-01 5.406573584755146600e-01 2.571072611545561770e-01 9.623561835208008786e-01 2.986034809413878888e-01
3.152173765446930620e-02 3.448470040090582112e-01 8.870488396621289962e-02 7.887484294399044193e-01 9.580446060300263911e-01
3.339122649043584357e-01 1.240047732959221882e-01 7.518913957652270108e-01 6.212448478583229017e-01 6.241140795584497747e-01
2.914821944242461660e-01 9.427500456502978521e-01 3.957440720111876642e-01 6.113619041209522598e-01 2.228467521756499758e-01
2.648767296686318495e-01 4.838798410798026417e-01 8.262737867812869341e-01 6.539285590985338681e-01 3.766126952553444651e-01
7.793540760404671364e-01 6.448427605541759977e-01 5.596438314368162859e-01 6.299295560237091474e-01 7.178193091989860664e-01
3.605646674644872318e-01 7.252190903763113816e-01 9.583990316999362324e-01 2.796131516525168781e-01 6.193025172697896874e-02
6.465928781872617437e-01 9.460289419841900749e-01 2.826807785387506211e-01 3.567778135312948962e-01 1.619022395334257514e-02
3.890894338605035419e-01 1.317569477099100883e-02 7.332207291297498930e-01 9.512266966738546214e-01 7.045454480366298844e-01
3.904078341206651537e-01 1.545698395432586469e-01 1.439015585265613906e-01 3.797204223353658481e-01 6.111060036418575203e-01
9.893529869049211278e-02 2.506588159081257761e-02 5.540116886209345282e-02 5.191359193499130997e-01 8.645759227107844280e-01
5.824319446811521139e-02 2.653322947271122834e-01 8.950357289516337467e-01 2.803524233699420387e-01 3.662895309556244428e-01
8.732335362734040540e-01 3.684099583292611557e-01 3.899940532875377786e-01 6.246332458213096350e-01 9.762201074272729429e-01
3.491001509237249278e-01 7.956876719775415330e-01 1.968215954950701674e-01 6.020549840112511264e-01 3.799437102839174907e-01
1.109483444026742038e-01 6.599463287586541105e-01 8.823431542343098677e-01 6.040207319182557821e-01 8.321452456370546091e-01
8.330474048108090779e-01 5.080944452664333255e-01 5.272603677233411723e-01 7.053619030483695429e-01 7.337682460390065886e-01
6.550669976277271322e-01 9.398392616383210996e-02 9.844853678823112242e-01 9.865699975009745160e-01 7.289139261455801488e-03
9.409849959451881407e-01 5.909788635969633885e-01 2.790020459115488682e-01 7.632734884768022088e-02 7.480981416706433684e-01
8.210844428728657496e-01 9.544641812621437182e-01 2.144730255526524632e-01 6.641487637462113458e-01 9.163192395547925528e-01
4.248894390589783576e-01 9.743385675822601177e-01 1.725506808239739565e-01 9.984116547177848133e-01 3.275840029146235288e-01
6.915872744686970552e-01 6.968649975123889506e-01 4.102499123822800353e-02 7.387338890948833559e-01 1.751345185871060472e-01
5.285715913587694104e-01 2.374460153883741764e-01 3.636530199906657934e-01 4.453798832631301607e-01 6.832371783738423465e-01
9.506934640896114175e-02 9.776982101258069324e-02 9.681281981692382299e-01 5.740868023814604815e-01 1.745111092264631791e-01
3.509411049325049659e-01 9.607280583788014861e-01 3.962216818042270106e-01 2.975659801426238094e-01 7.482793259330525748e-01
2.785949089677642876e-01 5.230672522474152375e-01 9.692796132280648846e-01 9.851171337091051416e-01 8.768420474808477083e-01
7.008211501429899570e-01 6.266085178604031691e-01 1.857007654119058326e-02 9.416576589801828323e-02 9.772099783408274565e-01
1.577926860784403251e-01 7.863283650358753318e-01 1.944004953610088959e-01 9.759424313214956070e-01 1.830379124132808233e-01
5.525940141307384978e-01 2.906227962980600932e-02 2.347156688931720803e-01 2.824488060550770507e-01 2.723867411014818662e-01
5.128012519571863992e-01 7.420932243830664632e-01 1.538901988422634037e-01 1.384841942779673207e-01 7.015556184550286734e-02
2.080155019465490529e-02 1.337515551321405427e-01 7.647395068287415887e-01 6.933328806024773305e-01 4.246750138039434574e-03
5.137566770492759671e-01 2.090670616000654958e-01 1.190276856281028417e-01 7.450983803875017575e-01 5.486739944619123399e-01
5.550891984401773449e-02 7.472312032468430010e-01 4.831584698252411325e-02 8.962624207042264590e-01 2.249291643501943883e-01
5.017143906365604256e-01 2.865427791795861490e-01 3.216093108555654334e-01 6.661757195438732237e-01 1.843037382510047673e-01
4.576547862912577758e-01 6.761580291651250185e-01 8.852374955203144991e-01 8.532677075354400120e-01 4.707913569404271747e-01
6.767251552857611596e-02 7.482302568717226210e-01 6.284090038463120420e-01 6.643789896079305146e-01 8.269195385104988194e-01
6.777452960874592591e-01 7.226732041694552411e-01 6.369821403179106722e-01 5.028039487912041583e-01 1.951746962489797621e-01
3.504149981440239925e-01 9.980377422162981516e-01 2.408977862416894489e-01 2.481033868952003951e-01 1.918637726135222765e-01
2.598396675520200372e-01 2.206603311300333603e-01 1.255626859263682116e-01 3.416424595623386296e-01 7.344813513518493320e-01
9.219495967705471084e-01 9.130654973203459202e-01 7.954446807256906338e-01 7.481765883451204635e-01 8.550521922931539898e-01
7.305359848313411897e-01 7.438540224496944520e-01 4.886437475928890883e-01 6.389905838734263321e-01 6.242777846548051013e-01
1.044188861782242572e-01 6.607904089826480698e-01 5.343473102709825895e-01 1.262416824964756046e-01 1.897951650009455093e-02
1.489205644006790230e-01 1.763588161308489166e-01 9.195722420139973430e-01 9.801728084742549196e-01 8.924923971576981252e-01
8.545866035749921652e-01 2.959954925012522331e-01 1.320766769802692586e-01 4.900687179118845549e-02 8.053416735485319222e-02
6.097753634575286963e-01 8.031320891504678539e-02 1.122227516475793330e-02 4.391113824763248630e-01 5.151573602570913568e-02
9.000404877336790621e-01 8.579197923961013883e-01 1.022993192168997201e-01 6.284428550125288337e-01 7.838126672593521693e-01
7.924300081450131872e-01 8.170168403010603653e-01 9.460866483932652837e-01 1.401713213296063021e-01 2.348467154562192682e-01
6.343392131438089221e-01 9.257386449358806502e-03 9.825210253427851814e-01 8.474330459926734394e-01 4.761589978923967958e-01
8.610632050783992852e-01 4.384420138337370432e-01 1.955242105356166382e-01 6.510583004358106995e-01 2.399717664213725232e-01
2.256535210841618122e-01 3.735401880116430151e-01 1.849514389803486036e-02 6.194306431488686426e-01 8.383802852410683348e-01
6.935275330422141504e-01 2.909440381814812904e-01 1.239054154220348147e-01 4.975649794581071816e-01 5.080850627628568095e-01
7.057114204852317219e-01 8.264854225809897814e-01 2.503253335505791766e-01 2.974498283713629121e-01 8.791444816402950169e-01
7.859124325792349319e-01 4.213628540760542274e-01 3.454476065029509213e-01 4.443867484770559484e-01 6.647314543430392630e-01
6.410925824195489175e-01 6.375562889138542966e-01 4.358171005562111455e-01 2.483910213833135927e-01 7.006133487923352776e-01
1.051877542877297511e-01 5.958645193779844584e-01 1.086075751660680044e-01 5.726023176616469312e-01 4.959433282178168367e-01
8.501379177400103515e-01 7.115224118447559531e-01 7.418015199598756437e-01 8.399408007146761390e-01 7.451466321989923536e-01
3.399511369096434032e-01 2.285802330529611570e-01 4.463341306978644285e-01 6.234098788915981570e-01 6.976353660487460973e-01
8.442202243567615838e-01 1.057900402053346678e-01 1.891114157937396900e-01 4.585308799934905144e-01 2.294667394097757995e-01
7.552818595417719605e-01 1.125125902089333385e-01 6.205431820012184962e-01 4.167428786198251744e-01 9.700241687178052796e-01
8.752364551138217541e-01 8.017380345167343103e-01 2.017959369422436255e-01 1.836623707870775890e-01 6.483363548272861321e-01
4.250482853159530672e-01 2.512169728633890653e-01 7.808421812322861033e-01 4.848830488615732959e-01 6.942491250839580852e-01
4.519526314862692962e-01 2.001029160081148062e-01 1.893348452789133107e-01 8.765155695426449789e-01 1.185947276359496927e-01
8.000948648591678092e-01 8.086602811562187965e-01 2.090597642800084976e-01 1.231497216437414943e-01 5.046365424035834657e-01
5.422229581516685437e-01 6.863791993179195750e-01 7.928922995329871215e-01 7.579794540122044566e-01 5.986528793814127614e-02
4.628664715476558111e-01 4.510590969498690095e-01 6.535383700749027858e-01 2.448639471987962279e-01 5.369099125963106012e-02
2.925068395433961799e-01 3.959965853960409898e-01 5.607188129964186807e-01 9.880819131602490701e-01 4.546360333221556305e-01
8.184889275221031157e-01 6.611394599001741978e-01 7.947228318572999717e-01 9.752768431171118246e-01 6.921871290729630921e-01
1.017386991754043457e-02 6.743150335690839547e-01 5.198165452801480901e-01 3.043497962959371694e-01 1.320567026037645642e-01
5.839939108713737559e-01 6.788039434416630602e-01 4.026512255438254861e-01 3.507472188639332300e-01 6.828962409277302692e-01
7.782013007844001962e-01 1.110634471371746423e-01 1.450292994311889183e-01 7.324759712220302310e-01 3.206667123243623907e-01
8.848773277318420227e-01 5.653846848636543410e-01 3.961174099202127152e-01 9.193560943281575693e-01 7.914418452284415206e-01
2.291320131525736992e-01 8.324290836264602866e-02 7.398967781111955855e-01 3.214176739865578503e-01 5.717951919026362795e-01
5.393304711713430288e-01 3.615092041772915987e-02 8.990723291138899009e-01 5.935073955184112515e-01 8.238478577207463127e-01
1.573237600393947444e-01 4.823436785746501032e-01 2.454769695207743574e-01 1.975886095150201083e-01 8.414304741158635803e-01
3.965665823349191488e-01 6.804705980341574367e-02 1.307045910934121480e-01 9.143195217921082918e-01 6.445218843238309514e-01
4.020280023894088339e-01 9.277853562187321490e-01 9.166669327585059701e-01 1.601152207278102590e-01 4.311353021748366432e-01
7.352369108548543197e-01 7.871190296333242520e-01 4.828096743321952378e-01 1.210176521648158587e-01 1.153674092719982891e-01
1.408228492482457295e-01 2.409074334042379251e-01 4.567286314289819016e-01 6.324835644457381667e-01 1.894575326516656499e-01
7.504299039004993510e-01 6.638961419231820260e-01 8.923136625134898692e-01 8.733632314897034066e-01 2.630368495792380079e-01
9.197637750353099273e-01 7.676656373249318710e-01 4.393893088893731091e-01 8.742950077416629107e-01 7.829648338961412435e-01
1.062799092975279525e-01 2.523402971030933584e-01 7.992419188151302922e-01 2.795137136178549309e-02 3.848742492520711433e-01
5.461509311041792269e-01 2.658323926654473368e-01 6.226766713347513527e-01 9.785152607073275277e-01 3.165641921271018511e-01
2.540928421734933718e-01 8.532325713005598500e-01 5.763751412446715960e-02 5.562325459546476614e-01 3.384381006293480931e-01
1.984429054269398751e-02 2.588148857414808157e-01 8.303689490046084476e-01 5.207082593019818351e-01 5.601567975383137110e-03
4.132859770179628800e-01 1.414900712706371744e-01 9.062117338584774195e-01 9.125568787600351062e-01 9.441888159015544568e-01
7.028375961623815060e-01 7.138804568248194871e-01 6.056327022301851715e-01 5.807204253578014397e-01 1.377120393733487491e-01
4.548082984301645704e-01 6.385620231749716824e-01 4.227340842031894752e-01 1.655280645356109748e-01 7.156259140686692666e-01
4.950476193931487856e-01 5.688313633215622556e-01 8.400717619778369505e-01 3.794522286701917935e-02 4.592781131474218403e-01
9.178970520226654717e-01 1.344556349868306633e-01 3.998197365793609848e-02 2.911279824474251043e-01 9.034916012056363188e-01
1.083079495574335027e-01 6.611267236477548215e-01 3.626189310116775255e-01 7.554912206303104893e-01 6.616839799197287153e-01
