4.434282197686820748e-01 6.373962279957314792e-01 3.424768005225946599e-01 2.533043470796085828e-01 2.548638184285633157e-01
7.221907941740035586e-02 4.766452696077103646e-01 2.515820783366836677e-01 5.551644242991108369e-01 1.367759598119060449e-01
5.932697780503652929e-01 3.505586048912148200e-01 4.557253899193103308e-01 8.874670702529934285e-01 2.300747345075142558e-01
1.256701135603536246e-01 7.723373035653828822e-01 6.555705500870758762e-01 2.089064798247528554e-01 4.022430598741081331e-01
1.340472700416309726e-01 2.512719829650296166e-01 7.359669295079092066e-01 4.947200392582098427e-01 3.573536589530470486e-01
3.239796674799829690e-01 2.560702524330170649e-01 3.692005387663087612e-01 9.278622806558700642e-01 7.916245662006817785e-01
5.937894192845127872e-02 7.755902885390317802e-01 3.989872679914792108e-01 7.110900865711494712e-01 5.380449533430123887e-01
7.952942421948498986e-01 6.154251473196128419e-01 3.246889122034182229e-01 3.314018171248022115e-01 1.885631667746490159e-01
6.158478302805896476e-01 8.928320412685186724e-02 7.171773720111742634e-01 2.586213889628181661e-01 5.028852227852877999e-01
6.680359212967164062e-01 2.394576145430064029e-01 1.882160582852762110e-01 9.660592009493502719e-01 5.297771858108835108e-02
2.967066063809242760e-01 1.888224774352272872e-01 2.245101909347362312e-01 8.002352456144242732e-01 7.172440967554980507e-01
3.041927867350249226e-01 2.893368677364294150e-01 5.012389862597922408e-01 5.746278815374494808e-02 3.766903416906437485e-01
8.072862809780434468e-01 8.186703863236055589e-01 9.042038847369435750e-01 4.556773133666840447e-01 9.938472487971650171e-02
4.474787073100364720e-01 6.932633048033254308e-02 7.355922977719088207e-01 8.122453168584323757e-01 6.994512457100146019e-01
5.634266496025064352e-01 8.522164769075211144e-01 9.505828782240000052e-02 4.258738089172420249e-01 8.888960809625661152e-01
3.859198141237881741e-01 6.306448001649465063e-01 3.296355207147239064e-02 2.043179613935404149e-01 4.752899607271713345e-01
4.400289672706468869e-01 1.725311148924103533e-01 5.318104060164956515e-01 6.630678926408255514e-01 2.345348641376109322e-01
1.721609000431469916e-01 6.427893968431304117e-01 1.722223126174859953e-01 3.137760628924329831e-01 7.610539177078877726e-01
8.949231977970895091e-02 9.339886153226855114e-01 1.046311517101196076e-01 2.810955624273226983e-01 8.613750131664664744e-01
7.932943518982863429e-01 4.740599934253419967e-02 6.945212245466008127e-01 1.961602271058877633e-01 9.017787449588646753e-01
6.628945792050908725e-01 2.512271366372473835e-01 5.745893575204815695e-01 5.174307506186344163e-01 3.361375385690030804e-01
5.788436767353934975e-01 5.871360347445906402e-01 5.144345795352829320e-01 7.983324572874561653e-01 9.251597522481811442e-01
3.518796210912449318e-01 4.106240249951869092e-01 6.886958634878770358e-01 5.306935805904980930e-01 4.701533505610646646e-01
7.411832887944471704e-01 6.306050626260183423e-01 8.675589383859174664e-01 6.436786382447200472e-01 2.283276837884469224e-01
9.083079342087549968e-01 8.702811056299605275e-01 7.796776245101181280e-01 8.543271971031700662e-01 3.163694201593154620e-01
2.608713520572716327e-01 8.914575428785415090e-01 1.982131868071373981e-01 3.738507910923585253e-01 4.760429951387923353e-02
7.787962671770902734e-01 8.679241660026726368e-02 7.780474395648836472e-01 4.511420218596947640e-01 7.136511504848583876e-01
3.437203719983158434e-01 5.518251727818626051e-01 5.563161367639091193e-01 5.876074862054686543e-01 7.473690111084396737e-02
7.759552935590325884e-01 5.747164033601070976e-02 6.408315048456766361e-01 5.118658976499990132e-02 7.678989476904386491e-01
8.515904576274735405e-01 1.927498758627644859e-01 2.355669484091261756e-01 8.113466586632324118e-01 9.734805296621853454e-01
9.627859367220960030e-01 4.048046728011173157e-01 9.739306610690781074e-01 8.467022902860170674e-01 2.557556044919225835e-01
5.180866284610411432e-01 5.871855463517573481e-01 4.052424383357999815e-01 8.404225740453752369e-02 8.287466373070377923e-01
7.668673587326515495e-01 1.591099777585338604e-01 4.648626535935100890e-01 6.954437807305867691e-01 7.871628892693448565e-01
6.986346529892883961e-01 6.938363745121970405e-01 7.388280130178482841e-01 4.765600830922955833e-02 5.051790069896255897e-01
1.723743305495663014e-01 4.770634131234749997e-01 9.890508074445142350e-01 7.233771718615782387e-01 3.929728163755327186e-01
2.821990436889634246e-01 6.856490197312526957e-01 8.134176723020580813e-01 5.947339192389278217e-02 5.769923021514882233e-01
2.174725501259111571e-01 1.207303281411289397e-01 1.969891230776531499e-01 1.422911181557400262e-01 9.670284559248089051e-01
2.378226223571933140e-02 1.764626678132986681e-01 2.047407545229760206e-01 8.760392668396482785e-01 9.283489371307976912e-01
6.378743593744802265e-01 9.695935221307077079e-01 1.712395706202433088e-01 9.744618662565193157e-01 2.198061388098051516e-01
3.525512507491356251e-01 3.730797897955766551e-01 8.932241581149005238e-01 8.859024212504152951e-01 2.536741293494174654e-01
9.265538194317579634e-01 8.641544911558740605e-02 4.636044189123385006e-01 8.754263871119570828e-01 3.320776860472361980e-01
1.176220829126607414e-01 1.792645953155191929e-01 8.374171335647666581e-01 2.637204260850910531e-01 4.964164135177167037e-01
2.185816436987033651e-01 2.336306885932604160e-02 9.720162747710748841e-01 5.989185621402925985e-02 4.033321845925493809e-01
9.624065808222238561e-01 6.651997191422507338e-01 2.680818822252266642e-01 8.002685942870211289e-01 4.254489718733529546e-01
6.672778428210035528e-02 2.098665726471938830e-01 3.072006169915700857e-01 3.502487268070426651e-01 6.457320265605865917e-01
3.530928042878646034e-01 9.415440784886037751e-01 6.237776867152398097e-01 8.813465818023408227e-01 7.163289160735315519e-01
2.990489313798633253e-01 2.437420570487125460e-03 7.171658254805525212e-01 5.581219494799151137e-01 1.732072940765072566e-01
5.946211994284757996e-01 9.938258693425594537e-01 9.784228265559979931e-02 2.083093230486124936e-01 8.062114523141403755e-01
3.912665863747495365e-01 3.193512477551203599e-01 3.221523452153796097e-02 8.881047418054255349e-01 2.051200814049336518e-01
5.794750486891830921e-01 3.523243071688371142e-01 4.915584072657932513e-01 4.573908448254793147e-02 4.371598321828351619e-01
8.481741770512496448e-01 5.169471430722009098e-01 6.408140040914167557e-01 1.562901733247102909e-01 4.324964765651975185e-01
8.278939952114667822e-01 1.534719406901960959e-01 4.028835962157830686e-01 5.210981477467291345e-02 8.657186027301722042e-01
4.030389150031132850e-02 8.114454454826075525e-01 9.182408601210619858e-01 5.659193826463174704e-01 7.987910591614388878e-02
7.958648859225799788e-01 8.004992005683073675e-01 4.343333298282504584e-01 6.919103201316602059e-01 4.353775843549470004e-01
5.790390567772684127e-01 5.643903857688017389e-01 2.786336574927303911e-01 5.089345361489183706e-01 6.642110792849463818e-01
3.844903950474731769e-01 9.369495476223641539e-01 8.094514275107219659e-01 9.653818618477957303e-01 8.177431708635904961e-01
8.602384027261409383e-01 4.041549323248205816e-02 4.240987247514776959e-01 5.610305682364004065e-01 7.280329614525383741e-01
7.990809327651423599e-01 8.417753104902364614e-01 1.455735466345893236e-01 9.684163969081127643e-02 5.920093885748994866e-01
3.603882343357723839e-01 1.799534713949979547e-02 9.746727742060533606e-01 2.881936005557985681e-01 7.899325960271706970e-01
5.338913678719912070e-01 3.289351143014618284e-01 5.004876654162260241e-02 2.714689609020959349e-01 2.376591634346388870e-01
8.686024287643998587e-01 6.747483404849830002e-02 5.464056560098111692e-01 5.785198105056577056e-01 6.131660449179936467e-01
3.424462517386525073e-01 7.194320757478770423e-01 2.162537956521093374e-01 5.133708087264713393e-01 4.232034652623124504e-01
5.827278297117765016e-01 7.664416372270500544e-01 7.602415728778303405e-01 6.783759153039430334e-01 1.929008574585863167e-01
5.220010848437535156e-01 2.647899133278274197e-01 9.943706222213121171e-01 8.903765062251063345e-01 2.469743850411038055e-01
2.139238179891633784e-01 7.958005410618507192e-02 8.913042694777691954e-01 2.530176219722523046e-01 1.261512588476998431e-02
8.794939770585444849e-01 9.824553238030405700e-01 2.739087695523384491e-01 1.168241324233310063e-02 5.060357205512568957e-01
2.913273210657604251e-01 9.697364737425089309e-01 8.205164113056402364e-01 9.633698583262103599e-01 4.843748697986349772e-01
9.922655943135813006e-01 4.778338951095016940e-01 5.684302794275115644e-01 7.005132194224966691e-01 5.601447968622262907e-01
6.399941447009359630e-01 2.609357802491250045e-01 1.400145472616841635e-01 5.090982522830839185e-01 2.273546772813341832e-01
4.945601491368082359e-01 3.238907031878032194e-01 5.934696873182890853e-01 5.776216684434358761e-01 4.360217643710521118e-01
3.307580070891311674e-01 9.726144318987395287e-02 3.830471266874990732e-02 2.653792864833061094e-01 7.387890665513335842e-01
6.200350802798644256e-01 4.420746967325608345e-01 1.784353830586249412e-02 5.778367274497087092e-02 1.569106333319139068e-01
9.780396566645001011e-01 1.854086118731835819e-01 9.410219601623359686e-01 6.544852385106013637e-01 3.327670297755602746e-03
5.454232413749242614e-01 2.637108195221894436e-01 6.534114761456444320e-02 5.656600320332183518e-01 3.678228798505739361e-01
1.180429381396840283e-01 5.755543543772659865e-01 6.466033483559346928e-01 5.612695329796720811e-01 6.220960921217640882e-01
1.142444613804585174e-01 1.040369253682001949e-01 6.126142505762871560e-01 2.845717231403258607e-01 7.873099895190235342e-01
2.483459374707223111e-01 9.967089885149625905e-01 1.961560450367719755e-01 5.839396460489264529e-01 5.212101098111809883e-02
2.509868133389079325e-01 3.742702292712152268e-02 5.712815036551122105e-02 6.211295459182616385e-01 6.641816169723729901e-01
4.499129265038347425e-01 7.755432975197902312e-01 1.600085308920340399e-01 2.539773631972468415e-01 9.320311200770392546e-01
1.744590534446989194e-01 1.575477243414237227e-01 8.773608263568487553e-01 9.966713287457591441e-01 8.278955595238500775e-01
2.544811317051027810e-01 9.491756664098403018e-01 9.992421371106623429e-01 2.380691205913409991e-01 6.855239516954571011e-01
6.554941995173944047e-01 6.585593337247699353e-01 5.232040384764632401e-01 1.105789926267386480e-01 1.257228630646245460e-01
6.269696109043765286e-02 3.386882375707578330e-01 1.285179103661487909e-01 4.832663317312361206e-01 5.647301306518102137e-01
1.536494926714100373e-01 5.103724357815941914e-02 5.214217139759423914e-01 2.101185388159499956e-01 1.395580059737466794e-02
4.057423345815809324e-01 8.152255144286560951e-01 8.504522359593358338e-01 3.785601270954849218e-01 4.280064368996328028e-01
1.953344195825335028e-01 5.887713589666377922e-01 6.963386346991350395e-01 6.493090058854802393e-01 9.468573564613934623e-01
8.336559267034182596e-02 8.227332122724855257e-01 1.585138600104452067e-03 6.590784807475296159e-01 5.136025355564339812e-01
8.396593380567255460e-01 7.718338229908069392e-01 4.878602800071218937e-01 4.204402697392682908e-01 7.861405800225969021e-01
5.160912628068584640e-01 2.557359182955109000e-01 6.055000060800549422e-01 9.638622354644496015e-01 8.271402990002060251e-01
8.986697284841829170e-01 8.571216794047141763e-01 2.192499240576140096e-02 4.161847112954326633e-01 7.936176486306169009e-01
7.833530865846046742e-01 4.870129365958009160e-01 6.903449419414612320e-01 4.222821485550656284e-01 9.889704333076466680e-01
3.171713259054121936e-01 1.602856869725467481e-01 5.260271704506491730e-03 8.476526150056686859e-01 5.673269488642960212e-01
6.715405318648215438e-01 2.698719947558845256e-01 7.108309074518941451e-01 4.123034524425073233e-01 4.506633398665248480e-01
5.529141716037488941e-02 5.894626929912993862e-02 7.823418035605126386e-01 6.378596868023944655e-01 1.058769180094791817e-01
9.417689393874257853e-01 6.310098870808714677e-01 9.783854341476481142e-01 4.532235221784719492e-01 2.092431577946932686e-01
5.601615135363247067e-01 6.799893289119478546e-01 3.490364225497961659e-01 2.088110780557412838e-01 6.738015850033640675e-02
6.872262020052408715e-01 4.357466250137005392e-01 2.270335434178900602e-01 6.861204061832881784e-03 2.888829905788639074e-01
2.380581674395954028e-01 6.533780946467893092e-02 2.447268478705162398e-01 4.273122407281326751e-02 7.827241772099047257e-02
6.723340402857653775e-01 1.981711909480342593e-01 2.506727021087216123e-01 2.995487665899545515e-01 9.962808354966197211e-01
5.228007372241134654e-01 3.712702438893122903e-02 6.249055897248781966e-01 1.880083956544358337e-01 2.828572978082943834e-01
