8.415617396726968735e-01 8.670696513592397459e-01 9.649940743460545534e-01 1.623313658202342191e-01 9.549715596895724801e-02
1.992432553727842004e-01 1.596900643705786438e-01 7.068233578503729797e-01 2.967196749377045695e-01 6.881437573345549064e-01
5.528565426116907044e-01 5.330305873138548867e-01 6.049435234760593971e-01 3.590272180008269309e-02 9.860449571531401114e-01
2.974848459625043517e-01 1.595694717212431391e-01 2.035036474685870678e-01 6.361556728667220328e-01 5.094221060228441011e-01
9.187149324191933308e-01 9.153240909060212926e-01 1.291612411138319816e-01 1.647988694520479136e-01 3.015194256821841501e-01
1.256700214760956280e-01 6.135540928642503333e-01 6.857544476618970819e-01 8.048781273040427342e-01 8.910144263646777585e-01
2.228949363415567708e-01 8.294165767304144676e-01 9.502322037954815670e-01 9.005600694681131779e-01 1.425086264062508379e-01
4.388006844807827989e-01 4.042857402461580429e-01 5.630831574840079456e-01 8.573573958134461659e-01 7.848776271352958522e-01
5.375366791831540647e-01 2.533452253642799468e-01 2.186717571299834351e-02 2.100372450969262283e-01 4.766873636239741252e-01
5.418960818091885789e-01 1.122480526793083744e-01 8.284741386976467448e-01 3.727823384117049388e-01 7.059184464970110762e-01
8.782961581724019196e-01 2.931576112082469043e-01 4.940703273298436837e-01 5.189353877563042117e-01 2.648551866662087750e-01
3.825462668451027337e-01 5.135260382119238853e-01 6.971063909665224934e-01 5.571595672012049638e-01 4.584955457335538886e-01
7.938136123711972969e-01 8.873084496625515127e-01 5.381730031439502238e-02 1.305448585815367490e-01 2.189577758244511951e-01
3.637795815241321451e-01 5.613024953930267902e-01 6.699865889778842121e-01 4.613869617248974597e-01 7.353853028670742642e-02
6.199340802027114572e-01 9.945386347577409580e-01 4.870467021497912885e-01 7.981548319516882373e-01 9.417548786624356794e-01
8.750749877251975395e-01 6.281941033582286726e-01 1.564817316469205855e-01 4.685784235366257100e-01 4.144784440338944442e-03
3.685548207551837541e-01 5.935314923916811258e-01 8.049533505002163247e-01 7.751967048110952607e-02 5.115879754754149022e-01
9.642495907229120533e-01 5.814092166968856112e-01 1.453213012453283826e-01 4.124080630608080167e-01 3.811355537421043937e-01
3.916717047800738483e-01 5.589765514602551555e-01 3.623165035172672965e-01 5.443528628651790324e-01 3.430852673933785235e-01
7.317165303192206816e-01 3.829363995785940444e-01 1.500857771472424718e-01 4.584516202986901323e-01 1.555844530287348038e-01
9.751732004442346113e-01 2.486773940603381750e-01 2.549825405319993132e-01 3.563189893655221985e-01 8.370415152123175107e-01
5.455342202580844013e-01 8.324949997525776801e-02 7.482459228878133306e-01 5.351332557034438331e-01 4.252921346870471853e-01
4.527779272773696517e-01 3.745205666751012519e-01 9.634684006852579641e-01 5.290874867320978225e-01 9.685052693849782735e-03
4.093849014808614850e-01 7.673086303382766760e-01 3.892103965404845045e-01 1.674520961400226549e-01 1.928867241705628510e-01
9.230141499937210003e-01 9.015812524581618970e-01 4.319295600387014211e-01 3.184355210771627753e-01 9.512404268356110526e-01
9.309788015856536036e-01 8.213016592923264581e-01 3.497420352720371772e-01 6.351454415253099395e-02 2.657352606389595806e-01
3.040629863767330132e-01 5.194368310127890354e-01 8.527683299029163999e-01 6.374539191083772316e-02 5.067529091197878754e-01
5.450348896722254644e-01 9.290302567471606654e-01 6.137453227078438767e-01 8.965826993276320156e-01 2.912213775294993923e-01
8.203241334332738166e-01 3.736494721369001404e-01 1.274988117232791485e-01 4.417072282617174883e-01 3.530848772206283126e-01
2.037591545154320283e-01 4.337051692415132553e-01 8.939266437993478309e-01 1.648605782607702741e-01 8.624060340516117584e-01
5.200658117016131454e-01 1.537363803095121995e-01 1.246326450406152198e-01 5.697147804942220839e-01 8.951913921396192908e-01
6.594725984888080150e-01 3.520648328684201633e-01 6.525022617744467013e-01 5.389309299896668515e-01 6.112598372712824135e-01
2.879442337558900666e-01 2.029074611056974620e-01 5.313766531292880568e-01 9.669650399537719210e-01 2.640583614420044523e-01
4.862668398807380443e-01 4.347610559468279012e-01 9.125458156733240456e-01 1.902349457645943209e-01 6.992032476919928241e-01
4.869211303308020877e-01 9.088355667769999480e-01 9.070626090223811167e-01 5.132485322847332165e-01 1.187231765865991440e-01
9.342585321499425888e-01 2.381121290321028816e-01 5.366161860345830537e-01 3.335816514226203067e-01 6.782888150794263993e-01
2.989648691333265385e-01 3.058288993607536366e-01 5.868551786618707578e-01 5.188921409544555718e-01 3.927387889631993589e-01
4.523206431944134520e-01 5.099847125568283124e-01 8.864572899907696701e-01 6.396995084835066514e-02 6.598491673662626456e-01
9.254208751040564618e-01 9.394438857746405525e-01 5.178031020236317783e-02 1.118169244086095748e-01 8.928553872164901595e-01
4.604563297809021183e-01 7.374186205704637009e-01 8.193564631568467371e-01 8.458785411465916670e-01 6.784786774247394403e-01
7.684769797296263638e-01 1.597770943845235880e-01 6.832270633804080617e-01 1.436087435502059195e-01 5.883353498658505654e-02
9.837581131133166235e-02 2.435265543435685132e-01 1.285522811422913358e-01 7.703229601540307891e-01 3.247428992813832238e-01
9.149729132530870501e-01 6.664536585040059524e-02 7.036144826395820395e-01 3.196498573118217168e-01 9.280188439996682748e-01
5.493321959621112471e-01 8.034973795969733157e-01 3.607949470976453687e-01 7.541321876038358241e-01 6.208856153134979516e-01
6.385134021006899641e-02 5.903647547878397850e-01 2.281864442953474015e-02 5.497256740826651500e-01 1.978543746266842041e-01
4.292149205427621128e-01 5.547805127331234543e-01 7.671293548368118831e-02 6.667402040151825249e-01 6.486456218029954535e-01
9.106685497449565903e-01 6.022853489390722626e-02 5.120133704004145025e-01 7.760153202974290343e-01 7.762523337796560785e-01
9.231196670068965160e-01 6.380420284349221927e-01 6.601066524010749115e-01 3.806896921415001689e-01 6.987816411311875697e-01
3.655867479707409773e-01 2.341943077413455310e-01 9.893967252404236579e-01 6.207444097255218063e-01 2.569696241002461523e-02
4.789422804495190311e-01 5.441742641145308479e-02 8.288938043920168752e-01 9.275172757542419211e-01 7.963538680341120113e-02
9.532751193531746603e-01 2.173454467878589425e-01 9.615322545562472456e-01 7.437376165618349022e-01 2.777732362478679828e-02
9.822944595512203003e-01 4.673351274976750291e-01 2.124751182971272856e-01 2.167536563795785520e-01 6.895211484136597457e-01
7.716301802505795004e-01 6.492815802603228992e-01 6.709544526831168199e-02 2.769427421002775835e-01 2.530753493914363883e-01
2.785469615096776153e-01 8.027939775033532399e-01 6.008305401964382231e-01 9.663912416140656436e-01 8.798733116410578647e-01
8.110855970565948869e-01 9.684803274500940473e-01 1.950387713394796663e-02 3.221528854055388802e-02 8.491714564177946789e-01
7.653419736810868068e-01 7.078025265872111005e-01 4.036184333347311304e-01 8.529005849931382555e-01 4.155627322697071913e-01
3.600331135837022689e-01 6.557088469222254190e-01 6.893591929033694443e-01 6.341368812712203651e-01 5.167615862028540619e-01
9.488786993857023511e-02 8.926577781215132568e-01 9.377383970370040123e-01 2.903257875310453207e-01 4.399295548019693802e-01
9.348676534413721262e-01 2.889087976581584671e-01 7.955511623383041409e-01 1.723598635986650640e-01 8.629270092205376663e-02
5.346934965496458192e-01 8.568858672039952884e-01 6.037536650532338012e-02 6.946395380964690558e-01 2.140466835246629396e-01
8.283454209866560891e-01 2.097296541463483655e-01 4.345209216761530824e-01 5.411081006523721371e-02 6.244956672056749536e-01
5.746585317307891794e-01 3.180495688798969933e-01 9.290449334643022805e-01 5.672458304378201754e-01 2.765007745812105844e-01
3.355448945390598903e-01 5.586869899824692398e-01 2.230855210121347465e-01 6.178750964937362866e-01 2.158467771672141211e-01
2.199604473189209486e-01 9.494518488649038579e-01 3.931279873451976048e-02 5.070184428162372026e-02 2.378478047958020314e-01
9.787326843488692862e-01 8.914376708153103346e-01 7.866212210104216451e-01 7.153185320500357047e-01 3.462960314166662057e-01
5.903591324325244694e-01 7.974860837736724717e-01 9.393159672123234660e-01 3.854889220135429007e-01 6.006709984558140647e-01
3.099836678073432106e-01 4.452207862629692370e-01 6.421942611605774287e-01 9.089366550738586792e-01 9.796888399960277383e-01
8.458445817214880202e-01 1.728657101294303056e-01 4.305129531480191840e-01 7.581345399922195805e-01 6.946714281914723177e-01
3.606780813164809363e-01 7.562200373304553969e-01 9.163022905813439367e-01 3.650844661753537279e-01 4.570604554438819633e-01
3.221055047527441317e-01 8.779624690357731298e-01 9.294721794752724975e-02 9.249989102281725994e-01 3.358067211125526086e-01
2.935175482307521566e-01 9.286100660788240146e-01 1.740605497593034068e-01 7.800215052005567973e-01 4.096203790210032336e-01
8.276699988355289417e-01 9.520701823669777131e-01 2.142575530209299695e-01 8.997729284322383281e-01 6.311018543329822705e-01
3.213125760370920680e-01 6.848555776607623269e-02 5.731713725469702592e-01 3.303870715947017089e-01 6.779493376425846929e-01
1.786371243407336440e-01 6.298942098845476956e-01 1.358863838256705314e-01 2.345949589874022356e-01 3.923375310285015516e-01
7.642077807052554128e-01 4.211268582741617417e-01 1.661858404600439210e-01 3.365686657531719028e-02 9.199402786931115683e-01
5.145809215579177920e-02 8.731558127874925468e-01 3.135506459899808362e-01 1.468691770285703857e-01 1.996798445123936228e-01
4.584018919608551235e-01 8.321261246556199698e-01 7.496469247714093731e-01 7.096415319683915257e-01 7.415831185622915322e-01
2.827516201215379832e-01 9.437860858244168094e-01 1.907731592132699827e-02 5.522917294157951851e-01 6.367177411688011990e-01
2.991651399888587415e-01 5.847969959908050352e-02 2.230991912030003688e-01 9.420257177533064574e-02 6.442137712753653878e-01
4.088035495034478828e-01 6.032908838869199819e-01 2.118393741889459392e-01 4.665084885001574699e-01 5.079658010726690875e-01
2.889770494630347075e-01 8.711570566594128984e-02 1.892681367607913501e-01 8.054967701421380522e-01 5.055192352644779508e-01
4.796705739895583687e-01 7.512882878189426350e-01 8.017776098380695604e-01 9.157452206526688343e-01 8.448748748520961138e-01
3.036725098074718465e-01 9.833106642669424691e-01 5.535207927737182398e-01 9.950722545547331377e-01 6.063484019564372440e-01
5.758841313772327108e-01 1.342412365457563705e-01 2.656230172633963216e-01 3.161568169440135412e-01 4.020065248483186693e-01
6.856752692483086831e-01 4.178922927809299859e-01 9.121534709019096798e-01 6.169937184426149690e-01 3.398886964235001695e-01
8.042586971461709311e-01 1.850426253508086205e-01 9.088032623422011014e-01 5.593035006321486202e-01 8.937969511215724250e-01
3.821356739319079487e-01 4.115928341010863800e-01 4.779276404419269264e-01 3.423391679597644899e-01 1.811560939384634361e-01
1.740959155383746682e-01 2.832448701140157787e-01 1.712797118384488115e-01 1.231163026862980292e-02 8.377445054233312316e-01
3.931804970942044397e-01 9.229093216162578273e-01 1.586857348127518330e-01 5.072162925722222271e-01 5.317392205822476514e-01
2.458327395445253361e-01 6.317860659071738993e-01 8.787139595010997617e-01 3.833825128936332316e-01 2.191947935100415634e-01
9.307282807494401400e-01 2.865911053168148648e-01 3.714278863273254849e-01 3.447105588680925425e-01 6.310506000538849136e-01
4.564035887432568162e-01 6.749619131383056692e-01 4.759466759557777760e-01 9.870013745980850128e-01 6.075719130317667194e-01
6.718657557304680283e-01 5.509509185442710288e-01 3.925944961123898347e-01 8.337552504715722845e-01 2.071227050503871014e-01
3.715461548959638760e-01 1.126371008665432161e-01 9.358276668620989502e-01 1.649710702189308709e-01 7.661617889287603012e-01
4.860815867968735215e-01 3.770772076097691494e-01 9.493259790449212199e-01 6.898902847651363635e-01 1.621751582848774964e-01
6.644378224278180145e-02 6.462678535359404064e-01 5.974135357066874263e-01 6.774110260403506389e-01 7.392719530535227790e-01
6.913011366724144402e-01 7.323935045720155745e-01 1.698644688593357044e-01 5.717499536899395274e-01 1.537072723496402116e-02
2.885864136352223053e-02 9.587105649499781945e-01 6.555211670989590234e-01 3.001005081331575841e-01 3.404149533471394484e-01
1.024832710009948578e-01 6.317338312332879680e-01 8.190118210483653405e-01 6.028502865646867548e-01 1.938928915130881947e-01
6.409334501905055159e-01 5.805273369459110766e-01 9.122080020639729003e-01 7.129276528318421180e-01 5.597754607665206272e-01
