5.662089402167878038e-01 5.883508994134198922e-01 9.225157125896837895e-01 8.873766751748078940e-01 2.957631572273916598e-01
4.633682045543050521e-01 6.114519144468830714e-01 7.582308041084727668e-01 5.096336311737033054e-01 5.775656454158852871e-01
8.891516740871082680e-01 9.716976892212146888e-01 7.246270962453554842e-01 2.182856528810428465e-02 1.337036646904410375e-01
8.407378532589516729e-01 3.312395463381878624e-01 6.625838311963474503e-01 5.015478165059037430e-01 8.286368328223207014e-01
1.926669531921875178e-01 3.612463404143151369e-01 2.974079449484354765e-01 8.555948382511978645e-01 1.825855435104035696e-01
3.356396656551200453e-01 7.910271530761818770e-01 6.546746457970120670e-01 5.583858917984426684e-01 2.428263645030306339e-01
8.377097534919348831e-01 1.480847215364505809e-01 5.532574016206283085e-01 4.695026003747293508e-01 3.980075365601166704e-01
4.924806206474703352e-01 3.340493989335094893e-01 8.691650063813739502e-01 1.709802164180318496e-01 7.608396227067437678e-03
4.539093086603619431e-01 2.295745646259392814e-01 2.628848390728448781e-01 8.988982307493331714e-01 4.552924255977207624e-01
7.868572792003005745e-01 1.555036495099055838e-01 6.128138604968617065e-01 7.873289756203908363e-01 7.460590653651149040e-01
3.012509579154424300e-01 7.122130288118437846e-01 6.275734801445282951e-01 8.295601732280428742e-01 7.888405614145177491e-01
2.974602632157095083e-01 5.661209644693153686e-01 7.959489388245368779e-01 4.390805742369657816e-01 1.640172991886119647e-01
5.636395292217821762e-01 2.054987917536188480e-01 4.991665065094489373e-01 3.485243825800233841e-01 9.645011163902605933e-01
1.389269602785215829e-01 7.364882628912905460e-01 6.190466387119505365e-01 8.591958574516446179e-01 3.513679191234564403e-02
7.797396969984090598e-01 6.944834932618190182e-01 9.177587236663929948e-01 9.939103781329006182e-02 8.995750781935238916e-01
9.040405398671055304e-01 4.076128668466627580e-02 4.121194407579816810e-01 4.720523605225220853e-01 2.719570623456274427e-01
1.279395265690186356e-01 2.927046806687713110e-01 6.170381830044849858e-01 6.120557921579202754e-01 8.281213938779958816e-01
2.132308117355428134e-01 2.873757397149980797e-01 3.465144027451191322e-01 3.495418744754030804e-02 8.936213018659792118e-01
2.875808822601707559e-01 4.526835543653069394e-01 6.141419312746744241e-01 1.962591224066206896e-01 6.474167367091857583e-01
7.912230240581119567e-02 4.370982313398918961e-01 7.532407918968770932e-01 5.166887364210648315e-02 7.741947048636926842e-01
4.332293688464440296e-01 3.603241761567278489e-01 2.307386093411679662e-01 9.289422685213423181e-01 3.800900288262255566e-01
3.570833481316809666e-01 4.646175552963683897e-01 6.529212216609638908e-01 7.472044168647887785e-01 3.481415767478991397e-01
9.748795600862416588e-01 8.834009565445053447e-01 3.015021540958199298e-01 3.911487068509943432e-01 1.858121902519179747e-01
4.786354947809141613e-01 7.019437980409549693e-01 6.581759650827250230e-01 4.121286087176695423e-01 3.635417352827733373e-01
2.410086790570795667e-01 3.556923163451943815e-01 3.827195967715812941e-02 8.574246478837554974e-01 8.411121692444853970e-01
9.401083540342155542e-01 3.008816030171639344e-01 6.504914866614199820e-01 3.173098705432729760e-01 8.112560828979200611e-01
3.287384355944507064e-01 4.342164887758847014e-01 3.298474476167227998e-01 1.888020234355116678e-01 9.312948915968825014e-01
3.120053226611637642e-01 7.693566018013819896e-01 2.197662900203944947e-02 4.449354879062399348e-01 5.563685463647760621e-02
3.623931670077061851e-01 3.206548608765313890e-01 9.238801288225351183e-01 9.018329184951922040e-01 8.666163590265746342e-01
7.993131560313724293e-01 2.952548748874398443e-01 9.346209881971371258e-01 4.418209536786709135e-01 2.312762135686290410e-01
5.539054978907664850e-02 4.284021479432702506e-01 9.414546016622066249e-01 5.137184987620126986e-01 2.897763368825557739e-01
5.727118548575256263e-01 4.849808656503593607e-01 2.980059021651793039e-02 2.649418395749698618e-01 6.234595627462939937e-01
1.267468310765210715e-01 1.803708868691145106e-02 2.487404472733876215e-01 4.105406924345228470e-01 1.257633221507563626e-01
6.319726225549747722e-01 2.228979355040348054e-01 3.772117114996931253e-02 1.813812932882693518e-01 6.321142811111053472e-01
2.063275699399531593e-01 7.783299657208133659e-01 4.355670717167512418e-01 7.738098668587630735e-01 8.710951832055591204e-01
1.128841624985996717e-01 7.517639440368020232e-01 8.965191343031797544e-01 7.257059013084588006e-01 7.340228605497152170e-01
5.684295357982296348e-01 5.884316060515870639e-02 9.732586586901733616e-01 4.004604104661630970e-01 3.175785282036753809e-01
6.716758198993731943e-01 2.110974845456918825e-01 4.661604157794421166e-01 3.649560959210296218e-02 5.971032472278121617e-01
6.070354936238910870e-01 5.244986142459088230e-01 9.410733990972083296e-01 4.618460465952991534e-01 2.034755063517755813e-01
6.968449571577323143e-01 1.592097117168678189e-03 6.578662198923810323e-01 2.638717700026563806e-01 9.130588287340767328e-01
9.392088075215427878e-01 5.438809311683555636e-01 2.120184894932884978e-01 7.232735677855540724e-01 6.540274333811225693e-01
2.553738918160330940e-01 8.482136322744315837e-01 9.088796483195334952e-01 5.651030497243869632e-01 2.208948048791384844e-01
4.373488108314632639e-01 2.927849592783328125e-01 2.033527118426319280e-01 7.689813793812252385e-01 1.746161616855211873e-01
7.879617039658994848e-01 2.369928752962602303e-03 8.270536891118678291e-01 2.735917862130482492e-01 5.287238764826618365e-03
4.153105197639470614e-01 1.985506344529932576e-01 5.640116107347170615e-02 4.951749817570300083e-01 4.577718523556848496e-01
4.261676527405167114e-03 7.611130601253200956e-01 7.596894019886137883e-01 8.424802604719544563e-01 2.212725705786694474e-01
2.706494390726923438e-01 6.648675764848615000e-01 6.204832098075462321e-01 8.418941067511569454e-01 3.571214506433766367e-01
6.179258042024149411e-02 7.259019017434551468e-01 5.130098555317800235e-01 2.267364752625983249e-01 1.912313855167350196e-01
2.414174750921045387e-01 6.192084314262353839e-01 7.042273522125541696e-01 3.066912275890588679e-01 3.533031556110783900e-01
7.235929645104477448e-02 6.077990835781780232e-01 9.187668000907186494e-01 7.883345971850992395e-01 2.215008963414788479e-02
2.094902430059972787e-01 3.305866615585784096e-01 3.277193323895855048e-01 7.282118267885795415e-01 2.962358850050840209e-01
7.422879251118262856e-01 5.114216737984933481e-02 1.788369407254752907e-01 8.511860453169088903e-01 8.141932486419959369e-01
4.714924032451697222e-01 8.597838940032838106e-01 1.665407009898193236e-01 3.978227054585894429e-01 8.039639128500943865e-01
7.172759921250208004e-01 3.511103357419239623e-01 7.201679008838269835e-01 8.350241446941780721e-01 2.105380766943325543e-01
8.452259633488348189e-01 4.933524321261207879e-01 6.643562765362518441e-01 4.145046274438493050e-01 4.374560894552033119e-01
7.354635948587533445e-01 6.765075831183224864e-01 4.678342498074764544e-01 9.038574811188160307e-02 1.482775319839098049e-01
9.779480414493956220e-01 5.425079917615746039e-01 5.670804760568740610e-01 1.728382091851449198e-01 9.221488821466274910e-01
3.019840042066119778e-01 6.320354575992507273e-01 7.239180481950497903e-01 3.370802703231665642e-01 2.842055150171302058e-01
3.864081342124202623e-01 3.438492021977994639e-01 1.126500265165081283e-01 7.176894584394188925e-03 3.993829686866087192e-01
6.432543631934123374e-01 9.605971735742192541e-01 5.414891691613059610e-01 2.562595208462002949e-01 8.371812413740392644e-01
7.940429577612370116e-01 1.216188848653489973e-01 8.465240118803062375e-01 4.070247794832366761e-01 5.124453336269367831e-01
1.269587154716340649e-01 1.877450328604186591e-01 6.106869374904047021e-01 2.989734446663960821e-02 5.823590976123130813e-01
4.693948264758860400e-01 6.088916388560027260e-01 2.973649290440304460e-01 6.827866050955457844e-01 1.866013868428123557e-01
1.689421967153600379e-01 7.751129710181442478e-01 5.490748909743448092e-01 7.791193396818451022e-01 1.012277476055126746e-01
8.943308963002194467e-01 8.743205918995679005e-01 9.302696412269120252e-01 1.462207989153692100e-01 5.803609282860214824e-01
5.436263586010990911e-01 2.966321575419650358e-03 5.719687929764006862e-01 3.319787654968070489e-01 1.253875104776973615e-01
9.936049242850302221e-01 6.257086697836466982e-02 1.047912041677829809e-01 5.275896219512256069e-01 8.252764303579550598e-01
6.638886829224942554e-01 2.836315301578699044e-01 9.459282528378599730e-01 9.581676147340696392e-01 2.768834710409620037e-01
7.912936486680615111e-01 1.071804498763906377e-01 9.275186442798502018e-01 6.705847911037914333e-01 2.064100162970707864e-01
1.664534393660899170e-01 9.336774396099352114e-01 9.887665049711822363e-01 2.532344776713345569e-01 4.825349391716146075e-01
2.505604989441068131e-02 4.535359565921459613e-01 7.382499578570546062e-01 9.563091117662370078e-01 3.922396257503893979e-01
8.105344397560892977e-01 7.118096832277764907e-01 1.589593800887346697e-01 3.752449798278112425e-01 9.307595720529546757e-01
1.043292381836826710e-01 7.231342001891294391e-01 4.532433303866619800e-01 1.420441204293287907e-01 5.764729892780351417e-02
1.062908551396379853e-02 6.893264933301063158e-01 5.866522787214044632e-01 1.275617153040233820e-01 2.615859855478633866e-01
2.944362958530037933e-01 2.579329015097960864e-01 4.576816810425494708e-01 6.028143724589983821e-01 1.099716704287244662e-01
3.414533589655746049e-01 7.305072166689402513e-01 8.001193277490482592e-01 1.465874752869508191e-01 2.188872781257910072e-01
5.707083667482235612e-01 6.048385748851369259e-01 9.692528563485441895e-01 7.759601986231862147e-01 6.720886639056594669e-01
1.350833895960283915e-01 7.550667849147285615e-01 7.608511791550259806e-01 7.535250246843649968e-03 3.247786103397937163e-01
8.077888818997885911e-01 9.102755075560392539e-01 7.230629419118895784e-01 6.693857225492007013e-01 2.215181336683488267e-01
5.375653484825660966e-01 6.603226943133109206e-01 5.878739803282224674e-01 2.986655723039735033e-01 2.376364290681807212e-01
1.386466721992950513e-01 8.509319775072010650e-01 7.307351957275285415e-01 2.753257072770476377e-02 8.613229551504177905e-01
6.938509002575754536e-01 4.014108678395803542e-01 5.389707341770413329e-01 9.487073911083094835e-01 9.070598031034390329e-01
3.993046800298936105e-01 6.357125958596007154e-01 1.767400560470175908e-01 7.432005859227774902e-01 1.814959734066214914e-01
3.891083847520129257e-01 2.352627622605005797e-01 8.648321651819413924e-01 2.255882063175118635e-02 7.115682374442634517e-01
8.437672824647729497e-01 1.794242535316432630e-01 4.409922814001918656e-01 8.522407570141429245e-01 6.001621107194450300e-01
7.445788452178444539e-01 3.939761589374087825e-01 1.377305167666873498e-01 9.694400124299995536e-01 3.649437427379049748e-01
8.539388685992305161e-01 6.750833367519032402e-01 7.814931442857988575e-01 7.485914123724388691e-01 5.122146459629610682e-01
4.414069687504696970e-01 4.761593364526695016e-02 5.295332683183453515e-01 8.947206427733249701e-01 5.211991171035126325e-01
8.496257844583532393e-01 1.456474207166973400e-01 2.856879329184576211e-01 1.989673285026672955e-01 5.424212256754386008e-01
5.335274078925067442e-02 7.668585860305424662e-01 9.046739169348285703e-01 5.348323024471914877e-01 5.657357807667204863e-01
2.368418222524270034e-01 4.633768148952535082e-01 8.078924480407456699e-01 4.577295633212026260e-01 9.665222443492628157e-01
6.564185640392614651e-01 9.861377505379234076e-01 2.168360369371773455e-01 9.045679191051944068e-01 2.155607035726569976e-01
6.691579929821012129e-01 4.897512285936144183e-01 1.434952475162496466e-01 1.878219931287767874e-01 6.456811662174416488e-01
6.081458455191290913e-02 9.834418180037329815e-02 4.979883014145130016e-01 1.448327260131663241e-01 6.836694619842484943e-01
8.765744088210495333e-01 5.393872025892753053e-01 9.882802334556206603e-01 3.088238641221898728e-01 5.137697025461991363e-01
4.492112143870161667e-01 3.797720475132414508e-01 5.437198362134509910e-01 9.213242843684770200e-01 9.494460665130384225e-01
2.208164211766034946e-01 9.458504485399010786e-02 7.618915422906402668e-01 7.972820684279630088e-01 5.039593583120730580e-01
9.753322402059716456e-01 9.089737107350216450e-01 9.675180343396240223e-01 2.550223882683108068e-01 3.369027671701987359e-01
5.928954884232373601e-02 2.459369410927394473e-01 6.602950666092998189e-01 6.261283746055528177e-01 8.113058934511020448e-01
5.766859337029905941e-02 9.182379752904923365e-02 8.492641533503801909e-01 2.548076446532979711e-01 1.919519229373956026e-02
