8.680499148737050863e-01 1.748213760002018669e-01 1.447158665006559319e-01 4.550043721007865916e-01 7.635902655362606373e-01
4.202470763222488914e-01 9.173545565283193204e-01 3.581891949105197037e-01 1.186330384529546977e-01 6.108891603786812396e-01
7.492278935054421662e-01 5.649681211468071673e-02 6.471160453363882237e-01 4.275397348789050644e-01 7.016001724879277202e-01
8.537402964001475913e-01 2.811680664628698478e-01 5.192383934120408107e-01 7.421877859884322692e-01 6.736825150763512404e-01
6.797229868595819902e-01 4.950057194341612732e-01 4.263270612437030094e-01 2.160049715162691841e-01 4.842466006332546424e-01
7.415647919608621130e-01 5.624002924157400773e-01 9.073474336419736774e-01 9.973376200804395797e-01 9.120501867495014459e-01
4.912041021967772370e-01 8.591828148966791368e-01 4.372195918035184370e-01 3.451875325298081609e-02 7.048211523138278034e-01
7.471336077949631838e-01 6.350606296348395574e-01 8.789971227247089791e-01 6.306146689373990366e-01 9.416011999990181458e-01
5.450221222472739768e-01 4.785819534837350009e-01 7.096046526365175078e-01 5.860947616366851687e-01 4.084689761241545591e-01
2.481580186573284497e-01 6.318244436571325284e-01 6.987772577059607748e-01 8.512346259846134133e-01 5.436860637588722955e-01
9.286835604398139266e-01 7.705663915518047302e-01 2.196156771944607344e-01 2.843882720473411840e-01 9.336350392255738928e-01
7.157350778149655923e-01 8.230241605854901055e-01 6.490050287569748555e-02 5.227646065143800591e-01 7.110457899505263635e-01
4.253264124235642818e-01 3.556177787591378037e-01 4.938717927780866823e-02 4.284255823441477373e-01 1.533553088736590020e-01
3.783108501243817035e-01 7.118463282633772371e-01 7.105187660834588748e-02 3.831833830133746233e-02 5.685148723284993988e-01
2.598283602953294080e-01 4.106264392976347599e-01 8.133371800024892240e-01 7.041157677212351862e-01 5.096725351967748008e-01
2.986581454816874537e-01 5.995904228943793601e-02 2.348321819719347836e-01 8.158455616517129583e-01 5.016152280201301439e-01
9.314970871159218291e-01 1.596664936860370254e-02 6.596683103673839366e-01 1.206216576617356040e-01 8.662627495410094580e-01
2.765199344815315596e-01 4.257808637987040568e-01 6.657425350674718301e-01 6.974014626438262976e-01 3.742392317467785334e-01
7.960692807301184004e-01 2.033742610268562956e-02 9.491296416803962632e-01 4.403505192319543404e-01 5.956886099404534729e-01
2.612791632383759666e-01 2.805583883513825816e-01 4.561404737417608102e-01 3.200644732457474939e-01 6.354987248787334897e-01
8.572956134352083257e-01 2.104561872887753537e-01 4.401661686540959684e-01 2.717493527827063993e-01 9.876268123341632732e-01
7.820573290728960458e-01 5.556101623108619103e-01 4.421114548339459827e-01 8.259202084444584591e-01 4.114512373344003660e-02
6.868672501231121164e-02 3.281821246953769977e-01 4.291322470987727344e-01 9.619270474088781331e-01 6.053296207310449040e-01
1.252699509487081864e-01 8.225271034521975944e-01 1.786688062213773742e-01 3.362221492559803737e-01 5.003886280562487299e-01
5.335877923837207826e-01 7.213852046813894470e-01 9.892435078589855157e-01 3.264096841220470724e-01 7.628789825912156708e-01
3.181161229775799626e-01 4.877684346184940622e-02 1.313970259626314752e-01 2.996938707452283523e-01 2.303858139026754293e-01
9.206962670089847700e-01 9.324517993916573433e-01 4.435779764853438056e-01 3.879532001321670531e-01 6.333200285953106690e-01
4.065913563557345123e-01 3.360026463660871210e-01 9.976730292728488436e-01 3.257613768056747405e-01 9.726256782009120583e-01
6.501529203035492088e-01 6.025032024582576140e-01 5.632227252890076308e-01 6.679129979391661420e-01 2.018482873104465725e-01
9.575088570057026516e-01 9.029259807063925170e-01 1.173871930735168601e-01 6.677717796493074509e-01 9.244329365607593108e-01
7.004758768551085923e-01 5.830740176661313168e-01 7.431459316179482855e-01 8.004444441475030425e-01 2.502493446988857118e-01
9.859852355087949105e-01 9.272876443943856017e-01 4.815140021142958471e-01 6.302060629349193199e-01 9.987174492196059239e-01
6.552470604945637156e-01 2.275335959966088284e-01 1.911898076423217407e-01 8.015094368808753922e-01 3.400940568646666495e-01
7.785373752030887440e-01 7.884567453367784529e-01 1.140132517122804945e-01 7.844287792566784212e-01 7.324762584968528278e-01
2.803762818695720860e-02 9.271514846476243132e-01 6.074801882412350640e-02 5.634671631220383725e-01 8.989180500438705979e-01
1.282768586440172776e-01 1.565879513474632834e-02 5.858897316272594358e-01 8.009618215405388542e-01 1.595814164205349162e-01
7.851496922527012590e-02 6.325315392932340242e-02 6.320079684288215649e-01 9.002172636573178011e-01 3.323047494712316752e-02
8.987560418937244888e-01 6.597180925543726371e-01 3.549460833961272099e-01 8.176108934790676797e-01 1.835206262708397595e-01
4.724517833582484450e-01 7.231780795414483043e-01 8.376547528553063282e-01 5.942528478611593945e-01 8.282724824974642130e-01
5.403497054475100425e-01 3.020628774696634267e-01 4.216670948161781451e-01 6.856817691060301811e-02 3.501787108909821811e-01
3.895677754013153749e-01 6.716223467573454453e-01 3.706421168940101651e-01 6.135148240714105583e-01 2.504033187754877154e-01
9.448014410329153012e-01 2.992801531110753643e-01 4.572745183596738094e-02 9.987864281660642218e-01 6.972237413641476644e-01
5.162351833175327087e-01 9.372742544092698136e-01 7.112460796581443478e-01 6.147178598647962122e-02 1.601522551908111103e-01
8.357380895457385828e-01 6.225939178470463187e-02 2.772376656113993976e-01 5.914212419394641040e-01 9.755617601200883282e-01
3.739163136560067491e-01 9.850429674965480720e-01 6.015495293722685766e-01 6.996283363191013738e-01 4.488986119615286929e-01
1.707942606353078929e-01 1.110258174688083521e-01 8.808908055684915306e-01 1.331275063010639581e-01 8.667850947037162301e-01
4.096482535147641935e-01 7.925862970728841939e-01 6.261961255024137696e-01 6.581008336546179116e-01 8.712169721791778176e-01
5.324247985915508963e-02 6.450151002300985592e-01 3.764083428796960451e-02 3.882127747026217213e-01 3.141268166057084033e-01
1.387084450048581274e-02 1.809147909536558130e-01 4.293340735830190047e-01 5.971666083968486527e-01 4.313237648141998726e-01
1.353381567053369983e-01 6.059524589109235304e-01 6.468564818910306213e-01 6.921492071826392811e-01 5.897086845233117103e-01
9.411742323471414817e-01 8.386266789320424575e-01 1.076854746406179508e-01 6.082401168739467456e-01 9.619483485621842522e-01
9.492681552091598585e-01 5.159187853090394515e-01 7.713856315245650741e-01 6.885125682761961130e-02 2.792516809177242321e-01
3.239197478749736847e-01 3.666444724413938649e-01 3.311889262968978898e-01 7.639423963687146379e-01 6.141553046896490731e-01
2.877439989826381384e-01 6.332054748103881359e-01 4.159231785385553160e-01 2.059125642002861412e-01 3.023629243750295403e-01
4.306488811780027071e-01 7.422283720247193628e-01 2.542392184841170133e-01 1.077586933316345696e-01 1.668146312913160179e-01
3.491328806057776291e-01 7.669247747097479584e-01 1.684393892780906565e-01 3.085628486884887112e-01 4.718580703329927628e-01
5.051034704160335398e-01 3.438142729835538258e-01 7.430766725153972185e-01 5.898455934349640106e-01 9.223017701246478683e-01
7.036110024115607153e-01 8.613764633650138336e-01 3.081236096114492451e-01 4.890914772636144603e-01 7.192745977295211812e-02
8.734694873187381914e-01 9.241191810022695297e-01 2.302234243901746247e-03 9.557833900338331690e-01 9.324679086947810225e-01
2.635469442093270054e-01 3.948716813622989985e-01 7.412260536379216003e-01 6.569548997655213496e-01 2.636202035391709275e-01
2.919966333995982488e-02 4.371082470876108683e-02 3.810186496627531172e-01 9.326834309389353539e-02 1.323049110467235945e-01
5.453924168277713980e-01 6.058087385909585176e-01 6.354938087407594471e-01 7.629479780387726784e-02 8.742501651824255982e-01
2.713182103792912692e-01 9.426802554135832457e-01 2.661441136423079445e-01 7.375183531386886315e-01 5.853074340305495227e-01
3.718668887353426822e-01 9.182053722351258829e-01 5.833397454053701470e-01 3.845109918812396055e-01 6.217681641281206373e-01
9.261302697278219753e-01 7.355828592386308706e-01 9.492851832578697024e-02 6.042262530339157500e-01 8.108374915560470075e-01
3.446109935961727544e-03 5.811092510382765974e-01 2.181550970222067010e-01 4.764755940304640225e-01 9.426986627420839149e-01
1.833967293523703912e-01 5.030561907413501066e-01 3.194213416954894136e-01 7.313953415543528180e-03 8.003386293187775280e-01
4.976462734741118332e-01 6.143003495048959817e-02 4.725633406554540228e-01 6.607253598447874188e-01 6.161140042511905612e-01
4.386775374444912279e-01 1.546446393672987751e-01 5.096943020422350923e-02 5.238338709200793808e-01 6.200741080951988060e-01
5.015419264020228862e-01 9.785364635704709713e-01 7.767969374659823290e-01 3.355640734338627418e-01 3.761582137503760581e-02
2.074377979851852460e-01 1.760661289235754268e-01 7.020125050967961355e-01 4.152677813912358795e-01 4.406980367841495383e-01
7.302377837317562959e-01 2.436581439919949243e-01 7.988642031906370011e-01 2.991170615822620338e-01 1.783982349537106549e-01
8.077979842713346459e-01 3.626570384110172629e-01 6.249003220320309415e-01 5.155940832739862589e-01 1.236322635650852764e-01
2.478284908912307127e-01 7.682235582317067379e-01 3.660022984423705328e-01 5.260980458114200564e-01 5.727363021715032865e-01
6.562901101704485818e-01 4.307004883329588196e-01 2.053841022756325296e-01 3.066341864354220625e-01 4.148770140301903941e-01
1.185833520878277758e-01 6.586161934676728613e-01 2.156640325273793124e-01 9.915346921085974596e-01 2.771158205342897363e-01
5.189448206764569749e-01 4.706566282886981423e-02 3.279520398149161631e-01 7.828512354075202184e-01 8.369776043547851874e-01
7.689733307103205906e-01 5.653520850557738342e-01 5.283024117243213524e-01 8.356749916353471974e-01 6.091842781240893734e-01
9.463009405829510001e-01 3.573767015014450710e-01 1.887640153567423651e-01 1.915430689364069350e-01 1.574235335346745313e-01
3.223041327966030822e-01 1.116407627397922875e-01 6.232420599531047767e-01 2.327025653310170750e-01 1.462067581426843565e-01
9.076866300084293071e-01 1.228512014466016655e-01 4.339330958323777132e-01 7.437415403582966489e-01 7.707614803911395640e-01
5.314894701842354241e-01 3.104241732444704693e-01 1.488883273632326532e-01 3.722430829556052645e-01 7.533446030395843929e-01
6.457737638542182523e-03 6.281340607379591878e-01 1.615018572256389229e-01 3.927604059690578131e-01 8.674871839427851228e-01
7.937835161995349109e-01 4.949187428205901185e-01 5.156223989817287912e-02 3.706406421074799340e-01 1.374572553933059993e-01
2.554138209716660946e-02 9.693070970855302004e-01 4.807202400902133022e-01 1.219445189677493824e-01 7.103077958776262690e-01
2.027470013332730581e-01 6.941975859213742606e-01 8.514242578998021393e-01 8.551138189330889094e-01 7.731598100235004267e-02
9.254094065793665447e-01 9.007722896499659182e-01 8.572064514386062983e-01 2.605034445694066614e-01 2.576776963361110395e-01
7.957750504461169605e-02 6.086479951335678207e-01 9.763450435564985375e-01 7.454595688968298495e-01 8.434974646231161444e-01
3.163377437965274597e-01 1.973368045483124833e-01 1.276277763796532794e-01 9.227392842604620338e-01 4.059935680663704360e-01
1.824842009117679797e-01 7.677853460122511242e-01 8.537926330525706931e-01 6.110442112142147053e-01 2.571384536790473074e-01
7.564665033987011400e-01 3.001878926674217407e-02 3.669360302127702145e-01 8.998660299355363268e-01 4.889614621390642180e-01
6.173413365018461940e-01 9.936233186962817321e-02 9.310822965128077167e-01 6.840128101627068746e-01 6.256778106790436000e-01
8.825097031361907041e-01 2.454853985675516936e-01 4.799659677785680367e-01 6.988502292002707339e-01 7.232023849463297127e-01
4.716447988877987552e-01 9.566135032168736618e-01 6.694557250354493672e-02 1.857174931099613291e-01 9.572726176882775384e-01
7.643299581280937893e-01 4.496519399027221198e-02 1.790844399114649432e-01 4.261753576624850437e-01 8.977992623787613979e-01
1.615619529847575064e-01 1.947969307823145257e-01 6.655685931800481292e-01 7.629725069090731449e-02 1.628645941020855359e-01
1.737388568621314189e-01 6.858479215620514324e-01 2.750112536879989467e-02 3.520609069927821411e-01 2.268094533435609517e-01
4.376735866575142131e-01 9.998087084541108505e-01 5.402933777619545186e-01 8.711250044787420821e-01 6.675093056438954342e-01
4.924380413921983779e-01 1.524143627407598123e-01 7.504100648052924871e-02 5.832549263917697902e-01 1.750571650477564800e-01
5.367143360463932922e-02 5.395262399877340798e-01 1.601275236852706119e-01 7.232087161891002092e-01 3.562470775826224179e-01
