9.340886075046546111e-01 7.107909284720024257e-01 5.602380444581003260e-01 4.889714136423666258e-01 7.223346978848774746e-01
1.853180592356200584e-01 5.307554316952518558e-01 7.944498662445735881e-01 8.583241661866712890e-01 6.171567056378365335e-01
2.989940650894955532e-01 5.079077108128743356e-01 7.421847753134592773e-01 5.179546115730948586e-01 1.692837730381316907e-01
3.821036890013042031e-01 1.293255828591964862e-01 7.258304930660427479e-01 6.649599423663316022e-01 4.089685726026093260e-02
9.605765204241436539e-01 5.938682871626842497e-01 2.169838252231358622e-01 5.082066142549055421e-01 3.219935492910576125e-01
1.719803429864990019e-01 5.207629782415859054e-01 1.844711811780160859e-01 3.313156466295165137e-01 9.379959018641162993e-01
8.774711645428823203e-01 7.983057154540448286e-01 9.781375310795714650e-01 9.348570910646503140e-01 9.605548441663890324e-01
6.680185555560125277e-02 1.974486514964468586e-02 8.452283810096937744e-01 3.862321690673274910e-01 3.851848087525998610e-01
8.579447766893585348e-01 8.790152667743401649e-01 6.579127909538465824e-01 2.145309795299221722e-01 8.102623114054016140e-01
9.962946983310914106e-01 5.631044183835753891e-01 6.381411495585160853e-01 5.026813642803001914e-01 4.246644925716626107e-01
3.146906903039861092e-01 2.109934993808371129e-01 1.590551905225501272e-02 5.385583324685896400e-01 1.500542257759852616e-01
2.454499211978806716e-01 3.654141943408850679e-02 2.648116114549777800e-01 8.703199534472298993e-01 5.942114186380544893e-01
4.398302267973971391e-01 2.331773814582042137e-01 5.277430561086615679e-01 3.739717424157367187e-01 8.806513538799323193e-01
5.930227929409481735e-02 6.693143887429727767e-01 5.517086974037765934e-02 8.225358079384224030e-01 9.012993640643951476e-02
5.461424248761240774e-01 1.546242905032972903e-01 7.767353871669535614e-01 2.743079413240308018e-01 8.391632147285080778e-01
5.483184621063298403e-01 3.925435666122668588e-01 3.614519480747201419e-01 3.852175048758210707e-01 3.262329519176039305e-01
6.641008976649022122e-01 9.115809518217837804e-01 1.668587936460399490e-01 1.066507059517782796e-01 1.738420694773181729e-01
2.852042006630839399e-01 6.826911924237577534e-02 3.645341255069645126e-01 7.018725486847339212e-01 7.134330932723083052e-01
6.352874151352351229e-01 7.527638272767556149e-02 4.379126734803132637e-01 8.319834852531315939e-02 8.416386627977157087e-02
2.983119225053504353e-01 3.714174011321268454e-01 9.211065892368711649e-01 5.055975144575995950e-01 2.469823188558717408e-01
5.898329102182728878e-01 6.134685138455975295e-02 6.523842113110412955e-01 8.150563900471242684e-01 9.319161035773406709e-01
5.790040087367568367e-01 1.551809273919634302e-01 2.370607190914286733e-01 4.842977516156321549e-02 5.917587382847266930e-01
2.111954093987651326e-01 2.448242310520089005e-01 9.418427580846597813e-01 9.274883721496621769e-01 6.036722574651122164e-01
8.751441694114873160e-01 7.913993072108638227e-02 2.948354865293107974e-01 8.672266486965573007e-01 5.954244585314720783e-01
5.457923208876458432e-01 4.334609118606636002e-01 7.558460535296559479e-01 5.439559629163570609e-02 7.693445301208401421e-02
9.606960049385161460e-01 9.990327106195600049e-01 3.625213335141777016e-01 9.464536990316682052e-01 3.793911875193594074e-01
1.891255798505353525e-02 4.755720428947314282e-01 3.782907712391320176e-01 2.820049885156876712e-01 5.120893209874998186e-01
8.571822908151760512e-02 4.403312458139942986e-01 7.504804542815479707e-02 4.034186739297508373e-01 6.586190018497538601e-01
6.845994226558294038e-03 2.826795178835681543e-01 7.564105408143607656e-01 5.898795155850221628e-01 9.805889756269489110e-01
1.255613411467140228e-01 9.379377356267109000e-01 6.148576146792934516e-01 4.523526408170417401e-01 2.235549508115840522e-01
1.996016955258145265e-01 4.868241990889710102e-02 1.209725700143516880e-01 7.768759077069919972e-01 9.940704808649889479e-01
3.625844920249546854e-01 8.384561447044965865e-01 6.507984750704328691e-01 1.621659234925018067e-01 5.177491109470299113e-01
6.729051382701467521e-01 4.544233496889255042e-01 5.531658268805720313e-01 8.683984627195375783e-01 6.859852169357470997e-01
3.817818226906388723e-01 6.386499929611483273e-01 2.392718639031672367e-01 1.914159372598939202e-01 5.172839082024619506e-01
7.685196550761610457e-01 6.581568982620495945e-01 3.009160521415792378e-01 8.097148440523689317e-01 4.025251865410862662e-01
2.871235015775248645e-01 6.525696897659821749e-01 7.776944414584748833e-01 9.479503825571341524e-01 3.463500414123105164e-01
1.865029284821272393e-01 8.626164060004244405e-01 4.513505327060653993e-01 5.497916634343047448e-02 2.978745657597859919e-01
7.472902802766101527e-01 1.121475108575886726e-01 9.514306121922755377e-01 8.390906013250357676e-01 7.072150717465657266e-01
9.650389282384332912e-01 6.139119460866794276e-01 4.076587219218281710e-01 6.386715741209192387e-03 8.292072535342364104e-01
8.522258219123967082e-01 2.738083173190888342e-01 8.834800996143079566e-01 1.593756565802345593e-01 2.257521010075274059e-01
1.368703849312691290e-01 5.535082904545778337e-01 9.905655860687384573e-01 3.513478749979568327e-01 3.791719150339358801e-01
1.072352584075506599e-01 1.882142057726113871e-01 1.455040358348583807e-01 6.850838568886064017e-01 5.474746434265831407e-02
9.434919398994592310e-01 2.210664720478745515e-01 6.133151178812711324e-01 3.637404896018541223e-01 3.676857837753824132e-01
3.774415120362568654e-01 5.780499966564246472e-01 8.371954885912341604e-01 5.368072798615775021e-02 4.742303752367059699e-01
6.681267220881220714e-01 3.844603485957575062e-01 8.743741897893558823e-01 2.646922107505738087e-01 6.716187346012139070e-01
4.767439612186250564e-01 6.625342056324786677e-01 1.426827853778168675e-01 1.201443095279107753e-01 3.843128510484427052e-01
4.104287122455909653e-01 9.314667524127669962e-01 8.534549161993825184e-01 5.467342237244984249e-01 2.340404794448247561e-01
3.601548794986474400e-01 3.123456123079564328e-01 5.819473975962452528e-02 3.091055891938327971e-01 1.532421627211890680e-01
8.564635203815366138e-01 7.910595035679006681e-01 9.730795751739030885e-01 5.162948687741124587e-01 8.071455582394836403e-01
9.669073819472242537e-01 3.033520982182258408e-02 4.500251599091974475e-01 7.210966940974705697e-01 6.155812312226719429e-01
1.407500014943359190e-01 7.662515714269210187e-01 1.217276348133077279e-01 3.520722904816834253e-01 5.082607077475849167e-01
4.219724060665904775e-01 9.094872864795827683e-01 5.556998112079682972e-01 9.735438237045809240e-01 9.555535476364291902e-01
4.364935650421247759e-01 6.130605062383756021e-01 5.025657151116736943e-01 8.125645837861311671e-01 1.303063007067388757e-01
3.775760630748936642e-02 1.810107947875876366e-01 3.438430203384426065e-01 3.631685006374485436e-01 1.986325278128797667e-01
2.047256964823102043e-01 6.282597521645213456e-01 3.795447127761834016e-01 2.019908871348965462e-01 9.802518227117104077e-01
8.778957330708676565e-01 9.777764523936138819e-02 6.961009124353021438e-01 7.047476284716489570e-01 5.295113117678024173e-01
4.051438420027345666e-01 7.940489410346224242e-01 3.623612015940989028e-01 3.470590840830120039e-01 3.435733664292806022e-02
6.414251203620990882e-02 6.080469664349539283e-01 2.276380331255001277e-02 6.936950188989389199e-01 9.551242225726624957e-01
5.392856907719172366e-01 3.841080107948692257e-01 7.306760602634820856e-01 7.284195739737894248e-01 5.277310683276921210e-01
6.409541726393679362e-01 7.680850595383286183e-01 7.299118905228374476e-02 6.574392401716063761e-01 7.455720696398615566e-01
7.023852591019352776e-01 7.336999016302111487e-01 9.606564591980515377e-02 8.021899351214165641e-01 1.731710305767495406e-01
7.084697493672534874e-01 6.415903498455962639e-01 9.825928545170071748e-01 6.789471114872474011e-01 2.967823150814102862e-01
2.170628019875011638e-01 7.453506049618509044e-01 4.568275853175318701e-01 2.297344877037782451e-01 6.506326995851381412e-01
2.377945542982207172e-01 7.614174869385537114e-03 3.531117113802373364e-02 6.632149692730072710e-01 2.085217682246384152e-01
1.723981189199905728e-01 2.869223955238235924e-01 8.563407652350385479e-02 8.950783701155581307e-01 9.760407893679753366e-01
5.858389847303443476e-01 1.850668026686718148e-01 8.633597737337720401e-01 3.923531513034793639e-01 6.485893252759855621e-01
1.249774752819680090e-01 8.402199508559528018e-01 5.391297677187004700e-01 2.204712185938632052e-01 2.690122530392563549e-01
6.445960481950709919e-01 4.982669763965846821e-01 9.423553518722692646e-01 1.816113774892417210e-01 3.101351730428933973e-01
6.069296259064171917e-01 7.646647183339210230e-01 7.774318764547216709e-02 8.801848348067219385e-01 5.077695531465221679e-01
6.396066357740201047e-01 6.030653003646716526e-01 9.072247423285849655e-01 6.490259072636321847e-01 1.560998235605611795e-01
1.084145337650245233e-01 2.170059849985872535e-02 5.177467055998949963e-01 6.704354578781921425e-01 2.162497165004947375e-01
8.960777458389401762e-02 4.892111136510129965e-01 8.511931953259994632e-01 6.347982052075126225e-01 9.637642336182909997e-01
3.764573182630155390e-01 3.501895640027113954e-01 8.118650872695125642e-01 3.989487097167867535e-01 6.616772215836363991e-01
3.834066393039747833e-02 7.782143988444218952e-01 8.445243248744936926e-01 5.414935296537014553e-01 1.088423152870798827e-01
2.331843332170924210e-01 4.193677538243473224e-01 6.711107276306303993e-01 6.725331660130670075e-01 6.871887398107847655e-01
4.558390636583129485e-01 5.251914965265236379e-01 9.004541617563366351e-01 1.196796597017221186e-01 2.460159123436731488e-01
2.440234818812364592e-01 2.394713821718023050e-01 3.152379681913386467e-01 6.864955436020790946e-01 4.492799041928402515e-01
4.925565291384781386e-02 1.829670675496252175e-01 3.896702940169941565e-01 7.316531595906777818e-01 9.865005441856600221e-02
7.221115534981222828e-01 1.327982749480919322e-01 2.761921704158667445e-01 2.253318934396977280e-01 4.952492029810769969e-01
1.004831004630863944e-01 6.449673210333064510e-01 2.846308993906501161e-01 1.080145091371289556e-01 8.434093250588587942e-01
7.656859120326009460e-01 3.032380793798719054e-01 5.651473374682010054e-01 2.709776742034031294e-02 9.399289702571054228e-01
4.117312626243023743e-01 3.174660305081231648e-01 2.648759960379447609e-01 2.726477040335512081e-01 1.010228985715595496e-01
6.648808721792589527e-01 2.886237681103410724e-01 4.489463441038973324e-01 3.108466696787366423e-01 6.948639042962612145e-01
1.973568542048355079e-01 9.866525239914969436e-02 2.178699793868466017e-01 4.830287869403985246e-01 9.438756729023800585e-02
7.937768591043000699e-01 6.374891306854996165e-01 5.276387718968647000e-01 6.449817464087660435e-01 2.936210929092292199e-01
2.598449087857690465e-01 8.673833831979536058e-01 6.103241573004725140e-02 3.769758133010961965e-01 6.823913582435183756e-01
2.584116529029881759e-01 1.272582955214893730e-01 4.635126040592546515e-01 1.002237068798879083e-01 9.442414396862368609e-01
4.076081168491754170e-01 7.896103293904370712e-01 2.929675237549480560e-01 7.968565344102659376e-01 4.951203059324538192e-01
5.626256952615108498e-01 8.760817475369254703e-01 2.870837732158750821e-01 6.360590864649987575e-01 2.023371683874258808e-01
5.920083732964670498e-01 5.108816259662291026e-01 1.553236789304521803e-01 9.708580856594958286e-01 2.228862382499751105e-01
1.917171373194018758e-01 1.912904711957997828e-01 2.310996612213733759e-02 6.302767611737449815e-01 8.608258453798948162e-01
1.008517219576879898e-01 5.747041454486653267e-01 7.213931680305573080e-01 8.562674683881540405e-01 2.750527638599638003e-01
5.952779327898312101e-01 8.194847459274127166e-01 3.491433010944943183e-01 7.535563192346509398e-01 2.418811468584349811e-01
2.478129169108609364e-01 7.979653081635729173e-02 4.097024620078494328e-01 5.385364283527331875e-01 9.135458392595672272e-01
2.554692241757219318e-01 8.481595900570317870e-01 1.323099149663841123e-01 2.384367903474530204e-01 1.754615670902430757e-01
4.057139538002436652e-01 3.356476536776530351e-01 3.234608196305521766e-02 5.233163772036797390e-02 9.960366565186811183e-01
7.470296913415068740e-01 5.025243779202778205e-01 3.193928152471983140e-01 4.315451545965579561e-01 8.975997126002115412e-01
8.473015706639901445e-01 3.992230911985569231e-01 9.463481116507023172e-01 6.617074798520802270e-01 2.713635727745384862e-01
9.817484635352072830e-01 1.193323655185080101e-01 2.504507884409497009e-01 2.100844326314358357e-01 9.298234480577761696e-01
5.108450128030550541e-01 3.318097123768178891e-01 2.664054443152783502e-01 8.809185559579540969e-01 8.550442358588248304e-01
