6.453408901203144810e-01 3.202767295501579570e-01 3.387985353536270283e-01 7.374841542585779397e-01 5.520727467156266721e-01
4.196292278843476442e-01 3.392590680592050267e-01 8.608878153765104901e-01 4.908962101401845857e-01 9.708492670256770873e-01
1.045064777078613671e-01 2.953871888436211401e-01 6.116617411821566597e-01 8.076466055503559449e-01 8.001238020998970857e-01
6.260194996625025876e-01 8.048859778687892375e-01 4.375853847202065827e-01 1.783900896095869104e-01 5.998592822067154717e-01
8.810227144233299112e-01 6.506931420775239339e-01 8.755858731962177233e-01 6.330266162665633134e-01 2.309589295412096677e-01
5.520628530759708052e-01 4.246613373172971606e-01 8.723148997175862451e-01 3.156748813272016729e-01 7.114442837054479885e-01
9.494683346253501854e-01 5.694104982501857481e-02 9.104322762445041795e-01 3.658247953969163691e-01 8.660148574549080269e-01
3.103491009705048320e-01 2.909722508150865972e-01 2.576090310668622818e-01 8.965450332510623843e-01 9.927499724332631281e-01
8.748236649664150599e-01 9.455754217797939232e-01 2.332444149177543835e-01 1.846890570319681402e-02 2.388716779182258332e-01
7.200047818042106806e-01 7.642005818117920679e-01 5.738790925324460668e-01 1.855534473603472900e-01 5.820804682854745504e-01
8.722467231628274753e-01 6.854518049504543242e-02 9.204401992891804163e-01 5.846202534962400277e-01 2.991610027787383608e-02
9.308551022039168732e-02 1.164315900027812489e-02 9.657461159024780528e-01 1.769454809155887043e-01 1.569218262203430081e-01
8.402623372993178741e-01 3.836825282042040097e-01 1.652057687297425748e-02 3.504306746933600891e-01 2.402212713516980180e-01
9.437419932999924210e-01 2.514538541210145084e-01 3.410341103711742594e-01 5.222928740086336674e-01 7.949263152311303315e-01
8.642183921268364877e-02 9.148710117441447576e-01 1.133485571763942490e-01 5.214191446216457360e-01 9.111365286673454023e-01
2.188857195093923957e-01 6.190311424063313916e-01 4.672755679127866824e-01 8.302884749019117105e-01 2.406850964761677591e-01
2.223012271641711113e-01 2.435360410892750682e-01 9.819960115277945878e-01 8.669807694632852835e-01 5.207210997281107590e-01
5.967374884112350841e-01 5.250378649566602718e-01 8.661521209868170423e-01 2.570513309032813609e-01 2.168724695568093885e-01
7.789256856958208797e-01 2.005086067174416398e-01 2.150487654849118080e-01 8.570484175824094608e-01 2.881363981769003990e-01
3.307496684178168334e-02 4.173567099463538765e-01 7.468082106743328952e-01 8.027917972174221095e-01 3.264407180383540608e-01
9.334942566712292056e-01 8.963997561659239333e-01 5.528641286741853289e-02 4.021281164329466584e-01 6.448028838965760290e-01
3.284918608727006584e-01 8.403611207291263874e-01 9.946564019128756318e-01 6.200461151269196503e-01 4.317644909722816449e-01
3.520987734270278890e-01 5.296605047547829903e-01 3.886704704365775420e-01 9.888542068641885674e-01 8.894072491167169803e-01
2.167955021721662545e-01 9.210273805552743331e-01 8.589228918665711143e-01 5.951736050273301881e-01 3.949515010937508785e-01
1.162031842905506540e-01 9.075275364577813919e-01 6.854688153182384447e-01 1.131059880418687769e-01 6.076386741869612695e-01
4.231356708934895794e-01 2.772346729138059906e-01 5.003174264442655783e-02 7.770192253897045820e-02 2.382396448178049075e-01
4.008777127210801927e-01 5.696725306095465902e-01 7.543698606082516189e-01 2.602229791770517275e-01 5.698105775483133240e-01
6.866174735358330228e-01 4.875166228596772289e-01 1.183839114434274142e-01 7.789542055430974665e-01 3.699472896556884605e-01
3.233016288980991026e-01 3.485536243902597198e-01 4.279658040152292120e-01 5.382494524535602620e-01 1.700373801854795364e-01
1.247743309968473158e-01 6.376088043100692770e-01 8.313131315107716857e-01 4.987038891364592441e-02 8.691811860520962663e-01
6.684455864523077828e-01 6.543789266760614565e-01 2.968133940366598500e-01 6.345375027399862145e-01 2.021221469569860485e-01
7.851613141961605313e-01 9.382155415047066516e-01 4.631476736507201819e-01 8.828953710925533382e-01 6.925370636726788653e-01
2.612549262368899505e-01 8.794245574726824444e-01 6.625154921780259665e-01 5.927684993373434352e-01 2.249630803885194208e-02
9.158980386698517551e-01 1.334550897849168249e-01 7.928890562551013099e-01 1.656290741580005443e-01 8.855064631195571634e-01
4.992881196956481249e-01 8.820401311832437585e-02 1.859254404354419021e-01 5.283103112006687363e-01 4.555628626389904845e-01
8.858300941262834405e-01 7.554404015311763088e-01 4.825471705779948994e-01 2.143818166601336728e-01 9.090802741491864625e-01
2.176956218939262167e-01 3.679680863484119380e-01 5.853859974833541813e-01 3.165143809675005082e-01 9.604688165610939521e-01
6.629516838083071573e-02 4.127756732222666036e-01 4.657485842024512435e-01 9.089563433717871010e-01 1.179553624933459277e-01
2.092469419402315234e-01 2.935745035799803837e-01 9.535935134883977149e-01 3.427951975024010611e-01 9.991555117896507854e-01
7.651051822434066230e-01 3.052795045850850153e-01 3.735931865261208351e-01 8.745540115397176795e-02 6.663677881142887616e-01
7.547656027612392737e-02 7.790995222193120018e-02 4.382175061048693143e-01 6.040291002742870230e-01 9.401337298581222690e-01
5.659973501287560715e-01 5.629803338124331757e-01 8.139156370222808690e-01 3.001371545321136480e-01 4.091154591232492033e-01
7.140395194098708709e-01 4.456208181618426245e-02 9.593666322615496123e-01 3.357266565396062052e-01 8.526223278227641478e-01
6.134049834411229307e-01 7.126665849683799792e-04 9.682772841591666957e-01 2.007915999830759413e-01 5.815583028195110415e-01
7.512002499177616865e-02 4.112172553503229411e-01 3.513786605171896893e-01 1.000723511307274327e-01 5.729612109825743538e-02
7.314971738429437709e-01 1.930220712748866863e-01 1.338980110947010083e-01 6.382836587142942664e-01 6.397279052126699783e-01
1.650027119180647039e-01 8.783837169447291648e-01 5.356172903382846462e-01 3.728893849196153187e-01 3.569228281219842813e-01
4.314811407950295274e-01 7.346217753309424170e-01 7.879674246018524286e-01 4.393942354351881852e-01 8.088179875454404311e-01
2.456640069656105263e-01 6.257488054557204249e-01 9.729702798402593000e-01 7.419193422951302352e-01 6.529021609280494243e-01
3.054478374248534855e-01 7.974450068026474048e-01 6.058042321849518297e-01 7.645977069800156123e-01 8.089879024504007532e-01
8.446423423239072248e-01 3.960042550077166323e-01 8.208521097963582536e-01 5.380518918535869277e-01 4.245192522224106035e-03
5.228101176778274795e-01 6.619616987322122226e-01 7.775134856125299754e-01 9.762847450802929483e-01 9.298557173147884436e-01
6.725448187647797837e-01 2.189940164548348500e-01 3.737982987249965916e-01 8.673303669526883919e-01 6.323677113789305526e-02
1.121141104772165331e-01 9.640089926366269824e-01 6.354135437716101897e-01 1.288183524737309682e-01 7.099992565211099560e-03
7.693681298275313329e-01 8.671275202463946119e-02 8.943165280179169452e-01 4.527903656639654661e-01 7.383977205895116969e-01
3.694266789469347056e-02 2.031717974421203277e-01 1.111864461046274677e-03 4.091062574407015040e-01 6.678151474869402637e-01
8.808964006649545597e-01 7.106734359467873352e-01 7.267411641163447067e-01 3.143521023179105534e-01 5.187258126849213502e-01
1.321275761154658834e-01 9.640611455112633177e-01 6.726721231531554990e-01 7.181678793295797059e-01 6.172155905006178056e-01
3.219185756649016739e-01 9.459399516361356453e-01 2.733313104602509425e-01 4.038668818256754278e-01 4.149377092797871258e-01
4.475222664854882071e-01 4.973217016668407542e-02 2.657125384959946324e-02 4.584775715901671100e-01 8.551319979842859631e-01
5.201657116000456549e-01 1.343797376967300616e-01 3.062935571869853657e-01 6.882658875204117344e-03 2.955919285550064890e-01
7.476100381909751569e-01 6.647404330990461796e-01 7.577190459640680276e-01 8.885939137447946834e-01 1.179312217077888025e-02
1.768497783303866200e-01 8.141299492732498866e-01 3.226443552614928212e-01 2.481345939527331845e-01 3.786784113268285568e-01
9.973285734562231664e-02 9.348846018631273846e-01 6.327078074071038616e-01 9.266049234717299576e-03 5.160076072920514179e-01
6.877155889241560738e-01 3.360736283367699029e-01 3.202154904632784627e-01 4.097624300537348052e-01 9.738403981668444231e-01
2.420904427529787517e-01 9.306635873488942057e-01 9.217647740168682935e-01 4.635822061398925387e-01 7.302158716083106960e-02
1.521960220948030962e-01 1.324567424413184424e-01 9.745268429951708944e-01 3.508863272256320665e-01 6.511697949220586201e-01
2.790749196178143876e-01 5.682748347072541506e-02 3.836291078103056806e-01 6.238331189860890635e-02 8.779439050190948057e-01
9.385036603031123859e-01 6.294405258483051213e-01 6.607537281974361631e-01 1.466940043830370355e-01 8.680997464689922394e-01
8.571588618733724241e-01 6.817493947321501269e-01 1.188656524039599649e-02 3.726000072384948458e-01 5.290356725834005625e-01
3.681823930767376130e-01 9.405644083169513170e-01 1.134173440120481713e-01 6.182131347048166470e-01 4.194190150423693364e-02
9.752042632857299553e-01 8.529134133485746228e-01 7.943467861612290015e-01 4.327391901605137647e-02 5.677003508934537201e-01
4.757125412481304494e-01 6.460764369678916319e-01 3.496315838214465455e-01 8.517028837256990226e-02 8.527399837999785071e-01
2.140354205376204799e-02 2.055546103024249449e-01 9.696519693360480252e-01 8.302794519386634819e-01 8.541792369354389569e-01
1.453516239501426721e-01 4.209519164620479925e-01 8.795551388405401516e-01 4.194616345445554284e-01 7.822014105882159063e-01
4.240913728797535143e-01 1.886455941311837581e-01 4.209551272209292039e-01 4.744428843412041852e-01 1.895559208421059294e-01
1.913961465692819441e-01 1.962362615822510481e-01 1.459906577355460922e-01 1.279514272228264860e-01 6.464013194724971267e-02
5.295050648647674496e-01 4.221160808645711970e-01 8.709112008068541355e-01 1.343160590563763357e-01 3.109404295808865237e-01
2.549170698340355035e-01 3.440150144776664698e-01 2.916423580328990628e-01 3.043791931583952337e-01 2.161878237966091687e-01
3.303180438981762057e-01 6.369621944816195036e-02 5.926668180571177391e-01 2.688272202666235344e-01 4.011072517330557252e-01
3.751514116215752814e-01 7.687686585101523029e-01 5.307526994206894777e-01 9.394713313663307641e-01 4.157682559380232457e-01
6.717181989058041980e-01 1.663534365892792577e-01 9.031334088041308439e-01 2.865944961711416328e-01 6.600737072091236168e-01
9.329246020664220262e-01 4.687331790303134182e-01 4.667483223698387640e-02 9.665714091586175005e-02 5.666344570452384044e-01
2.384041233050975261e-01 2.784917323134943334e-01 1.997549866786737516e-01 4.650913906637731410e-01 6.559288724931530146e-01
2.338224685543636161e-01 9.224212576098221872e-01 6.656401942888865442e-01 3.290699777417294136e-02 3.149550471562577725e-01
5.281754225090113941e-01 4.483238585909209428e-01 8.077301000996051084e-02 2.680524382778651793e-01 7.102491403384356694e-01
9.961240372356807704e-01 9.001702817167661630e-01 5.408336627049816769e-01 2.679438094324029240e-01 7.588056296638908682e-01
7.928016396278060318e-01 8.257707961069726821e-02 9.500046050161518041e-01 9.429822487944483633e-01 6.426184715614309262e-01
6.440820736596167828e-01 1.078408838248263724e-01 6.126601370053563755e-02 4.027833278567658493e-01 1.273562548632573010e-01
6.336019937207348907e-02 8.096599062242297862e-01 7.085512969362339764e-01 2.400556951370381720e-01 5.688463194927106947e-01
4.749742794314271155e-01 7.039655360377908844e-01 6.841666101812400314e-01 6.882204974729000391e-01 3.744503273030620472e-01
3.185996216816070481e-01 5.611553150856803951e-01 9.365920863837337018e-01 3.403798514586254820e-01 9.045569841982108450e-01
8.817130311797350961e-01 9.917064690368426749e-02 3.435126715668259667e-01 8.159050111924206483e-01 2.017352376837723282e-01
9.538524071283674965e-01 8.039335612031487388e-01 8.834607207733997658e-01 4.407231532696931353e-01 1.347099253814537656e-01
4.225505629380988948e-01 7.907110925373772581e-02 7.113118712662150900e-01 2.117969441763480898e-01 1.789603192125389652e-01
7.848182327763226773e-01 4.971254608639292805e-01 6.481325457084324837e-01 3.477000790280513343e-01 8.221739012108891798e-01
5.858640431513314484e-01 4.609450810942173904e-01 3.872284710772734284e-01 2.915190349283951488e-01 4.659182618483407312e-01
5.895017311961291417e-01 5.702693957923585799e-01 4.225703615312530470e-01 6.075216435926844571e-02 2.605031187304635010e-01
3.066612330455646962e-01 8.193438707716245162e-01 7.529764687985180949e-01 6.945609149676764682e-01 9.629967609419117780e-01
9.089907659365944470e-01 1.730029640414049164e-01 7.916095011698445205e-01 2.188905776289935545e-01 1.921301809891701184e-01
