5.724971757078357593e-01 9.107103020553488637e-01 1.648836905131197961e-01 5.855868839485388611e-01 6.553281030864467338e-01
1.733669946828026998e-01 9.905741234842672105e-01 1.008772955408107075e-01 4.127759309773074703e-01 5.476612735215665717e-01
1.917470223041971567e-01 8.285972899725224661e-01 4.530348520533510337e-01 9.003502370799567611e-01 2.978733321492577080e-01
8.215188763514507109e-01 3.865323079327828149e-01 4.559720573787030551e-01 8.524067544816045228e-01 5.800186858001089574e-01
7.084926842230265809e-02 8.043533304716328214e-01 4.212284971526452093e-01 1.910394716885059907e-01 7.937306068211500421e-01
8.159892862541290315e-01 6.125260900565152600e-01 2.040284733962440811e-01 1.544452163237016729e-01 4.517711717944027372e-01
6.287331145364197793e-01 6.523364900742123496e-01 5.877940814784408108e-01 2.470682116789720828e-01 7.332939669699891638e-01
2.363778267694631730e-01 1.631512410600439722e-01 5.158384630104099200e-01 4.905120952476954566e-01 1.172308782520564696e-01
2.740886132313200552e-01 1.509844771616533077e-01 4.859679674531964810e-01 4.457762295884943882e-01 8.771071988224476979e-02
2.530974687569413906e-01 5.814464084628745422e-01 8.722227583088881797e-02 7.875609709577300332e-01 7.811372741601685377e-01
7.285625402797553107e-01 4.904373925383744837e-01 4.423817177250884969e-01 3.178390347188317921e-01 1.334706726894122619e-01
7.414639421627752247e-01 9.620166949525335021e-01 8.834154835761919289e-01 2.657057854885892523e-01 7.539080563634036336e-01
5.235963346654814998e-01 5.446079235831939869e-01 2.740472476966775428e-01 5.529433685643129204e-01 2.444560096933955373e-01
6.165517131746622859e-02 3.300748329871074915e-01 2.923585014026369722e-01 2.741840586002937119e-01 2.218254728020975231e-01
8.382440576363637819e-01 8.468629404636536240e-01 3.398211809884634782e-01 5.141729500642807649e-01 1.012446050547588516e-02
2.398288134445691888e-02 4.345634345797639853e-01 9.345782095715343685e-01 6.737926778711438303e-01 4.164039441675581044e-01
6.905630862776201973e-02 5.363226701929755258e-01 7.298677689799072388e-01 5.161919294814374393e-01 8.670942374012013953e-01
2.586789320895173105e-01 7.960963393688914591e-01 8.996757272448596687e-02 5.989013530722231415e-02 6.219929213364447929e-01
5.159967952545663206e-01 1.050151056197792254e-01 1.149408272108505269e-01 5.215272262592337560e-01 4.944037541503621958e-01
5.840063281139618034e-02 9.056162260040067080e-01 8.352864150991786696e-01 1.784048920679868200e-01 6.682298911637835070e-01
6.044839746709023132e-01 6.385168361581876617e-01 8.347493743086117357e-01 4.849812390927996653e-01 4.628429461747445295e-01
6.787847905383482816e-01 5.886470474533136432e-01 1.460510527945089176e-01 6.357393422062935784e-01 4.087916240054740857e-01
4.867106009366594099e-01 8.772113820007011453e-01 8.092890445972427127e-01 5.179072670103388454e-01 6.123698623027857835e-01
4.544940683835319017e-01 4.375167011252579785e-01 3.686018109572497536e-01 7.604446737974766002e-01 8.541328988580894066e-01
5.029311001065166487e-01 4.675596968849693447e-02 2.369985650796428978e-01 5.086213068572827956e-01 8.502640121888870306e-01
8.198741837461160920e-01 9.817890542304141821e-02 5.375982928938393135e-01 6.130826906878753535e-01 3.205715136585900460e-01
2.984756173168741089e-01 8.045633649895064243e-01 7.263228698228575420e-01 5.742367032271961103e-01 1.488442399069122013e-01
3.119532678822845018e-01 2.531697630261642296e-01 6.519649651016236058e-01 2.928882724937468263e-01 3.614668141056306405e-01
2.018484905566499954e-01 2.236499888760693500e-01 3.958978975846506598e-01 5.925162516391174750e-01 4.752620747372311438e-01
1.387537287169853251e-01 4.702195846247866351e-01 6.936426631304966062e-01 4.197359058479942506e-01 2.188922675213319513e-01
8.301519555371997816e-01 6.043387096199399622e-01 8.790296469958172043e-01 2.359336606595948682e-01 6.140613518644438829e-01
6.809203368134706391e-01 6.181488292335801660e-01 2.163369905917472691e-01 3.537059928250109175e-01 1.574795188693967063e-03
5.918996417883276573e-01 3.377536204130838771e-01 6.067163764282627048e-01 5.885292161735174998e-01 9.724906464524900596e-01
7.516843981673895225e-01 9.650072363495260097e-01 4.710634935092927744e-02 9.034768677526706648e-01 6.381605861223698106e-01
8.333027342014518446e-01 9.149837857959708387e-01 3.417408712844928198e-01 9.215895215074073610e-01 6.917640462744156782e-01
6.807254015057262464e-02 7.904871294348945199e-01 7.731812585396098392e-01 3.155667624759151968e-01 9.447757915060348566e-01
7.638350441649516265e-01 5.329446285036942843e-01 2.867916485232391288e-02 4.109531617681922988e-01 7.338398131106882438e-01
4.574214771134840207e-01 3.541905242298515333e-01 2.920893126911061621e-02 9.940590895194714172e-01 7.889426927224756358e-01
3.839164762771229977e-01 1.681952303007787641e-01 3.241185815419868055e-01 7.517146955838829303e-01 9.298057483810505675e-01
8.753653465272723810e-01 9.908150452759683091e-01 9.807257880053642518e-01 4.849668335837936661e-01 6.679834909047654978e-01
7.147776578827139682e-01 2.353944895314846741e-01 5.426365643631804181e-01 8.719911811687187653e-01 8.954951432549884682e-02
2.059354118513877507e-01 8.796542119795395243e-01 5.795917198878717258e-01 8.377435100556062109e-01 8.484498755918359336e-01
1.312103949272782621e-01 1.836511738118919990e-01 6.153104185090629841e-01 5.861057987376740996e-01 8.863148220740039163e-01
4.193013729822152591e-01 2.993482841912230574e-01 9.258272209568003674e-01 7.211704012922126594e-02 2.358767133839972940e-01
4.896016294177565342e-01 8.069400046304867624e-01 4.722922081390102944e-01 9.473165315238163409e-02 3.523243620298979195e-01
5.079681310111983095e-01 3.545582507345440559e-01 3.216398380663719747e-01 6.531480933193692939e-01 9.784910548822338683e-01
1.147425772462362659e-02 2.558014172066656045e-01 5.922738559705363892e-01 7.040833320908935766e-01 8.435471020198113123e-01
9.901004648412466969e-01 6.057654060827842857e-01 6.474329462819641279e-01 5.867504397871022848e-01 5.320677735666756725e-02
8.145767335247104945e-01 3.441331364982869179e-02 4.499776043608941789e-01 3.283194276318587290e-01 5.076708861409982010e-01
5.082430559025630235e-02 6.183185902115602151e-01 7.867794822141191968e-01 2.075898705989940307e-01 6.555379616100968088e-01
1.712926915790973226e-01 3.538742675028960782e-01 2.517568795631142109e-03 5.247677842898413880e-01 6.888307660947703415e-01
6.067783741430810007e-01 1.307809847387766400e-01 3.987352489898894348e-01 4.457401939148486480e-01 3.404798794804456685e-01
1.042466836071476166e-01 3.755464808082643602e-01 1.070747783727002966e-01 5.337610291992959111e-01 9.540013692878815954e-01
5.637124292368990153e-01 4.238821104417531682e-01 8.486299105117398600e-01 8.516935626200586862e-01 4.531057418399184744e-01
9.823187263950858839e-01 2.831449591910315533e-01 1.330993458788388706e-01 8.193515629049084037e-01 5.701270158709966784e-01
6.529056143026117365e-01 8.541611615460577012e-01 2.059942716588694100e-01 5.784582833279785508e-01 5.022581572586510834e-01
3.190815907957448294e-01 9.690135343280289471e-01 7.023039044067205250e-01 4.088038862947548369e-01 4.529574051766467324e-01
1.098993616570266285e-01 1.323943200688676436e-01 1.337389185627034793e-01 1.916715316996771001e-01 6.421483042123402596e-01
5.772456155912899511e-01 3.288397630662595050e-01 7.785723343235423366e-01 9.780847541682061719e-01 6.817012165424829462e-01
7.450009922119983363e-01 1.473696829693671440e-01 2.896931926169469262e-01 3.309450491122762905e-01 2.956209472983882813e-01
4.522514033663606048e-01 5.390549251932463815e-02 1.398544222545993199e-01 8.492403964124891624e-01 3.828165937322206558e-01
7.919527640053395379e-01 7.346652851593951095e-01 6.561205910805553154e-01 5.676569910315277800e-01 2.795295667220016878e-01
6.488233180811309175e-01 1.499015202847947537e-01 9.457077226197240227e-01 9.205244819554125879e-02 9.633146640555494411e-01
4.489948574630553413e-01 1.150095936132033980e-01 5.916980943992761199e-01 3.686984600670447643e-01 6.898567042414704975e-02
9.008627442710159805e-02 1.689751200390324781e-01 7.771005764413525529e-01 2.079262163436734756e-01 2.131161229226301579e-01
9.779262631766855174e-01 6.418753192597188573e-01 1.308988052427958459e-01 2.238302843784174545e-01 8.973595338032365198e-01
3.064548671276783320e-01 8.975200974490814554e-01 6.059994595629752956e-01 1.324311748473028238e-03 7.182079269428807144e-01
8.836098989650343905e-01 5.000553814048158685e-02 3.570064679734296087e-01 4.824909440046299958e-01 6.820855911918435321e-01
4.312310848417129083e-01 8.101957349624285820e-01 9.504955114038911024e-01 7.350978861377828188e-01 3.249418626677602617e-03
7.226789920849818749e-02 7.332086536877491234e-01 8.216972798363748609e-01 9.952407376875908041e-01 3.390843564716689018e-01
8.882010713725476680e-01 9.457347191453108204e-01 1.575531097950515491e-01 6.399926391996391128e-02 5.213235765449348857e-01
4.037228610348629898e-01 6.230815693620694873e-01 5.494462271617940319e-01 9.085705724566602859e-01 4.731095085492609265e-02
3.159972099734217332e-01 4.395384092674406995e-01 8.351281313824281405e-01 6.596700190811408682e-01 7.452320944165085059e-01
6.145706772090958614e-01 3.796218036356135972e-01 1.660879956414812453e-01 6.949641073033220318e-01 9.088670128856390917e-03
8.005930982484917857e-01 6.251871060540574732e-01 9.507721091293986904e-01 1.885512384113532391e-01 2.950798328750545707e-01
8.063175187460140947e-01 8.200852548790997787e-01 3.141296923079429648e-01 3.494052907471062452e-01 7.533153313479967750e-02
8.597615856154250391e-02 5.622768044373807061e-01 1.584599524440726270e-01 6.494135437553291146e-01 9.240156273684425603e-01
7.151720282381407445e-01 6.447145848926993938e-02 8.388933367768603988e-01 5.208345801303381206e-01 4.475972776462313618e-01
4.305219736840496525e-01 1.910367772833184707e-01 1.135239200588420427e-01 4.769769620577857250e-01 5.397155140104920035e-01
5.471518721260664186e-01 2.282169811803258508e-02 7.259434370800333935e-01 7.305810784822786008e-02 6.344256460987829360e-02
4.550372236054763819e-01 1.879785174384848156e-01 7.716507754953995102e-01 7.445052857396927681e-01 2.430787403685816805e-01
5.711041291242162643e-01 3.493530169703139565e-01 3.669714722004935314e-02 4.263052110236758008e-01 5.921872692418974626e-01
5.007066335436627380e-02 8.175572033605342792e-01 4.648824266165763053e-01 5.455967420549555635e-01 8.665173710209495006e-02
4.901059801901818114e-01 1.336374874572678895e-01 7.262339274825158064e-02 4.974075902416402739e-01 2.375494404277450622e-01
4.618892928154488819e-01 2.789945180246824474e-01 4.074189793711405772e-01 8.366001205946865804e-01 5.498932101024224250e-01
5.088933546220386628e-02 7.015105041300219169e-01 3.949343434609812187e-01 1.977291309388374829e-01 7.014037747518251376e-01
6.374522370857381715e-01 4.733281069508832317e-02 5.204431057041327691e-01 3.473917915031943249e-02 8.803455326288728289e-01
9.785122337401092052e-01 7.707107302713612773e-01 8.129752021885949809e-02 5.746409042401035006e-01 1.974727463601653188e-01
5.138400013505982633e-01 4.233440995725743505e-01 4.820833434348061886e-01 1.002459127898498448e-01 8.978214928350702895e-01
4.015906188978294322e-01 6.701372065610066153e-01 4.651456162957979812e-01 1.815999482337006254e-01 1.854828215325502461e-01
9.498228707093210321e-01 4.302725333856133316e-01 9.189572937891035131e-01 9.452565830886919818e-01 1.623857347832083908e-01
9.602926961646363058e-01 8.914233449496199446e-01 8.574292042266479230e-01 9.161925495525029550e-01 3.967748570550957421e-01
1.178711800807408228e-01 3.073615843419207350e-01 8.371727841166018980e-01 7.875531307723671048e-01 6.685748646924021266e-01
1.534048654934888622e-01 1.703347319172260343e-01 1.912726386157870273e-01 4.577899662755902099e-03 9.240214673637744403e-01
6.987837457829532140e-01 2.691495667832012328e-01 6.904492886711628419e-01 6.539152021037469842e-01 5.252719292687358932e-01
1.392869759322223899e-01 6.670630702345112795e-01 5.436926474278938048e-01 7.095064139660692826e-01 3.265292473170956500e-01
7.747033137753954746e-01 4.016402885501532127e-01 2.756394957397587664e-01 9.783602903596340106e-01 7.134699072363704930e-01
8.766642617776342350e-01 8.129637790419921295e-01 1.498748092376762653e-01 2.348460253819889543e-01 2.205756380363733671e-01
2.980423651706524124e-01 4.387479094833179882e-01 2.745243259846392725e-01 6.924815985134931129e-01 1.889344286477222523e-01
8.865355901057349053e-01 2.216211476957491433e-01 8.404836709171991105e-01 6.767176874691099853e-01 5.385394837920571831e-01
