1.851204054946058442e-01 5.945959467640349327e-01 7.532481751651052271e-01 6.913115795315408763e-01 7.875744904908781319e-01
5.829019735619215270e-01 2.467600895787601667e-01 6.542107530274847704e-01 8.334951644850721042e-01 2.534100711961535524e-01
3.229475359053386452e-01 6.254925754103147773e-01 3.190217493764456735e-01 6.290132307773477205e-02 1.835304130341924855e-01
2.901229713414532618e-01 4.346546196961531550e-01 6.045503536561397384e-01 9.438931573945193998e-01 1.172248799993703683e-01
6.940560032423557235e-01 3.250960451686436548e-01 6.533184094826847144e-01 6.331781289550835190e-01 8.032786179416465666e-01
8.449899581970758966e-01 3.458040189514156593e-01 1.768766602555253975e-01 3.017557711072202942e-01 1.590585254001735116e-01
1.629736476591430172e-01 4.849834798260377333e-02 1.594624427573748671e-01 3.159241520059341557e-02 3.784894614678457891e-02
1.466238521127850580e-01 4.742970759839753025e-01 3.262192379274545528e-01 5.503949158689338539e-01 8.775624831850276086e-01
8.896629015982991939e-01 7.858574537872090593e-01 6.210989161336726294e-01 8.080902135301383238e-01 2.728463177563330566e-01
3.293834338186061306e-01 3.505910258760421838e-01 2.824343809771771019e-01 3.553981876422622754e-01 3.188820879909822770e-01
4.636114862187947772e-01 4.481376954914871868e-01 8.858226453928991218e-01 9.557401267727578809e-01 8.511245935520657113e-01
5.000302557263857084e-01 6.473733633142976229e-01 5.871557479338369578e-01 1.740136306896026275e-01 1.578697162604163484e-01
7.078612993903499184e-01 3.655874503949566590e-01 3.289648893331050816e-01 2.921329440483888540e-02 1.093157720969262225e-02
3.401754015723659208e-01 4.597376663943238961e-01 3.369946950934865626e-02 9.026675370773843410e-01 4.891893743356945379e-02
9.598215569401047365e-01 4.667059679330465283e-01 4.016868199928309568e-01 2.117908288242920101e-02 1.748905675662274506e-01
5.320779476747730108e-01 5.504645681598981932e-01 4.503467076410908598e-01 6.507730047654417538e-01 3.944426182563197658e-01
6.386495758560322145e-01 9.018219952715780252e-01 8.287997716302849538e-01 7.823655035625678433e-01 9.326595298942220724e-01
2.311448364008363843e-01 5.854241737068254237e-01 1.406225852139419974e-01 6.452306301035225511e-01 4.234510596318035169e-01
4.847776472998314157e-01 1.014943731931500226e-01 5.565083870372644625e-02 7.611542944849838399e-01 6.575983566714943551e-01
8.126585597311577480e-01 3.572915916461911756e-01 1.013395451713624551e-01 1.988647924317417104e-01 7.825072331744139520e-01
9.129724534209727738e-01 1.145394666327090860e-01 1.340558581951697414e-01 1.043859435786499423e-01 1.249535603829300401e-01
9.043094523132950702e-01 2.102822503963841516e-01 6.346886967867377827e-01 7.893425517574967909e-01 5.317979100230074696e-01
6.787644127657123105e-01 7.439781513374312816e-01 6.079341746558605264e-01 9.143035001612059842e-01 6.087345855355709157e-01
1.207494315215179581e-01 4.298549820678714273e-01 4.025096678706803210e-01 8.174205370085081412e-01 1.875038385571505817e-01
2.066548230327958091e-01 9.037368620952079823e-01 2.071505936476173426e-01 9.347544861764248703e-01 7.281993461543143642e-01
6.222921832671881592e-01 7.303076257218984457e-01 2.916004873455892987e-01 2.524913053786548289e-02 2.697413815804178272e-01
2.158989947687645072e-01 1.760996332803681508e-01 9.674388199199523974e-02 2.658000269644533731e-01 5.641893781790480178e-01
8.121071833066456636e-01 5.939577170366349135e-01 9.895459041143407353e-01 5.245510421753015740e-01 5.859506749881955301e-01
3.408478451529605158e-01 6.511959108488161174e-01 8.268789968551680802e-01 3.705334384829639394e-01 3.643459967732445293e-01
4.792967100348594078e-01 7.955615811868973486e-01 3.561260226905472726e-01 5.138252045391603628e-01 4.095923102405182314e-01
2.845451490851509391e-01 1.511562861939924618e-01 7.610564078656234521e-03 6.651491120126640233e-02 8.491056661345086631e-02
8.303552660923870787e-01 2.359838088324783811e-01 5.332108199053431363e-01 4.200962162644611420e-01 3.215748802577979015e-01
1.773015439786004288e-01 1.384771075879178692e-01 4.319799046344384719e-01 7.786075386192521375e-01 3.555790961819349505e-03
1.670804150571388869e-01 9.146032016001870435e-02 7.336515039534826643e-01 9.058669323956114461e-02 4.805039745230954562e-01
3.385605733902219416e-02 6.919337635966703592e-01 3.477976148219397157e-01 6.630012429978603405e-01 4.988847152770732318e-01
5.510265919392332012e-02 6.171918289531244106e-01 7.825652975981131076e-01 9.350980815394314138e-01 8.233047278141509828e-01
6.931715289440476546e-02 1.190321433268120010e-01 2.065436821522351751e-01 9.855306307552393896e-01 8.141208653061433598e-01
5.557508221947560223e-02 6.966334714785116233e-02 2.837634997328970510e-01 9.258327546678121189e-01 3.112150746405715207e-01
9.000710819737619550e-01 1.119028741734184873e-02 8.248588722312388821e-02 7.735092833679100277e-01 1.649731508562801707e-01
3.349382358449048969e-01 8.374403968272211563e-01 8.538189695468836327e-01 9.425601453070989733e-01 2.527017473749350041e-01
1.623497228276156168e-01 1.559467063998120073e-01 4.017137358323343843e-01 9.765538277696965697e-01 4.480591110445955039e-01
9.545736627096212956e-01 9.775603394479160935e-01 7.347097115192501304e-01 8.856851741001180445e-01 4.307466870218071842e-01
6.786132783950526992e-01 4.237534046735293991e-01 3.407676884497932157e-01 8.630992094494396305e-01 2.126623591150031967e-01
7.822911358450546082e-01 4.308848215516761782e-01 3.578970774768029939e-01 4.286379894923656453e-01 2.682114561606897540e-01
5.220117998754887356e-01 3.868909931979259698e-01 4.408290149099743926e-01 6.024973907643765836e-01 5.643689764717296775e-02
4.636512467959332806e-01 3.071204394308578722e-01 5.242162498272378013e-01 9.497492638615289140e-01 5.194891408904710461e-01
2.356627345022180853e-01 5.855748528188452484e-01 5.409337552274158245e-01 6.167447271395856134e-01 8.894559997410301788e-01
6.145278699862954941e-01 9.083649819265903202e-01 8.601003187297903141e-01 5.766027412211733871e-01 8.370497783947883352e-02
6.408381516084182827e-02 9.917952356340274944e-01 6.243362167986022948e-01 7.746418200030408263e-01 7.690146567810007827e-01
3.701234620153459609e-01 5.029682119746043956e-01 2.860783206356631858e-01 1.244402355011671180e-01 9.108720095429937436e-01
5.262627238057641099e-01 5.527809897067672562e-01 8.122509800843499272e-01 8.497712790387170756e-01 3.604299518797696722e-01
8.696101422454026730e-01 2.252370419811827729e-01 9.763683000329516082e-01 3.942176527162223332e-01 9.172224930500401108e-01
9.714233570173596011e-01 3.419705976005238401e-01 3.449310145309281150e-01 7.658184550471044405e-01 4.932437373089986199e-01
2.597801209606910300e-01 2.059595083680506589e-01 2.633285863099963375e-01 5.091238096096895038e-01 3.302996922796380685e-01
9.489690946375530789e-01 7.969330976864941185e-01 3.489424616166919568e-01 9.544916148149841240e-01 8.657101027545750505e-01
9.722650120143725427e-01 3.180732605082813302e-01 5.542122187905409447e-01 7.436568948563053727e-01 7.981915428591253026e-01
4.397620322874119525e-01 4.203840019861282418e-01 2.244221965781721950e-01 9.039791330273676540e-01 3.845189155262322966e-01
6.799820439718817777e-01 3.159150290526043792e-01 3.508230633211131266e-01 6.845904161452002201e-01 7.437174358519231809e-01
7.848836134169550061e-01 6.089710509593349030e-01 5.633228348531194030e-03 9.945300312811066190e-01 3.314223252571775191e-01
4.361018581064973754e-01 9.971955755705470548e-01 7.226757747819700928e-01 7.766375444360729130e-01 1.759157875408041694e-01
8.044450142005158400e-01 6.070135858533372009e-01 1.247338166273983528e-01 7.745356770369556942e-01 9.538289166119383600e-01
8.732351706271140879e-01 8.643480440008516341e-01 4.307808041593625958e-01 4.352990673753148743e-01 7.617364327485964814e-02
8.479222111850069910e-01 8.462366839319633849e-01 6.488985421923125774e-01 9.968486534665977894e-01 9.011322667460506253e-01
3.070362027239290637e-01 6.586942642878352849e-01 7.502746970468204823e-01 8.247132249744196786e-01 3.015812024391464341e-01
1.711707721042566854e-01 3.659359104651469519e-01 9.107711248452363684e-01 2.882589751103495912e-01 3.554998183529438638e-01
9.628642752145035733e-01 1.373548386256769893e-01 6.048723806112181745e-01 8.791599507051905960e-01 9.014071087412139915e-01
5.796653132828273325e-01 1.984008350504595786e-01 2.882486116352332983e-01 3.892548290161675917e-01 7.734369844556948648e-01
8.231578925788848311e-01 8.077358745161353770e-01 5.768374238290179257e-01 8.912821557562657926e-01 1.807303067988266232e-01
5.209490510386083351e-02 3.758205724596380692e-01 4.117681250623761446e-02 5.995778011912937799e-01 5.385091019813652569e-01
8.177283788339705373e-01 9.609062975422121289e-01 8.674340680802924419e-01 1.832863057427378539e-01 3.476021917763717495e-01
1.839726802800174532e-01 2.895695409253262742e-02 5.637009398349523970e-01 1.516857253080504675e-01 6.351024568060982256e-01
7.589059685376520203e-01 4.908076085910249020e-01 8.652358765305602217e-01 9.332306490029962376e-02 8.630051943508907364e-01
9.014746085254292662e-01 7.405229441470205787e-01 6.083414773365452000e-01 7.446061889426311975e-01 1.900874649502617419e-01
9.000359864820162148e-01 5.906049181435010231e-01 2.763813783015346415e-01 9.707584582521732175e-01 7.468573131523866815e-01
2.648195774967844196e-01 8.320934399924180269e-01 3.602146269887069874e-01 8.501234681945452065e-01 2.859132287631920288e-01
4.557852553075507629e-01 2.225108547739708120e-01 3.123303074984500327e-01 1.337873252339860652e-02 5.037927573963484340e-01
1.410325388925088852e-01 4.185664226411455191e-01 6.815834056878901093e-01 8.124625931215250230e-01 6.784450796332482936e-01
1.776927106618496621e-01 6.042747738159185422e-01 1.060787201724940898e-01 5.435695096275756644e-01 9.212621494089621166e-01
9.967171130289228520e-01 2.225862728418445124e-01 9.761305187997861843e-01 8.730165876836977201e-01 9.613115119926128882e-01
4.440463148141925442e-01 5.445692998665924156e-01 8.706411219600452833e-01 8.659979791759958578e-01 9.851978553055205090e-01
3.707353358137276400e-01 9.366484170693192279e-01 3.309562004636638077e-01 7.136561977709815485e-01 4.095431792361393653e-01
4.080096136597366474e-02 6.361300943107532913e-01 6.435770026293423651e-01 3.632426321374429001e-01 8.976454270615720210e-01
4.498121532173574577e-01 4.854302168820546770e-01 2.587961958816832331e-01 2.467403392145582908e-01 9.676924798891383128e-01
4.797406298129103241e-02 3.387841652593966968e-01 9.607216881471559722e-01 2.156786194797998268e-01 8.543603330112947702e-02
4.533775930378248775e-01 8.680097205773108504e-01 1.485023968584952003e-01 9.168222423941850829e-01 4.743677541476432058e-01
1.089727740302929293e-01 1.569281249685391399e-01 6.388477943694542693e-01 9.024071795405914642e-01 6.820166123635333921e-01
3.698575219332549402e-01 6.014541128072783405e-01 3.055340377784824257e-01 9.543818273147594011e-01 1.985732823613037823e-01
3.246450301019885298e-01 8.417660179515338292e-01 3.523273063983478615e-03 8.307857223500438870e-01 6.290754847455762855e-01
3.366838029947821775e-01 1.295231515472876627e-01 9.911584368192912775e-01 3.178404076702160408e-01 9.090931348767229414e-01
7.905575386555191431e-01 1.886826937241647961e-02 4.688027043856736187e-01 1.795349674257736838e-01 1.157558058684122759e-01
8.283921503941614750e-01 8.527080209236367336e-01 6.476300592715521498e-01 8.184923284323852855e-02 9.895428162073456324e-01
6.309674558154607649e-01 3.999310903114462468e-01 7.299741257453986609e-01 5.654562694374455356e-01 2.880571106443032825e-01
6.215932804423631719e-01 6.792524861054172192e-01 5.122852306794448696e-01 8.101530904611459194e-01 3.650918873468489423e-02
8.271073128951695885e-01 5.554116898397030155e-01 4.936660228671055917e-01 8.585801503696121051e-01 2.562023240229809318e-01
5.987958710941099216e-02 9.943848418977955239e-01 8.976165559912864245e-01 1.890366511265291205e-01 6.950631312520503258e-01
4.984158406450805989e-01 4.024629592592330329e-01 8.140662589631229018e-01 1.325982215033643108e-01 2.019401526423303395e-01
3.094152542346100265e-01 1.406370508340248904e-03 5.340204767879519476e-01 6.008380838452098693e-02 7.676066120938465076e-01
4.567715930124692791e-01 8.774425836245504096e-01 2.362537755819753560e-01 1.487876370842936558e-01 7.187061428930682228e-01
2.871987801333436563e-01 8.010618887098499563e-01 4.854164145269763697e-01 4.343486562020532071e-01 6.417465142214331397e-01
6.857133006657734065e-02 5.010418103115332755e-02 1.432646492833822283e-01 1.749989282023569626e-01 8.699702017536257159e-01
