4.474427123174862242e-02 2.069779723541319560e-01 1.357343637226353650e-01 1.598460682387210507e-01 3.385204052734018809e-01
8.440327006901525708e-01 5.283453361974410623e-02 8.992925964748333945e-01 9.345063217376358145e-01 4.034043124808170955e-01
9.645923403499206961e-01 8.444485894969758766e-01 4.071943453008209923e-01 7.731488241475452661e-01 4.874382756598005795e-02
2.086158051628529408e-01 7.659453991310319898e-01 6.756617351280366224e-01 7.495744685155193432e-01 8.266055270550177747e-01
7.375085031161683347e-01 3.818504769246275909e-01 5.533684692783246151e-01 6.152794158205167063e-01 8.565851520771705641e-02
3.809633677625480219e-01 4.002141587076586404e-01 6.715820095556620517e-01 1.663547882872722372e-01 4.216030230541218948e-01
4.143599662891300772e-01 7.142217881782014777e-01 4.569523218705279222e-01 4.777387563585132613e-01 3.928506144106815867e-01
6.348207711147482168e-01 7.109064949025526436e-01 3.067180779457516770e-01 2.377668462298128116e-01 4.068045693906285898e-02
4.580983485039874514e-01 1.057903118182107471e-01 5.225298572553533916e-01 2.500351112706294954e-01 2.180802161738113476e-01
9.979769993745140066e-01 3.758971100430523737e-01 2.081104318163903288e-01 5.913868392430368104e-01 3.570278268131605870e-01
6.002985696513452041e-01 2.476374573872308638e-01 7.918004485737819564e-01 7.942561475628544532e-01 6.497213797963298232e-01
2.902311110192471455e-01 3.308563888912062767e-01 8.840039312287858442e-01 5.669257309211358509e-01 8.664049255957030349e-01
6.127100069154025608e-01 5.354699080336340344e-01 3.620478995001664702e-01 9.022861329332021452e-01 8.517016320316311839e-01
9.072234080626608854e-01 1.904654816428812403e-01 9.900358878820858521e-01 3.278840743012413350e-01 9.118456874066993567e-02
4.944825606198984813e-01 6.030553876701372218e-01 8.807407903843178509e-02 3.277480264278623823e-01 9.695111287319775339e-01
8.730187594468623580e-01 5.856949796946471221e-01 6.289514856938001053e-01 9.710603454522948041e-02 6.928569588578114002e-01
2.878141364481768827e-01 2.559366114325560826e-01 7.615674019330754829e-01 4.150568962559212371e-01 5.819941818477103457e-02
4.007527981458453015e-01 8.449507731452359227e-01 2.909245282899992624e-01 1.439492720461932329e-02 4.602787554108267454e-01
8.065812235093505755e-01 1.320176522896832072e-02 4.520870247880630632e-01 7.461029321264569525e-01 9.901240392420764813e-01
7.232295306037871407e-01 8.288576229844519805e-01 3.002264605461104630e-01 5.214472150717535115e-01 2.985944961611451953e-01
6.875963738871481157e-01 9.324758355493432127e-01 6.081751303027388422e-01 1.965293628016623328e-01 8.587028215103779116e-01
8.682090985230472846e-01 2.981477084732810923e-01 8.144307409702455924e-01 6.324389704201858198e-01 9.023789417627798848e-01
2.767566590833553386e-01 2.706448899751102699e-01 9.034519517969288316e-01 8.979264134206551562e-01 7.231587129683042514e-01
9.390160158466516194e-01 8.408245262705592582e-01 1.546092122450745121e-01 9.512414881127408961e-01 1.162201588460288759e-01
5.256579692732201714e-01 7.626616474724148276e-01 2.449814095374551748e-01 9.084217642162815132e-01 7.553430454473590849e-01
6.078983029539433147e-01 2.490932643405171509e-01 8.938647862485158413e-01 4.731849708464238580e-01 1.999946349055046202e-01
8.438668126175239426e-01 5.878216836607484952e-01 8.333703107173727753e-01 6.012238233006061972e-02 3.517518962531694937e-01
2.000499606269396935e-01 9.061940001449731996e-01 6.789422909824012198e-01 9.469545557836492877e-01 4.655243483460194120e-01
8.877102912143711722e-01 8.755561374469685854e-01 1.911451913505050060e-01 6.581156310855142966e-01 9.213614107548959709e-01
8.470025271074905771e-01 9.985417854282407912e-01 8.768203352438652676e-02 1.336016594366684629e-01 6.151680235463197199e-01
6.015506937911964114e-01 2.925019354691296147e-01 7.315534583884001352e-01 4.010710697836934457e-01 6.033907443643541368e-01
4.878356585057316286e-01 1.115567429172810154e-01 7.908259006261483259e-01 7.482568817279674489e-01 5.988866101199097347e-01
7.718197872134066051e-01 5.381038879945522213e-01 8.275815475832221102e-01 2.785833654399625381e-01 3.698032516385292290e-01
4.959641991596188682e-01 7.074609219659168113e-01 3.244162612798930923e-01 4.359522705330679537e-01 4.001105755566197741e-01
6.615568737870644034e-01 2.717670696546100606e-01 1.503433632909760842e-01 5.748062034905938589e-01 9.720479554064253014e-01
8.311556342953531074e-01 4.964134059935618737e-01 1.997169758732830758e-01 6.887433908369025026e-01 1.797371400716213374e-01
4.721602090038290456e-01 8.022724930980993374e-01 1.830603026411338208e-01 3.654984252032760228e-01 7.650042003478214614e-01
8.015744977285362838e-01 6.578403160151733431e-01 2.902127019072753278e-02 3.636260971311754409e-01 4.213132587000832929e-01
5.978106949923887026e-01 2.997554175090723083e-01 1.550972712210116899e-01 5.969333751675610644e-01 3.120508771439551854e-01
6.032303239212849499e-01 9.921510260546729798e-01 2.187041615171392284e-02 5.521082858753810774e-01 5.380734908948885398e-01
9.286149885840381257e-01 3.229759637381612869e-02 3.817549973748307623e-01 1.762494715966349546e-01 2.518595501883108545e-01
1.587846866136365387e-01 4.210174708352877326e-01 9.298027393425556397e-02 5.355791871609241195e-01 5.474860739749887184e-01
2.284637389457252477e-01 7.523886276119220451e-01 9.826218517806595276e-01 7.284214543467415481e-02 4.943336945699796647e-01
5.041518394997551722e-01 8.563397811148666383e-01 6.317458137780453953e-01 5.792118200159153130e-01 3.516966489146849950e-01
3.100185074786762085e-01 1.839850373400183647e-01 9.491433183114366123e-01 2.227853062889180169e-01 3.735097339204277445e-01
4.189648068280937832e-02 8.482058861271235539e-01 7.908859952810775029e-01 2.426889362727060462e-01 1.670442974822176074e-01
4.252915121309244206e-01 2.903056391353896482e-01 2.452365481839754446e-01 4.457209078460956375e-01 2.453088956922094832e-01
1.596833019710852675e-02 9.123158897064032047e-01 2.598842583606831846e-01 5.436220952589545519e-01 9.198843770792830554e-02
8.335286697579319393e-01 6.916136760871466338e-01 1.915881679823959738e-01 7.123136153383147207e-02 7.512896398530549691e-01
3.498577920958448884e-01 2.049215489914745225e-01 2.839682046954224992e-01 5.012399607029849324e-02 8.681512052515590883e-01
6.988476631412772200e-01 7.205659283152121564e-02 4.583439033942232621e-01 5.513023170008402030e-02 1.085348380264555823e-01
1.586274631950446157e-01 4.581317160449490666e-01 5.824229133562388583e-01 7.882793979527851214e-01 3.905250532578175005e-01
5.636467403030478440e-01 5.304660868860195944e-01 2.798864896252726275e-01 8.362528923373062639e-01 1.204043720262892858e-01
1.690297886828641127e-01 7.380033149687437177e-02 4.104823506524503118e-01 7.086723626113016206e-01 3.129518958873120926e-01
4.480899027617685215e-01 3.424468251336226787e-01 1.145290132391865168e-01 3.528151401808570231e-01 7.638628746820685933e-01
8.209581274471776657e-01 3.140909936016680337e-01 7.453098877995277816e-01 2.164368781432117750e-01 6.044993416534863995e-01
9.253832602489081571e-01 3.323642791965958354e-01 2.995118180530044194e-01 2.080121895541272581e-01 3.202340550974380751e-02
1.428726995346444317e-01 1.799917546432415749e-01 1.066368173192540070e-01 8.084678003906469179e-01 4.027963509550501753e-01
9.121374270913215065e-01 9.926831166415654994e-01 7.233593868548371386e-01 6.448194731954789427e-01 7.819702831204519144e-01
1.759101402328916430e-01 6.192619042844333954e-01 2.866250987871122868e-01 4.687110921242958472e-01 4.394346950446836875e-02
2.112787297696507860e-01 2.651580730031447564e-01 3.916655469032289671e-01 1.011611184249977535e-01 4.237140688474777539e-01
1.525322291212217740e-01 1.774120792202273922e-01 5.363923797378233882e-01 1.440300019959255273e-01 5.733197447389865031e-01
7.717852325125125201e-01 5.639642372801575432e-01 3.179473939863785015e-01 2.677168650686990725e-01 7.515365833904209536e-01
6.749477317129135567e-01 2.371376259849911072e-02 7.856612846035280207e-01 3.459214708084913381e-01 6.671646681727846362e-01
3.590659992668820966e-01 9.403897377091219312e-02 6.024491355438932327e-01 4.961328823632072949e-01 3.022637251002219250e-01
6.294200894714037098e-01 7.216324670505708250e-01 8.583115058758171712e-01 4.282428790342742708e-01 7.143876048457225014e-01
1.601961008012007248e-01 8.476699165595981134e-01 8.048675185765662432e-01 6.194643516634172897e-01 7.482436901048150624e-01
2.178113880870438113e-01 5.968948211393528824e-01 9.238955285037969700e-01 4.291121008733487230e-01 9.125070510795940670e-01
2.163841266841826094e-01 9.786100083283204576e-01 7.592318128260947541e-01 2.433577084361072673e-01 1.224001870380156953e-01
7.682573482691180677e-01 6.244733341616524047e-01 1.366287677355716434e-01 1.512082424227212396e-01 7.637810714224171349e-01
1.667347319011064366e-01 1.345977708919310345e-02 4.268459631863248394e-01 9.561104595049970678e-01 2.490008146055714411e-01
7.391096718040743863e-01 6.566291087804463356e-01 9.494867400992020867e-01 8.110417684199373589e-01 2.197164278721269737e-01
6.218693034108847550e-01 6.626363719171114441e-01 3.849536349960924753e-02 2.332948170613561301e-01 6.682474355427425738e-02
6.808160282438520117e-01 9.757448223880856863e-01 3.789162154374313696e-01 6.324167665287528939e-01 5.523444501024555864e-01
2.476751773992392769e-01 4.793460331667037666e-01 3.273405669615490066e-01 5.392975607370831259e-01 3.214049692936160607e-02
8.984920404432065189e-01 7.952693075333178152e-01 4.013615331818778387e-01 9.056408292666592308e-01 9.119138458932816160e-01
3.473047723565133582e-01 3.310194913494975966e-01 2.813761993509963366e-01 5.344019995160393943e-01 5.620437024812547921e-01
8.233203385691879594e-01 3.955959019814023758e-01 5.773376031047905421e-01 3.927471662368187122e-02 9.814386568339471539e-01
7.055800644011590572e-01 5.668510613771615692e-02 4.242412880541387432e-01 6.557285442468225867e-01 4.386692304623071026e-01
8.332308240932766452e-01 2.390936336096474157e-01 5.040838124270424769e-01 5.461624682959165256e-02 3.124721580736966597e-02
6.630591746974795475e-01 7.956580762069409563e-02 3.905854057503732601e-01 5.270502371539194097e-01 3.765136240740168949e-01
3.385234809103503384e-01 5.878396536271628392e-01 6.556476586176811505e-01 8.030869509340144985e-01 9.735150075612624132e-01
4.007371634194586418e-01 6.457307101768109403e-01 6.036150352311773215e-01 1.547906170601844877e-01 1.019786754399276685e-02
7.874204646735881719e-01 9.218807561217434721e-02 8.552173242112999230e-01 4.932259608354058189e-01 2.220239623414238528e-01
8.135498639998328674e-02 5.290618937616935469e-01 3.676244144802959246e-01 6.793361830379591737e-01 9.889094010528052259e-01
4.519102549725281248e-01 6.402685763469506686e-02 6.503754402887174102e-01 1.306191356632375733e-01 5.167602276913912940e-01
3.670747248698807974e-01 2.358392984255768265e-01 5.548441193187813036e-01 2.158059406683162651e-01 1.051433213463938143e-01
5.657975398739187867e-01 9.328753598809252923e-01 4.318481560273336184e-01 7.676619800912727332e-01 6.309895910271372532e-01
7.638541901244988441e-01 6.938097234573202821e-01 6.146028760245634270e-01 2.889872664933670343e-01 8.207185154780644032e-01
7.709601007305000309e-03 7.154476749636246025e-01 4.011112709788038355e-01 7.227620504911796973e-01 7.240203465532064619e-01
7.963439952782788156e-01 7.158281064386802228e-01 1.423745919536529847e-01 7.994042274054351527e-01 2.040791611910611758e-01
1.966676428727087700e-01 1.569084995250280556e-01 4.161354421584579910e-01 8.381422538002502032e-01 5.760069447413690424e-01
4.672397315176008981e-01 2.794620484977122787e-01 2.124373614652339537e-01 1.247556302090185865e-01 3.877598642169832743e-01
1.941788185828061675e-01 4.911466438622202890e-02 1.956388486064609689e-01 8.643863017782297264e-01 5.819047260330479920e-01
3.706940179402061775e-01 2.065821141231248825e-01 9.157706013746046425e-01 9.167638524656810395e-01 3.253327047764119628e-01
8.504864188624338128e-01 3.702115069476412668e-01 3.676713850214877732e-01 3.072312533678540625e-01 3.917275787918093055e-01
8.756911992334835970e-01 6.405557045399701277e-02 5.667704687920672724e-01 4.925833012603145766e-01 6.134496015927235479e-01
1.506606427878478538e-01 9.611005758028127177e-01 1.771593506522761707e-01 3.021886728458489380e-02 4.686441326149036746e-01
2.017193581259139057e-01 5.869016541287477295e-01 8.252061860631002554e-01 2.418326591202862863e-01 9.714966116281097408e-01
6.696806394150964792e-01 4.553151196519067412e-01 7.564389153636202900e-01 8.116616786566577257e-02 4.325844242145605589e-01
