2.944354267882385301e-01 2.742265733014529472e-01 5.179245391629860862e-02 8.304917680400433211e-01 6.389776734708593198e-01
4.321793724903024714e-01 7.635011396278892359e-01 5.788940208856707681e-01 1.838901700616635271e-02 5.454839239318621802e-01
1.755976368642647722e-01 4.425858542538821938e-01 6.975545180585323024e-01 4.154423701177336614e-01 2.237501590547659180e-01
8.761219650755289745e-01 9.698254778463932801e-02 1.113982004370048795e-01 1.924884307274129513e-01 2.700776902426796910e-01
3.152262813593024182e-01 1.425906229484645849e-01 1.472653620775938865e-01 8.604168206381586081e-01 2.311366492426081276e-01
9.267002229864524931e-01 5.635426255762643333e-02 7.670727563012165184e-01 6.621757810155295410e-01 2.187436940497936577e-01
9.091314539162255182e-01 6.797571611204606956e-01 1.516235818102374955e-01 8.352899535644164875e-01 2.926556191357991832e-01
3.673302109536654703e-01 2.102645424360982673e-02 5.045008430459816395e-01 1.012502223714275562e-01 8.179227306706793321e-01
8.144730279192573530e-01 5.186804235449387068e-01 9.050890302258838283e-01 8.464442729435363022e-01 3.195894354448587382e-01
8.427769827459696828e-01 5.310221033161608428e-01 4.073060120255211913e-02 4.780548432551190441e-02 2.136825469399824540e-01
5.894937080094277970e-01 9.958705433664086781e-01 1.949050395266559432e-01 5.697603421199115559e-01 5.809701955109924931e-02
4.115710147831731502e-01 4.957845437764840657e-01 6.487542489336914908e-01 7.508820691936597402e-01 2.298996960491213049e-01
5.258571594084773260e-01 6.966959459310059222e-01 5.321750223885272080e-01 5.750101381953175439e-01 9.328874717900397240e-01
7.678040527203744414e-02 3.403595244657391383e-01 3.311167995099350003e-01 6.682447505084886386e-01 4.326203036209561592e-01
5.348194186932208050e-01 1.936278404152130816e-01 5.610192709607628725e-01 2.736333462829170227e-01 8.866733551022815130e-01
6.103432455116324373e-01 9.100706559585203248e-02 2.292419994045291620e-02 3.494465901628235338e-01 4.136317381855527664e-01
3.516844661599067834e-01 3.625658386899919261e-01 7.355868563180959496e-01 5.336114683186998775e-01 7.329593599851919050e-01
9.490065547852710726e-02 9.771499155281958560e-01 7.699327944754515984e-01 1.963365577926361460e-01 5.381438491214439734e-01
3.668906682245532958e-01 3.039328100620247719e-01 3.638479591478734898e-01 9.231867330754839340e-01 2.157107727416773812e-01
2.427168197907233482e-01 3.406607827290469848e-01 3.987416593338526383e-01 6.871961704877262989e-01 8.610143031463891594e-01
4.129017845059352876e-01 5.159988251894696010e-01 3.188746897955607729e-02 3.049264653670279435e-01 8.860493251186952746e-01
5.538843833604235600e-01 8.850277064769022095e-01 1.614591431166415569e-01 2.916775482524726071e-01 4.615833340397268447e-02
2.886763429789395152e-01 5.175616077331954834e-01 4.530431072447871355e-01 7.773780974939289434e-01 2.529667086551661281e-01
2.780076581873586195e-01 9.579195527369255281e-02 7.586943194911595079e-01 6.398855761525414909e-01 8.673490722688703691e-01
9.419300693898523535e-01 9.907906639833241602e-01 3.279504370213910391e-01 6.229192577654635299e-01 9.255366622486793649e-02
8.137248476331737645e-02 9.883140851456322373e-01 9.863962937001653497e-01 1.386697588190970443e-01 2.489885892769314601e-01
5.906387835699752342e-01 9.334481121265386649e-01 8.058204737309516696e-01 2.470265855103860320e-01 3.160004847267797734e-01
3.299524529348348834e-01 2.922091230042700438e-01 6.191815951371454352e-01 7.968335281365142020e-01 3.213001033372742121e-02
9.740757844378866714e-01 7.748455144654908811e-01 5.210249116006602232e-01 4.383376495796733607e-01 6.111247005742515004e-01
8.430836547062199315e-01 8.007422251244565858e-01 1.981717518390733179e-01 1.502679328850028417e-01 1.536395737439876230e-01
2.933384052312827395e-01 4.671767620114912756e-01 2.765916912785629789e-01 4.940924254947409722e-03 7.244924825062941665e-01
9.178543363546065592e-02 6.370290081643907865e-01 9.451177236873348209e-01 3.042055166421544499e-01 6.885300092363737523e-01
9.970066206524255126e-01 6.797514821932815199e-02 5.357989882094036371e-01 7.313733180077353069e-01 2.909087781914876381e-01
9.599467141583454266e-01 1.598812797191967450e-01 1.964441426643346311e-01 6.015855344415492745e-01 7.291082423426705761e-01
4.014412521007714174e-01 8.040576075376075771e-01 6.712301534259512703e-01 8.002607597630038150e-01 9.092887591569124295e-01
5.036065145684839317e-01 8.043737980182714686e-01 3.841032739830296805e-01 9.370947518247672026e-01 7.927380848818244008e-01
5.701858897158165185e-01 2.040961087362074267e-01 6.383268741177419159e-01 1.357064226091548864e-01 6.375535453128127195e-01
2.484533082724185160e-01 9.824781928416794763e-01 6.121093832844380911e-01 7.872923488203700249e-01 9.469716301046685603e-01
2.458957921404425484e-01 1.334686563180284002e-01 1.865215615231657909e-01 1.232367786104027196e-01 3.968578755864210494e-01
4.489800920491172631e-01 3.895746245142096553e-01 3.357228361408629569e-01 7.696880645232506701e-01 5.814546548489377686e-01
8.376295632001117264e-01 4.331169540305253030e-01 4.324148465359596294e-01 4.254093028269743115e-01 6.207588961689836093e-02
1.047226463056645240e-01 3.604516124682727307e-01 3.808772302454854763e-01 4.789924043042792512e-01 8.089918123786732362e-02
7.897823460933491857e-01 9.545568829453987547e-02 6.860047019895679776e-01 7.030440328096699831e-01 7.346363279793118872e-01
1.099387481335887262e-01 3.609053800045544103e-01 7.254329646170787349e-01 8.488989640012428728e-01 8.298444598293319707e-01
3.128813754591710516e-01 8.472128840581805154e-02 7.286616459420448555e-01 6.501525908913015073e-01 2.122028293899800300e-01
8.246371216014828365e-01 6.339681056114918611e-01 2.910611258149814473e-01 6.153007775991091721e-01 6.532570774354405918e-01
4.438521837360617228e-01 8.235776424819598596e-01 1.550444685136054268e-02 4.567191399828762766e-02 8.064415157162179160e-01
1.735340642239516784e-01 8.597576105347887188e-01 5.461992068463854544e-01 6.939887489489161565e-01 1.119130017553104928e-02
8.347677052017615784e-01 5.762448819532807187e-01 1.210885094830267406e-01 2.632429517684438114e-01 3.169772862454733886e-01
9.848604684779764806e-01 7.898751293386809813e-01 4.898853341979934051e-01 9.013420365219818597e-01 8.089989742763623592e-01
4.496081799530095013e-01 4.532264904321398058e-01 5.588301675862964446e-01 9.581890108360169300e-02 4.292565027862549343e-01
3.435383506335536463e-01 8.654896678841134117e-01 9.574480665047300221e-01 1.790862678673157404e-01 5.415750508778505168e-01
7.696161960092514631e-01 6.408803751305939267e-01 8.897853063238075899e-01 8.289567981462220292e-01 4.262168454927282024e-01
9.536576409438914936e-01 8.755159431127660374e-01 6.234968429248837207e-01 1.772430047362938410e-03 8.482396125060824854e-01
7.601480045701531907e-01 7.561070067209578749e-01 7.496043046497349316e-01 7.580509576835661179e-01 2.767462921987851043e-02
9.370327475525690453e-01 6.222427159833605614e-01 9.411203612033890442e-01 2.884946660803062723e-01 3.921634490518868255e-01
5.318163240838706951e-01 5.857850481522095532e-01 9.966827562252313921e-01 5.576087174073527386e-01 2.467514999758060323e-01
1.820374184280961760e-01 1.434644688963255810e-01 5.730092915559237277e-02 9.279226638035831254e-01 5.316963795093213596e-01
7.831823673365578831e-01 3.161117788940345230e-01 2.202876343554228677e-01 5.651451486947351999e-01 2.952859041039257448e-02
8.408476017324917340e-02 1.030747204808979411e-01 7.535286157068828983e-01 1.387983473326406259e-01 2.795513324255659571e-01
9.674057308434466096e-01 8.637200626080743238e-02 5.783241394850909822e-01 9.607649419997088547e-01 2.094908866553765181e-01
9.624498462271943167e-01 9.287265129916523199e-01 3.280198375464534744e-01 2.075515160568623951e-01 3.026276206529210366e-02
6.593337278534453505e-01 2.320088319679115552e-01 1.774545591923332166e-01 4.442889270224948950e-01 7.204644908587669594e-01
7.597415174995295617e-01 2.131687621415854217e-01 8.770143983105996854e-01 3.803002303473331791e-01 9.239084246869895267e-01
6.354189081441652398e-01 7.168314855723367796e-02 4.712485588444714768e-02 2.244326022365255024e-01 6.579266678149453540e-02
2.411411129646761076e-01 1.688991305268014997e-01 2.906297885715993790e-01 5.638239904625891308e-01 8.360299860221007684e-01
9.645483630486290094e-01 5.327493424410327805e-01 6.119121649097619686e-01 5.185009127714202970e-01 3.959362223528154479e-01
7.068511936629192638e-01 3.292165622564531269e-01 9.513797473959447748e-01 6.240076198766062454e-01 6.596411569213024295e-01
9.101467637293226831e-01 7.619568897089132875e-01 9.135307471819735792e-01 1.254082739301101146e-01 4.819673184015336176e-01
9.917468161169987750e-01 2.561762700807126425e-01 5.059129988058183036e-01 9.494263882770969110e-01 7.524967168478945423e-01
8.169422830955104242e-01 7.347718755936459845e-01 9.140254629921459317e-01 7.228189636953015196e-01 5.432628825628493807e-02
8.466965981152454468e-01 2.853390710700054456e-01 4.775099633780566233e-01 1.709004460365917133e-01 3.646401005939535755e-01
4.007009367052227766e-03 9.212819407600608690e-01 7.935778138724048913e-01 6.874518552006891881e-02 4.779439341294082766e-01
9.830086805305494613e-01 6.720355563788471542e-01 6.175372019650311461e-01 1.516879698244821828e-01 6.339307386595326443e-01
1.044452151346826341e-01 7.288699128874781552e-01 2.723954354884483564e-02 8.681550835574719516e-01 1.756165138445893170e-01
8.377024067969229826e-02 6.719166297840616364e-01 4.799791964766934038e-01 1.709318912642528998e-01 3.506146721047043169e-01
4.294266407039336597e-01 1.464714862340612545e-01 3.726716081664545044e-01 5.420515948362042424e-01 1.772073544976429105e-01
4.894699253481636925e-01 5.957590196924879011e-01 5.195963795512748007e-02 3.013850566003499765e-01 2.586551114983803856e-02
1.543509469465592643e-01 5.341274876210313494e-01 6.318271006036387805e-01 3.169211727779993604e-01 5.819389739668284767e-01
8.825744244458595400e-01 1.944334315088692700e-01 4.450897802021813732e-02 6.489915986146269633e-01 3.855988055161621020e-01
9.308226705278583868e-01 1.171701976772929754e-01 8.084924434403278903e-01 4.156813546075237564e-01 5.535332851205174709e-01
4.963945806371079517e-01 2.005523116328721267e-01 4.388503404383055084e-01 6.744497952673538244e-01 1.767117156303350534e-01
7.027653741949624333e-01 9.452975954305442574e-01 1.351082698087956446e-01 6.508838214141354772e-02 6.246446525119012660e-01
5.413400624424656860e-01 9.338933980953667557e-01 7.515197582452992631e-02 3.080810867166436928e-01 3.622653866529853550e-01
2.822656123522037097e-01 4.475234983956568602e-01 4.295269008469354555e-01 9.418212579184479516e-01 8.947464914333050912e-01
4.763043177468034850e-01 4.240111744954284667e-01 2.705039974033818240e-03 4.314562503475025679e-01 6.774561922585354834e-01
1.996408227247522538e-01 8.296002350260315295e-01 1.024587169877357873e-01 7.661671166820085421e-01 4.281092775882667789e-01
9.896962262778012942e-01 3.316481219107089151e-01 4.803101970295832190e-01 7.297865935213690980e-01 9.896159203492709278e-01
7.570721894273534369e-01 9.346317562868002859e-01 9.450891409545937316e-01 6.190774110913378481e-01 2.862703340652358319e-01
7.335859950764075377e-01 6.217662321515040613e-01 1.541205959486545707e-01 5.308094879416358491e-02 6.378877564427709590e-01
1.653868446124420188e-01 5.988330930037994992e-01 3.608753244755114054e-02 1.521101832400562071e-02 6.843433693134470808e-01
2.586243524385001269e-02 8.584832561816204688e-01 2.864374717645895574e-01 3.675781740767770644e-01 9.637511530122733205e-01
6.201245593666350198e-01 4.645390378964119327e-01 5.977800510498888498e-01 3.489067402028807052e-01 7.890577963373641701e-01
8.893348933480996754e-01 6.675438068774131040e-02 1.326127197669402236e-02 5.207080525628232648e-01 4.988623110854174536e-01
1.028511947030200657e-01 9.728325150596487392e-01 1.071327099747573230e-01 3.717363900301269286e-01 9.110393724906318269e-01
9.868114096544644553e-01 7.701133480825104183e-01 6.552541553152657627e-01 5.639780436632635396e-01 4.029196086430020252e-01
6.161853708562862186e-01 9.408684840992558307e-01 9.120840933982993226e-01 4.245675920321468899e-01 4.538635737902745326e-01
9.419963907927130231e-01 8.162164466872139368e-01 5.888797957065837752e-01 1.829616231383313085e-02 2.651955503402906311e-01
4.893311910965880696e-01 3.380897586141068389e-01 1.841402670474554526e-01 7.865456927470595438e-01 8.095495452826435567e-01
4.329713612477631424e-01 3.742255084652197361e-01 6.909711391683105441e-01 6.882032343155204401e-01 8.147760394181191579e-02
