3.767068413929419712e-01 7.995413216839694082e-01 2.532740039071222360e-01 1.396093958666184465e+00 4.330115606117468374e-02 1.432232536619876817e-01
9.000000000000000222e-01 9.899999999999999911e-01 6.590899734628838935e-01 0.000000000000000000e+00 9.452737426359336670e-01 6.168109564088485319e-01
1.000000000000000056e-01 6.501085291710795300e-01 4.428885057786714485e-01 6.854390024333546771e-02 3.539873634763790466e-01 6.537154330877392727e-01
9.000000000000000222e-01 8.587487650222116464e-01 5.806780600729160025e-01 5.480852093219100718e-01 5.604537193970376974e-01 1.819134379196405971e-01
1.000000000000000056e-01 9.899999999999999911e-01 9.899999999999999911e-01 2.274174970325517631e+00 5.504025938696606168e-01 1.018900815385503922e-01
1.000000000000000056e-01 8.668999659859909501e-01 1.785277792435373545e-01 9.289692220263687239e-02 6.589125773517274798e-01 1.255706839381252049e-01
1.000000000000000056e-01 9.897877933463650191e-01 8.436348497416616965e-01 4.034930007046652056e-01 4.368223884698595461e-01 0.000000000000000000e+00
1.000000000000000056e-01 6.682105462551952701e-01 7.098629890065368819e-01 1.949714278669560041e+00 8.551112945723988723e-01 9.116623826086264204e-01
1.000000000000000056e-01 9.053005302284203859e-01 5.548363700701726131e-01 6.835260684957022992e-02 4.771702661806660473e-01 4.108802721142404968e-01
6.776296270912752773e-01 8.452078952774806364e-01 6.204305131936165285e-01 0.000000000000000000e+00 7.101276992312574032e-01 4.550544079777490980e-01
7.125326566787726357e-01 9.836777310233806304e-01 9.826380882293568320e-01 8.409831104864895490e-01 6.817535948076737240e-01 4.744011464853896687e-01
1.000000000000000056e-01 8.853228967622583934e-01 5.809856200460512543e-01 0.000000000000000000e+00 7.562555528213306122e-01 9.283499601233178300e-01
1.000000000000000056e-01 9.899999999999999911e-01 8.658087841231377757e-01 1.560220984336357253e+00 4.855908661148402583e-01 5.610983895663108623e-01
1.000000000000000056e-01 7.517243176445638220e-01 9.878018436496989185e-01 7.693699070981624422e-01 7.772048656951289214e-01 3.834670345992164942e-01
1.084772094357560335e-01 2.897231337212143876e-01 5.143198988686714657e-01 2.211306469286326154e-02 6.935233919723008400e-01 0.000000000000000000e+00
9.000000000000000222e-01 9.300936338067258280e-01 1.000000000000000021e-02 1.880197217508705609e-02 7.195697794626610966e-01 0.000000000000000000e+00
1.000000000000000056e-01 9.899999999999999911e-01 3.055162015823841282e-01 7.440278381179077360e-01 7.024033323734144574e-01 9.314538173826893974e-01
1.000000000000000056e-01 9.899999999999999911e-01 9.899999999999999911e-01 1.599210987677500695e-01 9.714069173737353013e-01 1.000000000000000000e+00
1.000000000000000056e-01 7.160656111034696680e-01 5.320957093085578737e-01 1.235192945664556063e-01 6.942543698983015821e-01 0.000000000000000000e+00
1.000000000000000056e-01 9.037655432295254032e-01 9.112351321217804223e-02 0.000000000000000000e+00 1.336986630158167877e-01 3.463582625354862943e-01
