-1.074154831105963298e-02 -4.207792423314702934e-01 0.000000000000000000e+00 0.000000000000000000e+00 -7.731596228800349802e-02 -9.320918450093668151e-03
-7.570363001787668855e-01 0.000000000000000000e+00 0.000000000000000000e+00 2.004933261434043573e-02 6.332167507227887127e-01 -7.800574586585401482e-01
-1.791790985162057537e-02 3.298359846077632967e-02 0.000000000000000000e+00 0.000000000000000000e+00 1.538531461367458579e-05 1.096535218139202275e-03
-2.713398649792676115e-02 -8.068780142884532380e-02 3.471825297898889495e-01 0.000000000000000000e+00 -6.442934715257238043e-01 -1.169872570232574488e-01
-3.029919021669532329e-03 -1.838078147537491047e-01 3.485958900675271976e-02 0.000000000000000000e+00 2.446623447627249148e-01 1.014099153726438773e-03
0.000000000000000000e+00 2.285637676337437807e-01 0.000000000000000000e+00 -1.692100950378477506e-04 0.000000000000000000e+00 1.331005486699730726e-02
0.000000000000000000e+00 7.026652639757013930e-01 -1.763452564711269488e-04 0.000000000000000000e+00 0.000000000000000000e+00 -3.666029917028491153e-02
1.948116590851564633e-02 5.851169628001194611e-02 0.000000000000000000e+00 0.000000000000000000e+00 9.799999999999999822e-01 -7.110282994951390434e-02
9.715485985895305765e-03 2.052477172052984411e-01 0.000000000000000000e+00 0.000000000000000000e+00 -1.609391924759179526e-01 -5.760215625827227320e-02
0.000000000000000000e+00 -7.810469203471423483e-02 6.141015897120896128e-01 1.234900598565424001e+00 2.598175650214443744e-01 5.556533256036364499e-01
0.000000000000000000e+00 0.000000000000000000e+00 0.000000000000000000e+00 0.000000000000000000e+00 -5.055343741376877587e-01 -7.062405732171142536e-02
9.455848382856893095e-03 -2.028882945256829939e-01 0.000000000000000000e+00 0.000000000000000000e+00 1.408800021324495624e-02 -3.596411257174592091e-02
0.000000000000000000e+00 3.042233060230014122e-02 0.000000000000000000e+00 5.747041052644476927e-03 -1.522098156425017758e-02 -1.953816933850321680e-01
2.060354291198468468e-03 7.693226245537383712e-02 0.000000000000000000e+00 0.000000000000000000e+00 0.000000000000000000e+00 2.482802696155950173e-01
1.995576369729233634e-01 -2.765078509623825065e-02 0.000000000000000000e+00 0.000000000000000000e+00 4.397193287335509487e-02 7.760981519369462844e-02
0.000000000000000000e+00 2.756597736018998740e-03 0.000000000000000000e+00 0.000000000000000000e+00 -6.421251861962226637e-02 4.359407517957958333e-02
6.486217791548024025e-03 8.445939889002575945e-03 0.000000000000000000e+00 0.000000000000000000e+00 0.000000000000000000e+00 1.540423997912292176e-01
3.752789344244486188e-04 3.478588356203426990e-02 0.000000000000000000e+00 0.000000000000000000e+00 5.058698329260049587e-01 -3.404567261684924434e-02
-1.988430015869593632e-03 7.664891141357866866e-01 0.000000000000000000e+00 0.000000000000000000e+00 9.799999999999999822e-01 2.842185329095177349e-02
1.089160635756635798e-01 3.066451338122116316e-02 0.000000000000000000e+00 0.000000000000000000e+00 9.516064489903994783e-01 -4.867966430557588153e-02
