2.926468476711066025e-01
4.848318902620234461e-01
2.924932465598359954e-01
2.969376613229062767e-01
5.343849444197718013e-01
2.925099423328001991e-01
2.925366555695428916e-01
5.343849444197718013e-01
2.925132814873930287e-01
5.328723073892152051e-01
3.269399653395753114e-01
2.925099423328001991e-01
4.656150555802281987e-01
5.343849444197718013e-01
3.131091870160312984e-01
2.925099423328001991e-01
5.343849444197718013e-01
3.262687952664144464e-01
3.505511274655482845e-01
5.343849444197718013e-01
