8.437383635727551123e-01 1.178743076874706919e+00 3.802647306337537114e-01 1.152747928765886637e-01 6.697888275605964337e-01 1.285461471918233567e+00
5.598060787897900514e-01 6.920764649346563546e-01 -5.675555369908313885e-01 9.722643035468531147e-02 1.923065390094559901e-01 7.799174375714624796e-01
3.804494957652079234e-01 1.039791709279921150e+00 2.221831376029134442e-01 1.089157528327976965e-01 3.622046435439493228e-01 1.589703044768449480e+00
7.152568728560387834e-01 6.002438914584298096e-02 4.225281080274487788e-01 2.202823528014813681e-01 2.276456461668302234e-01 4.254321373138796325e-01
6.484750208377305647e-01 -2.146246424993913937e-02 9.420589689260117083e-02 1.823004898814451769e-01 3.585208002311167097e-01 7.090385496679506572e-01
6.250603542564456827e-01 7.519189560924968152e-01 4.110983041027519436e-01 -5.313641751421318560e-01 2.527587255066798821e-01 9.812801864127796980e-01
6.528840775431168364e-01 1.054318987580229683e+00 5.684611131134786888e-01 2.222334373843632416e-01 2.230947745710465391e-01 6.036527620710339104e-01
5.985187835620952024e-01 6.069220346784156561e-01 5.255083375491781394e-01 -3.674996170555746566e-01 1.250643593056458003e-02 1.035800254409771526e+00
-7.638453067245665196e-02 5.737054761312836426e-01 6.016408061801921114e-01 3.887220216933937045e-01 5.244697211703236439e-01 6.562029948760335074e-01
6.895447882615783897e-01 7.798529315394718830e-01 3.724876799105003577e-01 2.203604757200015585e-01 2.180011251552243789e-01 1.233085535779225417e+00
3.732729005940931266e-01 1.045568027167104841e+00 2.900312307517143862e-01 2.450796073391990348e-01 1.230059082642788848e+00 5.043291185665667031e-01
6.897433564527800653e-01 -7.916724895536164652e-02 3.710907028098732741e-01 3.825759109593004914e-01 4.955338926523731868e-01 1.003009415073236932e+00
9.982521558515686788e-01 1.739496700714524335e+00 4.591445391784448882e-01 2.668653458368854814e-01 -3.262134255603810207e-02 7.043925812293337918e-01
5.025845006493275813e-01 4.101799031652898497e-01 4.949940394973558200e-01 1.177441827517191897e-01 1.735745131035067723e-01 3.248107895871720774e-01
-4.323062877967038808e-01 -5.153462540278714865e-01 2.359139417011721362e-01 6.006313805423470903e-02 -2.641987384376665027e-02 8.685968640121449758e-01
6.829687320089141700e-01 -5.040039719742979152e-01 1.195026959240975128e-01 3.610486066647864423e-01 2.697118866459047304e-01 9.036783736269013989e-01
5.675398037697142462e-01 3.157139467811580502e-01 3.491700450462072447e-01 -1.794059295121065989e-01 -4.963930375780134518e-02 1.732960206625420607e+00
6.625772085657228860e-01 9.451628111080422334e-01 4.323891337545673341e-01 2.857607230197217185e-01 2.014462996730744249e-01 5.889861494869093050e-01
7.596941370057511689e-01 1.732003550545325732e-01 4.240964739186992016e-01 1.362268339004387707e-01 2.242772045722217777e-01 5.600398934803287876e-01
7.052310343966480266e-01 4.856081355071750205e-01 6.137391925399254822e-01 5.880865956900472868e-01 1.454630963533655175e-01 2.855903842676714155e-01
6.196747433845843922e-01 6.383195728551488424e-01 3.648727153801829548e-01 4.157814875917872355e-01 1.656043165077868640e+00 1.299742503947208139e+00
4.198217738636337848e-01 6.453646152524760149e-01 3.228072037169919528e-01 1.362873238499450190e-01 -9.513596842613492033e-02 9.223924158418226327e-01
5.999152966709162538e-01 6.225410081264979301e-01 3.258358151471374420e-01 6.454571006257905919e-02 1.141456971860123626e-01 1.315063035019161886e+00
5.400831586657752759e-01 1.568921846118884744e+00 4.144445023514747861e-01 2.390242174988890245e-01 7.334080494123335070e-02 5.677385703328703404e-01
1.847448988764452127e-01 1.188523448340800259e+00 3.770530304135585320e-01 3.330749611196911486e-01 1.672495200538945126e-01 1.029465969086528210e+00
9.371212790189389352e-01 1.100824672916568048e+00 3.217288358540693061e-01 1.753221964760778850e-02 3.729703775737630567e-02 1.384239469462242855e+00
5.452967915333439830e-01 -2.986891524597956593e-02 4.368623375905715811e-01 3.997960679452126076e-01 -1.435156658523151219e-01 6.332185433084873694e-01
6.157016341183610963e-01 -2.580482921933192064e-01 7.734550991711921508e-01 1.774279172018099204e-01 1.486245070931463963e-01 6.832275138607033504e-01
5.436894188541753214e-01 5.990237698603816385e-01 2.299906271689814430e-01 -4.092488662637370211e-01 1.773456581704646040e-01 4.806214578532739257e-01
4.120455383765573298e-01 6.816001060424654590e-01 4.406651569856046002e-01 -1.067459004766352360e-02 -4.488776219963551695e-01 7.986232004710350774e-01
6.444400422002599660e-01 -9.058644432395379642e-02 4.478390241673266825e-01 2.696584221402721637e-02 2.110179817738251917e-01 6.729565112262581028e-01
7.184633464939454983e-01 5.723079450109886945e-01 3.087342770034811057e-01 -5.924239738195196114e-01 1.258023174136914946e-01 8.683516796018031503e-01
7.359502380674096678e-01 5.487230013289448038e-01 -1.536311948635358249e-01 -1.887679161402476824e-01 7.605427700843817029e-02 7.607688466912114755e-01
1.061841871299985973e+00 7.289832425888704837e-01 5.153726411115580053e-01 2.480399895132290589e-01 3.521001435221692843e-01 6.615340804735611036e-01
6.298510987897898428e-01 9.622589994473668140e-02 5.647387904860670105e-01 3.051944458270853811e-01 1.939484011114279149e-01 6.667532012478026848e-01
6.287551178303625310e-01 3.213256093160305471e-01 6.691300436134146601e-01 9.338490521228987040e-01 2.193133093149056967e-01 6.148045099092580568e-01
6.707481509374633166e-01 3.926776287463598636e-01 3.533783838688419054e-01 3.679473292667168050e-01 1.988658778850938280e-01 6.387493056255418855e-01
6.691373915016004537e-01 7.869742599604144795e-01 5.167637893942609306e-01 6.896938468966972158e-01 5.198481306408191394e-01 1.026559337781243642e+00
6.401757657344631092e-01 4.044005862802641516e-01 3.141647120938181881e-01 -5.332808150230292088e-02 8.852727794126188376e-01 6.798164440459352198e-01
6.123576928436634814e-01 4.424604429207827927e-01 7.883814849208331532e-01 4.727513175821698166e-01 2.084798437946268901e-01 7.712400940721845233e-01
1.070095210942835440e+00 -3.397292341799129645e-02 3.403167803953595083e-01 2.757423464168742289e-01 1.799821907255780840e-01 1.040884730154613802e+00
9.146125207241070365e-01 2.311479101917262025e-01 3.672787964262637095e-01 -2.371583119494786729e-01 2.777541769451651321e-01 6.392438143638301540e-01
5.023730570801225870e-01 8.019307920130482881e-01 7.050873077996587801e-01 2.152441758491195067e-01 6.790133623722003353e-01 2.377446645433874961e-01
4.656744993617440431e-01 4.216643255422117265e-01 5.912179222137214918e-02 2.362669942313003202e-01 1.501285856053091172e-01 6.853672532205430379e-01
9.843961842009847363e-01 2.168292450377271585e-01 3.560990006718551260e-01 -2.168218515597511997e-01 3.302034621014328097e-01 1.011899524011010243e+00
8.259687583077686135e-01 3.875349137130744692e-01 3.752251445700429122e-01 1.217138529789628387e-01 1.509101887672668063e-01 7.465218163354745418e-01
7.501194285244061621e-01 1.458398908769329982e-01 5.521894136746594572e-01 2.353658218852687223e-01 1.544145400877393048e-01 7.109497551154674300e-01
6.004387785094686958e-01 4.955117273147243706e-01 4.248482417728319249e-01 1.988175116489593053e-01 1.122123210669431437e+00 4.405613354014294991e-01
5.825212749990529293e-01 6.854510097632215970e-02 5.519549578602541695e-01 1.845218383523902217e-01 3.823818071652222983e-01 8.063409815171290740e-01
5.551643752273142107e-01 2.951589103967080518e-01 4.615677687492955039e-01 -1.901993600305990628e-01 1.685089336154825534e-01 8.574109984568103471e-01
5.416389155554112156e-01 -8.048358990064274909e-02 3.680327276619546062e-01 2.138828946584631074e-02 -2.057097087186797180e-01 5.255361196086542064e-01
6.550786639467041095e-01 3.640609969202087681e-01 5.907998393311717500e-01 7.219527690636258210e-01 1.334597027114043377e-01 9.223693592347970149e-01
6.996479727630177115e-01 2.009291943093182153e-01 3.635279084857218623e-01 2.957388975077757109e-02 2.339685826495864485e-01 5.787182157467909427e-01
5.634480288811992699e-01 -1.773910233771066602e-01 -2.134402466768484385e-01 2.620174654376182868e-02 1.859957368235728714e-01 2.774179646358791995e-01
7.146429608440305614e-01 9.291555584980144555e-01 5.260914775793148479e-01 1.233076650992660089e-01 7.345702682031750586e-01 1.354126772227222109e+00
5.525936877716934870e-01 2.414786375820960618e-01 4.556205989247669175e-01 1.008918973639837402e-01 2.612515303120180876e-01 1.599908216972017794e+00
4.074555830512381904e-01 8.897933782927192059e-01 3.776167066952295648e-01 -8.200711923005027382e-02 1.479294272076057126e-01 9.679308825168067010e-01
5.516707818479485992e-01 6.085188029946915211e-01 5.753195033218534427e-01 3.022788460103412733e-01 4.969763335738960897e-01 8.731490528930385686e-01
4.732138475837677771e-01 1.394374616836324132e-01 2.700485276107979504e-01 5.961523801081108909e-01 3.232626846170570944e-01 9.700478816942431637e-01
5.655055959752193218e-01 5.025265685905834223e-01 3.155025159869270235e-01 3.952177501425419015e-01 1.597403907374150278e-01 6.448579181527469562e-01
6.522488451303409818e-01 8.591521509893439434e-01 4.483885740285471488e-01 -1.250293195819578984e-01 2.147643533220624512e-01 6.162132508681774645e-01
4.126769526899722873e-01 4.575581112178033760e-01 5.359530553761124860e-01 1.340721580318277040e-02 -2.327715462376297451e-01 9.346352566125973871e-01
5.542852268761910839e-01 1.331472484764113284e+00 4.327286674302976976e-02 3.890552825270084947e-01 4.164214284215381756e-01 6.595600659856133419e-01
3.034601868526285995e-01 7.808175963652946860e-01 7.464976517160215597e-01 1.788219145615705941e-01 1.523541774536705529e-01 4.420009576020944575e-01
6.824603013653892658e-01 7.774232711243873606e-01 5.370464274014580264e-01 -4.600418472983737461e-02 -3.349201709839287888e-01 6.411439789114743437e-01
3.768627773929984492e-01 2.063446430031232459e-01 -4.311882740985362172e-02 9.755531282846816588e-01 -2.854780041372384503e-02 5.678917440553928886e-01
5.797872774924550665e-01 9.882017662626026988e-01 4.526911695406180547e-01 3.753144030480675131e-01 6.034197556066028811e-02 9.106831682597017474e-01
6.393745303169537930e-01 3.440658984364441952e-01 4.117010339902284488e-01 -5.636891648724329240e-03 2.637276303921768372e-01 1.205171593408896902e+00
5.497525900837999524e-01 4.108498570771499381e-01 3.962409242418287181e-01 -2.698084077408230419e-02 1.821993601190496082e-01 6.791058269544610893e-01
6.467100659859499334e-01 3.405218108167586966e-01 4.466110113161096962e-01 2.060352518615623518e-01 1.298401277790841579e+00 8.356335985369147679e-01
5.030556601957409946e-01 2.027346983996741736e-01 4.294431116619721878e-01 3.551160289540126191e-01 2.186432966693613034e-01 8.514896590045785141e-01
8.666092657657460396e-01 9.526661690645182867e-02 4.045118105694335275e-01 2.045755056567533092e-01 1.642128772408933957e-01 6.899144468858618984e-01
6.344324490097724700e-01 2.332841882800471556e-01 3.694164212735632780e-01 1.131293686405057786e+00 -5.624419808631268142e-02 8.233423776052576359e-01
6.420414019385541904e-01 -6.747378718897742989e-01 3.110205163387503302e-01 3.215867950435374878e-01 1.120780792245507085e-01 7.131670626352811793e-01
8.365350687918464700e-01 7.320878535988813995e-01 3.307416920312037378e-01 3.640710133275913973e-01 -6.436839689593578662e-01 9.144363493363993900e-01
5.613431301588155398e-01 6.931317731413890737e-01 6.044521621872304129e-01 6.249252100027015144e-01 1.943935455377774624e-01 3.953653641268231600e-01
5.207164966839572529e-01 7.180911984525475411e-01 9.835518810723059557e-01 -3.577541835830675421e-01 1.547502058412513759e-01 8.817601156037956356e-01
6.989203069500047327e-01 7.641791920524040327e-01 4.190237300996764169e-01 2.871305794575271797e-01 1.724259873699438284e-01 5.695639260784495228e-01
7.240647258593025937e-01 -2.232308214315422701e-01 8.545539820930336816e-01 2.516451585174425132e-01 1.712478355445076483e-01 8.829746098137667421e-01
6.312256930792126131e-01 6.252389500264101674e-01 3.885366482563548107e-01 9.754211698767563388e-02 1.548555125649761499e-01 4.396341621962887025e-01
6.409247374965383326e-01 9.059311610940952164e-01 5.775611775642125467e-01 2.696609054197812716e-01 2.398006987420617797e-01 8.662354771097570127e-01
6.244563842103153517e-01 1.324576394993662642e+00 3.808933448984460624e-01 1.540998887341939461e-01 3.715265042273014906e-01 1.544792662922082727e+00
6.256047523748482497e-01 9.233550123253804198e-01 3.951646347344906496e-01 8.363750737330616358e-01 2.298689717307624836e-01 7.984909074621626690e-01
6.655148042806586783e-01 4.885232277417519975e-01 4.971967998717850556e-01 1.914871195492642841e-01 3.240027839455243974e-01 9.971634297645521894e-01
4.043324329237334980e-01 8.291653910641109126e-01 1.179946729580338971e-01 1.922407795512391937e-01 1.808910804747511925e-01 1.479721040988852154e+00
5.886853510397545008e-01 9.309998440912996553e-01 3.597080051549711999e-01 1.322016420627037392e-01 1.499325179938495733e-01 1.570653040330870276e+00
5.232780569569944751e-01 4.508925213923070663e-01 4.459585634709997137e-01 1.279832687236115707e-01 7.909496044847326435e-02 7.893015342997203865e-01
6.798390463384837989e-01 7.459028684640872653e-01 3.974334922726291963e-01 -9.658298726488406816e-02 2.134287584055405973e-01 1.227873555298536479e-01
6.469145315375146588e-01 3.152515831397382229e-01 3.667681557399609660e-01 2.861991759027636695e-01 3.488568403237025661e-01 6.771345786206517392e-01
9.556567005708509477e-01 1.691476545207231397e-01 4.665342484143939483e-01 2.083984597144437345e-01 3.963388797918002693e-01 5.511223703250992534e-01
6.626038102283817732e-01 6.868595048125580860e-01 8.937102253256749007e-01 2.613436898092478256e-01 1.335023321649674022e-01 1.830827011496496681e-01
6.272487407795068748e-01 2.123892819768120610e-01 3.852852605747147940e-01 1.871698449628766137e-01 2.384813279044103174e-01 6.942780439209000898e-01
5.675163725122401859e-01 7.126251502311697905e-01 6.131192489926061695e-01 2.624776405152928760e-02 3.007917867374453325e-01 6.478075034242031238e-01
1.619297211427572769e-02 5.851391490725619260e-01 3.016843664413407233e-01 -2.057310804352519007e-02 -2.202821232691484221e-01 6.136556998331912371e-01
4.941952134804791230e-01 3.349666541174382006e-01 4.005168920148240996e-01 -5.421788919295078557e-02 1.519737919198915765e-02 8.022053734088834265e-01
8.309381494123426748e-01 6.118757848741929184e-01 1.670897426492241045e-01 5.039770916911280318e-01 2.685309705447530559e-03 5.299310622221062861e-01
6.646871241954924736e-01 4.609455604403307483e-01 4.498130975815043953e-01 2.705771199563897222e-01 3.271767318275796144e-01 5.957457086228712395e-01
4.123762836351259065e-01 5.500398528083678684e-01 3.137140278131330673e-01 3.621837537288197240e-02 6.702696455655245966e-01 9.182373574616591316e-01
6.401976422576941550e-01 8.198757594104627566e-01 7.597083835048243916e-01 7.293177741696522665e-01 3.880036440374494688e-01 8.412714216228096564e-01
5.600733947189395767e-01 6.932834353542625117e-01 3.048623085196113802e-01 1.973334434463088483e-01 6.374390628913707557e-01 5.637171685074622296e-01
