3.512638421674955658e-01 -6.499479187297710903e-01 1.033447825822664673e-01 2.449923384512407154e-01 1.928442479243604735e-01 7.616209873803464481e-01
-1.833539097315435573e-01 -5.259867134422943069e-01 3.829734662295791181e-01 -2.633224398506778252e-01 1.883981737326776568e-02 2.070316687497115657e-02
-4.036778580549896800e-01 9.799999999999999822e-01 -1.247619405970077783e-01 -3.476124463959593958e-01 -1.082406975149973888e-01 9.704595333216692321e-01
1.251964568187784177e-01 -1.336387518043106182e-01 1.094516742308654714e-02 -6.840566283823684701e-02 -1.428262363057401438e-02 -5.386673190111721521e-01
5.750984008952887000e-02 -6.690720141373407426e-01 2.591184695814169880e-01 4.823214095837180526e-01 -1.073710100387900990e-01 4.702299850060558811e-02
7.985204131864562793e-01 -1.345664173319149060e-01 1.379963381344491147e-01 -9.194976129215421956e-01 1.404029062647825232e-01 -7.117041674364552040e-02
-1.759243189378416339e-02 2.358856369038151990e-01 1.291904894313305185e-01 6.072084191510562778e-02 8.396661169047935080e-02 6.013453918934218850e-02
-2.457269221644640261e-02 -5.952260048302963069e-01 9.809942209690131892e-03 -2.015556184763326458e-02 -9.303589700012609987e-02 1.582388907001435197e-01
-4.991288846373923560e-01 -1.624207910986897596e-01 -1.308599614144234091e-01 -9.677407813622698751e-02 2.776266508802979205e-01 2.876448812522497955e-01
-6.349274927784361866e-01 -6.737440737415334446e-02 2.664303493805374873e-02 -1.893327073884779402e-02 -4.503988969472515203e-02 -2.852655726084684859e-02
3.609401481707608106e-01 -3.907269113926744031e-01 8.118463542018415635e-02 -9.745529737185953945e-02 6.507458727006890653e-01 -4.995111858016134110e-01
-1.732327936283712122e-01 5.440170103018321379e-01 -3.786007939606917533e-03 1.519969580035648860e-01 -7.080044078143934994e-02 -3.652581488191929959e-01
5.223499337427840450e-01 2.650326144379226978e-01 -2.039004531587205321e-02 4.527408503186348271e-02 -1.917389046732370095e-01 -2.070991615820525489e-01
-2.697559518912500121e-01 -1.078278251845649210e-01 2.540832481597876322e-02 -1.739033164393523345e-02 -2.327702905398290265e-02 6.442675448707644303e-01
-5.040002073989250375e-01 3.393033959626950979e-01 1.444642887099991668e-01 -7.242095108453219798e-02 -9.799999999999999822e-01 4.814955867788159143e-03
-7.650302900964148223e-02 -3.942625234752800134e-01 -2.484116916748926041e-01 -6.492804404902893789e-02 9.825964677774074243e-03 3.519568739515723799e-01
2.243402141579203812e-01 -7.480670743953298230e-01 5.005563721659091192e-02 -6.965743116614222519e-01 7.123877369844547891e-01 1.000000000000000000e+00
7.654298172184113846e-02 1.122785348094959418e-01 3.421431046084199342e-03 4.785431734620024247e-02 5.349548641006530297e-02 1.217144338453608580e-02
1.243455977781824234e-01 -2.476376702968053900e-01 -3.142935939890587754e-02 -1.144898393323654506e-01 4.458778183162327713e-02 2.682243527548577311e-01
3.466159571376150605e-01 -1.551121230266238604e-01 1.706622682459088824e-01 8.533219519194520930e-02 -2.057248359726709663e-01 3.346860070450053404e-01
3.742848511497071790e-02 -5.612812152533274562e-02 -6.452479351026451510e-03 -4.852283821648756268e-02 -1.043676188176422687e-01 3.870800360434691056e-02
9.246958750092845736e-02 9.799999999999999822e-01 -5.222655493268108656e-02 -2.719925034620777615e-01 -5.148120977023372680e-01 -5.050674106879314840e-01
-1.444964414959458605e-02 -2.059226417394128400e-02 -1.322394114740241544e-01 -1.230390622596735234e-01 -3.395515327911996506e-02 7.135953451663390457e-01
9.194013634250348954e-02 8.112898373241861361e-01 -1.476669548732617576e-01 5.176849603744005934e-01 -2.679769072941503016e-01 -5.015862150345294923e-01
1.029695207409336566e-01 3.835452830612671171e-01 4.148811315907444119e-02 4.800045205419263827e-01 -3.980083689052993368e-02 1.266325495999715833e-01
8.316436168950115670e-02 3.458998834601429428e-01 -7.611618486068587319e-02 2.527607274133668591e-01 -2.879347549564543751e-01 6.022121700814325740e-01
-5.335120296866956158e-02 6.675203439154266116e-02 -1.224846261517312240e-01 -3.974163111590522379e-01 -1.107085571899074639e-01 -1.040792448649526664e-01
4.747681560184204008e-02 4.226983372947135109e-01 2.998503026636213931e-01 -5.931048077284964415e-03 -4.083996085574079921e-02 -5.683167556504728837e-03
3.882233581434829661e-01 4.586921598681816675e-02 -3.583017760676304037e-02 -5.236543682189505056e-01 -5.716501435013542770e-02 -2.427812244453595725e-01
-2.721501910098271249e-01 1.356375688259152668e-01 1.427268868556629162e-02 -2.652309267475871368e-01 -2.096891921829021899e-01 -7.430158013660450589e-01
-1.494797892219418105e-02 7.500018982977656179e-02 1.033108758358571716e-01 -3.950942874605992139e-02 -3.673015351682700630e-02 1.685267989989044576e-02
-2.498353729657511874e-02 2.767406052630390634e-01 5.082149987259942936e-01 -6.031806243570151382e-01 -6.085954262564599593e-02 1.832709924085085262e-01
-1.845275070543164198e-01 6.741731925410086868e-02 -5.809855513031717544e-01 -6.047192111826971139e-01 8.677967644194695129e-02 -7.216339452221344486e-02
7.300731390380198471e-01 6.333431083013444374e-01 2.404621966784739329e-01 -5.818843993835495082e-02 1.795577395744023252e-01 -8.609306962955030895e-02
5.662268754342573464e-03 -2.802448068499301947e-01 2.121254048894158362e-01 -4.253030308717745123e-02 -3.216506383992655434e-03 -9.672448120418537061e-04
4.266102624932298359e-02 -4.548640439941298297e-01 -2.335514918375722337e-02 3.835981803292020514e-02 4.314635236993528966e-02 1.502629640204009021e-01
-1.773832158394711145e-01 -6.543264116975484879e-02 1.343219277136632472e-01 3.070698565857391538e-01 -2.524648000744546608e-02 3.262341535222673117e-01
-1.508596829300399775e-02 9.166250776309901038e-01 1.282289921963703228e-01 -3.776835077061009294e-01 -7.073534725262059508e-01 7.857330017913877196e-01
-3.862687593378896778e-02 -4.123844755731283507e-01 -2.888797267505551977e-02 -1.696526122568531346e-03 5.478303573251810388e-01 -5.837329007125324071e-02
4.531197437745337203e-02 8.579791904250866352e-01 -3.466613851376148300e-03 3.409593859281243033e-01 2.799334492214664363e-02 1.861821047951688901e-01
3.445184909272966389e-02 -1.083091467475534586e-01 -3.311928496156874924e-04 4.324693107603976294e-01 -7.132309435024279942e-01 5.337697500419352759e-01
2.015684467580816930e-01 1.081199016425188515e-02 4.958140160543703101e-04 -7.184419176236427340e-01 -4.519467263729107925e-02 1.305838661968960861e-02
3.544554933694096244e-01 -5.579179603769028883e-01 9.799999999999999822e-01 4.714729434504079386e-02 -9.665041038589194944e-01 -1.075276306037119683e-01
-8.000000000000000444e-01 1.052723910209716202e-01 1.556402596026768004e-02 8.980288081648150900e-02 -3.559411728599957969e-02 3.321366501742906152e-02
-6.235066434613962399e-02 5.907096079998317428e-01 -3.542379373272384613e-01 3.453393693110444196e-01 -1.021871372240989138e-02 -4.699015840378409914e-01
8.094679427121344306e-02 5.944625617876569262e-02 1.327945018762254851e-03 8.315727820206297860e-02 2.068228442413007073e-01 7.983872529190857515e-04
1.716161861443266101e-01 -1.657209118918810675e-01 4.282886911593754981e-02 -1.762383002701920220e-01 -1.220853688749883731e-01 -3.141320026412878358e-02
-1.044070181289675700e-02 2.179923572302441825e-01 8.557438442436570564e-03 -5.043677872036475031e-03 9.799999999999999822e-01 -2.713566847615362931e-01
-4.417914687714340205e-02 2.665762178254053039e-01 2.562043291577695836e-01 1.462351174729965564e-01 6.092445410826045210e-02 5.850856360139268519e-02
-5.328442020771809728e-01 -5.955165489684628444e-01 9.728375077521285441e-02 3.839975038577039257e-01 2.670052426127117809e-02 3.691748230082774196e-01
2.260442268536595745e-02 -1.329748790595744745e-01 -6.312598875837208134e-02 -8.962448636085286469e-02 6.719681095385763303e-01 -4.760612973313700924e-01
1.428432376046247405e-02 8.809171707762791792e-01 -1.495773134758940359e-02 2.074996110361021495e-01 -3.941309567943468775e-03 -1.024125005701937569e-01
-3.241879474141473594e-02 -5.880100239606397272e-01 -8.348182040639116896e-02 -4.885512746023434327e-01 -1.964096638309419940e-01 -6.220048590319340875e-02
-5.650080884754964117e-02 8.111389406039769545e-01 -4.514815958586074762e-01 -6.439618326229234850e-03 -5.599912239462228984e-03 -2.944348676002644938e-01
-2.552406578226349421e-01 5.552200075790653111e-01 -5.916821949179881801e-02 1.925103359599814740e-02 -9.799999999999999822e-01 4.961403748974371197e-01
1.710560807184727944e-02 6.479739213832096389e-01 6.197848154996568604e-02 -2.239018037729272326e-01 2.730598127402455999e-02 7.414419483579948178e-01
-1.560860277875087410e-01 9.300272197758427950e-01 1.175102918136414071e-01 -1.368888629643664756e-01 -1.043746586129727788e-01 1.713604066111681923e-01
-9.647729458162672411e-02 -2.398941578502810090e-01 1.827681462739773055e-01 8.965261989217099704e-04 -8.515434048204639783e-02 -2.864711116885462761e-01
2.124532847819734505e-01 8.839876285471622852e-01 -9.644713921118332201e-02 1.891310907244712902e-01 -3.568125677426061543e-02 6.113945223706224175e-01
4.648962750305082881e-02 2.028892153617300464e-01 -9.777131050807529034e-02 3.161920377540832772e-01 7.836734316735656514e-03 -6.795633057948342604e-01
-3.222008923789964480e-02 3.590459412745406476e-01 7.900785382546884894e-02 -6.186865497783095719e-02 9.148790733566659200e-03 1.186613968566132132e-01
2.149539395977417000e-01 -1.506932481598944294e-02 -2.079723794620212118e-01 3.246497166262094503e-01 -2.074727029891052510e-01 8.882182109319232410e-02
5.677885869030161597e-02 -7.313062739306967763e-02 -8.876051059139641319e-01 -5.764716541717295195e-01 9.773998650831540458e-02 -2.821960977669478177e-01
1.725862045418293314e-02 -1.363412771373692656e-01 5.287369594267423561e-02 -2.571015149400324314e-04 5.241304961694688569e-02 1.053005120402657063e-01
2.476428432891703557e-01 -7.806449565230427767e-02 1.525716543841631745e-01 -1.517769524196705966e-01 -8.955965159104348761e-01 -6.213097344005235646e-03
1.670484942222889792e-04 4.058155201294384035e-02 -2.232489300946863958e-02 5.174408370186499573e-01 -5.220555518728597910e-01 -5.503009714892094506e-02
-6.667493048476999529e-02 9.338634957899573097e-01 -9.136386122815658498e-03 -3.993747303852813735e-01 -6.058679118713733262e-03 1.284887698487523489e-01
-2.506195759135446469e-02 -1.322647682659884028e-01 2.227700998270610785e-02 -9.899999999999999911e-01 5.748898218510477970e-02 1.000000000000000000e+00
-3.472630838120061708e-02 4.721833824045997691e-02 -2.718749499564475369e-02 -2.506686109425886322e-01 2.101707189563345110e-02 1.255693884539585969e-01
1.820986193548481402e-01 7.661096500817028698e-02 -1.444094138797792359e-01 -2.565634800413446048e-01 -1.998569904371894166e-03 -1.085120186704849193e-01
-2.896581573032718238e-01 -1.874815051950665390e-01 -4.711725410922996959e-02 8.354803818932497739e-02 -3.134959820133219610e-01 2.723826001655991202e-01
-2.835416882684903550e-01 -7.694275730804667202e-01 8.065769861493382598e-02 2.667592704094790164e-03 -5.998243291744863315e-02 -1.090719772561926475e-02
2.591275452356449349e-02 1.228349405982517434e-01 -5.781171741862749236e-02 4.735731072007695053e-01 -6.767109961121464679e-01 2.220959834422054635e-01
3.676982678944727689e-02 -7.249245912681768766e-01 -6.920410465082781071e-02 7.963167274240734450e-02 -8.949038292821837395e-03 2.610033055471756014e-01
1.136187867989563727e-01 -1.195005009676143939e-02 3.507677334120528623e-01 3.585225583829519669e-02 -7.027585662745797768e-01 7.947142946692205001e-01
4.019479958150481286e-02 5.256546168001378083e-01 -1.542761325814471229e-01 2.373869263397029583e-01 5.792011148002451995e-03 -1.432560664561534636e-01
-9.328079328496732825e-02 -3.120312491347918549e-01 1.439779625501827753e-01 -9.899999999999999911e-01 -1.063144720663758702e-01 -2.521994787136322413e-01
-1.213218767005665860e-01 -3.016138941461583567e-01 5.128458742240503410e-02 9.899999999999999911e-01 9.486809967846803263e-03 -1.496707353114243577e-01
3.969277362336933596e-02 5.367498412730603574e-01 1.215111730431800152e-01 2.981294541476210980e-01 -2.084470400844300620e-03 -1.024467723849997181e-01
9.004098210306238012e-03 8.287735989119154878e-01 -2.841940183542732493e-02 -9.704074855521278853e-02 -3.358907501292364428e-02 1.060713807133709524e-01
6.800823741736315708e-02 5.232284229869040848e-01 3.370438158311173799e-02 -1.344659566999350797e-01 -3.313887248310699030e-01 1.000000000000000000e+00
1.074227112389258137e-01 6.632244055604504807e-01 -1.261923495632501398e-02 -5.314819157207838901e-02 -2.697312358579956673e-02 -8.831091225266557432e-01
1.041823841640557302e-01 6.389078401554130204e-01 -1.129273325666801248e-01 1.809887530871982508e-01 3.643759686573754680e-02 -8.255934588729545165e-02
-1.592329605673504719e-02 -8.217418123651651363e-02 -1.758223852439143309e-01 -3.165809538530899025e-02 -2.663591055692370382e-02 5.478222762754101360e-01
6.993440085909901072e-01 -9.799999999999999822e-01 -1.883628062008432524e-01 -1.415304338259708262e-03 -6.981044636319881647e-02 -1.139349405362937995e-01
1.512820123719859911e-01 4.068398559474512566e-01 -2.011528934310836264e-02 -1.303185450983759264e-01 4.614645550748899816e-02 4.152169659306415017e-01
-2.176383760951888791e-01 -8.230853663684310761e-02 -8.011818652997310108e-02 7.220512185285075935e-02 -9.375389039852513248e-03 2.250170968379664738e-01
-5.871721477526992139e-02 9.799999999999999822e-01 9.987469780484219128e-02 -1.220920203086177103e-01 2.390290882037427941e-02 -4.671877217575482605e-02
2.696332418532093045e-01 3.245317148889752534e-01 6.037556159661494615e-02 2.552748041304609417e-01 7.619444883600424712e-01 -6.566519775852192042e-02
2.701096132544051343e-01 3.273685095079776342e-01 -1.283511085514142192e-03 -6.901166410484893543e-02 4.853461599962710094e-01 9.722272679102710036e-02
1.768491733106833663e-01 9.799999999999999822e-01 -9.799999999999999822e-01 1.526854726259211335e-02 -8.183186555787741456e-01 3.018618909872307632e-01
-2.033698472847010608e-02 1.618886056032414755e-01 4.375124007647650248e-02 -1.290055539161511465e-02 4.129892533256755427e-01 1.214724372761062654e-02
6.619640756718036742e-03 1.793037680855399246e-02 -1.680485395746646529e-02 -3.845459445558304518e-02 2.670888121292222528e-01 9.216924598459719231e-02
-7.813945412368027421e-01 7.789659384557238164e-01 -1.368926364589065879e-02 -2.293264747860847552e-01 3.861442823209941255e-01 -4.564741539807186110e-01
5.732199521818538701e-02 6.688969706919088709e-02 -3.141827192990605516e-03 -1.810158895404989643e-02 -1.227692133772711885e-01 7.896200190472903169e-02
-4.690983650123538989e-02 3.398030517434453279e-01 5.601172492172484807e-01 -3.845644457789883230e-02 -9.203269591677655515e-02 -6.615278480587197807e-01
2.224685038673001464e-02 3.624477932112203371e-01 1.066022204587247085e-01 1.304792866037745580e-01 -3.126230000915108942e-02 5.162021289435253513e-02
-5.766155249569174940e-02 9.799999999999999822e-01 -8.335058365228503741e-01 -4.279272913001700984e-01 4.310624630996302137e-02 -2.038321599741399481e-02
-6.985869749081924374e-02 1.314551097430369520e-01 2.643270273152696914e-01 9.899999999999999911e-01 -3.276053070412850432e-01 2.375221423855957206e-02
7.601533109428522395e-02 2.499826069543276963e-01 -8.640979418023274350e-02 1.963657423863543472e-01 -4.007946029292985823e-01 -1.701823442335300141e-01
