2.028304000147558850e-01 -1.518805527580736614e-01 9.054540420030132708e-01 -9.358276180488767082e-02 4.991264425809417427e-01 6.297025727571382570e-01
5.136489218037081361e-01 4.160484100567767296e-01 4.002334101674832612e-01 8.140085465998323500e-01 2.769253491648649423e-01 8.328347026376680118e-01
-4.742079750843985475e-01 7.971506858921117988e-02 3.341065462225834559e-01 -3.253019135642465365e-03 -4.891693235172696053e-01 9.160005137052739110e-01
-2.737473701205106469e-02 4.650157541506192427e-01 2.956812949532469093e-01 7.687363789601822650e-02 1.689296883668536253e-01 4.237919434084901349e-01
9.833147551146004250e-01 -2.772562987643363286e-01 1.315385389892164358e+00 4.665218175768726105e-01 1.887057260858166496e-01 3.043908956806395949e-01
7.428643015307254127e-03 -1.621740724326151684e-01 3.249852279040753578e-01 2.895758140382864720e-01 4.609948951089015701e-02 3.951494560438012504e-01
2.912802333331113158e-02 1.013654549468888888e+00 4.977676334799603364e-01 1.326856222578326472e-01 1.231559337136397259e-01 7.063960126054322775e-01
4.404306158481841038e-01 5.225684689873305588e-01 3.677418354834593450e-01 4.166776842460604424e-01 5.272717378300156854e-01 7.963684020008255926e-01
1.185389289366497456e-01 1.537417921533802967e-01 4.385296593947013433e-01 9.751929911872088130e-01 6.052713592872690507e-01 3.538512217380745950e-01
2.309870880929980330e-01 -4.623471040897723094e-01 3.884431001308920606e-01 2.015785817403252245e-01 1.498111416691537134e-01 3.719332389229613733e-01
1.917224482700527755e-01 4.690828353830386321e-01 5.722401834390855591e-01 4.365106610702732537e-01 9.409669559925906701e-02 4.305787543879898704e-01
7.949698771981483780e-03 5.652703330495326695e-01 3.611845981022679952e-01 2.238525819138400541e-01 2.097316967172917490e-01 7.113350755679388460e-01
6.796376254089960822e-01 5.643574899271186496e-01 4.720645597255536119e-01 1.773397879023036749e-01 -1.671265395519484498e-01 1.001978565403774724e+00
9.456578552949379546e-01 4.724211341669048991e-02 7.190574401041112396e-02 1.940121276852246335e-01 1.755478573351965665e-01 8.628005916364017702e-01
-3.891809013993610122e-01 1.065500958665480891e+00 -2.947486823296830982e-01 6.077735623279247879e-01 5.229788144161604535e-01 1.637041687602210693e+00
1.076613657720486783e+00 5.248273006027333043e-01 -1.130850665397092891e-01 3.612173755946700426e-01 1.992105627856475547e-01 8.061765245900900378e-01
-9.688196836331219863e-02 5.038924570551670534e-01 8.675921176740595264e-01 1.023730180735662021e+00 4.189800992223488008e-01 4.771444330069251616e-01
1.096369512361834886e+00 6.018776628618147662e-01 4.314309479702592154e-01 1.908230379309143743e-01 1.338222543261133879e-01 7.183799522033039731e-01
5.636532399616175359e-01 1.157855802362776299e+00 4.423596155153824427e-01 -1.421496892175709847e-01 3.356417792817110723e-01 6.917394007852248894e-01
1.237410962207929899e-01 2.507830749428184847e-01 -2.547382528009770608e-01 2.196255873210979370e-01 1.032206369653846378e-01 1.127233369628058091e+00
2.108811713439880942e-01 7.295452267266619995e-01 3.350357087816781543e-01 6.277801646736083097e-01 3.467726545396279114e-01 7.622769250397589680e-01
7.385987343858277931e-01 2.736645364858732998e-01 3.158593531180852176e-01 2.336060917615934152e-01 -6.271413832173902136e-01 -8.100096761645803056e-03
3.556910306215150253e-01 8.635190508202444937e-01 3.728773531387677420e-01 2.242831269851121578e-01 1.138114327550408533e-01 5.725136607368633834e-01
1.481123101301612399e-02 1.017494267407147213e+00 1.655856716126172801e-01 5.054700850762841036e-01 2.969624040481592120e-01 6.293041669161554275e-01
2.045653853989215509e-01 8.154432309910496501e-01 4.866536583933047666e-01 2.489171472813595243e-01 1.462657925701095485e-01 6.342445679305432904e-01
6.053642034376377490e-02 9.086213115356707171e-01 4.422404197645949941e-01 1.180345919721068199e-01 3.386330557283222520e-01 6.915582134464764996e-01
-8.545283798618952265e-02 6.343878158752781493e-01 1.151167824811182960e+00 1.525856800025719995e-01 4.795464293499808184e-01 2.894024304205831677e-01
1.621595603328704338e-01 3.194623210325672757e-02 -3.688347813024726030e-01 2.450082712420453002e-01 2.416683709879151043e-01 6.954575146037950129e-01
4.364183289831889967e-01 6.652315227436917944e-01 6.568681228185333509e-01 2.945284171579514165e-01 -8.230852689245804488e-02 5.784478106075823245e-01
2.747380037250850005e-01 9.256040161585057380e-01 1.143773974011052519e-01 1.520837783266472121e-01 7.514459791147470868e-01 6.030784274438686365e-01
3.796439429556277556e-01 4.842313408504385630e-01 3.410658707688722924e-01 2.320054509343124072e-01 2.454086906391960698e-01 6.884161651413989169e-01
4.551038347428505437e-01 6.127393892384516150e-01 1.184389653847328860e+00 2.558634360007191466e-01 3.186572810473692341e-01 6.860714091193481634e-01
-1.903832291688534184e-01 6.990163222178087388e-01 7.297067056403945262e-01 7.743199875895153683e-01 5.421733455256029233e-01 6.982581222198948057e-01
-5.294552056139121415e-02 6.194238398155187397e-01 1.165811437637510162e+00 3.982417825509535492e-01 1.832233347671171353e-01 7.324816489660175289e-01
7.709022337017162885e-01 1.604417167951679990e-01 2.798991533784935815e-01 2.150945169936213652e-01 1.664180776530820305e-01 7.325409337043968794e-01
5.247473402099641637e-01 1.109767183790730805e+00 5.788757892309022157e-01 1.107694618435633105e+00 6.570310593375211505e-02 6.977843559038936494e-01
9.838338840807512309e-01 6.931732342647493050e-01 4.804137388096047512e-01 2.001116298698011053e-01 8.973676207019112838e-02 3.039978879984278626e-01
2.418089442498113362e-01 -6.235154589484803722e-01 -1.847855085463763480e-01 -2.325513663270685760e-01 -4.021698923326911812e-01 1.568706687010543277e+00
6.434801128213430976e-01 -2.982176482536061379e-01 1.983785387123992439e-01 4.067549661193228250e-01 1.082119941421294806e-01 7.866017784429345516e-01
1.874732694992131132e-01 1.008807644170133244e+00 1.749161372463565733e-01 2.238420283440002434e-01 1.354265986289394652e-01 8.260788429673897593e-01
7.714989442189912339e-02 6.137863829702231433e-01 3.521493908781641036e-01 3.555966342513097733e-02 7.506690203741899214e-01 8.544642106239408452e-01
3.168962429126613856e-01 -3.898839582639951895e-01 3.609223815942132485e-01 -2.346262774923947858e-01 1.860391957980562783e-01 5.972671448639086389e-01
4.441467742574156663e-01 6.589113176140943828e-01 7.399104839069237105e-01 1.147284947359348717e+00 1.345620858811474641e+00 9.370562648899976033e-01
1.250429990699195304e-01 3.970602402516854035e-01 3.156965498850494711e-01 2.277982824694440578e-01 1.565517447728819733e-01 8.147933680101666631e-01
1.824125370569303350e-01 -5.220541643119345210e-01 4.854809929163760307e-01 -8.126050871985979196e-02 1.134012541037555943e-02 2.142090017399844726e-02
2.946821733224881945e-01 9.666849289789686273e-01 2.812296758588649359e-01 2.314757799764896595e-01 2.649024828637681073e-01 7.277832350032801267e-01
2.745848365865347085e-01 4.504426361284369351e-01 -4.056088902727908452e-02 2.238391267813847341e-01 9.133316089244494784e-02 6.952127530248144449e-01
8.488401752175667170e-01 8.551406198707827144e-01 3.280755072012778717e-01 3.687934906883960084e-01 5.400167712884894611e-01 6.702970824027860708e-01
5.490065588764144744e-01 4.603722680661737621e-01 7.139682491694064881e-01 2.739836487277821919e-01 1.291927925260216159e-01 7.403374921217169558e-01
8.881888292414454877e-01 9.181189566552708792e-01 1.573420759674989400e-01 1.276809551871949999e+00 1.627975790728420080e-01 5.560644260925104998e-01
-5.690381805832156470e-02 -6.046170454431210040e-02 4.450832508091058237e-01 1.115061045466619660e+00 1.870123132587675485e-01 8.313556434126231354e-01
6.087655249491916720e-01 9.863312486341222485e-01 5.212586861189951737e-01 8.068328472555817976e-01 2.424483730915424906e-01 -3.042101139489331585e-01
-2.571743822919858591e-02 5.518880921290629793e-01 3.092741410506336108e-01 1.771227529381824151e-01 1.388275991805599130e+00 6.258521417827944688e-01
2.153546862006655571e-01 1.698313836988032399e-01 3.570379895085861177e-01 1.259689377670604182e-01 1.552494572013795315e-01 5.500008476153449566e-01
5.652200885144199605e-01 4.097377294005994375e-01 1.056618108193855488e+00 2.273865152544305573e-02 1.451336205796411871e-01 3.218343234426376265e-01
-9.314757121853203814e-02 6.275917147740533997e-01 8.976258904990009890e-01 -3.317031026512614611e-01 5.326057555442859082e-02 5.360817352277842396e-01
2.145423717898983784e-01 4.115552763797770686e-01 1.119809943633897631e-01 1.971521322984199909e-01 -2.917637771847614303e-04 5.419698705974728137e-01
-1.933073710897764697e-02 3.365630914502139026e-01 2.460594614367196398e-01 -6.902411799808449988e-02 3.112660322009800362e-01 7.932093556045974880e-01
1.812400853031086445e-01 1.079824225340380472e+00 3.883998599623966763e-01 -3.063847028836064190e-02 2.879803191821760366e-01 9.186255538556237221e-02
4.325520495284219669e-01 1.099397280698761525e+00 -1.098221931952874375e-01 7.758964962546421873e-01 1.291150659223287422e-01 5.784622846016523878e-01
6.690368863175401026e-01 3.983200270060843762e-01 3.907250463211709990e-01 5.094134191542916135e-01 1.245574804078188047e-01 6.781533752906944157e-01
1.573594230836602437e-01 1.104542224571938958e+00 1.624039110110726825e-02 4.721555571141879404e-01 4.535103085790301303e-01 7.612513060136546494e-01
1.009416086373476733e-02 6.652044972305068971e-01 -5.654562463468573164e-01 -2.507790169462923435e-01 3.783508650625458936e-01 6.618648445776573741e-01
2.915153682815808667e-01 -7.455453317395801527e-01 2.338826326885262707e-01 2.231964497032559169e-01 1.897287653183105938e-01 7.988881397890581493e-01
1.382837014742757553e+00 5.932643727396219591e-01 6.668531843301198636e-01 2.279424496439767245e-01 5.795213482183039222e-01 6.357897532037936061e-01
2.572541295950322993e-01 4.188568827310623632e-01 3.974160415573982919e-01 4.519558672204799787e-01 -2.793100774707074074e-01 6.245272728249493532e-01
6.637923663391354090e-01 4.763034448170171409e-01 -2.540127224280047669e-02 5.580858897687344111e-01 2.006727835129094029e-01 9.609742864104512394e-01
6.920962437053235217e-02 1.039415498299884888e-01 3.338047033087185311e-01 6.138132409842376180e-01 1.458393638091611821e-01 3.448242690742107652e-01
2.704246908499567947e-01 2.326976181064512594e-01 3.602269662786287130e-01 1.173211498991117430e-01 1.687477025909035200e-01 6.996303140670990794e-01
7.635296796776560591e-01 1.502249551325079313e+00 -1.109123305036110452e-01 1.865864486933637156e-01 1.921441168507707908e-01 7.016455616840918674e-01
4.488624588041102426e-01 3.317863057774502744e-01 3.166829522495561711e-01 1.911159114566816086e-01 6.837354291961543762e-01 6.599501514172756433e-01
4.709004777509661066e-01 7.746670564430540029e-01 7.190390953783993844e-01 8.937079358569938181e-02 2.162330298529147043e-01 6.987334747860537432e-01
4.285542742581678333e-01 8.584775206367805112e-01 4.328750482716000603e-01 5.049400042801512889e-01 3.856924227930131899e-01 1.195047384679539970e+00
-2.207005231196600414e-01 6.652280454657416575e-01 3.853378906558518890e-01 8.989072653979371386e-02 1.145186423969245665e-01 6.877625046743199855e-01
8.459145112927890509e-01 7.965472296653589579e-01 3.274851717498991066e-01 -1.188344962730908255e-01 2.443493752583041911e-01 5.451579238341502931e-01
2.808090054645790978e-01 5.433283676201764445e-01 6.561028684200014283e-01 1.124411396093283333e-02 2.965135182887225773e-01 7.391188700622250973e-01
5.446481827016477206e-01 3.904314416776606400e-01 1.139603386892833026e+00 8.999849749860227011e-01 7.643801892132096043e-02 8.635204790566624045e-01
8.368003341031855502e-01 8.449181569896599964e-01 3.882551887665086632e-01 1.282364719236357420e-01 1.872159836899639496e-01 6.978207312364708148e-01
2.172741933885768417e-01 -2.810881528662827478e-01 9.822287150444813930e-02 1.050170616838515425e+00 1.735203014899082408e-01 3.051288054571034136e-01
2.427032593142937900e-01 4.796262798352752266e-01 3.559369871009794295e-01 1.631640828087226880e-01 1.660520524008233800e-01 4.996589468969888648e-01
3.319521419643606253e-02 5.518650491885773723e-01 4.952419364819295455e-01 5.018906429589848894e-01 7.025044744571682376e-01 6.359164851141568819e-01
3.901464820682500889e-01 5.133413448505503851e-01 3.570052500223027114e-01 3.822714983875760142e-01 3.169144737033114945e-01 -4.594963515257603492e-01
4.586810936039775188e-01 8.862920239520630794e-01 3.626835134075219180e-01 1.005228151027848460e+00 1.436482760224903066e-01 7.730184358954846902e-01
4.931946146168436074e-01 5.504859674142021930e-01 2.696005502940663767e-01 2.330092450820315519e-01 1.299264893920449027e-01 7.659000029300456758e-01
-2.454623253142178552e-01 -5.511826257318367395e-01 6.677515888506411201e-01 1.682272687542489820e-01 4.934956225157578480e-01 6.016567006136722684e-01
-1.358306915860585384e-02 -8.839481402560941947e-02 3.907764842615567558e-01 2.395420114948825785e-01 1.695192131790401457e-01 -5.074074342157242068e-02
1.898164169364587872e-01 4.399231145585045244e-01 2.872942761051693883e-01 2.050684977650886476e-01 1.764901195559981373e-02 8.368367827886309396e-01
5.388729102496583323e-01 7.829404703639583074e-01 3.394661283890303971e-01 -1.441420852550049092e-01 9.968016060113698007e-01 2.700873573025698304e-01
-3.089354808325095458e-01 -2.292258054023059155e-01 3.555458426004998174e-01 2.959909036869873833e-01 5.138674505555185235e-02 1.018038617409080748e+00
4.155434465139672406e-01 9.861214108609980267e-01 2.608470283877221130e-01 -1.258338439540351017e-01 -1.010365893466784182e-01 2.796372700243450193e-01
7.462654270420336911e-01 4.899838630345642043e-01 2.871505615408532774e-01 5.197682796636558800e-02 9.075605079629928129e-02 1.010685265195176097e+00
6.233804380459146977e-01 3.220576208936248852e-01 3.913473675171321164e-01 -9.089731657024469058e-02 2.337154237518801470e-01 8.186309394173534315e-01
2.927866956450896896e-01 7.983064094753373752e-01 1.366672645848404088e-01 2.305701275022934982e-01 1.355460980129528648e-01 8.630528299566520012e-01
-2.551071591628395474e-01 1.929079541016925914e-01 4.731415533432903331e-01 8.205564146514962021e-01 -7.300172918072787009e-01 -1.796367247429554448e-01
3.071333947612586712e-01 4.137711042886973445e-01 3.377259673046015265e-01 2.192135262534946338e-01 4.110473123161130227e-01 1.271497317258973414e+00
6.211220010645690515e-01 8.235107769488455576e-01 -3.860002678354776950e-01 -5.614838984675097899e-01 3.660604901649882614e-01 7.853323861428372910e-01
5.565424709346180610e-01 8.305696286297601372e-01 1.978985131157171007e-01 2.422980693373639471e-01 3.969219321562234004e-02 6.885346649303285549e-01
1.735054075152990538e-01 6.040002636446927253e-01 1.127370227232023181e+00 1.910760512440230485e-01 6.857534086008223451e-01 5.745523908888016118e-01
5.185135183872088271e-01 3.800519031860288832e-01 4.614754358821478997e-01 2.259800606262344358e-01 -4.057753947575148956e-02 8.390815177391997004e-01
1.337995173848206543e-01 8.036697489760556978e-01 1.014461311680739719e+00 2.788758387932862015e-01 2.338433651251067003e-01 7.126017470156608136e-01
