nan
5.082194960125134831e-01
nan
nan
5.573180743259931180e-01
nan
2.946890227090435688e-01
nan
nan
nan
nan
nan
nan
4.892902360182019295e-01
nan
5.440057487656380086e-01
nan
1.196868886327633469e-01
nan
nan
nan
nan
nan
nan
nan
nan
nan
nan
nan
nan
5.262706753245433022e-01
5.568264550552647352e-01
nan
nan
nan
nan
nan
nan
nan
nan
nan
4.708215191014407663e-01
nan
4.822272457548407720e-01
nan
nan
nan
nan
nan
nan
nan
nan
nan
nan
nan
nan
nan
nan
nan
nan
4.495210855834666508e-01
5.462702742110453480e-01
4.742923983505964447e-01
5.142044337021230982e-01
nan
nan
nan
nan
nan
nan
5.572519690391187774e-01
nan
nan
4.675656382254761434e-01
nan
nan
nan
nan
nan
nan
nan
3.742259538998778390e-01
nan
nan
nan
nan
nan
nan
nan
nan
nan
5.134792541950005118e-01
nan
nan
nan
nan
nan
nan
nan
5.142044337021230982e-01
