nan
5.588472095571374032e-01
5.142044337021230982e-01
nan
nan
4.566286669069636872e-01
4.695515982349858786e-01
nan
nan
nan
4.851377113272508090e-01
4.637450106048532916e-01
nan
5.608115465230648633e-01
nan
nan
5.589050856344693896e-01
nan
nan
nan
nan
5.142044337021230982e-01
nan
5.611218333968813754e-01
nan
nan
nan
nan
5.567107929748952300e-01
nan
nan
5.283064434430223555e-01
nan
5.142044337021230982e-01
nan
nan
nan
nan
3.240408851098344756e-01
nan
4.903712382017321181e-01
nan
nan
nan
nan
2.327807337474049609e-01
5.589050856344693896e-01
5.603606585293297027e-01
1.473226331085227825e-01
nan
nan
nan
nan
nan
nan
4.477062061330179255e-01
nan
5.142044337021230982e-01
nan
5.608156834518392975e-01
nan
5.589050856344693896e-01
nan
5.593598689805041602e-01
nan
nan
nan
5.263317272516230272e-01
5.588472095571374032e-01
nan
nan
3.454579369942925582e-01
nan
4.391079847742160314e-01
nan
5.611218333968813754e-01
nan
5.611218333968813754e-01
nan
2.785939671230453496e-01
nan
2.333244870380275227e-01
nan
5.611218333968813754e-01
nan
4.747747967457336959e-01
nan
4.883859703345218573e-01
4.591562269964148957e-01
5.608942862777683835e-01
nan
5.134062894924079634e-01
4.885803613217482022e-01
nan
5.547287907043229049e-01
nan
nan
nan
nan
nan
