6.491556833224858547e-01 1.000000000000000021e-02 5.469500240369482569e-01 9.951162941544176022e-01 4.503081623872577655e-02 8.351325029856357940e-01
8.250560088606626596e-01 1.000000000000000021e-02 9.899999999999999911e-01 9.023994358737784660e-01 1.563274257036545434e-02 1.000000000000000000e+00
3.158222423987684380e-01 2.266030584887951116e-01 7.413284781548421520e-01 9.324338339451341273e-01 1.637773451788381851e-01 5.078219973397796183e-01
8.448965501097561726e-01 3.033957782964516459e-01 6.080783399513812332e-02 8.488782723360341897e-01 2.033543091086473589e-02 1.000000000000000000e+00
8.578336267548917204e-01 2.352451213108058825e-01 4.255100859331951701e-01 5.925915137081168016e-01 7.051894581677561891e-02 1.000000000000000000e+00
8.857875706626641144e-01 1.000000000000000021e-02 6.742041741736486404e-01 9.568604919711470869e-01 1.534631579577261928e-01 7.154013267858196912e-01
6.906429074117157452e-01 9.130432002206705089e-02 4.666302472002603063e-01 8.241890823727304749e-01 1.237007282835976968e-01 8.750796645757972225e-01
8.992896197490803933e-01 3.131379016613356492e-01 5.579260100991874083e-01 9.932743308182198083e-01 1.598611970539407304e-02 5.692674530496395491e-01
8.986959609555351669e-01 2.678385870419606740e-01 5.654001223689192335e-01 9.971190946320209747e-01 1.732489540961937996e-02 7.060248649144447164e-01
8.896089713604929949e-01 1.000000000000000021e-02 2.808928130855471994e-01 1.000000000000000000e+00 8.391375100354225847e-02 9.797840258883655506e-01
8.688813849103464992e-01 9.899999999999999911e-01 5.437546337062963975e-01 9.349586765255746279e-01 1.243360327796385334e-01 9.266941762099329960e-01
4.930886532221626650e-01 1.488265811185495169e-01 4.006890063246892897e-01 8.711780148948093938e-01 2.604311591652827551e-01 6.734033218591686243e-01
9.000000000000000222e-01 2.105885545809170478e-01 5.396938520592720057e-01 4.568492380425399624e-01 5.621696850784050348e-01 4.291892015622855716e-01
8.990104033566770347e-01 1.682343420520674426e-01 8.966789057613152591e-01 8.820349755103444878e-01 3.874945500681786781e-02 4.861346741526094140e-01
8.980221373421165554e-01 4.642230541601128357e-01 5.574455968118104954e-01 8.877401082196443305e-01 1.000000000000000021e-02 6.852725205844509837e-01
7.198354925601162524e-01 1.000000000000000021e-02 2.943007959766630321e-01 9.700523236603675326e-01 2.733184259666684296e-02 8.014427109822712669e-01
8.983752551396355646e-01 5.659579070000421153e-01 4.243062858453996999e-01 9.932267924272513149e-01 6.188380831448022507e-02 9.655599431851231707e-01
8.821983988382487984e-01 1.030884597631106375e-01 7.646247269898829302e-01 4.350429430556295718e-01 3.049422182213341603e-01 1.000000000000000000e+00
8.534111303376363811e-01 1.335621425705108278e-01 5.501342602124902337e-01 9.728120681122917057e-01 5.764886113134233270e-01 6.962216845483627514e-01
9.000000000000000222e-01 1.277394592375047933e-01 5.570180765267959133e-01 9.741460444727092494e-01 9.899999999999999911e-01 1.000000000000000000e+00
6.364869794436851524e-01 2.184923733242826738e-01 4.800161307531184418e-01 1.000000000000000000e+00 3.579056824553904226e-02 8.682814431734147131e-01
8.981836973181371864e-01 1.000000000000000021e-02 6.574249774701953486e-01 9.978189623151358933e-01 1.204096475913704091e-02 8.053791666172155361e-01
7.620766150965747610e-01 4.209542258296656847e-01 6.087120316139550402e-01 9.798819205198806559e-01 1.000000000000000021e-02 7.936008555737142922e-01
9.000000000000000222e-01 6.229892503239575774e-02 4.441862437838950406e-01 9.983168518845375594e-01 4.423491030494468290e-02 8.704436731127866977e-01
8.115823871569731729e-01 9.057995370100624388e-02 3.433456732153649660e-01 9.866159586764470246e-01 3.225284289097702373e-01 7.681330505815581189e-01
7.886123048618379761e-01 4.667621137580164198e-02 6.389853999834232967e-01 9.688617681562224915e-01 1.201423396224715612e-02 5.080119984353870244e-01
7.143269118359464320e-01 4.658191046454107642e-01 6.257758659769453446e-01 6.252713239544129831e-01 1.000000000000000021e-02 9.806589622269525908e-01
8.785637759449544948e-01 1.799687458331303280e-01 7.453066484176684714e-01 9.994646440751528971e-01 2.999837060495680330e-02 7.364337592519469844e-01
4.628497760229048907e-01 2.993071977007013412e-02 4.877786059706942789e-01 8.299091203502159120e-01 1.000000000000000021e-02 9.113806117842917498e-01
8.423423979063039413e-01 2.618643031967459178e-01 6.995571370102102726e-01 1.000000000000000000e+00 7.611738897405977144e-02 8.061662064400031413e-01
6.089148063273789324e-01 1.000000000000000021e-02 2.639285544502338876e-01 1.000000000000000000e+00 2.034186049650141964e-02 4.161165324574077062e-01
6.749160153090294489e-01 1.000000000000000021e-02 2.951871280573751255e-01 9.457365580196096522e-01 1.922609523389480490e-02 8.376523551238822529e-01
9.000000000000000222e-01 2.175681942786611422e-02 5.145831349419358602e-01 9.838580691048199878e-01 2.869367323261928782e-02 7.331971413419788863e-01
8.931765014323990171e-01 1.000000000000000021e-02 5.368519107528310075e-01 9.958374741669768770e-01 1.565754544620700794e-01 9.332427924399490093e-01
8.984885297480105226e-01 1.000000000000000021e-02 6.906088635371238071e-01 9.904452087984708664e-01 2.067630836726351562e-02 7.886596466850660514e-01
8.930165288217705166e-01 6.841639849344028912e-01 5.449677179968331897e-01 9.970690581727370549e-01 2.499152989087279064e-02 8.355278866211701683e-01
9.000000000000000222e-01 1.104034027600552387e-01 7.944819543029318920e-01 1.000000000000000000e+00 1.602835233612059235e-02 6.462545943744296695e-01
9.000000000000000222e-01 5.458681528670907834e-01 5.073131186892174682e-01 1.000000000000000000e+00 1.200818712649852696e-02 8.133331416211362352e-01
8.229417781934702525e-01 1.762413599268465303e-01 4.960175179732152495e-01 1.000000000000000021e-02 2.056311093690825487e-01 3.905316291737750412e-01
9.000000000000000222e-01 4.347416128564740578e-02 4.657895243496354976e-01 9.856659429156219288e-01 1.134691993316591999e-02 7.560984692169564481e-01
8.987067932923826774e-01 1.000000000000000021e-02 5.342941259397463449e-01 9.258727940554480895e-01 1.203569950929919141e-01 9.217828699763596090e-01
3.146882111652615777e-01 1.473954219782813713e-01 6.592345121504005201e-01 6.611919692699842477e-01 8.955812954917624635e-02 0.000000000000000000e+00
9.000000000000000222e-01 2.597150678128570256e-01 2.112573172957495360e-01 1.000000000000000000e+00 2.326383458488820097e-02 8.204160062781331586e-01
9.000000000000000222e-01 2.877973111370956683e-01 5.472579588596393485e-01 9.968292057985463916e-01 3.341148962631351055e-02 7.695314172679003084e-01
7.267726944825451119e-01 1.000000000000000021e-02 4.651949491536576109e-01 1.000000000000000000e+00 7.048082470701468039e-02 9.128679612771505303e-01
9.000000000000000222e-01 2.022910015083818902e-01 4.128286740201591587e-01 8.308800398906576179e-01 2.152950201489046284e-02 7.559051359005221071e-01
8.995873989368177170e-01 1.203824018253378814e-01 5.405870711280683638e-01 9.051965856664793142e-01 6.179991580771393433e-02 8.605170055084635505e-01
6.064599766025893235e-01 5.957077968662116696e-01 2.556146678190052146e-01 9.885495256708390910e-01 2.403431533254452024e-02 8.185938881723768823e-01
9.000000000000000222e-01 1.000000000000000021e-02 7.514033336975999289e-01 9.960872548209794841e-01 3.535009833271331170e-02 7.400162546329829283e-01
8.999680019044266066e-01 1.000000000000000021e-02 6.843438542066118124e-01 9.926096731482080271e-01 7.590796500419420834e-02 7.413176154378681160e-01
8.926514376618116531e-01 3.386917253701441921e-01 5.558358056569648875e-01 1.000000000000000000e+00 2.983719094741078132e-02 1.000000000000000000e+00
8.324320794977768667e-01 1.000000000000000021e-02 4.980322823032614643e-01 9.995079241085166322e-01 1.585631819331228820e-01 8.093018626627023204e-01
9.000000000000000222e-01 1.000000000000000021e-02 5.551875785951962960e-01 1.000000000000000000e+00 2.110532919991525702e-02 7.828290514031491787e-01
8.835373481460875311e-01 1.000000000000000021e-02 6.044648538785580838e-01 9.845934845958441706e-01 1.274877012622546157e-01 9.108456959803106212e-01
8.955154417880826223e-01 6.151849093784930167e-01 6.049987896631725537e-01 1.000000000000000000e+00 1.181212570931595152e-01 9.039603339935806670e-01
8.985416474952545585e-01 2.751634677118721672e-01 5.594676226416248621e-01 9.991355276509129579e-01 5.019392213494733995e-02 7.785580544878150100e-01
6.328521384479092182e-01 9.154222169618259075e-02 4.781590011802310247e-01 1.000000000000000000e+00 1.000000000000000021e-02 7.629003401417451258e-01
8.975360576760019748e-01 2.246779984713236922e-01 5.634776513784406360e-01 9.753614305182949362e-01 1.000000000000000021e-02 7.650563304976923940e-01
9.000000000000000222e-01 2.141273867431003342e-01 2.942285840914073414e-01 9.844634810097983024e-01 2.908622592878043478e-01 7.676909029576235444e-01
3.486820935622660933e-01 6.515556772365918570e-02 1.000000000000000021e-02 9.875791406155079999e-01 1.916638172088924730e-02 7.999179245951424377e-01
8.985199284423805999e-01 1.000000000000000021e-02 5.760334259185165839e-01 7.174978380657240917e-01 4.006542216560329828e-02 7.992534052515365417e-01
8.597094904436288765e-01 1.000000000000000021e-02 5.570895249023035678e-01 9.898535882631691596e-01 1.000000000000000021e-02 9.064042684682189766e-01
8.180322758842840658e-01 2.580241328582686400e-01 5.009059439371763567e-01 9.134138989401414666e-01 1.840833474738104436e-02 8.976597920039971479e-01
8.996884517784424773e-01 6.139802308906894268e-01 6.396664163148986226e-01 9.984817854334127052e-01 1.112463857112859500e-02 7.939988377535774910e-01
9.000000000000000222e-01 6.886975340981604798e-02 5.949461389736354633e-01 9.930186354599236376e-01 2.580280502248604932e-02 8.732523297368405268e-01
7.255791096396020379e-01 5.730825720309438986e-02 9.899999999999999911e-01 9.201537610953732793e-01 1.000000000000000021e-02 1.829937924424072937e-01
8.986643685992289354e-01 2.849317509857414721e-01 7.532249306968854530e-01 9.355245423950250272e-01 1.773449434763281485e-02 8.048730191551444202e-01
8.987257715287003679e-01 1.000000000000000021e-02 5.558564162021201183e-01 9.798696032566411862e-01 1.000000000000000021e-02 8.715147878347709876e-01
8.990940597584164973e-01 1.969314563376914351e-02 5.329084111920669997e-01 1.000000000000000000e+00 1.373840539288587181e-02 7.162493693714361287e-01
8.988385773460838557e-01 4.227007310126775219e-01 5.257472936861342649e-01 9.970461205573130092e-01 4.754220409012917259e-02 1.000000000000000000e+00
7.452476095556712643e-01 9.348517470889361469e-02 4.990027811202951691e-01 9.203588237397223315e-01 2.081110275100592488e-01 9.165857533831031079e-01
8.985394216978077608e-01 2.619191090894049112e-01 5.280553739689859416e-01 9.936648869015457519e-01 1.914579087276712874e-02 7.842689336163032321e-01
8.897290784379603412e-01 2.049906289349875399e-01 5.448716390814615229e-01 9.902023406128036553e-01 3.664340945492700063e-02 7.208141282943162365e-01
8.322635783684813049e-01 1.000000000000000021e-02 5.348234980615047540e-01 1.000000000000000000e+00 1.000000000000000021e-02 9.046034449513312703e-01
8.512739115142917701e-01 4.882840978342001814e-01 7.936201069399660968e-01 8.086943593958980658e-01 5.439398783829844236e-02 9.483228005047250608e-02
8.104863495376016802e-01 1.000000000000000021e-02 3.434288919289391617e-01 7.767773414260606968e-01 6.441894980228901613e-02 8.509692814456842891e-01
6.666870830736836284e-01 4.756981730083578719e-02 5.167789190662996912e-01 9.985431284053247758e-01 2.832455793882270312e-01 9.128889309736186730e-01
8.854569005917833913e-01 1.000000000000000021e-02 8.295827104338042712e-01 9.983702886297824985e-01 5.818394486431088114e-02 9.880617464319316756e-01
6.667925230258668901e-01 1.000000000000000021e-02 5.831455463988857169e-01 9.741897147782174748e-01 1.000000000000000021e-02 7.658763129564786221e-01
7.754413154641741635e-01 1.686612019434252097e-01 6.923880934043347146e-01 9.517485639290594879e-01 4.314345198359941236e-01 8.601708585290178677e-01
8.346675574654156549e-01 8.619266456276675203e-02 4.797226224848644693e-01 9.821536759307342157e-01 2.310491300548117924e-02 7.972311631472107640e-01
8.564872679134196698e-01 1.597905090452677590e-01 9.732200523548761861e-01 9.269946872015237815e-01 1.658469749741285290e-02 8.809488101396629744e-01
9.000000000000000222e-01 1.000000000000000021e-02 5.473273689747473192e-01 9.485177421157299227e-01 2.747128533079106205e-01 5.861210001373328149e-01
8.994899322316848300e-01 3.578420230551647707e-01 5.724049740229626426e-01 9.960885465222187873e-01 2.468856467308452526e-02 8.438839491792646808e-01
8.997324946985666427e-01 1.589823362257260508e-01 5.199746476204869516e-01 8.894487076097246092e-01 5.907604262948101814e-02 6.559096900340959380e-01
8.412230203126680461e-01 1.000000000000000021e-02 3.316125753736429704e-01 1.000000000000000000e+00 9.799208397472009002e-02 8.482368064656790052e-01
9.000000000000000222e-01 1.000000000000000021e-02 3.348953561793389655e-01 9.707169302423316326e-01 1.521292414475773624e-02 8.322840051918443116e-01
8.163254103637967996e-01 6.280936917820123533e-02 4.952122087981783438e-01 1.000000000000000000e+00 4.019626101788354583e-02 5.311400442122891086e-01
7.397483750631623778e-01 4.984775322129114672e-01 4.977187071890507020e-01 9.578796575374216582e-01 1.886783302138820562e-01 8.433346097405971520e-01
9.000000000000000222e-01 2.911284486723414999e-01 1.000000000000000021e-02 6.709106109132813023e-01 3.953030758456505672e-02 8.296301824468361730e-01
8.977278074819760034e-01 2.955383437374990985e-01 2.787238338798643245e-01 9.954529391125555016e-01 1.330799626344134068e-02 7.073861427641479072e-01
5.317999450853159171e-01 1.000000000000000021e-02 5.765507120100543670e-01 9.832642087083899307e-01 3.107927313776921441e-01 7.935570169090986337e-01
8.993065055822524467e-01 1.000000000000000021e-02 5.852104193458568249e-01 9.934425555078612025e-01 1.000000000000000021e-02 8.920168325292875400e-01
7.162983843060303224e-01 4.112024973706918107e-02 5.513353239652467597e-01 9.622590921779594630e-01 1.501173497316492939e-02 7.418951354104433848e-01
5.614184051576094348e-01 5.226731401861139936e-01 1.207736525441527320e-02 9.983849546745351411e-01 8.214132689245558228e-02 8.885349226157273073e-01
7.210856947178233556e-01 3.660693699748333030e-01 5.158109645824118239e-01 4.490338125731748731e-01 1.000000000000000021e-02 6.705478904315786970e-01
8.993351465993126848e-01 7.380696506369222032e-02 4.764782032476279627e-01 9.978086723820689397e-01 5.230652021425530318e-02 7.916938761161227411e-01
8.995299597288447524e-01 1.000000000000000021e-02 6.970805300861884213e-01 9.996085360429202149e-01 1.603156129862166879e-01 8.221067610232710710e-01
8.500388508123242204e-01 1.000000000000000021e-02 2.844669957456336107e-01 9.962523449323223979e-01 3.561003613295603276e-02 7.884317302238409431e-01
8.946049653830540072e-01 1.000000000000000021e-02 5.701043428187898554e-01 4.113992241145701945e-01 5.224178229581477595e-02 8.290489589635383627e-01
