-5.642702015425487411e-02 -1.419316286492118273e-01 -7.868989231261938611e-02 2.752029429203181263e-03 1.146426442525836156e-02 1.149789261549567232e-01
-2.840906739991675423e-01 1.052119554752645181e-01 5.182788814631427154e-01 1.122728616184230088e-01 2.424194493593781474e-03 0.000000000000000000e+00
-3.029283942461463708e-01 -2.489593836942351757e-01 -2.029184692066156870e-01 -6.928493304588866086e-02 -3.297467942187951584e-01 4.432768178733732800e-02
1.237279137886650171e-01 4.782419496686978605e-02 -3.675428053300044962e-01 2.708254529176692404e-01 -4.320676292434813201e-03 -1.348614029569836573e-02
0.000000000000000000e+00 2.195765962313098174e-01 -1.841839436928645046e-01 2.165148226748323801e-01 4.921737723502463135e-02 1.821893024951932449e-01
-7.877468796407573887e-03 0.000000000000000000e+00 6.407257630097866752e-01 0.000000000000000000e+00 5.226014789320609921e-02 3.187935305737913533e-02
-1.610824377150532893e-01 4.853692507400467204e-02 -1.715774941669864773e-01 8.823788984182019679e-02 5.402785122918801752e-01 6.288551232758513021e-02
-1.312187288714902495e-03 -9.136907045146257234e-02 -3.967318386712670453e-02 -4.766438191663987384e-02 8.255140959241560536e-03 0.000000000000000000e+00
-6.093747677283291352e-04 1.499958663802210095e-02 5.474323359497127936e-03 -5.358954548350331262e-04 -1.176143363477930850e-03 -1.040856892821031242e-02
-1.246097247633454370e-03 3.587959199595386166e-03 3.637604305683537348e-02 1.741237418509143572e-05 7.594789089870575619e-03 -1.144085077049731280e-01
-7.103421109325545879e-02 9.799999999999999822e-01 -9.730937192178115702e-02 -6.596284667977309057e-02 8.055053267650177928e-02 5.332594696931956813e-02
-2.252611857851436750e-01 -1.360508801019138514e-01 5.022874035037751261e-02 -1.109339592243683836e-01 9.368971630509226323e-02 -8.547288823160635596e-02
-1.977274476847451501e-01 1.318810297939269384e-02 -6.237934888282730128e-01 0.000000000000000000e+00 1.039660931967314461e-01 -8.362726633618225436e-02
-6.856965823778134704e-04 6.208874702062494588e-02 3.356012453407831719e-01 0.000000000000000000e+00 0.000000000000000000e+00 -1.967348676560172205e-01
-1.142229659543111345e-03 2.269575955999868777e-01 1.134308712699816646e-01 -3.822813717487014151e-02 -2.482070695230944035e-01 3.755651919745329748e-01
-6.256538158174849810e-03 -5.054735393891369999e-02 3.762931316102270940e-01 0.000000000000000000e+00 0.000000000000000000e+00 5.639560754491133171e-02
-5.960177456161190542e-05 -3.827045764146905921e-02 -6.507577462378502653e-02 -3.096587730041402368e-03 0.000000000000000000e+00 1.474710079758535797e-01
-5.530931003137876025e-04 7.720043713037293143e-02 2.386201513135699781e-01 7.831631054645518675e-02 -9.582203071072571687e-02 0.000000000000000000e+00
6.117252368685988789e-02 0.000000000000000000e+00 -1.014323591813958703e-01 8.861480405427486426e-03 -4.016932799025902945e-01 -2.382991900611651503e-02
3.545327212038035247e-02 -6.282053169096305512e-01 6.617632842941270632e-02 -3.224703731783257026e-03 7.504257969887305757e-01 4.655950070540343377e-01
1.519746162690349157e-02 9.920930903264797707e-02 -1.052994229854768054e-03 6.790275202105955366e-02 3.059004941498090838e-02 -2.680988407092373474e-02
-7.359103778297551059e-04 -1.381609313365448899e-01 1.011813496096331845e-02 -1.952136446771704850e-03 -3.628978735763192277e-03 -1.436023799479159424e-02
5.326743947446175437e-02 1.290549556857635005e-01 1.003521263364329924e-02 1.441396339008074907e-02 4.934648796097482887e-02 -4.067411809279005558e-02
0.000000000000000000e+00 4.385555480956193630e-01 -2.352800361269510310e-01 -1.391876039311886869e-03 -2.243602602387683997e-01 5.496669491686003717e-01
-6.412256441319839906e-02 -9.562223721443115221e-02 -2.621127437292144688e-02 1.642955256980978274e-02 1.199584269292949951e-01 1.174803922632900038e-01
-5.448669254672697942e-02 1.629318552939192366e-01 1.372240466302836193e-01 -4.701376619330090850e-02 2.855507512884904436e-03 -1.899168416342349175e-01
0.000000000000000000e+00 2.163320891426618042e-01 1.295517595559827206e-01 -3.672761161311492439e-01 -1.536930190189037156e-02 4.088254978083074968e-03
-3.320146141020737657e-02 -7.251883324985256563e-01 2.869147711665831491e-01 -5.128100277263943074e-02 -2.692028455686994171e-03 0.000000000000000000e+00
-8.455381088585782468e-02 -7.625885693178761915e-02 1.472847466049025944e-01 2.305968709607746081e-01 9.829677181302188746e-03 -2.323077068025610967e-02
-2.118737666000685901e-02 1.157598619861268940e-01 -2.043243365776792886e-01 -2.664252514363337279e-03 -9.875325714113647891e-04 -3.100199645126393375e-03
-8.692920319330905976e-02 -7.885244620033989016e-02 -6.512715314773371844e-01 3.453561227916364107e-01 -4.281518707298450493e-03 -1.668988872229535958e-01
-2.107059402558506545e-01 1.050220315292215573e-01 1.397539424909573780e-01 1.148592462783286222e-01 4.949566298104815000e-03 9.336659997876133044e-02
9.777039012755402159e-02 -2.898110975821396873e-01 -1.389274873563695611e-01 5.215813552258688132e-03 3.085134552888412277e-02 4.164269864205608768e-02
1.209547756317887711e-02 -2.571391397319746086e-01 -2.905629015976286464e-02 8.135670709265219180e-02 4.100422485494487068e-02 -1.385282192973971982e-01
-9.096753922063499241e-05 5.620121988470109381e-02 -1.478235488036249434e-01 -1.468724012778662488e-03 9.295459488001376128e-03 4.022503754169939882e-02
-5.481742884617288010e-04 -3.836895310645455082e-01 -1.397502781713045802e-02 0.000000000000000000e+00 1.356774777255297278e-02 2.068599073787412146e-01
-2.393902273990015928e-01 2.827272213447440743e-02 5.248315581879404307e-02 4.341875835816803170e-02 7.527258252749584495e-03 -8.947065265707514203e-02
-3.820795980898509321e-04 5.838958528702454381e-02 -3.346252026517710417e-03 8.572182668168787899e-04 1.504263443446309662e-03 -1.806650696855410451e-02
2.569557529019132480e-01 -1.404103456060003530e-01 -1.481537760646778334e-01 -9.899999999999999911e-01 1.667314168719540857e-01 2.408867787062540511e-01
0.000000000000000000e+00 -5.457790298349981528e-01 -7.853056324567858626e-02 0.000000000000000000e+00 -4.646803224002313965e-02 -1.141149365970541701e-01
8.059816067499458525e-04 1.847406809897580646e-02 -5.737063350850382659e-02 -6.400179627557860129e-02 -1.298050206038555976e-01 -7.135087513545565474e-02
3.855526689405209206e-04 -2.718999378426084981e-02 3.442144033423900074e-01 -1.975130604477346938e-02 3.422407725075434295e-03 0.000000000000000000e+00
1.235315905880929798e-03 1.780578609049079386e-01 3.701941154217502361e-01 0.000000000000000000e+00 1.822593987702024292e-03 1.129990375286577114e-01
1.635452266840462399e-03 -5.732029097586023303e-01 -8.762705539161347312e-02 -1.127379861950892573e-03 4.634091654764270485e-02 2.606775228415434895e-02
0.000000000000000000e+00 0.000000000000000000e+00 3.162707781134870000e-02 -6.149219319628383262e-04 2.550158054045497530e-02 -8.868544625940047443e-02
-2.945879244049949205e-02 6.052101175908374681e-02 4.763652157608055243e-02 2.443630600270224260e-02 -8.908607791697658901e-05 -9.257213784139489698e-02
1.404794270701224682e-03 -5.476708402516242136e-02 -1.193269878036787995e-02 -3.531421610607610867e-02 -6.141149544283914380e-02 3.701605613266752831e-02
8.481677833342980699e-02 2.633744270769579621e-01 1.976074017413644301e-01 -8.284892083770125466e-04 -6.413017198848877491e-04 5.804479769579542862e-03
-1.404708403524920898e-04 5.804636268484315853e-02 2.768060115876062599e-01 6.202589185168151751e-04 1.229950000121807392e-02 8.010986435249424498e-02
6.893182472724472987e-05 1.127091217692638703e-01 9.611421447577428445e-01 -2.562980647610329718e-02 -6.873147790443942529e-02 -2.072760490760267027e-01
-1.618835366125602818e-03 6.354027649897921876e-03 -1.459354125661511958e-01 2.563449261867105453e-03 -9.512991358554006086e-03 2.092026027654126652e-01
-2.901257039479123064e-03 2.831385608598956105e-02 3.533399008689919879e-02 2.807255371447750091e-04 -2.191769576135744677e-02 -1.949325584555696225e-02
-4.099510223091986294e-04 5.197857878817137289e-02 -4.058540797484686165e-03 -4.537502343262983799e-04 -4.807468413683034189e-04 -4.951027207205379145e-04
1.186328951858007727e-02 6.008202823113118624e-02 1.905004273793870981e-02 -8.414371228388773521e-03 9.462904216651104455e-03 -9.650338007171573029e-02
2.108965382129744659e-02 -1.105982547223733209e-01 9.799999999999999822e-01 7.586410254457666988e-04 3.822937863503091810e-02 1.087366192113338112e-02
-1.286333593329518944e-03 -1.528635176402576117e-02 -5.289289791123635148e-02 7.792789593457240922e-05 -1.071959875703867339e-02 2.943093048354795353e-04
1.515848353750511857e-01 1.057210437500757799e-01 -2.759045654386517166e-01 2.106850147100459703e-01 3.004726375471602484e-01 -2.532507766731691978e-01
0.000000000000000000e+00 2.883553344160968979e-01 3.845338059460013096e-03 0.000000000000000000e+00 1.136442112733217907e-02 -1.406038993358235331e-02
0.000000000000000000e+00 1.020368894172769964e-01 -3.500481142650530009e-01 -4.553899334993337031e-03 0.000000000000000000e+00 -1.016933297684861903e-02
-6.973339954165184984e-02 1.279888735451197024e-01 5.068686822463462915e-01 3.961605028336403524e-03 5.611715690577724104e-03 -3.216857639147119863e-01
3.962935852909283893e-04 0.000000000000000000e+00 -2.810289238476418316e-02 0.000000000000000000e+00 -2.652141201669715176e-02 0.000000000000000000e+00
0.000000000000000000e+00 1.755830474045970147e-01 -6.183062716043872219e-03 1.460469221451170252e-02 -1.146344428017421688e-02 1.007493841751055941e-01
-3.129668425942899734e-02 1.383415118041591250e-02 4.122918081202409102e-03 -4.492142248179274711e-02 -3.861327890031038788e-03 -3.372703973982341293e-03
1.726430021929173039e-02 0.000000000000000000e+00 1.471244354066541388e-02 1.569198820763863071e-03 8.726464471647134291e-03 1.090441417360492847e-02
0.000000000000000000e+00 -9.569398045680417575e-02 -3.093263956813902538e-01 8.888308020058920123e-02 0.000000000000000000e+00 1.593000248889006043e-01
9.741245698546918685e-02 1.305883747647752259e-02 3.374636468578340875e-01 0.000000000000000000e+00 -4.982008444581072226e-02 -5.570252239396396021e-01
-4.382723413477534699e-04 1.684966924933377908e-01 1.377269566355646679e-01 -1.634326409837782990e-02 3.415110429132788700e-02 3.195383255188347787e-02
-1.343887097516907733e-03 0.000000000000000000e+00 3.718156664908914277e-02 0.000000000000000000e+00 5.456613420302490469e-02 0.000000000000000000e+00
-9.048691150253788560e-04 0.000000000000000000e+00 -1.631624410389509103e-02 0.000000000000000000e+00 -1.593579608849408089e-03 -5.690287777470258435e-02
4.561903281917648913e-03 3.175329141097466695e-02 5.874500430438598514e-02 -1.226497319454086452e-03 4.148007326164000752e-02 -1.729210256692690073e-01
1.744848705335370204e-02 3.301855898133431583e-02 5.615584358286029865e-02 -8.805776951220747883e-02 7.988775436138148209e-03 -1.774077391255170916e-02
-2.776122251281726121e-04 -3.683314084526461696e-01 4.445388139443770537e-02 0.000000000000000000e+00 3.143731845603070507e-03 3.018312831359966364e-02
-3.739408117437940660e-01 -3.475648987525161576e-02 -8.752001536953209898e-03 3.196601526354674993e-03 -2.064709808235294930e-01 -1.263270750853075775e-01
4.202046390785655651e-03 0.000000000000000000e+00 -1.355380573308038183e-01 4.559071821508869004e-04 -3.471971322765522033e-02 8.281314889055438333e-02
7.956093641332745436e-02 -3.654454874147855786e-03 1.357794779958198250e-01 1.645944684434313965e-01 3.195184663933905295e-02 1.234183976128810784e-01
-1.000524875298918620e-02 -3.590298420188092060e-02 -7.176182500185590563e-02 -3.235260964056027588e-02 0.000000000000000000e+00 5.039935433151599559e-02
0.000000000000000000e+00 -1.365136008781785704e-01 -8.111281104758641392e-02 7.625167349800779674e-04 5.483105277926542814e-02 1.176191298741048885e-01
0.000000000000000000e+00 4.642277997247545862e-02 0.000000000000000000e+00 3.691978261610485312e-05 0.000000000000000000e+00 9.641233358387295282e-02
3.511468202782559722e-02 2.657881815712784257e-02 1.248603645067609125e-01 5.169094321091780497e-04 -1.074496806338876356e-02 3.346232438230496709e-02
-1.892992667760087233e-01 1.878824232404383010e-01 -2.321378466045934397e-01 6.262372787602246693e-02 0.000000000000000000e+00 1.000526817891764786e-01
-1.125878029936397823e-01 2.691058427520438001e-01 -8.804680481136493986e-02 -8.308347145957612747e-04 -2.937423808960724914e-02 1.207775528119441532e-03
1.033521043636722973e-02 1.551455995252097320e-01 4.686511376169595344e-01 -1.425456704159725474e-01 -4.994772436613868945e-03 -1.142852432320679880e-02
1.311236691561967760e-01 1.620260586531286143e-02 2.142140131544895132e-02 -2.210961799844433917e-02 -9.189242713944570373e-02 -3.759331738798144529e-01
2.736180631594389368e-04 1.107362520626492680e-01 2.148535375119533727e-02 1.195237373087327127e-03 4.190040111918610574e-03 4.614045471178020857e-02
-9.474990308235360821e-04 -1.119411663507749455e-01 -5.408459147772576303e-02 -2.337966066241625174e-01 3.614100938185867834e-02 -2.617571005260956735e-02
0.000000000000000000e+00 -7.884341978315063948e-02 -4.596292924502967114e-01 -4.674765062847889758e-04 1.277615477541172162e-01 -6.078858949488493563e-02
-5.739343261722984479e-02 2.870727876083584498e-02 8.342590075374677061e-02 -1.210448559740864849e-01 -3.663456863818688718e-03 -3.149861427946523684e-02
-5.264235049682011724e-02 3.173147046836125029e-02 -3.020166133915533693e-02 8.234444640174841401e-02 8.119506911994790743e-03 -2.567885900354927586e-01
-1.322879257430453759e-01 4.002913094350841194e-01 1.058739023968701121e-01 0.000000000000000000e+00 1.347789513786515521e-02 -5.306439754628596711e-02
8.715602557211146739e-02 8.278753700325661158e-02 -3.407686276345634618e-02 -2.377110284020140241e-01 4.831332314757483259e-02 3.193389824611211902e-02
-1.526652164711056730e-03 2.952628213106951727e-02 -5.615450847043728100e-01 -1.401758593620607658e-03 -2.783466308908457212e-02 5.151364454418915634e-02
3.920237081529959026e-03 -9.015270259987291646e-02 -6.883940501754486352e-01 -4.922249680178623910e-02 2.860044068889628921e-01 -1.497134208391092958e-01
-5.096552230383849600e-05 7.651668117976080652e-02 -1.874547743449432244e-02 1.161203616675057781e-03 -4.770352766870258540e-03 1.039676997308366935e-01
-1.586966965608380964e-01 4.727801050293441165e-02 3.999761328853219076e-03 -3.142057466569207758e-02 3.133076607932401732e-03 -1.537544985161210485e-02
4.996348792199808292e-02 2.050512006564741418e-01 -1.416172164540026313e-01 -1.020917095912641853e-03 8.810311686669340669e-03 -1.509605549444109907e-01
3.201801491126104460e-01 -1.804316620294981188e-01 -2.236833870979149444e-02 0.000000000000000000e+00 -1.433893366438277750e-01 -2.177221074658493016e-01
-3.824815600277669658e-03 4.200687245632591660e-01 1.813261308047720358e-02 0.000000000000000000e+00 5.442248400450577783e-02 -5.402659003037060814e-02
-2.843338194749162593e-04 -2.744388927955186963e-01 4.029450100157186410e-02 5.301736174378917157e-04 0.000000000000000000e+00 -3.552180774089521570e-02
-3.188389417747383020e-02 3.095162661478202404e-01 1.432510596711429884e-01 1.127036389640092206e-03 0.000000000000000000e+00 1.459020401796423498e-02
-4.864962702548253533e-03 -1.645274231680860788e-01 2.320492752191476507e-02 -4.151480103962180146e-01 -2.064517199215559068e-02 3.604462545144123970e-03
