-6.759533361560132736e-02 1.088163701354712687e-01 -1.176765363346258045e-02 -7.292350680022909254e-04 0.000000000000000000e+00 1.982249322673613687e-02
-1.931352003779740478e-02 1.193618928903680473e-02 2.720142423646944030e-01 -9.556498835398267999e-02 0.000000000000000000e+00 -1.924454166103851116e-01
1.475775385016525054e-01 -4.225560594443694695e-02 3.712545848559319767e-02 -2.007692711027776397e-02 0.000000000000000000e+00 -3.194906613257159078e-01
-8.037233228552440392e-03 1.059771508711367660e-01 2.673573530069526250e-01 0.000000000000000000e+00 0.000000000000000000e+00 4.941516058609395079e-02
2.339431286588759817e-02 6.835641690068486320e-02 -2.074884041548855362e-01 -4.086726121532939238e-01 -8.096812065649426626e-02 8.055035996278210597e-02
0.000000000000000000e+00 0.000000000000000000e+00 -2.537748377862892313e-01 -6.518044161581714770e-03 8.177604398075957737e-02 6.120175671916065763e-02
0.000000000000000000e+00 -4.822908872362920846e-02 -1.760470447449649645e-01 -4.460218475805677318e-02 1.238558898269200015e-01 1.393339166789892003e-01
-4.406900916329823406e-05 -9.572744694714073466e-02 1.101763047657845253e-02 -1.253937497827702433e-02 9.193264973723253323e-04 -1.703559794708965069e-01
-5.883152348466430624e-04 2.647826236940762912e-01 5.250339922652242503e-02 0.000000000000000000e+00 -4.184594713654687242e-04 1.614611303099059425e-01
-1.504486337873929221e-04 -8.096000142785191034e-02 -3.504998629177381031e-01 -1.302160622683578217e-03 7.663916873134467289e-03 1.239694644133004786e-02
-9.208427488936859681e-03 -2.045530576843147263e-01 5.281132314536547412e-01 -3.473740635447599822e-03 -1.016900310014269733e-02 6.037074919750740759e-02
-2.553477453675160325e-01 -6.803522366224065698e-02 -1.209955258181786286e-01 -1.504760982918116885e-01 -9.734385106326057246e-02 -1.937981510488687720e-01
4.634504356181268735e-04 4.169232842557908658e-02 2.549547675132604607e-02 0.000000000000000000e+00 -1.405232375808559420e-01 -1.294593690156757571e-01
1.318384362622884330e-03 1.927034436033447373e-01 2.313246837515810228e-01 -4.308920783602687710e-02 -1.096595280845163480e-02 -2.751911333350018363e-01
6.634788305970331615e-05 -6.585511578106344188e-02 -4.352086167046707588e-01 0.000000000000000000e+00 -7.076576133766762644e-03 2.615443160310413490e-02
-7.872691699538737016e-05 0.000000000000000000e+00 1.045352561556767562e-01 -1.807464664929548867e-03 -1.217708710455713168e-02 -4.357287555591896067e-02
0.000000000000000000e+00 -2.017335194775182194e-01 4.581833067820045152e-03 -1.642872071449318102e-05 -6.623886400576300959e-02 1.851515159481437467e-01
0.000000000000000000e+00 6.656880308925361422e-02 -6.136512982894217760e-01 -1.531933530218397566e-02 5.049258603586534097e-03 3.467996828201673487e-02
-1.652236455154791062e-01 -9.065626129630197649e-01 -3.995178162034113689e-01 -6.461473959956615110e-02 -2.212991246463028305e-01 1.284273699572130722e-01
0.000000000000000000e+00 -2.206126603373524675e-02 -5.773379746990863620e-02 0.000000000000000000e+00 4.779947454752474928e-03 -1.764824120355030779e-01
1.371263939811317827e-02 -2.604578598446433829e-02 8.026433889893269669e-02 -1.086815809155872309e-01 7.868205058073217406e-02 4.062354799498817115e-02
-1.150196270537836576e-04 -8.256345754191952990e-02 -1.648222228774757214e-01 -2.552579193378440577e-05 3.453440100840999942e-03 -5.223591602569856163e-02
0.000000000000000000e+00 0.000000000000000000e+00 5.840029677474432857e-02 -8.374330994301671521e-03 -1.134506164827791055e-02 1.154433481048723446e-02
-8.710404354292584569e-03 -1.989501367900952666e-01 1.379810780041751395e-01 -2.786453569742666742e-05 0.000000000000000000e+00 -4.871243958829721277e-01
1.612373302166003261e-02 0.000000000000000000e+00 6.977739735136725963e-02 5.065210790188534595e-02 -5.040639285595689863e-03 -2.445209723379235534e-01
-6.131945787864604910e-03 -1.610174840767903681e-01 -1.039510758202684404e-01 -2.335800668540453581e-02 3.949898226929830260e-03 -1.298890630209438048e-02
-1.212456630295213542e-02 -1.322001252948900307e-01 8.887148230889212186e-02 9.444857361167149218e-03 2.693913860046650566e-01 0.000000000000000000e+00
-7.215593909495539337e-05 9.301325697016232796e-02 -5.551812982313639004e-03 0.000000000000000000e+00 9.980864723534696448e-03 5.788979555722432307e-02
-3.328022140050120731e-02 -2.772167572364371557e-02 5.841986338369675735e-01 -4.571725547241617393e-01 0.000000000000000000e+00 -6.387112446020555556e-02
0.000000000000000000e+00 -4.259193218424537491e-02 -1.195355267289978929e-01 0.000000000000000000e+00 1.333188885834571923e-02 3.036354545635401234e-03
-1.635663095267859274e-02 -6.363885708127217655e-02 6.538991859005933993e-02 -3.677563348613049204e-02 -3.983491431914789119e-03 0.000000000000000000e+00
-6.704140547671365302e-02 -6.464779182655511214e-02 1.376908090936817264e-01 2.043190617259458552e-01 1.418584785073298028e-02 -2.497753674939823948e-02
-8.068246821828528896e-04 -3.602137051674161872e-02 6.734885065491665046e-02 -1.282856431684033379e-04 0.000000000000000000e+00 -5.039376876273302759e-04
9.945807462939647639e-03 -8.115844576659154985e-02 -4.640768414517135870e-02 -2.672305861500928401e-02 3.071604702311896140e-02 4.733973369137004644e-03
-2.266992007453630875e-04 -2.238430613477310205e-02 4.587269207970794821e-02 2.438013820069715528e-04 4.294615714324431094e-03 -1.698989953894767813e-01
-8.683669270604702471e-04 9.499535864623349923e-02 7.680210487733883477e-03 -3.574594812769386464e-03 -6.306143771760461909e-04 -6.934144562985196381e-02
4.922803773499474008e-04 -1.719939650774613971e-01 4.616795305303643404e-02 0.000000000000000000e+00 2.885170085417836702e-03 3.335573659085980247e-02
3.080784354529188273e-04 -3.108328109411376619e-02 -1.346745899137832434e-03 -3.746975514274666300e-04 3.452360447264879451e-03 -5.730988587270425226e-03
1.008869264144718857e-02 1.218898848037543031e-01 7.297538228491360357e-01 -1.279641783954295342e-01 1.035436321911037362e-03 -1.122407517213269562e-01
-1.357966285877848251e-03 2.335462233755939852e-04 8.937916613489962914e-02 1.371567934130032279e-02 7.793722992156405099e-03 -3.875927911499382761e-02
0.000000000000000000e+00 3.504569210940494672e-02 -1.316846338120381509e-02 -8.298113046115083991e-02 0.000000000000000000e+00 3.572663359479024553e-02
0.000000000000000000e+00 4.127081203601101755e-02 -1.042700148969493215e-02 -1.498473285109220843e-01 -7.609160417324377541e-03 2.416684895646824816e-01
-5.226542113841161578e-04 -4.801367588009008980e-02 -1.432040481463083270e-01 0.000000000000000000e+00 9.671600605151235144e-04 1.510870870376439766e-02
1.850753270786569232e-04 1.457768973393147871e-01 -1.115096677069535303e-01 0.000000000000000000e+00 -7.605126336858889120e-03 -1.154051427747328912e-01
5.848302879914006602e-02 0.000000000000000000e+00 6.651920008075158652e-02 -6.479663922041370427e-04 1.879082756267755035e-03 6.814111809223490079e-02
0.000000000000000000e+00 1.715853981150955443e-01 -1.256364153462966385e-02 2.200804009408119932e-01 -8.709615685825412498e-03 1.574293851555984558e-01
-2.037733464728968700e-04 2.678463508680631669e-02 -2.646136655097226092e-02 6.096415391463229881e-03 -1.243625462485241362e-02 -2.128215187409283199e-02
-5.953167422671658618e-03 0.000000000000000000e+00 2.614032794979039703e-02 -3.430087048976088442e-03 -2.662824359218989891e-03 -1.227480637335872336e-02
-1.225168659413300219e-05 9.986471652374574737e-03 -3.623046742449224644e-01 0.000000000000000000e+00 -2.055446582949723919e-02 -8.765513630922933119e-02
1.602611740865044106e-04 -1.236443173542208507e-01 0.000000000000000000e+00 -3.027511638402682545e-02 1.008498837660468106e-02 -1.580138840570858780e-02
0.000000000000000000e+00 -1.438028107294599990e-02 -2.315578321609078338e-01 -2.329903068113375105e-03 -2.363708379731702634e-03 -2.795155145196350222e-01
-3.677292445905640077e-03 7.406694563551538546e-02 -5.031420177853370042e-03 -2.068009001065570300e-05 3.167240192785313740e-02 -2.038730893962628979e-02
-4.021856330219054010e-04 -2.708836091368772500e-02 1.960019994132876711e-02 -1.104883017433214458e-03 -1.147267904269503452e-03 3.416647994153660848e-04
0.000000000000000000e+00 -3.886751606579062074e-02 -7.693904862567151060e-02 8.247032378632694269e-03 8.561440401029997427e-03 1.194766297387894749e-01
-1.894810684247832453e-05 1.000842520783014333e-01 -2.667128494778426839e-01 8.835903299182465464e-04 6.809468364312978167e-03 -1.136656724322843010e-01
-1.731627412217971685e-03 -7.383134287927117789e-02 -1.437933455452023723e-01 6.270558305644709923e-04 0.000000000000000000e+00 3.189274263670226791e-04
-1.334575684341518466e-04 1.482274149662472229e-01 -9.696690889397009683e-02 0.000000000000000000e+00 2.138815583023725986e-01 0.000000000000000000e+00
5.592774528989018180e-04 1.281491854350711723e-01 3.251054309299351158e-02 7.906116187813156879e-03 3.533929901816759613e-03 -3.766431362434870256e-02
0.000000000000000000e+00 1.629898026047281179e-01 2.049186959034171307e-01 -2.678310386363134455e-04 -2.050491790267907344e-01 8.019526062718301818e-02
-3.855156522612306347e-01 -1.216344518976050226e-01 1.784671758444366374e-01 -1.530388534877191037e-02 -4.522533947098409529e-02 -1.332915521861134101e-01
-7.021704280885153818e-04 -1.262689493852436375e-02 -1.292310084564909090e-01 -1.029767003818868043e-01 -1.214796574341921002e-03 2.583944711078050571e-01
-5.495498579553721719e-05 3.902910995010933082e-01 9.805363911476998318e-02 -8.523123262167463590e-03 -2.406908808389601490e-03 -6.270908773121108837e-02
-8.229508272769765504e-05 6.205653539426422838e-02 3.897140856342795612e-02 -3.870570100205182607e-02 -9.349012998251481337e-04 1.266143493705994445e-04
-4.347957103042551091e-02 0.000000000000000000e+00 -5.756081962621051318e-01 -4.532463809308857373e-03 -2.345782691411852933e-03 4.532147072363520816e-03
-1.305615959862677555e-04 -4.286725200392118434e-02 2.678468333571410454e-01 -1.763428722474117208e-02 -1.539332294997694485e-03 5.646512179370111184e-02
3.261871076310153272e-01 5.044523137000380547e-02 7.581807509334562156e-02 -2.002499234285137417e-02 1.421245684101227202e-02 -4.280965403437813482e-02
8.060803413144313964e-05 0.000000000000000000e+00 -3.690916596933163651e-02 0.000000000000000000e+00 1.491503374334951677e-02 -4.575353834222537636e-02
-3.769724708654447203e-04 -1.394535479102244346e-01 1.824374011869957790e-01 0.000000000000000000e+00 6.674032081458529386e-02 -2.141867075481951876e-01
-3.162228982714618882e-04 -1.129668403809931526e-01 1.271842363313605007e-02 -1.520154441855622093e-03 -5.200232010799507500e-04 4.386950645735060612e-03
-1.783824021690280258e-03 -2.127852008930911920e-01 -5.768534445784140145e-03 0.000000000000000000e+00 5.347673236108372273e-03 -2.236535122998149494e-01
-2.069863718951721887e-01 0.000000000000000000e+00 -3.512976275231540213e-01 -6.058550925847050461e-02 9.032388814389271867e-03 9.813337737547304929e-02
-5.837718498718071167e-04 -2.557433271476682382e-02 1.368695791531659642e-02 -4.725814305143072325e-03 4.994457961305802211e-03 -1.325324466002311512e-02
-1.233781776801447655e-01 1.709804655429235931e-01 4.491182786268226729e-02 0.000000000000000000e+00 1.530787954291578656e-01 -1.061528877791956954e-01
5.350506372755177084e-03 5.958829371763838673e-02 -4.521789650811439687e-01 2.519258512555837205e-04 3.045590487461163811e-03 -2.244089032076627618e-02
8.180697610249371230e-04 -4.781061049315082911e-01 6.310296887037762648e-03 0.000000000000000000e+00 7.125565897692473678e-03 -2.720293726465037101e-02
-1.744104264636367474e-02 -4.884698988608810605e-02 0.000000000000000000e+00 -1.670119968123881873e-02 -8.743767840032080083e-04 -7.085125777461402652e-02
-1.565861397827521877e-05 -1.264330300177859967e-01 -7.810776641824257981e-03 -3.848036406901618077e-04 3.313822991879628033e-02 -1.007732076982869041e-01
1.492747721226728131e-04 -7.415278102530065141e-02 4.379148483078198484e-01 1.098766714438548648e-04 3.214709751292358459e-04 -9.884880318763876808e-03
0.000000000000000000e+00 -1.768064913952168554e-02 1.373265810694761571e-02 6.588269041022214167e-04 8.959746527578112477e-03 5.599292835715189397e-03
0.000000000000000000e+00 3.927963281453147326e-01 -9.535400501416657626e-02 0.000000000000000000e+00 -2.421470173371390380e-02 1.535785082572939941e-01
0.000000000000000000e+00 -1.326846961267122427e-01 6.492953077553936456e-03 1.065352133409564958e-02 1.741316918583858675e-02 -1.281028670370125237e-02
3.083872339804917474e-04 -1.719370600507552638e-02 4.471940137487429717e-02 0.000000000000000000e+00 -1.184362875733742787e-05 -3.206350144317273880e-05
6.897283392569331095e-02 -2.955693533125586595e-02 -1.801026167702439798e-02 0.000000000000000000e+00 -1.632689353537190857e-02 7.021780238006630065e-03
4.255262997526699153e-04 2.371464572569378648e-01 2.135843536196470674e-02 5.890030317642986008e-04 1.464996762950167980e-03 -8.654861807940268312e-03
3.253396269218846685e-05 1.208028099528464794e-01 -2.343163772235891951e-01 -9.215811680227210811e-02 -2.540468250546991727e-03 -3.989886832617008799e-02
-1.462994866239328111e-02 -2.846025041487467225e-02 1.992731195172103287e-01 0.000000000000000000e+00 2.131333255724528544e-02 -1.975106676603187450e-01
-1.066054241594065893e-01 -1.145971832275816289e-02 -4.525607713366270463e-02 -1.998256146157284530e-03 1.314412867856223346e-03 1.065893083766411564e-01
-1.286986042089606208e-01 -1.096574855908678293e-02 -1.413575124649144726e-02 7.171305492868949027e-01 -2.673669106752902137e-03 6.393070702448820641e-02
-1.184638207072114538e-04 6.376218224319048222e-02 -1.265892998542532122e-01 -1.659962302866073783e-02 1.490832520036039326e-02 9.363254631695500096e-02
-8.150679608746499993e-02 1.936216894823877821e-01 0.000000000000000000e+00 0.000000000000000000e+00 -1.561284759130366446e-03 -1.294950152276393707e-01
0.000000000000000000e+00 2.690763512144824995e-02 4.950341994605239604e-01 -1.055758795365236303e-03 5.154648538407334557e-02 1.275304879476056308e-01
3.097639246500225388e-02 -5.873980748231378418e-02 2.107923272939679904e-01 -2.073947997258511044e-03 6.431182462611443329e-01 -2.304444428189807714e-01
-1.516249537785576492e-04 2.703222201148249293e-01 1.831260579480906842e-02 -9.123911689622278076e-04 -1.844339801973256428e-03 7.401585128886739584e-02
1.631742597232523420e-02 -2.267592555077962459e-03 7.201017315892342327e-03 -1.106743865920492911e-02 2.458240808994083954e-03 -2.040075819182115072e-02
0.000000000000000000e+00 -1.463720962483904542e-01 3.912839305633205589e-01 5.553136785889975892e-04 -1.472458577871502876e-03 7.243732729648038292e-03
0.000000000000000000e+00 -1.405975105974846540e-01 3.208548400790544458e-02 0.000000000000000000e+00 -7.699910030516705917e-02 -1.180139849323566525e-01
8.261707947541558099e-04 2.108773034701556248e-01 2.025588957711799143e-02 4.446309427464426148e-05 -1.325573317818912189e-02 -2.803530499151854483e-02
-1.956274768284123962e-04 -2.384178497386874387e-02 7.216671635658872264e-01 -4.514000727155682347e-04 1.196865369429044867e-01 1.106746559430502735e-02
2.433079824073638986e-02 1.744380314203885785e-01 7.215901790455196696e-02 0.000000000000000000e+00 -3.273471153855567889e-02 -1.923811470942792326e-02
2.545087556569711022e-03 -6.324121466401134983e-02 -3.375482910899724187e-02 0.000000000000000000e+00 5.709206070215722129e-02 -7.851744446176259912e-03
