3.952351884101748965e+03
8.038657965780802215e+02
3.952351884101748965e+03
6.012612611743350044e+02
8.157874490434763857e+02
8.157874490434763857e+02
8.098267036538245520e+02
3.952351884101748965e+03
1.703034527492699681e+03
2.814000098690351024e+02
8.156374834384993164e+02
3.952351884101748965e+03
8.157874490434763857e+02
8.157874490434763857e+02
3.952351884101748965e+03
3.952351884101748965e+03
2.897710657705587437e+03
3.952351884101748965e+03
7.996834137788952148e+02
8.157874490434763857e+02
7.642605113209261845e+02
7.592118506767532438e+01
7.576134653877097662e+02
3.952351884101748965e+03
3.952351884101748965e+03
8.157874490434763857e+02
8.157874490434763857e+02
3.952351884101748965e+03
2.999845950004556130e+02
8.157874490434763857e+02
3.952351884101748965e+03
3.952351884101748965e+03
3.186251901032867863e+03
6.550976139228966986e+02
8.105870021363043634e+02
5.745286581195200597e+02
8.157874490434763857e+02
7.417400428405394450e+02
3.952351884101748965e+03
8.117473202818705431e+02
8.157874490434763857e+02
3.952351884101748965e+03
3.952351884101748965e+03
6.305628306926022475e+01
8.157874490434763857e+02
3.952351884101748965e+03
5.350376852857999666e+02
3.952351884101748965e+03
1.360553623041046649e+03
5.871630516688384205e+02
8.157874490434763857e+02
9.550195580852991384e+01
1.408748085695862073e+02
8.157874490434763857e+02
8.157874490434763857e+02
8.157874490434763857e+02
8.157874490434763857e+02
9.957017690258052767e+01
2.547564216081351333e+03
3.952351884101748965e+03
3.952351884101748965e+03
3.952351884101748965e+03
8.137404039576661035e+02
8.157874490434763857e+02
6.221883046832888340e+02
3.188883281475513741e+03
8.148509493119057652e+02
8.077690264284759678e+02
6.702073558992348978e+01
8.157874490434763857e+02
7.648282741103712397e+02
2.648091352443815595e+03
8.157874490434763857e+02
3.952351884101748965e+03
3.952351884101748965e+03
5.317330918380430376e+02
8.157874490434763857e+02
5.134283274731652682e+02
6.441641465638228681e+01
8.146945015920555306e+02
2.667972096482616507e+03
3.952351884101748965e+03
3.952351884101748965e+03
7.039607707885299988e+02
7.929309956967517792e+02
3.952351884101748965e+03
3.952351884101748965e+03
8.157874490434763857e+02
9.783144402229197567e+02
3.952351884101748965e+03
3.952351884101748965e+03
8.157874490434763857e+02
5.252991872195221958e+02
1.139751233524387146e+02
8.157874490434763857e+02
3.952351884101748965e+03
4.227328166708514914e+02
3.952351884101748965e+03
3.952351884101748965e+03
4.468289985357354226e+02
