1.881499456125700909e-01 5.264253530911090495e-01 1.547560522239525560e-01 1.000296702416811519e-02 7.266204797041762031e-01
1.860062237951804753e-01 5.293774873221178678e-01 1.543230979303477635e-01 1.007659385747143067e-02 7.279237497608458396e-01
1.860532468414087814e-01 5.203517800093753198e-01 1.537550549169837411e-01 1.000374644573892753e-02 7.263036273004711552e-01
1.854754170787076828e-01 5.291124500871821068e-01 1.541074056198217523e-01 9.998898219437087412e-03 7.260944847782362377e-01
1.854784679610000098e-01 5.329870815098451953e-01 1.546757675345267757e-01 1.000068686547715691e-02 7.270574119197512619e-01
1.847970596189043024e-01 5.687042264867583352e-01 1.554163902029942201e-01 1.001998949134756504e-02 7.263871580168671516e-01
1.852040416085977137e-01 5.275141931715642274e-01 1.381541072469087694e-01 1.885677331139590934e-02 7.435953574815470368e-01
1.855301387310246686e-01 5.276665120219514726e-01 1.536317261586256366e-01 1.019860358049134823e-02 7.269987076776972534e-01
1.856500207863638063e-01 5.301044375275162368e-01 1.543747325896906164e-01 1.002771323099042877e-02 7.276389372239593367e-01
1.857896193103412419e-01 5.292525898140520990e-01 1.556206908739337091e-01 1.000338348387438958e-02 7.271986239732501911e-01
1.854019136191118744e-01 5.337524529499489967e-01 1.532336897961703304e-01 1.026184892674349668e-02 7.626271264158482888e-01
1.870187112344804947e-01 5.276487598718720973e-01 1.540031346638688903e-01 1.001185025487082159e-02 7.267697429443116253e-01
1.857005141161689188e-01 5.295987946697517934e-01 1.540046580042901680e-01 9.911360538783666255e-03 7.267272672846933901e-01
1.796041387809293732e-01 5.290634739828826705e-01 1.552592527889791463e-01 1.003471100028317450e-02 7.271388386562667172e-01
1.890935595115759427e-01 5.254121433507286110e-01 1.534166022935315177e-01 1.000329944267625872e-02 7.259640360487691346e-01
1.856878538105094234e-01 5.248701705131960660e-01 1.529999769827794232e-01 1.021036508325518476e-02 7.267615686651435203e-01
1.831304564528133116e-01 5.278109301192920322e-01 1.552011836353704155e-01 1.001669942777680747e-02 7.288749626195670794e-01
1.856117747798169959e-01 5.295043340396174969e-01 1.542363309284949524e-01 1.000016704636513300e-02 7.269665197573288440e-01
1.856467257995884912e-01 5.279856914369991383e-01 1.540112548263062597e-01 1.000003405786987348e-02 7.268250253502003266e-01
1.857683545990590768e-01 5.276040670302173385e-01 1.542095124132925599e-01 1.002033876360357290e-02 7.261601936981532113e-01
1.854872532803883145e-01 5.278179111166437787e-01 1.543491117745735552e-01 1.000704115929384151e-02 7.267862138892686730e-01
1.850311619322607959e-01 5.290614196458541807e-01 1.495471088836540230e-01 1.001512526650760390e-02 7.607082987367045357e-01
1.855316911604752983e-01 5.349644386817015151e-01 1.535275747731965068e-01 9.978876546537025077e-03 7.258933934477588279e-01
1.713693580849886822e-01 5.290624789669202688e-01 1.536107538404483941e-01 1.020744525480661753e-02 7.267557894478395841e-01
1.852069130680951414e-01 5.278577470064383936e-01 1.538567725541345466e-01 1.000464965811282032e-02 7.253953430752703158e-01
1.855555387001036338e-01 5.291624400768967229e-01 1.538679185701059826e-01 1.000378160985397093e-02 7.268226489940889934e-01
1.846861764819362206e-01 6.208907064785329499e-01 1.534925590874367252e-01 9.962922467748918515e-03 7.223588209685724015e-01
1.844836857221536786e-01 5.336460224827032084e-01 1.523476009595528813e-01 1.004779242063631901e-02 7.237371577089027896e-01
1.855992339302686145e-01 5.299475316131769809e-01 1.539716670154631928e-01 1.000078457872064647e-02 7.266586218524835328e-01
1.899432933207227114e-01 5.432566337634463505e-01 1.538747859276510532e-01 1.010284526053515687e-02 7.279265059348940525e-01
1.856574705074648390e-01 5.236602728082341285e-01 1.543131152902877945e-01 9.997216541494531247e-03 7.267561119719936347e-01
1.856686545569466995e-01 5.292485641107437244e-01 1.534013782187802211e-01 1.001549054445590413e-02 7.257904119555194100e-01
1.860689733769728682e-01 5.278977580682591153e-01 1.557599363301730711e-01 9.980916580603444929e-03 7.292253143051924402e-01
1.854508965533495368e-01 5.249360484657130677e-01 1.538469761212495623e-01 9.964729494537073046e-03 7.213467112164412276e-01
1.860898988758382666e-01 5.313758358040538976e-01 1.532564506844794061e-01 9.995070785514457296e-03 7.268115959947407667e-01
1.854445533977731320e-01 5.291936774292630430e-01 1.545674273999431969e-01 1.000060024067905146e-02 7.268468873987636858e-01
1.854585117813758455e-01 5.268209285400670128e-01 1.538463129330579215e-01 9.311079718235609759e-03 7.296980933246386414e-01
1.858547352330423563e-01 5.268016023582571261e-01 1.534107689248955242e-01 1.007613024254837286e-02 7.270270326876900890e-01
1.856062336397301393e-01 5.285138750697673249e-01 1.543824861349031574e-01 1.000483596381653191e-02 7.270579716710618978e-01
1.856134504749760716e-01 5.278780562253698738e-01 1.400199916461434269e-01 1.000091234088891154e-02 7.243130769258407931e-01
1.854585783846192659e-01 5.288189893933067376e-01 1.530099212021394650e-01 8.943234791309850537e-03 7.239920647626475469e-01
1.851509087242781959e-01 5.237269197148799460e-01 1.563341087791377537e-01 1.002870617990455661e-02 7.284610635188745187e-01
1.869599208131121071e-01 5.287668217358852951e-01 1.541011678074568625e-01 9.940832804115312671e-03 7.268977021640483649e-01
1.855670344604756772e-01 5.211331565413725997e-01 1.521792951348424350e-01 1.010233319159907495e-02 7.224107914088124804e-01
1.857869247130347068e-01 5.265676563740119276e-01 1.470533349640471832e-01 9.948699681994873853e-03 7.267834385745154391e-01
1.860586016738230986e-01 5.276766803033440256e-01 1.540005856937545214e-01 9.999797881541873726e-03 7.268486048492411866e-01
1.855320058737537081e-01 5.302987054853066651e-01 1.538210721563306183e-01 9.963561033163518058e-03 7.269624548919195739e-01
1.857877157416492064e-01 5.215722421540426312e-01 1.537990190414776914e-01 9.999349259909980081e-03 7.270296851665088989e-01
1.856912720396519390e-01 5.270079637478630730e-01 1.549549807906963339e-01 9.996308144739464094e-03 7.270012435296028253e-01
1.862871016145618286e-01 5.230663991584085792e-01 1.544261323226205351e-01 1.001919819545800221e-02 7.320332833664288108e-01
1.830389566906121257e-01 5.032477993914391545e-01 1.550982296697749341e-01 9.702418746160909949e-03 7.268102337956058312e-01
1.907593120206914628e-01 5.288211768630051157e-01 1.542733631695376584e-01 1.005643649573162782e-02 7.261360950683515281e-01
1.848667623349794231e-01 5.279423838092769383e-01 1.545542635108855534e-01 1.082368761061110359e-02 7.267729171287906631e-01
1.862933058927701835e-01 4.868212085214327356e-01 1.535160503247361419e-01 1.003864766371138396e-02 7.251230136364239520e-01
1.857123514366028905e-01 5.276686432208377298e-01 1.683488895629613458e-01 7.322625296669315123e-03 7.264832772151423868e-01
1.857421559014299228e-01 5.429861237836093313e-01 1.662039494346093660e-01 8.615261774319135646e-03 7.269429496014039316e-01
1.856113986589178200e-01 5.288150943865109754e-01 1.540338425814353207e-01 9.999833633351700585e-03 7.273983018619675223e-01
1.865024925684790058e-01 5.277924113056625677e-01 1.509005500645802800e-01 9.974158624348595722e-03 7.254502253782587617e-01
1.842421909974742145e-01 3.566645167729184940e-01 2.261399047788261174e-01 1.040089563011191605e-02 6.947293940113257182e-01
1.856536591498504918e-01 5.282978406237751612e-01 1.540224260744172680e-01 9.997249930384279754e-03 7.276980073598098286e-01
1.857167795344523697e-01 5.280504755785631055e-01 1.543610428437972859e-01 9.999691889094948494e-03 7.270419870861186684e-01
1.801725972820086008e-01 5.292609628978079961e-01 1.513213637235724107e-01 1.011341379460123716e-02 7.177559775223034677e-01
1.869968819600958398e-01 5.366560622392030355e-01 1.420174890131062073e-01 8.453116758203198244e-03 7.302370333971693883e-01
1.856147772179012057e-01 5.282210122228045979e-01 1.528117283373841562e-01 1.000075940995118901e-02 7.266131775296754691e-01
1.876802828214120811e-01 5.272084086563543215e-01 1.539014925347741425e-01 9.998164039222597749e-03 7.275074186480940952e-01
1.855951961433534858e-01 5.285855928778198098e-01 1.542777144793248123e-01 1.000004762747146690e-02 7.268701918025777253e-01
1.861258591021839048e-01 5.312792827811230190e-01 1.326251218492529027e-01 1.000799214337175919e-02 7.277534916234094098e-01
1.858007366299690710e-01 5.292750204692877602e-01 1.530518100632996537e-01 1.000289539763628624e-02 7.269554342978182815e-01
1.856337547731279347e-01 5.247301310843404121e-01 1.451764528981825120e-01 1.002675983872627907e-02 7.267462051883243346e-01
1.864045410414083837e-01 5.286928539309897479e-01 1.558045978453857783e-01 1.000170230641953158e-02 7.271272889613197288e-01
1.855010022929058922e-01 5.268674753641198194e-01 1.541480603174397723e-01 9.996077839098936949e-03 7.358316666901200120e-01
1.827441331013009707e-01 5.313048235532117358e-01 1.778262800919425957e-01 1.402477183832255038e-02 7.264780101961032521e-01
1.853977643557720711e-01 5.304164634908670184e-01 1.541466598015024114e-01 9.501496719287792422e-03 7.279087469524173626e-01
1.855087113963130308e-01 5.299203232908248351e-01 1.547123793081350840e-01 1.000120745602026302e-02 7.268301325971081583e-01
1.859687491190622488e-01 5.282829190483734338e-01 1.552703421317268850e-01 1.000243308813460186e-02 7.266218066243510521e-01
1.855172241764649899e-01 5.291586466979965042e-01 1.555164800808594150e-01 1.010613776226491727e-02 7.253948458469875460e-01
1.898171261671914856e-01 5.293653070344672695e-01 1.414962725811299005e-01 1.001039857918449572e-02 7.276674271736340849e-01
1.874158561360540209e-01 5.320145917618495091e-01 1.501615964756928545e-01 1.014419857536224927e-02 7.256066231308961889e-01
1.838358563773399290e-01 4.517524280579121587e-01 1.518165528078893045e-01 1.040140516034203898e-02 7.303281635401550620e-01
1.812349816809513126e-01 4.822545303178500942e-01 1.514056629792156494e-01 8.601239981068539014e-03 7.281626942062369157e-01
1.854981760952356395e-01 5.333482805929786741e-01 1.550022896975380704e-01 1.005171462710692173e-02 7.245793157030829823e-01
1.858527755664318715e-01 5.306345324429919685e-01 1.548432266139746494e-01 1.000879463866720213e-02 7.248432947787742942e-01
1.842592292384812036e-01 5.295740734598639587e-01 1.545043674643599152e-01 1.001661559339141368e-02 7.253792103817546799e-01
2.170855228674219428e-01 5.284723497860924768e-01 1.533271569615710928e-01 7.103110259723077399e-03 7.208550460073150923e-01
1.830510198587995685e-01 5.278804529568730253e-01 1.520670758488227581e-01 1.053423760063741839e-02 7.274659606258104816e-01
1.857911893674987214e-01 5.277684055344266101e-01 1.503203839489381244e-01 1.000781747965335047e-02 7.261954567275107353e-01
1.856039830949304248e-01 5.284788968781644058e-01 1.539624725797234250e-01 1.000154661848794840e-02 7.270857427080432700e-01
1.858696495202399601e-01 5.221333309560693969e-01 1.574443924737307654e-01 -2.242243818333732042e-02 6.889352870273673934e-01
1.862776951869964392e-01 5.269151356853085666e-01 1.534241189435273378e-01 1.001388713946842028e-02 7.241105733676465039e-01
1.896821360195758699e-01 5.277948970352277502e-01 1.458577953353110412e-01 9.951321719650810249e-03 7.238548805748467041e-01
1.858658173757336551e-01 5.290600256055771888e-01 1.538581732775792243e-01 9.999978949717521284e-03 7.275279839255928138e-01
1.844222927786798027e-01 5.311829123631451877e-01 1.546643236138453004e-01 1.116949782635761126e-02 7.267136327875548529e-01
1.863480250076013922e-01 5.280123117371009478e-01 1.543473659368955198e-01 1.028403614345119697e-02 7.291734923567751991e-01
1.865228756870482008e-01 5.302219450202586559e-01 1.544002579042031698e-01 9.999402322850105274e-03 7.270193337420254309e-01
1.848853436828110375e-01 5.287520110254454453e-01 1.527465259843684697e-01 1.000056712219052693e-02 7.267842698202581220e-01
1.857155342080690774e-01 5.275155936319148031e-01 1.531951624196740691e-01 1.009423515960232616e-02 7.268437485861871661e-01
1.856006910868249482e-01 5.297554820546029886e-01 1.543257333350548099e-01 9.999738686909405427e-03 7.269627712189625779e-01
1.855874457331848082e-01 5.031320518791557728e-01 1.541620450351240401e-01 9.997801412578836283e-03 7.322391989978296323e-01
1.885268807475609654e-01 5.303887911769494812e-01 1.540039748370368167e-01 9.964076473103079812e-03 7.301036729565612005e-01
1.857478496263782752e-01 5.273719467435588060e-01 1.537543845314741364e-01 9.999996172486577684e-03 7.265673092289761659e-01
