1.839208053147358968e-01 5.325995147231824545e-01 1.536269964496017326e-01 1.000093662965705239e-02 7.263272369140443274e-01
1.875818570528815787e-01 5.298072691296981107e-01 1.538778701008795269e-01 1.001738146328530303e-02 7.307795691785654579e-01
1.860532468414087814e-01 5.203517800093753198e-01 1.537550549169837411e-01 1.000374644573892753e-02 7.263036273004711552e-01
1.855963333718229358e-01 5.290825672263796964e-01 1.538900505961895981e-01 1.000155710657274141e-02 7.267270026076301237e-01
1.848456971156955675e-01 5.314452416382915434e-01 1.559072574472385175e-01 1.000240707769107888e-02 7.279194814593173968e-01
1.853969785662515635e-01 5.231112349101899595e-01 1.533739422235942396e-01 1.000516220568978092e-02 7.263918127902878608e-01
1.833422844481252256e-01 5.313722257179929187e-01 1.384533075449680128e-01 1.119559498771555139e-02 7.426721686007619061e-01
1.847846882663058132e-01 5.284461558566654338e-01 1.549160022740064813e-01 1.004117353763854872e-02 7.271951829573145565e-01
1.854806226206787423e-01 5.311282094576448287e-01 1.537015033871681757e-01 1.000504783918984911e-02 7.265704511915942465e-01
1.849396483242677636e-01 5.306076435426541060e-01 1.552454221263081524e-01 1.000391372569990091e-02 7.276186300940776785e-01
1.856125769174537532e-01 5.312296427839111601e-01 1.527911408022515072e-01 1.024801374149882267e-02 7.137154944954668956e-01
1.877915318052023330e-01 5.291375192864746779e-01 1.498577041818517364e-01 1.000288119652703415e-02 7.266944444084367793e-01
1.854145277731410746e-01 5.299754957572766489e-01 1.538912764768211872e-01 1.001001581464907968e-02 7.263626854544387168e-01
1.882728915828364713e-01 5.316283914642925268e-01 1.531996427030521968e-01 1.004679498544535504e-02 7.274464232453730084e-01
1.853662249734530920e-01 5.286124418332943664e-01 1.536377487844693690e-01 1.000008185998507541e-02 7.263045830450479690e-01
1.846532079019611583e-01 5.364263390201295945e-01 1.529338777873913147e-01 1.005549676390605184e-02 7.271362425808972629e-01
1.838555677356750739e-01 5.280001008350387881e-01 1.560366438077887552e-01 1.000142278832892584e-02 7.285442443707812465e-01
1.855903826660568190e-01 5.295243562598801468e-01 1.544224112426827722e-01 1.000002543499451009e-02 7.268282413061877278e-01
1.854414310870179383e-01 5.298926748366793449e-01 1.547572902333283762e-01 1.000032216094376945e-02 7.272828875071736254e-01
1.853879996637716465e-01 5.295209554055313461e-01 1.545245566784000102e-01 1.001373777359185896e-02 7.269212501835392581e-01
1.856392173724309147e-01 5.299494917266982519e-01 1.539436230455455412e-01 1.000659870048727432e-02 7.267749849391640371e-01
1.854339150422738558e-01 5.304001597238526822e-01 1.567525710576305464e-01 1.106017079679014886e-02 7.333923532092220254e-01
1.853938824503539029e-01 5.336495485415504447e-01 1.530805952128776737e-01 1.002424461976496317e-02 7.257937050948687352e-01
1.942919942229117125e-01 5.293474982261318074e-01 1.536230750198813444e-01 1.030121684635227144e-02 7.263357163460179011e-01
1.863592720598575558e-01 5.276629425465263479e-01 1.544837069849596956e-01 1.000357001514216165e-02 7.260743408232377405e-01
1.855555387001036338e-01 5.291624400768967229e-01 1.538679185701059826e-01 1.000378160985397093e-02 7.268226489940889934e-01
1.853452501019597909e-01 4.844397446385668160e-01 1.543873763274342670e-01 1.007620577115300904e-02 7.243632651123644850e-01
1.852144972901259290e-01 5.205212936082408426e-01 1.547244641624287709e-01 1.001160591370114580e-02 7.262277664181614467e-01
1.854863436735094406e-01 5.292449672185850496e-01 1.545309698760509165e-01 1.000025642945847129e-02 7.270388557839253529e-01
1.863055638116769830e-01 5.267230448996205183e-01 1.532955751611924378e-01 1.007976706965867282e-02 7.298700847606149900e-01
1.857084819359254846e-01 5.273643657669387919e-01 1.531412567770618627e-01 1.000449926489552915e-02 7.267804291706058128e-01
1.857282757649871829e-01 5.278612025541525865e-01 1.536364040270284115e-01 1.000112133467468203e-02 7.253926044316357791e-01
1.850288710237238954e-01 5.286748955100368796e-01 1.544276331033259675e-01 1.001324319606567391e-02 7.253536771551257756e-01
1.849625310826572555e-01 5.262350818381406059e-01 1.544570654409846977e-01 1.001199610907661103e-02 7.249817403417369022e-01
1.867504247027132191e-01 5.284480290202080432e-01 1.552005140954807461e-01 1.000337100109094900e-02 7.265872107722031181e-01
1.858092654265893762e-01 5.299784351125466086e-01 1.541348354432942047e-01 1.000021221553200161e-02 7.267935990907865573e-01
1.846774793071357113e-01 5.285885076334789767e-01 1.536078323156616077e-01 1.012323836721903264e-02 7.307952801471641058e-01
1.852603376078723052e-01 5.311319022157050540e-01 1.589822922516955506e-01 1.000841115166499484e-02 7.276723987469639887e-01
1.856390945171194073e-01 5.294776281818545094e-01 1.551356558183693002e-01 1.000295008583364231e-02 7.272804679640185732e-01
1.855688137222928635e-01 5.280661566111178873e-01 1.480460624773362599e-01 1.000256899584001623e-02 7.228984413873619230e-01
1.868187742402100671e-01 5.288561154287587662e-01 1.564525900437491179e-01 1.179968063643591254e-02 7.259991244193646498e-01
1.846061939713200539e-01 5.277870915294905485e-01 1.560273356987338378e-01 1.000436492954539895e-02 7.280592066240810789e-01
1.877729471792564386e-01 5.286276166014375333e-01 1.542212274872444833e-01 1.018435349142281059e-02 7.273540041307487991e-01
1.855670344604756772e-01 5.211331565413725997e-01 1.521792951348424350e-01 1.010233319159907495e-02 7.224107914088124804e-01
1.850709955191342515e-01 5.359947181056274879e-01 1.498228305901027069e-01 1.003234851957431756e-02 7.271185300888217684e-01
1.855144514077841922e-01 5.280943456254620916e-01 1.540893989782930185e-01 1.000091600196753756e-02 7.269209522908732790e-01
1.858097143875620805e-01 5.279000728697228473e-01 1.542046335794837186e-01 1.000649860136454232e-02 7.269386773174812966e-01
1.848643684399450815e-01 5.285842835983998178e-01 1.541126234216894930e-01 1.000196956855889906e-02 7.273260195617667900e-01
1.854173236344127951e-01 5.238207019944639553e-01 1.555542078317818377e-01 1.000201276354953719e-02 7.274534623646854437e-01
1.859045861744003381e-01 5.237200018229286602e-01 1.540856678327398310e-01 1.000688433373769434e-02 7.243149020176707920e-01
1.841895108268717662e-01 5.214053942255425511e-01 1.537996197489147898e-01 1.005288191565123154e-02 7.273800670751824349e-01
1.861627242162909868e-01 5.271045086027409399e-01 1.519055459619254866e-01 1.001589062839461537e-02 7.274951467472718925e-01
1.849322366278059460e-01 5.260923025218107174e-01 1.554836819683472759e-01 1.007341345217426312e-02 7.267501146461401440e-01
1.881386936531430631e-01 5.133970160362029134e-01 1.550240933452464165e-01 1.001346609272421410e-02 7.292288636720193340e-01
1.854920846404739254e-01 5.317303586171201468e-01 1.925498201356269090e-01 1.211001008200754576e-02 7.235047613108744891e-01
1.847031902916834167e-01 5.244936087261979907e-01 1.451617981038379745e-01 1.001657914986388460e-02 7.277553489849976076e-01
1.854150790793283599e-01 5.295987878287486961e-01 1.551327909618497314e-01 1.000059956728618915e-02 7.273267169297925605e-01
1.864837992500461006e-01 5.270502588624574880e-01 1.512011893615595737e-01 1.000462652400704519e-02 7.255912079157740280e-01
1.849456411616725304e-01 1.827375293266939038e-01 1.824705545814979957e-01 1.265387780504566295e-02 8.473426352984534393e-01
1.857479799127656483e-01 5.284769982939002686e-01 1.541543475106056937e-01 1.000089954083208804e-02 7.267747089326430654e-01
1.854173584030840705e-01 5.298028585570473403e-01 1.548527213013357884e-01 1.000016831583613354e-02 7.271186787758975312e-01
1.886059363366709429e-01 5.281336374009517609e-01 1.484785754737813490e-01 1.008063178795624501e-02 7.254832004685383140e-01
1.511438217938279871e-01 4.463451378587154350e-01 1.964902740269464376e-01 1.897881244760941596e-02 7.550256363663054859e-01
1.856022252003428630e-01 5.317200930414947013e-01 1.560245709096672873e-01 1.000365939669199677e-02 7.277370676552773476e-01
1.858012147344791365e-01 5.288660536436137205e-01 1.541620009516282697e-01 1.000217133167649770e-02 7.267198084188376539e-01
1.855951961433534858e-01 5.285855928778198098e-01 1.542777144793248123e-01 1.000004762747146690e-02 7.268701918025777253e-01
1.847043841901745143e-01 5.234056290152855340e-01 1.463291864973257084e-01 1.002676776717762071e-02 7.256439047072213988e-01
1.853936597382715989e-01 5.298145387379349369e-01 1.549014041925664831e-01 1.000150458706664837e-02 7.271271127331125905e-01
1.856313877934937240e-01 5.267379413121966447e-01 1.548479987229457178e-01 1.000865369482257031e-02 7.266817691696588755e-01
1.853827479228361830e-01 5.316830436258589421e-01 1.557393775170692884e-01 1.000389683940331592e-02 7.272812629101687021e-01
1.855623461270332897e-01 5.253934856324066205e-01 1.540754058233502477e-01 1.000003794307710928e-02 7.267805892875538465e-01
1.862511116978772252e-01 5.286073025021427174e-01 1.646540265078942633e-01 1.002407577568067455e-02 7.285817580649512903e-01
1.851970551867769543e-01 5.298213264045913418e-01 1.545594423685895669e-01 1.006154944763320430e-02 7.276206687594285460e-01
1.856543288322330953e-01 5.290092084943115447e-01 1.548650221227075019e-01 1.000050286142930428e-02 7.272047282832252435e-01
1.857823578907576156e-01 5.333335003023429444e-01 1.545392348728733267e-01 1.000362920352037069e-02 7.266895316928483339e-01
1.856268407495364758e-01 5.199369497560027975e-01 1.563712610018433424e-01 1.005578233182565125e-02 7.252510760789585564e-01
1.849499471436208686e-01 5.301305620896920034e-01 1.511802079792177178e-01 1.001678293276793592e-02 7.276470466809649151e-01
1.862470782853197226e-01 5.306686551053997336e-01 1.547855752607770474e-01 1.003099183131968448e-02 7.245697346800977767e-01
1.860825147735114815e-01 5.359980900001206638e-01 1.449294895561683560e-01 1.038214871260176135e-02 7.259531849408114024e-01
1.818464196817016210e-01 5.046507827290156456e-01 1.470646596529174011e-01 1.082784160837751281e-02 7.280226133485427908e-01
1.856622649985317508e-01 5.262502862671722959e-01 1.530833710695596039e-01 1.004193702254194305e-02 7.250043817129706580e-01
1.859726236265309696e-01 5.294324367924025943e-01 1.546053278972602807e-01 1.000160394933250103e-02 7.267495037841826822e-01
1.845137843250546916e-01 5.304343499415847818e-01 1.545023271577276591e-01 1.001000777962511232e-02 7.258570038399837498e-01
2.291917529945344811e-01 5.297112466729726465e-01 1.525921123597826501e-01 1.578404364370413621e-02 7.094731018199876837e-01
1.825122228100999333e-01 5.279330047795345315e-01 1.521380436587935758e-01 1.002810233241415230e-02 7.243851927122760825e-01
1.857911893674987214e-01 5.277684055344266101e-01 1.503203839489381244e-01 1.000781747965335047e-02 7.261954567275107353e-01
1.855811381084967737e-01 5.284841409653500133e-01 1.541536507693488656e-01 1.000113545403978101e-02 7.268731093089866313e-01
1.864248934394877599e-01 5.243529569503725396e-01 1.587116087076537452e-01 1.180248940599566698e-02 6.813071104316473781e-01
1.858857530314103057e-01 5.256813041939771836e-01 1.542385444325745092e-01 1.000261143348921654e-02 7.262382653670054200e-01
1.828649333361429818e-01 5.219111523654125229e-01 1.513707121638071529e-01 1.004707884100009690e-02 7.239464728769003932e-01
1.857484905294217725e-01 5.300688246576390483e-01 1.547871823092660248e-01 1.001413298813196018e-02 7.269561976491472066e-01
1.853567347454647130e-01 5.318242602963205723e-01 1.583867354417062834e-01 1.049815348527509407e-02 7.267029991041741299e-01
1.864319151103145111e-01 5.292823384340128445e-01 1.542534718052977483e-01 1.008896837839991407e-02 7.294842121878611918e-01
1.837634063122575712e-01 5.326789392061022088e-01 1.549912573322606291e-01 1.000000581535859939e-02 7.274388806247776840e-01
1.866708720867433224e-01 5.284773044875357151e-01 1.519341687690949627e-01 1.000022750796276082e-02 7.277266329735359029e-01
1.856686629671836786e-01 5.279201655196681386e-01 1.534390901052608558e-01 1.000532257441450260e-02 7.268944921623660127e-01
1.853191657022857097e-01 5.290551044629139277e-01 1.541398092840705336e-01 1.000047884742111086e-02 7.267896228674421977e-01
1.854983918491413530e-01 5.017758028767229650e-01 1.545544665350036539e-01 1.000377893669749350e-02 7.245476201202343258e-01
1.833275768311191933e-01 5.276250701775352381e-01 1.540470643878520118e-01 1.000337438870704115e-02 7.240131447799978970e-01
1.858046612120534957e-01 5.280685816099250918e-01 1.533350259519323244e-01 1.000001892906278271e-02 7.263433334675838404e-01
