2.792616210190164254e-03 2.377289571357321142e-03 4.511223251126739869e-05 -1.399463831329703432e-06 -2.827977412986326634e-04
1.608374504292578054e-03 -4.181328071970037783e-04 2.051941404919605547e-04 -7.981185028559909349e-06 1.778718268070869852e-03
-9.060120738917932766e-04 -3.647336558285500102e-02 5.683493007702448263e-05 -7.554075296712637597e-07 2.995486949965265892e-05
1.363883684339361471e-04 -5.988661444182752803e-04 3.990689826673641822e-04 -7.037015726671038352e-06 -2.346038242001960514e-04
1.845937415560489634e-03 -2.950952032279606681e-03 -6.963036011001004716e-04 -1.561333141623076831e-06 -1.537375434405213953e-03
-6.534583324650444173e-04 2.924715609013371631e-02 2.593795010088053633e-04 -1.903421903336895498e-06 -2.100380287972742547e-04
-1.355443147484611125e-03 2.571329109461792297e-03 -6.669040022772494171e-04 -4.002465001074692608e-04 2.781832835659898517e-04
-5.050414696546183827e-04 -4.583253399323983517e-04 -7.874869744542174060e-04 -8.327172766677929945e-05 -4.597453253787760164e-04
4.608529134576591071e-04 -7.715662171869467094e-04 1.289088211101417462e-03 4.067220588177351603e-05 2.691623070644080622e-03
1.570183937929733886e-04 3.804599582330855283e-04 4.621014446003352850e-03 -2.730393647273634497e-06 3.148221823842625722e-03
-1.466350300446678115e-04 1.221300009598985268e-04 3.048084925396772019e-05 -2.009942758854645864e-04 -7.445138274590771578e-03
-1.692083273448089084e-03 -9.412091903581185168e-04 -1.850936228878553337e-03 8.179356460640211236e-06 -2.793794030421539146e-05
4.476984082401634033e-05 2.128589707822635369e-04 6.320925043009719725e-04 -1.516314622700225968e-05 3.157362716625123646e-04
-3.771075196965097912e-03 -2.530526479134317247e-03 1.457422920846147048e-03 2.731052265975702381e-04 4.373299958809921738e-05
-6.693225391068089716e-04 6.785470081430709007e-05 1.838397944915832398e-04 1.999404906549276546e-07 8.700529324397594756e-06
6.502524505494263612e-04 2.769969092241108578e-03 8.297497548229536670e-04 -1.541914474459221392e-04 -4.416998284276763258e-04
1.254400933753298556e-03 -5.411219614314822634e-04 5.099868019032660453e-04 2.045076572584155858e-05 -2.623245739128286531e-03
6.631584344268721162e-05 -1.120412552650153389e-03 -4.154849850293073970e-04 -4.167747318622615095e-09 8.211473063438894820e-05
3.765111113391025026e-05 1.488622993228487729e-03 2.294305760893406397e-03 -7.379576069064318702e-08 6.379295751040095237e-04
-1.680405405990802008e-04 1.022663730257637472e-04 1.025669893316107171e-03 -1.126878333194248445e-05 3.584987260341002943e-05
-4.153211219316522106e-05 -1.350664652118965716e-03 1.074844532377321248e-04 -1.196636224209625380e-05 -6.401753882675260225e-06
1.537217664980377577e-04 -1.261789597699294494e-03 1.306128551472438720e-04 -9.082517159475654491e-04 8.129160856566165078e-03
3.857488062983140792e-04 3.701736461340952595e-03 8.612879110187060799e-04 -2.242580955190349626e-05 -2.926120444678942042e-03
-2.913759922176780218e-02 3.773301158207362314e-03 1.902796658406977486e-04 -2.119141625265927472e-04 2.528123857461897560e-04
8.694997211806086441e-04 -2.213606684470372865e-04 -1.506224001802731376e-03 -5.908187712806738245e-07 7.381660023146711935e-04
1.430432628097289818e-04 -1.506363233472054336e-03 7.042118799739740295e-05 -5.493570087276375656e-06 -8.527709650053580479e-04
-4.627395919707293147e-04 2.538649046913688326e-02 3.143794399543986973e-04 5.082089641578894018e-05 -5.444052060682812513e-03
1.356102526015692301e-04 7.803039307542594151e-03 -1.395464461502484137e-04 1.509921760211479446e-05 -2.634140244149003949e-04
1.408877727827430236e-06 1.830972320385748251e-03 9.741450901296032621e-04 1.655523031661686337e-07 -7.965562506692624686e-05
8.635401038807735468e-04 -1.317396968944792648e-03 3.828986774357094223e-04 -6.148361463584512982e-05 -2.235372110065510318e-03
-5.363049528678218983e-04 -1.324131569674297845e-04 3.959457338128908005e-04 2.069415087399135295e-06 4.031117923501431762e-04
2.833448657156217919e-06 -2.666386338271991446e-04 4.598891537772239742e-04 -4.744569550105958041e-06 2.921791716826301305e-04
8.776719544779439813e-05 -1.589513265842650328e-04 -1.100359115899322352e-05 -3.704671231304978247e-05 7.290746334136003447e-04
1.211428639573544695e-04 -2.135578297269067390e-03 1.634918104096070538e-04 -3.062456129377451753e-05 -1.006482718491350349e-03
-7.634535987243313811e-04 -1.145582727522382721e-04 -4.433184044418892779e-03 9.793254966276802973e-06 1.584328538102262320e-04
5.471852740841521298e-05 -9.363026981756669871e-04 1.993006524962814721e-04 3.279937679372113775e-07 -1.424704171152434509e-04
5.097745336108159631e-04 -1.842011505262065429e-03 4.331752874060597249e-04 2.579091540184339794e-04 -9.989715349028919188e-04
-3.777947782703681360e-05 -1.139347807157772233e-03 -1.087274745639269999e-03 3.440584153005397445e-05 5.347882298096971136e-04
-2.478627652964724131e-04 1.524188563898537995e-03 2.741835121375447754e-04 -4.231532863598127601e-06 -1.410723922924038908e-04
1.301017385272478812e-04 1.400068791134121673e-04 -1.208424676731582360e-02 4.188071743953211244e-07 -6.501477048909564847e-04
4.671929978148198193e-04 -5.290661791612378401e-04 1.654364699017338118e-03 -2.684073984594829640e-03 8.145746532156977705e-04
-2.157067575677766558e-04 -3.716780261988504499e-03 2.487522049119520341e-03 2.416044880097139512e-05 -9.203627072364944201e-05
7.942641461512113532e-03 -1.063000766709873338e-05 -5.631177759789293561e-04 2.618984438296845306e-04 2.269958787520629960e-04
2.572496545587774682e-03 -2.400154182777518644e-03 -1.632950620169823465e-03 3.860200490743934142e-04 -3.807776156120996902e-03
6.905044203776663041e-07 4.213057275866417470e-03 -6.397100579668092354e-03 -3.493755863445079622e-04 -4.991541039821217668e-04
-1.648008533168268284e-03 4.310250580016053911e-05 3.718955561487372139e-04 4.816756531958704034e-07 -4.186261256681504867e-05
-6.806826825547534121e-05 -1.475545592858468463e-03 5.574455567412012094e-05 -1.909255657268254971e-06 -1.787150008723052111e-04
-4.782878176489055964e-04 -4.006285901653830646e-03 5.287349620723177501e-04 4.348738655454888675e-07 -5.876310942374252892e-04
8.618247976882762124e-05 5.453648024677857156e-03 -1.012153876784638177e-03 -1.589790669661433141e-06 2.149524371004828680e-05
1.264675840933136321e-03 -1.542643574963796526e-04 -2.526737417863793625e-04 -3.700314949804842109e-06 1.236115715691086213e-02
8.927348857895976578e-04 -5.482367643200919752e-03 -2.301719667027052601e-04 8.055440731415670192e-05 -5.247069522768163215e-04
-3.425304280963915762e-04 5.985569164218786361e-06 3.834923363295573810e-03 -2.142088176871463927e-04 1.083483045397693736e-03
1.808462521774002144e-04 7.641848734869398970e-04 7.634977578519974370e-04 -3.703983690842474583e-04 2.083528760348697813e-04
-2.066950233787308213e-03 1.990033365992709136e-02 -1.991440991424138114e-05 -1.136901020514860471e-05 -2.728197858888694455e-03
-5.805072166913182808e-04 2.802293797076342401e-03 -2.016508672286316736e-02 1.423054884960587652e-03 -1.551083832293952917e-03
9.137493312573398592e-04 1.133635979050234789e-03 1.129958972280819055e-02 -2.837177144289626442e-03 3.582703252587407278e-04
3.989110339742750022e-04 -4.682513711844931217e-04 -4.074133801865682325e-04 -4.510811878384482198e-07 -1.155463763991424473e-06
1.795533744307884188e-03 3.963490363976127301e-04 8.520493908617248358e-04 -1.910199357408874873e-05 -4.270122203080511936e-03
1.465530733283456786e-03 1.433969027958946207e-01 1.790966236876082376e-02 -1.216374735477696424e-03 -4.873677882764060332e-01
-2.896053907099026530e-04 9.105982571920259077e-05 -1.794471672218143899e-04 3.227450613563650357e-06 -8.786722714557946299e-04
6.980719020621254680e-05 4.274243181469577590e-04 6.621499245755618421e-04 -1.458966261602896754e-07 1.503740882877105780e-04
-8.300847350008579498e-03 2.317044408251990248e-03 -6.121065840641099669e-04 -5.582909680444919886e-05 -4.622354483527284577e-03
3.131111680773496220e-02 -1.054401316488860901e-01 -1.310263480092808790e-02 -1.019221983849533802e-02 -2.724268277588391338e-02
-1.326170429207350755e-04 -2.383197822850756809e-03 2.047770904290546062e-04 -1.622627222913830812e-06 1.687135946765921284e-03
5.156519562292611377e-04 -1.467938724762521494e-04 7.926900634663062951e-04 -8.427713324474087152e-07 -5.281721953184462422e-04
1.587149833828383882e-04 2.060037310263091879e-04 4.632119936487858044e-04 3.506594705497315704e-08 5.353323414070043553e-04
-6.166010134149892130e-04 2.816599381594443469e-03 2.008407007193848889e-02 1.803303494612212214e-05 2.325582919632273628e-03
-1.320717897548066800e-04 -1.297810946059383980e-03 1.419170897607628179e-04 2.561135628364162750e-06 3.482911736895985414e-04
8.905367726673530456e-05 1.310807013140315213e-03 4.203676280523736992e-03 3.009496425303715731e-06 3.100730987161123354e-04
1.278958972279429455e-03 1.886352935178954235e-03 -7.478000150510209386e-04 -4.656621778995509811e-06 1.065115901808369242e-03
7.510107771700269899e-05 3.339024937209239801e-03 5.646441413219810239e-04 1.130073664299554642e-06 2.418850126171968005e-03
-1.674347387138180746e-03 -1.276218004218808216e-03 -3.640660401593542872e-02 -2.823414001794980724e-04 -3.754788404995966240e-04
2.616534081732598232e-04 -8.260550357912437936e-04 -6.857401569421144732e-04 -3.093479460357070388e-04 7.837898721040576980e-06
-2.432028114152476621e-04 -8.759212974492245306e-04 -6.304272519949107511e-04 -2.022000527219326668e-06 3.038883719673534994e-04
5.413564155672958515e-05 3.304471911707415957e-03 5.212709579563790455e-04 2.790600808162753126e-06 -7.492242513908162530e-05
-1.988456851195277990e-04 1.130702125642772671e-02 -4.642183934503147855e-03 -1.046333082264511770e-05 3.193625157108493165e-03
2.977932751565355064e-03 -1.245026373112063369e-03 2.201961024303694323e-02 2.375586662352384202e-06 -1.378787862317970092e-03
-6.897301836840416620e-04 -7.136918049738334019e-03 -9.147223904086475505e-04 -4.385528813736339292e-06 8.115062946185705667e-04
-2.993309761393120848e-03 6.255037351149971003e-02 1.382097755944168907e-03 -8.011992737498126107e-05 -2.412967090992511072e-03
7.383975889647632119e-06 -1.525857354058794907e-03 5.997522201569544832e-03 -1.644232460400950032e-03 -1.190381913310208182e-03
7.208541481641285290e-05 -1.744552684460594014e-03 3.174033142425931116e-05 1.097342267920875411e-04 -1.390955194949016274e-04
-2.051057258162258020e-04 2.395689433977980613e-03 3.786543971075248386e-04 1.602340005778484323e-06 -1.742491889931793714e-03
-1.490146136874784602e-02 -1.633941510476626981e-03 4.619831392014940932e-04 6.331293737834847843e-07 1.070001971737411352e-03
-7.103892016088640508e-03 -9.495462855362817988e-04 4.371829273844664646e-05 7.367434160073309604e-03 7.956595643859285666e-03
1.728900706752462988e-03 1.554575904370677944e-04 -1.918407707374480617e-03 -1.147812828155455570e-04 -2.989970807979010301e-03
-7.990481208134707835e-04 -1.286221502904701325e-03 -3.393678884989614376e-03 3.034471415232101941e-05 -2.780983675657338967e-06
4.140125519547435679e-05 -2.771913888085413349e-05 -1.091255901742273828e-04 -9.385831116614736910e-07 6.494577745855953030e-04
1.031697110136954853e-04 -4.176056936526827482e-03 -5.392011976561320030e-03 1.337432415442044425e-03 -1.944883998854763166e-02
-3.443330469208837345e-04 2.142724477170506597e-03 4.723321638363312783e-04 2.944005373579723544e-07 -2.838621924575452163e-03
-3.290861496982563136e-03 1.349930324770553212e-02 -7.720634927285314163e-03 5.314650700290998096e-05 4.567316049507737078e-04
-9.695946385938879750e-05 2.117519438716577388e-03 9.706926344978333929e-04 -6.144551855836589831e-06 -4.162091826846244934e-04
-9.140769963766308545e-05 -1.623230224847260848e-03 6.294148588215417841e-04 -5.323313090400342684e-04 2.508222825272110362e-04
-9.369733749299758623e-04 -6.146455644670411776e-04 1.942976533833406854e-03 6.474494325874476618e-04 -7.880742703009987506e-04
9.654353968480523058e-04 2.045487668742284552e-03 7.674257737918526064e-04 -6.104156329796018289e-07 1.328566466685450808e-05
4.234596791251453332e-04 -1.625814784486093927e-04 -5.002593609626137443e-05 -8.496888557500215320e-08 1.328751585572947747e-03
3.213993983167902536e-05 -4.546670431960140560e-04 -2.206293438640197690e-04 -3.221179808903814170e-05 -3.894662401469130850e-04
-3.275033127277960634e-04 -2.730369127533921751e-04 4.338901182508790133e-04 -5.857920509659525926e-07 3.775073098133835685e-04
1.422488039614299381e-04 4.336653912121078008e-02 -4.112620958079851556e-04 1.145075537397147598e-05 -3.553008016505563704e-03
-6.449279858573056870e-03 6.425165918483766083e-04 1.063807902780163290e-03 -1.770205474402134231e-05 5.208756145219566557e-03
-5.192236918076891097e-05 2.130003140728820412e-04 8.398539003226558890e-05 3.353828369075803515e-08 8.633777679115406140e-05
