1.342628988356539266e-01 2.052894753606011591e-01 3.203343379594361107e-01 -7.700608812312904894e-02 1.101861488625315577e-01
1.023278928519398695e-01 1.272502653998203344e-02 -3.887802364005778222e-02 2.286948124102355651e-01 2.590071024947340206e-01
-5.347124308800770519e-03 -1.233062178320955445e-02 1.226138782508040884e-02 -7.931139663730749079e-02 -6.961679448278407234e-02
1.611799438542868210e-02 -2.616620065139767526e-01 4.319098726151285317e-01 -6.364401374413657109e-02 -1.205720799404796234e-01
2.507877431509333496e-02 7.446913991409799538e-02 6.138364706917195934e-02 1.614661633600187468e-02 1.445570695747779855e-01
-7.592361825833374156e-02 4.780211175975788707e-01 -2.005619540105250398e-01 -9.899999999999999911e-01 -7.690490710602947144e-02
3.079983549875399684e-01 4.147919678032582075e-02 -4.812062884993780626e-02 1.208712232480173843e-01 3.517868382539251493e-01
-2.893338536412837225e-02 2.449103202027565554e-02 -4.531327909611868598e-01 -5.113820698537092646e-01 -1.186947736893396305e-02
4.107100309562938811e-02 5.081987444352996375e-02 9.922209748081098346e-02 9.899999999999999911e-01 1.375478036952255123e-01
-1.609569102445125854e-01 2.801463879892783851e-02 9.534198533970151823e-01 -1.353566589567321565e-01 4.203203961512978759e-02
-1.431610648648930575e-02 -3.369160391439840474e-02 -3.421795063750674576e-02 4.646619528459209891e-01 -1.582000232606001807e-03
8.104823622508969868e-04 -1.001132987016259968e-01 4.964379399218955546e-01 1.573716135981985745e-02 -1.100187579983562952e-01
1.868435708986638799e-01 3.425405156587857120e-03 6.302873834230634520e-01 -1.545380607851664923e-01 -2.040264037729747626e-01
-1.705569842428786564e-01 1.556776540409075674e-04 5.135487173384610526e-02 -6.685238182127724305e-02 -6.900986257290095405e-02
3.430292848341437439e-01 -7.441997512046256633e-03 1.142904793771986477e-01 -5.903710810338141934e-01 -5.116191524352133868e-01
-3.181047997861941035e-02 -5.921108906589761522e-02 -8.315986040852377248e-02 -4.798284375474570762e-02 -1.386336035011053180e-01
-2.851762483285890659e-01 -2.758642290917288475e-03 2.464262363304612347e-01 -2.017224559168885253e-02 -4.183339200451868106e-02
-1.845351377501852977e-02 -6.230513801167335552e-01 1.001310161897358969e-01 7.933238662671650288e-02 -1.569718534701287638e-01
-2.928838311633522595e-01 -8.698086076809341538e-02 -4.745887068757889855e-03 -1.547869242522196542e-01 5.102780472397859812e-01
2.262256731349746308e-01 4.781723084340087915e-02 6.187642956402884115e-02 -2.231272783963548223e-01 4.804212123947328855e-02
2.955819067555401358e-02 -5.525526417670022922e-02 -5.706944116679646406e-02 1.401072800437129506e-01 -2.310339705622096729e-01
-2.512974974879333967e-01 -1.295920330796439170e-03 -4.766720725962962923e-01 -2.287410080029392279e-01 -2.188190156297468714e-01
-2.255365246610545604e-01 -5.019343799828068775e-01 -1.514096292144356815e-01 -1.707812491218601569e-01 -7.137750942444053004e-02
5.399546939956727520e-01 -2.061435276897802781e-03 4.328358859594906571e-02 6.373149982870878194e-01 5.451300024245005899e-02
-8.500871423860645315e-02 -1.784339779485558386e-01 -1.797648250510553575e-02 -4.345158563714872531e-03 5.023645786821014786e-03
3.729175273577437638e-02 -3.386671805438080662e-01 -2.276490154863600457e-01 -1.482391396292174479e-01 -4.050848413830444861e-02
-4.993339856930659182e-01 -6.161158698137660789e-02 -1.978295030227093521e-01 -6.175922333541525311e-02 3.888391462896955298e-03
-1.332839041432546355e-02 -3.207152350087953963e-01 3.064171602757765345e-01 -9.094261490985744434e-01 1.373618278449717789e-01
-1.615367419733013251e-03 1.727107564068071626e-03 -2.987056700718235258e-02 -2.962345102499095995e-01 -1.110419827370612983e-01
1.689979294971863666e-01 -2.825535276115931915e-01 3.448710565436064954e-03 -8.798848430748336391e-02 -7.545744814556519520e-02
-3.699663259805711923e-02 -2.183541834653029423e-01 -1.625195645482282458e-01 1.092909894921126751e-01 -1.048007883663895912e-01
2.391907366220156345e-02 9.641962021473255914e-03 8.800151244853780808e-02 1.206384050853817197e-01 1.352177921015369488e-01
6.184076578907388155e-01 -5.640273948461421499e-04 6.547707775298415578e-02 7.359393529207351216e-03 1.593643550135485643e-01
4.088483666911014308e-02 -2.348253492658665051e-02 -5.136467006870639590e-02 -9.899999999999999911e-01 2.502191001729263675e-01
-4.010240739741480764e-01 2.106469654228683777e-02 -7.321530883423735259e-02 -2.821228576323003834e-02 -6.726373969382781759e-01
-2.609718959333502952e-01 -1.549733409979101896e-02 -1.331215474621074389e-03 5.540698491161118872e-02 -2.245455536202961566e-02
-2.059129989651372894e-01 1.150091939591320611e-01 -2.004353851737788669e-02 1.164251971705455024e-01 7.679655935890661311e-02
-2.348833660486859265e-01 -2.443705245523073721e-01 -1.099219540616497015e-01 -8.374826126108783630e-02 -2.880728960218785217e-01
1.912132287055945748e-02 7.329989042438032065e-01 1.649771401337363642e-04 4.896309645374705664e-03 1.315984662988726184e-01
1.151739359143865750e-02 -3.401697984537229158e-01 -4.574213063575174321e-01 4.631835555635603618e-02 1.681125827842973597e-01
3.310778402920520891e-02 -6.794803826393971402e-01 -4.445738636574930736e-01 1.849862898336794015e-01 9.076476716931300981e-01
-5.461052659213141425e-01 -6.615413079707865851e-01 -2.094823220790825447e-01 -1.664880395183979383e-03 -6.776915423439713870e-02
3.862600382203295601e-01 5.264447545966097763e-01 -4.753900809730605692e-01 4.556541286239184085e-01 -4.397668482625611275e-01
-2.938920484798935306e-01 -4.207958708398218395e-02 1.643276637635285864e-01 -1.155998956171107039e-01 2.374872880729236579e-01
-2.811476069196329475e-02 7.261793253735999119e-03 -2.127036569085795532e-03 -7.734786450719247086e-02 3.735341134068909108e-01
5.161853134797130815e-01 2.332137152353282866e-02 4.570962508718650480e-02 8.750029903539584611e-03 2.048431684022708824e-02
3.724413669637698793e-02 -3.122715631098488265e-01 -8.795084413832185977e-01 1.414008683426516422e-01 6.398012798219072650e-01
-1.005095773251770547e-01 3.722907513816511166e-03 -8.352821605850029940e-04 -1.868546545555952853e-03 -2.485786004570803356e-02
1.948706167435960701e-01 5.217539429475607227e-01 3.625633763395751802e-02 -3.664732956253258841e-03 1.389335143965679878e-02
1.975057705594572832e-01 4.630260526509017427e-01 5.859077345552075183e-02 -5.356327006382292227e-02 1.644301955499427315e-01
-4.442626032399292491e-02 -1.958583864476894001e-03 -1.096882991274714114e-01 -1.416412522458754264e-01 2.942897688060001626e-01
7.809468443593096110e-01 -6.054331226466247440e-01 8.921322992904798937e-03 -6.538505789150904357e-02 3.020927309274910599e-01
-5.738313455460489765e-01 7.845172727208624130e-02 -6.292145567862702515e-01 -1.610473968247836674e-01 5.554028140635545660e-03
-8.507400689174608732e-02 -6.375224661975016117e-03 -2.636627352553870818e-01 -1.021402457988569296e-01 3.093217016623369120e-01
3.061744676174307789e-01 -7.611710707637434070e-02 -3.164277991559112380e-01 -3.355858041143761072e-01 3.655577665906725726e-01
-6.646671889477942519e-03 -5.074136239660212988e-01 1.017168577589567108e-01 -6.581121243713788926e-01 1.154756461484869462e-01
4.383355728654774602e-02 7.686828865470106409e-02 -2.286142236051766016e-02 2.170961833710405992e-02 2.141246224102466914e-02
-8.000000000000000444e-01 -2.800350787878823633e-01 -1.210641618995690963e-02 -2.792273307949308392e-01 -2.138205767696292892e-01
-9.201361809567794314e-02 -5.112102242731025870e-01 -1.227501660596406162e-02 -5.973531491370546176e-01 -4.137080391583612682e-02
1.566113243471853322e-01 7.073225322240445090e-02 -2.715163621015802622e-02 -1.339959333482276249e-01 8.854816866751277771e-02
3.572078732684126900e-01 -7.403304800258790896e-01 -1.104094553499064962e-01 -4.743271998903926014e-03 1.793761339989935200e-01
-4.998053452839191224e-01 -1.670110675437873338e-01 -2.316527112947469602e-01 1.884852595717191326e-01 -4.977613090028875642e-01
1.288948845661137543e-01 -3.258760807287260780e-03 -4.938544997606083564e-01 5.197961355290978691e-01 1.581958873415700295e-01
-2.097981153301106960e-01 7.621247851230182890e-01 1.721838829647902858e-01 -1.258715108355205371e-02 3.203175821541831003e-01
8.155152089843175148e-03 -4.764470270930065525e-03 6.513487350995847934e-03 -1.907856418494601955e-02 -2.438048164733831128e-03
1.695111277136389025e-02 -3.438591978317181441e-01 4.794349644623631217e-03 -4.843127896060673426e-02 8.930040221463025896e-02
-1.043302390066755125e-01 1.740035942366617572e-02 3.074188577506735062e-02 -4.861155929605287529e-02 1.206243497229798033e-02
-2.466126842897884974e-01 4.427269355192945538e-03 -2.502332119436752062e-03 -4.432943633131221882e-03 -2.165630488463889114e-01
1.008299498405998418e-01 1.325857252183713086e-01 2.065612939038465601e-01 -9.829548592031499277e-02 -1.681199415322265078e-01
-2.000047557370905962e-02 2.291043153302014246e-01 5.314942963958663863e-02 5.169027256389848238e-03 1.388091550748464173e-02
3.876165361636468853e-01 -9.810313721404258225e-02 3.432316808313103929e-01 -3.885365256397187161e-02 -2.954737100131379565e-02
-3.757540279831601132e-02 3.290604495426931175e-02 -1.957945146989255869e-01 -3.635797595707321861e-01 4.744772179844723714e-02
-1.450972025707501431e-02 -2.040994427554982185e-02 -6.172283729577875827e-02 1.429541815296880673e-02 -4.422642301830237432e-01
-4.886312148862375637e-01 1.625098645896864424e-01 1.776293296685519385e-01 -1.257271495195100286e-01 4.330950916174854393e-01
-6.723243416241621306e-02 7.379704872115300240e-02 1.684042182130257234e-02 9.899999999999999911e-01 8.505848051178455452e-03
6.434602359978536246e-02 -9.575071087906450451e-02 -3.565982726551804316e-02 -2.566049753930928490e-01 1.431936096726617591e-01
-1.928687151457649795e-01 1.950036971719965387e-02 1.749310327226720474e-01 -7.525311064176211373e-02 -1.530840622900441483e-01
-2.678154619648638324e-01 -1.235141014611539217e-01 4.665649498378581228e-01 7.217284439918514316e-01 1.133143939863712028e-02
6.006993209343430840e-02 -3.855442024094086761e-01 2.583501857617610808e-02 1.030597884212066939e-01 3.456812907116482148e-01
2.880239842245268730e-02 1.316992433819259281e-03 -9.799999999999999822e-01 7.202720076327121523e-01 -2.130488549938376608e-02
-1.272304949393464335e-01 2.663079960581067329e-01 3.114648957515252919e-02 2.929364545778079601e-02 -5.801905416837373902e-02
-8.776354720250705010e-02 -4.677692794529283438e-01 -2.816401283802560385e-01 -3.006332381789795227e-01 -9.263512314680319437e-02
-6.859355931422733352e-03 1.064189922090252177e-02 -9.895987037680997744e-02 -9.774063332081079913e-01 2.070690786675516426e-01
-2.880697935460366232e-01 -4.023048221882626063e-02 -8.459821605261550262e-03 -2.063163451584558994e-01 2.796409847330084270e-02
3.371856329563283072e-02 3.686508456012971974e-02 -2.074942950703763112e-01 -5.028224638120035728e-01 3.347333078093068237e-01
-9.336337381737702321e-03 -3.376496385738880085e-02 -2.179668213767878976e-02 -1.597295798432748354e-02 -1.334251537616852334e-01
5.242812705343576074e-02 -3.655444265938977422e-01 1.080516700192789975e-01 -2.428421424995843431e-02 -1.820774996762879183e-01
-1.327199995899190910e-01 4.082201979099650893e-03 -1.363167078774079333e-01 -2.538477420627080483e-01 -1.415504501266044235e-03
6.927049737618784508e-01 -2.702761577073198307e-01 6.252644919696861113e-03 3.105374499972696212e-01 1.569712205597130206e-01
-5.199238496968277001e-01 -1.209445056511036509e-01 2.918346801349836969e-02 -1.704243024384647642e-01 4.610912164983528572e-02
8.637281603379437511e-02 -1.860727490133511761e-05 1.791564608465270533e-02 3.049532483041654807e-01 2.419252005875163758e-01
5.585969361245223669e-02 1.030567843233836734e-03 -1.530946960778173903e-02 -1.237232081781765858e-01 5.604463290407506182e-02
3.170046766994923104e-02 -1.162304958947997791e-01 6.672077540250538966e-03 -5.592559994756136216e-02 1.558056758129791261e-02
3.654719510604372834e-01 -1.964215093871959916e-02 -1.761237949508662540e-02 -6.322151370452940011e-02 5.772428645927243918e-02
-1.481781967604020242e-02 -6.814895427612244726e-03 1.861544764438906041e-01 -9.690214369523858506e-03 -5.581379597369243856e-02
-3.482494320708622720e-02 -2.351239539754367003e-01 6.318627848419898496e-02 1.811871392350313525e-01 -2.591183927805574827e-01
1.393937600638370418e-02 -6.709928820533525063e-05 -2.044632862861070835e-02 -2.191318253955943773e-03 3.758733956570114443e-01
-8.520222535605889713e-02 -5.220614793275107912e-01 -9.101142092366236447e-02 -1.774927622845044392e-02 -3.224150590400749472e-01
-4.543668793802112943e-02 -1.749260594027802207e-01 2.507195710722587983e-02 -3.826207305509432555e-02 3.683618327414027172e-01
-8.487667906303085485e-03 6.438320331175471922e-02 3.627403128559018169e-02 7.016879010034836328e-02 -1.786209313954800759e-02
