1.913392881035037296e-01 3.815305680158199708e-01 3.048380435979862468e-02 1.202331350178396582e-02 6.410134259164049775e-01
2.790742775183243096e-01 4.384636460040084449e-01 2.929556137776999081e-01 4.418926763481026421e-02 6.537301629722251928e-01
2.050124000162895921e-01 5.123572503393107880e-01 3.673032294459068620e-02 1.760557226701506273e-02 6.154526662537267434e-01
2.572315622774495880e-01 2.554678721698072086e-01 4.403724991757228535e-01 1.265425157326885708e-01 5.772186772367133845e-01
2.000876410178589193e-01 3.514720789716846983e-01 5.104909874571404715e-02 1.302293270443049752e-02 6.542042610944683867e-01
3.144672501491058147e-01 1.927035162424568515e-01 5.632593637534027975e-02 1.418828078886888999e-01 6.679328762824666699e-01
3.098396694127329432e-01 3.304367261944556322e-01 3.675696256507182680e-02 3.031441286627771514e-02 6.516573841026731539e-01
1.624829249737551884e-01 3.967808393816348311e-01 2.686936127258707230e-02 3.071583728301270633e-02 6.384724772480997457e-01
2.416275898712414716e-01 3.953440076430394523e-01 2.542858373105828518e-01 4.632754980866152228e-02 6.352049897195585215e-01
3.954425872906666140e-01 3.706267573077280386e-01 2.585566931383284084e-01 1.799998192232862837e-02 7.702376311834557843e-01
1.316428307751932592e-01 1.966507653232345554e-01 7.702645202091371046e-02 1.131288697305882218e-01 4.691459215511279979e-01
1.810209640711309409e-01 5.656747907325549996e-01 6.467181629116999786e-02 1.276090253381869342e-02 7.726916421787224376e-01
2.058163372285367887e-01 3.839009235477831572e-01 4.279853162413727041e-01 9.171145637788830074e-02 7.381742551535445118e-01
1.317894264976008367e-01 5.361757705412155683e-01 4.814179128248036177e-02 1.753044502257817064e-02 6.357066052665201195e-01
1.344147210343721310e-01 4.694294747626969744e-01 1.294510934259807122e-01 1.027978712264787653e-01 8.161337643775552486e-01
1.784316858618945068e-01 2.140025161421240385e-01 1.325013225295015584e-01 2.731596349285801695e-02 4.740691573463750585e-01
1.142658265981594534e-01 4.842292391885669733e-01 3.238964212486876715e-01 3.466783060356745660e-02 7.002543317324113614e-01
1.988683831976846561e-01 2.350328424240982206e-01 2.872640629994067940e-02 1.079813597691880143e-02 6.310280684210841651e-01
2.249586297305589122e-01 1.328596629123376949e-01 5.485308471837919975e-02 1.070666969956618475e-02 5.978450318787804640e-01
2.129598659873774835e-01 7.208782003024452045e-01 4.167956084185556187e-02 3.711923821409270768e-02 6.336806703562387622e-01
2.326487068156682381e-01 3.425811618998470531e-01 3.345255792838364162e-02 1.320148708753308281e-02 6.331642041299185841e-01
2.815373037627682540e-01 3.210698553255353915e-01 3.322926770707673727e-02 2.501962658421555408e-02 6.509940725538564399e-01
2.128846615559115418e-01 8.081263122725250714e-01 1.663472982378103038e-01 2.964237445807282878e-02 6.984967194322714290e-01
7.637529600002721519e-01 2.210602737719304101e-01 4.407003003904277905e-01 1.242960449479269813e-01 6.556361948488096392e-01
2.017256516913980557e-01 5.413075240445422986e-01 9.571269096862004833e-02 1.021925919750549250e-02 6.510824020894681041e-01
2.205905523809586211e-01 5.620987439790255946e-01 1.964668665615744159e-01 1.713259082883144546e-01 6.338242647557315035e-01
1.084433634820589354e-01 3.159358644652204839e-01 1.192066242605506754e-01 3.272812949966290297e-02 6.219845666626505620e-01
1.399432055867787239e-01 8.702085927214595618e-01 6.530644356986846366e-02 4.002481914077543612e-02 9.063279118955582803e-01
1.996287243766829145e-01 3.918351237146867061e-01 6.400645975535111665e-02 1.753188410312033277e-02 6.945349005603356218e-01
7.238101286360507647e-01 4.293494101453090295e-01 4.535370925212492410e-02 4.530018050131637275e-02 6.837965200000936106e-01
2.612777596821240778e-01 3.830572474120136905e-01 7.592681541553844560e-02 3.312044473735754890e-02 6.163628720133244032e-01
2.816487255264681910e-01 3.572437967245862267e-01 9.053167238189048505e-02 1.034330897277371264e-01 6.447334325068293515e-01
1.416389278607564639e-01 1.068129879155318845e-01 1.673771731364043780e-01 3.857463166701977086e-02 6.112308084444850742e-01
3.673733014182021250e-01 1.274430882367318940e-01 1.298556040995605398e-01 4.248633764751906794e-01 9.338770772722454483e-01
1.584530732559284449e-01 3.992887689284018160e-01 7.655507324833925320e-02 1.540286772910033804e-02 6.122641062215891106e-01
1.485241992361705510e-01 3.643484257571075746e-01 2.144938996564586114e-02 1.093405911299494618e-02 6.378252651620206493e-01
2.183129529082778464e-01 3.664353945168446480e-01 3.921074889284831277e-02 1.956877035540900700e-02 6.336543721801464191e-01
2.021750143318842285e-01 4.795572391177698734e-01 6.217126732471754680e-02 3.281156192937936811e-02 5.200517880349391220e-01
1.791695622881348260e-01 3.868282025022871107e-01 4.984145239864738036e-02 1.018808042345687240e-02 6.462935534952546357e-01
1.879120455269894518e-01 4.985046074080886624e-01 3.527309385739607617e-01 4.751735576317515919e-02 4.734623078168286314e-01
1.469948925476663726e-01 1.114059847337457443e-01 6.342569461493907657e-01 3.383806368249511198e-01 9.201633134467981368e-01
2.682742864149093021e-01 6.076487768381005905e-01 2.135427459449300569e-01 1.126278543806746163e-02 6.517840503262344320e-01
4.847339875899511208e-01 2.265547680835864885e-01 1.798823336253984051e-01 4.489865187460181234e-02 7.613236074246561014e-01
2.423491483189713358e-01 4.799284011453931464e-01 2.614771485705201168e-02 2.965796518480859345e-02 5.826813529091934285e-01
2.619862602897443105e-01 3.110568780990971005e-01 4.478142628983866613e-02 2.861434585097790209e-02 6.110432122719379189e-01
1.718298548920381696e-01 4.131825043000273423e-01 4.141523628631767207e-02 1.025390322085082545e-02 6.097265249766953277e-01
6.371746911522964130e-01 2.883828223403818725e-01 6.773793073995445502e-01 1.298955120420024478e-01 5.910050523471614969e-01
1.829791140061213517e-01 2.140925177103561727e-01 5.596577998263724263e-02 3.469758514586292197e-02 4.696628791956621862e-01
1.397792663247987011e-01 6.087089537990679755e-01 1.284561260925504850e-02 1.083096705179424461e-02 6.806156881370318823e-01
1.926544658750337924e-01 3.725770757247275911e-01 7.581400128898051205e-02 1.175645215172868574e-02 6.729868363882771654e-01
5.357302534061674226e-01 3.151691484434650525e-01 1.248451552618629612e-01 2.729931493049158817e-02 8.014543741609996275e-01
1.433326423214094092e-01 3.578716999984660752e-01 4.437097685920249335e-02 2.663910460646864986e-02 5.787467185829942018e-01
4.637272897188740584e-01 1.329701834830788187e-01 2.014921764305977470e-01 3.925250213222647444e-02 4.987603989716571373e-01
1.698669310861495862e-01 4.821653178201264489e-01 2.360531000605486929e-01 2.994123915453628798e-02 6.387083352650844148e-01
1.684308868731848874e-01 3.984056242979024942e-01 4.602017552457282612e-02 1.431564041076462401e-01 4.222322540590015549e-01
1.433290911441227056e-01 2.748743988571642483e-01 4.310377153506417258e-02 1.728749112784133957e-01 5.337484313975863204e-01
1.679413697698182162e-01 4.700413264302074068e-01 3.867010508002633601e-02 1.408302963123293783e-02 6.470708347254052750e-01
1.421164967731797235e-01 4.783293500932954689e-01 4.326193117879300470e-02 2.787410489390513418e-02 6.505306310855545338e-01
4.152976134212375547e-01 1.707426315110849302e-01 3.284051153021656511e-01 2.708361757190880237e-02 1.945284280155365475e-01
2.482417622759032771e-01 3.947562797305021465e-01 5.948700656734369485e-02 1.288693531631660005e-02 6.464448259539490316e-01
1.948657179525276062e-01 3.844968018670814613e-01 5.415425651389763756e-02 1.951460703080800524e-02 5.727427022474786966e-01
1.615430200764594315e-01 3.855671102357507984e-01 8.943536968016602140e-02 1.667060598111096484e-02 5.910567015594930806e-01
2.254755194794046125e-01 1.151611131108673247e-01 5.371619685293600455e-01 4.765903901336985826e-01 7.619610443825497459e-01
3.682171853473670819e-01 3.888640711609089862e-01 2.395718075583445072e-01 3.493513345578788676e-02 7.059956723182092553e-01
1.967039309254860757e-01 3.983883400422048582e-01 4.621505603676462348e-02 1.000567685220767750e-02 6.382240959144840353e-01
1.894663182221250353e-01 4.112592621991212893e-01 5.203082786531581377e-02 1.018629563896532482e-02 6.549515706865998155e-01
2.016112462715507481e-01 4.159971420079744409e-01 4.277813024693388061e-02 1.001359562309533935e-02 6.357030249125611432e-01
2.845852885922136033e-01 3.991074284346362022e-01 1.074815973611344677e-01 1.272513037732025953e-02 7.232403338718133012e-01
2.060463748036150122e-01 2.106545077656372666e-01 2.285771281421573320e-01 2.670770007913603195e-02 6.467767433014864897e-01
1.846837691684502514e-01 4.022064261623176096e-01 4.687692188426120093e-02 1.217946133804970188e-02 6.558209504886375329e-01
1.958718587855811932e-01 4.638766685030636383e-01 2.706268735707379608e-02 2.667403805396970778e-02 5.157907857406607288e-01
1.999453340362922771e-01 4.035047086431536867e-01 3.194506451651893397e-01 3.848255711242141303e-02 6.679695472306408366e-01
2.667959891506573311e-01 3.017270679886860929e-01 1.057494966108213710e-02 1.025493059110741192e-02 8.242129306164690528e-01
1.823307821826616326e-01 3.406603411365724532e-01 1.750495917224038078e-01 1.456835689938067516e-02 6.080138140938829983e-01
2.906353848971850451e-01 2.720378828142925864e-01 6.437112840779980472e-01 2.696029375062339861e-01 7.046881303443282007e-01
3.234010903620891386e-01 4.915790815350455922e-01 7.007444820968176946e-02 3.346937878353697937e-02 9.697448065488033508e-01
2.505124886294036735e-01 4.043176820702049090e-01 6.071341290464200846e-02 3.162266797123083201e-02 5.392642107995804235e-01
1.746196190529271108e-01 1.281756899869321009e-01 5.583092741008126580e-01 7.250530115357651795e-01 4.711963081950154564e-01
2.043209717022909377e-01 7.536062666257518083e-01 8.544817501492954492e-02 6.135877018095753366e-02 6.147673330782189582e-01
2.896537677079519257e-01 1.383972401867915314e-01 4.297496319159405664e-01 4.024625915626478534e-02 7.963007245832003367e-01
2.067443222424343030e-01 3.778874201979567360e-01 9.096227711445165065e-02 1.577481520454712682e-02 6.437415681109028842e-01
1.777065397910640165e-01 3.450153016168735487e-01 1.981315819788649624e-02 1.975548974385564829e-02 7.549631721116598637e-01
2.166626065762955744e-01 1.999509243604210285e-01 8.355956883363524490e-02 1.520100032960533532e-02 7.067740594855234093e-01
7.670397247536271390e-01 2.453555414194216466e-01 1.149100789542555762e-01 9.119556253336741358e-02 4.849304453966595263e-01
3.173459993355686737e-01 2.221670729581120829e-01 2.296452326737329352e-01 3.186411831268243233e-02 6.037444748019209495e-01
2.780727026694084780e-01 2.539569262992379395e-01 3.599399209874558636e-01 1.330051761139970645e-01 6.264763463812035305e-01
2.908943472628920945e-01 4.088697030621240014e-01 2.367232848947604107e-01 7.612033456240419049e-02 6.355056788245430077e-01
1.874519516658629814e-01 4.991902546748999137e-01 1.052872360203701702e-01 2.882386414650625617e-02 5.795052885098382900e-01
2.272246284831866969e-01 4.001539291866386128e-01 7.332704345946254587e-02 6.444470097734178449e-02 7.137545697205903705e-01
5.718063889304395575e-01 6.955203057851153670e-01 2.118451943697398920e-01 1.964232967885707476e-02 6.024407897083322583e-01
1.896179618340906037e-01 4.587133852262053613e-01 3.509962486903417389e-02 3.186357243021510632e-02 6.458813806932862667e-01
1.242212241647697724e-01 1.106235934306739471e-01 5.336092276238085796e-02 3.320433643779030497e-02 6.350424735878706928e-01
2.262084351088100020e-01 2.010509259214648958e-01 3.700061408122448658e-02 1.575622817038542511e-02 6.926583150051470739e-01
2.492266381031943423e-01 3.951330119906091842e-01 4.356406440688596893e-02 2.131591399620764646e-02 5.552475938658518739e-01
1.715121043416743540e-01 3.958347674211267764e-01 5.717755262315268872e-02 1.117881492193900303e-02 6.212921820418461083e-01
4.215162609686585737e-01 4.960639069740170326e-01 4.277994698172349342e-02 1.912117248643632750e-02 5.574994859411037673e-01
1.343758531058806549e-01 2.783018646602548052e-01 2.373471875147120103e-01 3.472344279383145216e-02 6.439898343956372839e-01
1.808421127004473661e-01 3.409865101440706092e-01 2.814283641012314818e-02 1.987590053096396567e-02 5.899264273059834363e-01
2.007439101742264365e-01 4.055242523875646765e-01 5.300932564019925075e-02 1.174127768947330966e-02 6.308854217557166022e-01
1.251162540353963348e-01 4.512317389801715484e-01 1.360710253693652727e-01 2.307227400783321697e-02 6.604847695575475353e-01
