6.861096046683174375e-03 -6.258567532685002481e-03 6.718744190752097556e-02 -2.453089886376515032e-03 1.961629929737112796e-02
2.576769227644539612e-02 2.521575851173694580e-02 3.505409568900406253e-02 1.558942191038766370e-02 5.933944105732718438e-02
6.109077837111932113e-02 5.866466253635491124e-02 -1.044306233366866371e-01 7.594245864828478264e-03 -2.949555018520106167e-02
3.171213221376204677e-02 -4.132610919115324577e-02 4.927805717663741097e-04 -9.448563608212097106e-03 -3.266159921249401667e-03
1.289108413243979789e-01 -9.616683792932509411e-02 1.296043747966289274e-02 -5.714662037806127713e-03 -5.331355294937696609e-02
-1.959971949456681267e-02 1.538389752984625769e-01 8.472363240845321233e-03 -3.119267022776300857e-02 -1.275877215774096421e-03
-9.961877668223291515e-02 2.958771785540991739e-01 -6.193256935148556963e-02 -1.648138501890743929e-02 -4.552000673864418229e-02
-1.238989122491249845e-02 2.934206477890782122e-02 6.768862452948754514e-03 3.384952995873396001e-03 5.481419069050439373e-03
-1.354408785793254424e-02 -3.819384689597678240e-02 4.535384718503830161e-03 2.749408185289295078e-02 4.434345518195775826e-02
-1.672907495895034971e-02 3.343716806919765777e-02 8.411359333080004747e-03 -1.150399741891491336e-02 1.672550465549524704e-02
-5.060546814133123211e-02 7.628548339321772342e-02 1.769235148434263744e-02 5.516149069600507771e-01 -7.681579694247019086e-02
4.504374889706770830e-04 1.122026682836287093e-02 1.499606619426048504e-02 6.145532508658329044e-05 -7.174255568934343255e-03
3.951503134726325021e-03 2.337808887960131018e-02 -1.921455670216278278e-01 -3.295904153489507410e-02 -4.487622560791847126e-03
1.260309201096274220e-03 -5.476133918857596997e-03 -3.907533306107452246e-03 1.070028744755669673e-03 -5.469628515237117544e-03
-7.565808681658403589e-03 1.657577257466441023e-01 -6.589794357365945376e-02 -1.135121509903454749e-02 -9.540103915451144008e-04
-8.084393861525086128e-03 7.144485576316963668e-03 2.368637847648880166e-03 -2.367598118443622369e-03 4.676964524208228335e-02
-1.829359479909715633e-02 -1.122300342585163223e-02 5.770087021447924819e-02 5.915319969469860772e-03 -9.895374161558059649e-04
-1.352301851696947324e-03 3.751203984186381873e-02 3.331472932416017219e-02 -1.649874494131749257e-04 1.044972985172398609e-02
-1.654742811307679737e-02 6.802572294355906379e-01 1.027007945420096019e-01 -4.694087583584859863e-02 9.433345941228633846e-02
-6.009034120979435400e-02 -3.156187126503881557e-02 4.165595711150316821e-02 -2.071932850569268951e-03 -3.204091537206839313e-02
1.542483778290825933e-02 -7.204629141916010565e-04 -9.983892602428857954e-03 2.892820314107438784e-04 3.104811066336182496e-03
1.974844470057057766e-01 -1.472437865928293843e-01 1.486697689605456507e-01 1.440896618365737625e-01 -4.136339200550570028e-01
-2.109314681345994535e-03 -2.486232850714920339e-01 -4.309164675681607243e-02 1.906532995403723918e-03 -1.539992532133997033e-02
6.119687752706606254e-01 1.499992197414554418e-01 4.194977878415719064e-02 3.886262073977323622e-02 4.201624690182963195e-02
-1.439385103607838945e-02 9.226185257902507972e-03 6.855850434774939384e-01 1.513370959373255093e-03 -2.092885641440892647e-02
-3.458005893889593962e-03 -1.043926176893249062e-02 -1.805399591272311907e-02 4.163363776872386346e-02 6.605007669996008912e-02
-1.794442672932031191e-02 -4.372081749521727900e-02 -1.209062788635363039e-01 9.350485278811188072e-03 7.986389270095849147e-02
-6.235284647126587004e-02 -1.858280459540029017e-01 9.104704011912611444e-03 -1.205134834966841047e-02 1.993021318442868839e-01
4.549551938575840948e-02 -1.692481841178754276e-02 8.762941682619903097e-03 2.069417323927733379e-02 9.044248478837960126e-03
8.471837116704400428e-02 -9.929831176099806686e-03 7.371494375182796599e-02 -8.458773322768448066e-02 -4.048514256614876156e-02
-1.169882330984802453e-02 -5.141849280491837641e-03 1.917068597198615804e-02 6.924104566743521406e-03 1.822226734834245460e-03
3.601061315263222318e-02 -1.552432055937059714e-06 -6.667292146155782799e-03 6.619197320874599735e-03 -5.564383819759097412e-03
-1.917542455266662768e-02 -1.337586222768525615e-03 4.504754963868228858e-03 -1.843258820386337038e-02 7.512465812590764236e-02
-1.271561754724102053e-03 -5.576100877810471297e-04 8.290566644454218370e-03 9.593373229361816523e-03 -3.512856932240188221e-03
-7.065519179060794110e-03 -3.944190833970485921e-02 1.737711646347835440e-02 -4.397973151589297872e-04 -9.271500721336589212e-04
-4.967551965096556228e-03 5.429550916678511224e-02 -1.256226736733586161e-02 4.669483038577257263e-04 3.604032903197132605e-03
-1.642010387905897244e-03 -2.366227149652683909e-02 4.188554164866526569e-02 -3.749383673453608734e-02 -6.401321589157148162e-02
-5.441091256192427672e-02 3.599484806738857956e-01 -7.975464682246102832e-02 8.999321052115776334e-03 -6.044986478969561344e-02
-5.015597870143967407e-04 -1.078523707025163918e-02 2.695557973468715868e-02 1.837325978593317116e-04 -3.833503985807608112e-03
1.073036498672078932e-02 7.902265100337164949e-02 -4.792578658907924866e-02 5.858316758006682293e-03 9.189225668543619940e-02
1.957369900676284892e-03 5.325140306504621418e-02 -1.825778848207693650e-01 3.067312393920338387e-01 5.239562752371699356e-03
2.069496360670237262e-02 -1.501427741241116720e-01 1.543430644182726408e-01 -6.562993723265702359e-04 -3.520139656477799806e-02
3.026587836958571920e-01 -4.528170441590046447e-01 -1.285133018610093653e-03 7.609649454440513446e-03 -2.526830597607247850e-03
-1.956638380349739192e-01 -5.781241509227859343e-02 -1.060432142052024004e-02 -2.736898980523249161e-02 -1.398781812863989227e-01
-1.303312564030119185e-02 -2.391841244858578658e-02 1.527776495123039369e-01 -1.436437789358269547e-03 -2.709014330811629692e-02
-4.445898490679071370e-03 8.148711074705428797e-03 3.312873668132092220e-02 1.520299290377123789e-04 -8.227344007392599703e-03
3.805202652795124790e-02 4.106262452148580488e-02 -4.002708498726073594e-01 3.535892487319045735e-02 -2.487732381467091247e-01
1.895089980788466563e-02 2.067000508235797979e-02 9.651208309267828023e-03 4.192378233672294698e-04 3.547745664300543805e-02
1.532892810352490601e-02 7.523729486241602371e-02 7.945142099388265503e-03 -4.973635006923137966e-04 9.553165142128842297e-03
-1.744799503146381853e-02 2.891842175591791686e-01 2.942241403385414608e-02 -1.146469631686268184e-03 -9.256041742049581078e-03
1.608923663641852186e-01 1.941723790634049540e-01 -2.494750012097765937e-02 6.306288402688366547e-04 -5.308548028071850139e-03
-5.364169673623655349e-03 -9.893850432077317542e-03 -7.180259516021237493e-03 3.817439840974499402e-03 -4.422990275630545032e-02
-2.023617283304670125e-02 -5.057996296274918507e-02 -2.516129413649146815e-02 5.739783928646489605e-03 -1.029792929253761126e-02
-3.323909454391734547e-02 5.525395344939200253e-03 -4.979310806765208097e-02 -2.161880585938790681e-03 1.151754230442774730e-02
3.888626473782636622e-02 -7.982052559761114094e-03 -7.347928081323359950e-02 1.083660330928246790e-01 -1.068263518422403295e-02
-3.740731646002527777e-02 -5.025615541245689322e-01 1.957511099169538249e-01 -3.588897866911531370e-02 1.333465351530914722e-01
-2.094135387859989358e-02 -1.843714729290684973e-01 2.688419374633283648e-02 2.087490725486815159e-03 -1.086780354347975479e-02
-2.783364555026242304e-02 5.184301785833805680e-03 1.680187868697242265e-02 1.920282557473271365e-04 -2.104959749090945867e-02
2.882821849803807179e-02 -1.219980157633507312e-01 -2.879236277677286182e-01 -5.969602628326305116e-02 -1.991492953950841638e-01
1.582094931908709957e-03 6.138460273192292670e-03 3.752294052541119140e-02 -2.046062230561515160e-03 -5.181563556539449215e-03
-2.711390786826749222e-02 2.930982342776859793e-03 -5.497287957137698099e-03 -4.045366913167899371e-05 -2.505408489779008610e-02
1.266141991802056249e-02 8.958911457247607790e-03 2.453745994324680463e-02 -4.515098452145832218e-04 -3.200885021777714889e-02
6.260557730882342423e-03 9.578291037946233544e-02 -3.558304699715762465e-01 4.408691981455557518e-01 1.227887173334614099e-02
5.666432184555821039e-03 -8.525136332758857793e-03 3.172080451579064372e-03 5.499810205623958123e-04 -1.255648843518829922e-03
3.615847966225092715e-03 -1.731006775571250211e-01 -8.124232864883913080e-03 1.983706423868807252e-03 -8.607046318765926990e-03
1.363561246216400138e-04 4.394202760394022578e-02 5.695398009009443319e-02 7.949097342742564710e-06 5.653923898007093100e-03
-7.606033288808458810e-03 -5.524653500943228768e-02 4.924598276048034601e-02 7.014777652757501515e-04 -7.698045956393472812e-03
6.179594622957606392e-02 6.392750713969398701e-02 4.107238350213215233e-03 1.453665015258632934e-03 6.860556726995956783e-03
5.492789106992921992e-03 2.150514246513934580e-01 -1.275249037001312535e-01 -4.184267470065935156e-03 9.747934838950729486e-02
-1.925389919991375362e-02 -3.078029324566815186e-03 1.823718355513246903e-01 -5.491349159362798969e-04 -3.773304304407695126e-03
6.968564330062276997e-03 -2.341553780577425650e-02 2.624944719175887134e-02 -2.688831815925849487e-03 -2.960117425166049546e-02
-2.508702317732237549e-02 1.645469835979286588e-01 -9.799999999999999822e-01 -2.866240159076006988e-02 3.094696782031606044e-02
1.973603500536442318e-02 -1.183679259435579806e-01 3.048164494962138024e-02 1.739300264478377993e-04 1.555773121647287607e-02
1.546182342292604789e-02 1.614575576129117368e-02 1.082633975295545876e-03 2.646056860893173952e-03 -2.265121511664710315e-03
-5.278742360084542375e-03 -1.176685260710170176e-02 -1.695688651875479911e-03 9.473951563761186592e-03 -3.705951747736872717e-03
3.632811809388601654e-02 1.460724037306511125e-01 -9.340421075053298439e-02 2.914353002483048918e-02 3.589783474509278260e-02
-8.445289850332408574e-03 1.674967756445332884e-02 -1.594659374515596320e-02 -1.325815921005054493e-03 1.045349070837722251e-02
-3.715516089021097396e-02 2.831388072308290704e-01 -1.153580587374120198e-01 -1.698114847192424004e-01 3.734690147836957630e-01
1.202859429392846326e-02 8.748784717441464298e-02 5.246565265792409866e-02 -2.484028744562110161e-02 -7.507398798934304673e-02
4.223583461287080260e-02 1.613717733775835161e-01 -3.469404260966645059e-02 4.058944114117492979e-02 -8.688926028917702896e-03
-4.660059344608154762e-03 1.189704480309809569e-02 1.938115524002385903e-02 2.841128638002209453e-02 -1.103372390947424814e-02
-4.464497536588486748e-03 5.675533344680192688e-02 -3.906163007669649027e-03 -4.207612002437651974e-03 -1.486508869090586056e-03
-6.299485534365594809e-03 -2.037602882870720097e-02 1.011226423888755659e-02 1.154703656962796816e-02 6.263887715351305636e-04
5.481164116948614717e-01 1.032811783608513084e-01 1.613860699778912888e-02 -5.945179027431678892e-02 -5.618171120892683813e-03
-2.284238669353015616e-01 -1.259133959505610856e-01 3.628011932363460479e-02 -1.850466968231434094e-03 4.066644213473442904e-02
-1.982013482787970977e-03 2.545157186800229079e-02 4.274711814888260131e-02 -1.100145450488870802e-01 -6.506966567569113548e-03
-3.192907869266261439e-02 -5.021397187447938608e-03 1.429661081955440130e-02 6.708694066761806225e-04 2.160976959176280285e-02
-3.931071798032301223e-03 2.373248664393453819e-02 8.030209010690916860e-02 -1.682761829882168103e-01 3.432788486973559205e-02
1.100377547257329856e-02 -9.500661170059458357e-03 3.223086801887303093e-03 -1.294129477393895665e-03 8.020828441108124665e-03
-1.284972621499597956e-01 7.007154822019862062e-02 -2.289549313599524849e-01 1.093822104496564203e-02 -1.470450106575168711e-03
-5.200620786172540679e-03 -9.873939078747914419e-03 4.240408055686848560e-03 -3.364444801542801605e-03 -9.904218785742189418e-03
5.604900805143994778e-04 3.412924497397115588e-03 -1.578492571257180885e-02 1.616133988801371490e-02 3.045803774023945771e-03
7.422576912273275325e-03 -6.194981963114516710e-02 1.332769512027134340e-01 1.442632337757918321e-03 -2.930822271979288338e-02
2.123462101070065430e-02 -1.420965846160133356e-02 7.564515173531623921e-03 1.019842529085545745e-03 6.774881850431667754e-03
4.064235016667348127e-02 6.637349363430182503e-03 1.830050646452990176e-02 -4.606006121527074997e-05 1.364848584684246651e-03
-1.508493464659625694e-01 1.658037757665022927e-01 1.582903883247812130e-02 -1.520852937410631101e-01 8.255754891881364466e-02
2.514981370594582266e-02 -2.732677726639175589e-02 3.451686173379263367e-02 1.808512411049904801e-03 -1.001570739103079498e-02
2.797886689376886601e-02 5.708734620190423895e-06 2.773008382803956312e-02 -4.879182531898279031e-03 1.522201636211192588e-01
-2.283669493197025904e-02 3.921602522652461315e-02 -1.941597194803105055e-03 1.969065606017734310e-02 -5.642246992352113744e-02
-6.073804416824566538e-03 -2.314818558071265586e-03 -5.771274228227730833e-04 5.059023098991622221e-05 1.105698027916618599e-04
