1.834143264006211915e-01 5.249240820570995059e-01 1.570853605533777675e-01 1.001238238115524301e-02 7.304575245983128129e-01
2.460148646278135232e-01 4.722708127216873608e-01 1.840690631144611400e-01 1.947264275342404719e-02 6.292534963406802850e-01
2.226419010295530576e-01 4.742889086166136581e-01 5.987739731438122825e-02 1.025247631455089570e-02 7.621924176156825714e-01
2.632508799368388774e-01 4.880386468969979408e-01 1.320871626528245246e-01 1.524019089009476594e-02 7.253006659789310584e-01
1.880389963961015543e-01 4.540969263673780842e-01 9.643551084456526701e-02 1.426282576147032410e-02 6.472794899258236256e-01
1.698757896826421920e-01 6.305288156293609170e-01 1.466390792766102957e-01 1.204810131181911770e-02 7.284612912503286575e-01
3.098396694127329432e-01 3.304367261944556322e-01 3.675696256507182680e-02 3.031441286627771514e-02 6.516573841026731539e-01
1.948757645655558313e-01 5.428255653102380673e-01 1.357057779613694282e-01 1.213491014371636395e-02 7.206978476521900268e-01
1.805286531373922754e-01 3.888448255145223742e-01 1.431717504726388590e-01 3.276019394895202108e-02 7.044064275052869251e-01
1.712435127990879491e-01 5.397354124832891564e-01 1.637727651665673578e-01 1.038958529332400724e-02 7.286735264857948646e-01
1.316428307751932592e-01 1.966507653232345554e-01 7.702645202091371046e-02 1.131288697305882218e-01 4.691459215511279979e-01
1.903354713255690500e-01 5.261030971849262050e-01 1.662524552438957581e-01 1.002335151498707361e-02 7.214800682816696620e-01
2.005369054611722268e-01 6.098449246789892086e-01 4.216094408649958547e-01 3.393097609836543543e-02 7.371801078052681033e-01
2.097986423990505778e-01 4.793210891783885597e-01 1.723683673454214638e-01 1.104641189682573597e-02 7.212512628212930377e-01
1.759209290467702025e-01 6.985882197079115175e-01 9.322576584632633057e-02 1.023504688790165436e-02 7.225856208789340762e-01
1.750003445193971663e-01 5.183396034409514241e-01 1.440209776784622531e-01 1.131065749618524914e-02 7.252660840172380219e-01
2.133444215576761338e-01 5.435269863324747597e-01 6.157726341351799082e-02 1.166583405755964795e-02 7.208495819163590612e-01
1.939582163124488612e-01 4.826481055850210256e-01 1.574885316400311264e-01 1.033196330928635998e-02 7.191811844233365614e-01
1.779783105587876002e-01 4.093374236033744396e-01 1.089683853146625470e-01 2.637378030454716471e-02 5.059632746568610839e-01
1.193835003269891892e-01 4.738831759057864912e-01 1.622600085372583045e-01 1.211657621147902049e-02 7.062432485682738070e-01
1.732840425891666314e-01 5.476207698882884500e-01 1.437211662872365792e-01 1.009304492215271250e-02 7.292205180923142516e-01
2.815373037627682540e-01 3.210698553255353915e-01 3.322926770707673727e-02 2.501962658421555408e-02 6.509940725538564399e-01
1.831901036766940272e-01 3.506418979558477700e-01 1.319804392010007210e-01 1.129196179853249153e-02 6.914996759303929652e-01
4.585989866735466491e-01 4.918291808524913877e-01 2.594730173054674571e-01 4.834304108017319079e-02 7.358972811248613022e-01
2.148713065541613398e-01 5.672697087867978327e-01 1.851558640840722525e-02 1.169661858769715894e-02 6.920102650577126813e-01
1.906173220601495022e-01 5.261876143262372851e-01 1.714971838658352343e-01 1.997565126207840464e-02 7.518494936921029659e-01
2.601762428511166791e-01 4.593999727244378328e-01 9.203427254450788353e-02 1.559268599590733946e-02 6.924840892694770211e-01
1.399432055867787239e-01 8.702085927214595618e-01 6.530644356986846366e-02 4.002481914077543612e-02 9.063279118955582803e-01
1.793952686054947898e-01 3.985901262847034721e-01 1.073698198693282119e-01 1.167430093186024725e-02 7.327463130893970833e-01
6.025981218913372128e-01 4.435457705422383157e-01 1.029279286418255945e-01 6.392911587702365672e-02 6.808951394808557822e-01
1.786752518910834364e-01 5.200952552175159838e-01 1.681968833141616049e-01 1.162164949124119134e-02 7.270972680043937819e-01
2.081742689151968029e-01 5.270542922656014095e-01 1.390675171154769907e-01 1.417269515904351004e-02 7.151604710134636944e-01
2.025878528414531143e-01 5.484237947676363634e-01 1.638850275721918104e-01 1.058268529963898169e-02 7.519305711828945249e-01
2.027400740774750465e-01 5.515683599368994550e-01 1.186205250835131592e-01 1.737238150710329262e-02 7.566183000901863798e-01
1.878759180810587459e-01 5.297919200188176969e-01 1.483372251878476988e-01 1.042260423928355502e-02 7.305383164710226307e-01
1.911229245795459941e-01 5.611684121688392812e-01 1.411397718937140999e-01 1.010947866198547498e-02 7.243411579587321070e-01
1.806639964460256542e-01 4.950885270152169948e-01 7.814952899548188725e-02 1.465654173174254019e-02 6.548433729703393436e-01
1.967851432666396505e-01 4.591639196833539605e-01 2.788498902996046358e-02 1.139413630531166920e-02 6.427376267830057222e-01
1.935367520927407103e-01 5.372511466925810053e-01 1.313340110974461350e-01 1.022025162920050731e-02 7.184747139131467675e-01
1.945248653921753668e-01 4.967536779627570453e-01 1.659630786728995000e-01 1.831502172913970078e-02 8.320946523982072351e-01
1.637474587342408472e-01 5.418288097825696426e-01 4.197424371676432564e-01 1.182565553672650926e-01 8.377695317232810579e-01
2.226753268590848100e-01 5.785414608668190128e-01 3.500858464673214238e-02 1.428019995266423259e-02 6.687541055253374278e-01
4.205435378075700337e-01 7.661106148174888775e-01 2.268019387043072044e-01 2.867971432325663178e-02 7.299634939659030985e-01
1.285727739556603855e-01 5.133824834704741047e-01 1.320122470824289518e-01 1.249939546890197276e-02 6.527371575256162295e-01
1.489130546287441570e-01 4.831492175399931810e-01 1.153121122967099565e-01 1.087976158308033743e-02 6.963719917691216788e-01
1.959562567260441091e-01 5.465627225204393591e-01 1.383883738187347001e-01 1.023012819516565773e-02 7.366454426938875422e-01
2.687950714120517226e-01 3.224283724315430977e-01 1.226647663648400832e-01 4.150499029449106203e-02 5.094472338336527573e-01
1.543006661344384356e-01 4.755889734607330332e-01 1.451266239382066892e-01 1.114678597270964654e-02 6.893864111964582708e-01
1.652050076754370267e-01 5.815197781980275815e-01 9.183499872896573601e-02 1.030253716012792878e-02 7.036160706985870039e-01
2.161982784276694214e-01 5.469691400275993320e-01 4.312936356004875432e-02 1.091924672368492499e-02 6.938351996735151461e-01
2.296788548092689730e-01 3.551849583723356574e-01 1.741584371983074808e-01 1.295789746937137804e-02 6.943854885636771002e-01
1.909869294782890747e-01 5.436482920764537097e-01 1.175050852751896163e-01 1.249591600293706826e-02 6.986661544273028435e-01
2.931762216718831748e-01 4.818287861303701680e-01 1.285877698869451746e-01 1.510436788755673172e-02 8.157445350085292812e-01
1.923672098616231452e-01 5.499963887022500941e-01 1.603001093752091377e-01 1.006628925935881477e-02 7.579377209711163355e-01
1.836142072211046083e-01 5.362933164324454882e-01 2.859366121082328460e-01 2.338141778833505158e-02 7.309361938086114119e-01
2.545029346279500393e-01 1.853639790681267385e-01 8.508693446973152053e-02 5.523508410721309630e-02 7.380666176558786651e-01
1.625094871740503932e-01 5.700899456835233359e-01 1.191894301784083982e-01 1.232457576332010411e-02 6.918127724863341044e-01
1.836609738770217937e-01 5.449486674213090964e-01 1.600188170542620192e-01 1.086544713320175895e-02 7.058647233223708239e-01
2.093552034556835917e-01 3.352650982447751837e-01 3.249766109584997786e-02 3.105575609701272111e-02 5.225632262036634668e-01
1.933026420979143956e-01 5.468701626445424679e-01 1.408312964766080533e-01 1.205289331179789855e-02 7.231296511337270694e-01
1.898872948435872399e-01 4.553072549960230364e-01 1.363310158101848357e-01 1.015375547330811534e-02 6.995208867272434405e-01
2.074023072975081927e-01 5.215217706541978027e-01 1.592075709154969210e-01 1.053715976781780840e-02 7.061194814876984305e-01
2.254755194794046125e-01 1.151611131108673247e-01 5.371619685293600455e-01 4.765903901336985826e-01 7.619610443825497459e-01
1.965639663163872564e-01 5.216917403517786767e-01 1.537645586157138089e-01 1.042741287933701341e-02 7.243652807521181458e-01
1.920520797015183301e-01 4.690934033345036669e-01 1.126557123621146073e-01 1.105592951444572640e-02 6.926086560681261606e-01
1.894663182221250353e-01 4.112592621991212893e-01 5.203082786531581377e-02 1.018629563896532482e-02 6.549515706865998155e-01
1.682816055924755694e-01 5.328101972004026798e-01 1.184813832690829183e-01 1.007871066855522794e-02 7.015198807492548649e-01
2.206679963898724450e-01 5.622400816447803429e-01 1.474586643171217626e-01 1.263740894545617097e-02 7.282820874643218811e-01
2.130943098978458350e-01 3.209206608463666122e-01 1.775075927422750388e-01 1.389137845764297670e-02 7.084455832086193894e-01
1.765263567951873003e-01 6.116762608870751627e-01 1.637416148035739927e-01 1.070020327690905486e-02 7.294919390658007874e-01
2.042181229060527625e-01 5.362352818891257256e-01 1.340340306176103502e-01 1.829232890624018712e-02 7.299469790237862465e-01
1.705039634068882537e-01 5.417358492544038784e-01 2.463036584701336906e-01 1.552633916121140545e-02 6.995992503120734840e-01
1.819767324867766212e-01 5.001532727504307552e-01 1.628840682957793384e-01 1.140040018440400746e-02 7.485760536257419773e-01
1.843574404411010559e-01 5.534566043809043823e-01 1.579043012267645207e-01 1.077896792660544729e-02 7.228899736778835461e-01
1.910462660654028699e-01 5.374692410113460772e-01 1.147475985292945033e-01 1.924223341869490261e-02 7.321731533229434152e-01
2.360595203786677310e-01 5.036494064627832223e-01 1.642297783432267733e-01 1.451301315452384333e-02 7.278405534640645103e-01
1.942648832980745643e-01 5.165497472353319797e-01 1.245663899371460825e-01 1.007803889840881532e-02 7.299097372901907077e-01
2.069255189162337860e-01 1.991459849581116437e-01 5.826476013310601942e-01 5.177393122122375679e-02 4.705984183162156276e-01
1.804415339388172612e-01 4.797561081506214742e-01 1.966359126786923484e-01 2.632478409300161720e-02 6.675299803323847536e-01
1.981290939131351014e-01 2.465353179118683069e-01 1.197639442612434546e-01 1.427681083291795078e-02 7.363955660645249424e-01
1.825879588081196214e-01 5.084238438666852655e-01 8.808003205868841778e-02 1.025224462616251830e-02 7.048852303725041679e-01
1.912573166962348858e-01 4.093437308015728249e-01 1.600482490493426724e-01 1.485137246283535668e-02 6.947075360008421185e-01
1.957881976571470839e-01 1.772892453325537465e-01 1.036526688536220375e-01 1.027708779955441298e-02 7.252191979802518063e-01
4.533854999769379446e-01 5.761114588800433367e-01 1.573586018209081894e-01 3.863674085492815186e-02 7.147300467320936157e-01
3.173459993355686737e-01 2.221670729581120829e-01 2.296452326737329352e-01 3.186411831268243233e-02 6.037444748019209495e-01
2.047424587043274735e-01 5.386772649630111598e-01 1.427205581715328964e-01 6.720330188652395842e-02 7.143214875759477112e-01
1.995891978697348634e-01 5.267346756718008782e-01 1.465706673870212640e-01 1.076871185937925551e-02 7.375803077453497725e-01
1.874519516658629814e-01 4.991902546748999137e-01 1.052872360203701702e-01 2.882386414650625617e-02 5.795052885098382900e-01
1.864612512339153538e-01 5.467580885867587837e-01 1.492718300531604980e-01 1.021847107780575296e-02 7.386514131869083011e-01
2.240529234348794807e-01 4.778876507153014264e-01 2.324330956828559724e-01 2.450939268021899708e-02 7.079139215633591942e-01
1.755047676971017434e-01 5.279488325617570643e-01 1.334368986194901796e-01 1.432329249578140166e-02 6.596911672390618486e-01
1.871976074633083242e-01 5.458177470901210970e-01 1.402746138324750536e-01 1.433590270161631125e-02 7.165351023144012066e-01
1.725660607645328748e-01 4.406482168268182065e-01 1.758493176134474645e-01 1.098607031790576997e-02 7.548476330674900314e-01
1.678884467294768923e-01 5.281295988274956610e-01 1.411578398217741837e-01 1.028067931593897380e-02 7.064942722126339447e-01
1.836761211931263460e-01 6.050144968307833437e-01 1.341469591803209627e-01 1.017524818988465099e-02 7.325625268554986080e-01
2.478767421164331797e-01 8.537967077043444597e-01 7.751619626223338333e-02 4.902532813829432040e-02 6.351231938247348108e-01
2.168967556796048135e-01 5.408309525857565303e-01 1.708034369419096921e-01 1.105184996066940414e-02 7.210946157449131810e-01
1.778093743950634742e-01 5.712050748788883858e-01 1.712780207411475353e-01 1.289033359098437116e-02 7.385187856920517602e-01
2.207693625204937282e-01 4.996220021902366137e-01 1.138170313281190033e-01 1.090269776326913131e-02 6.739379645808784014e-01
1.873469494717607819e-01 5.282254493382145810e-01 1.556882374101731803e-01 1.002846531977561947e-02 7.244229786481882760e-01
