2.543249205379986486e-03 -1.146267932609800443e-03 5.073794806068717377e-03 -1.034246284713067390e-04 3.357677400866516514e-03
-4.387680937175547635e-02 -1.503453766446655529e-02 1.039171075825474737e-02 8.932897157124778872e-03 3.577162115011104510e-02
9.381605109719403160e-03 -3.153565866394425488e-02 -3.713924466327837848e-02 1.030170040368907691e-04 1.973747187183352847e-02
-2.898719054714520363e-02 -8.079640249875642008e-04 -5.846687389383267534e-04 -4.672567014340396900e-04 5.545659941327420184e-03
-1.492508941220629416e-02 1.841289325215164918e-01 8.477216625583332624e-03 -2.924072127080267099e-03 4.179793568206124910e-02
5.969782722383057752e-03 -3.475828320609803540e-02 2.087644877325207753e-03 6.316002582976239232e-02 -6.966007211326744270e-04
8.499632420677910929e-03 2.342507356779789315e-02 8.815025299754675192e-02 2.999667288101242821e-02 1.765520848552065009e-02
-6.773628151447610816e-03 1.120406216690733071e-02 3.666636688113839157e-04 -1.088316292162567686e-02 5.568146174593930839e-03
-1.290563712447433944e-03 1.743448385328941197e-01 -3.840210485301199551e-03 5.490276277306821049e-04 -4.190972534599360366e-02
1.367275364064428865e-02 -6.835177429973745417e-03 4.296428884628221943e-03 -3.720886349488676352e-03 -8.752062385353136242e-03
-4.520102059036435610e-02 -5.235172196655338839e-01 -9.212702707703716506e-03 -3.265698402968014724e-01 1.785164286493643448e-01
1.895692775496717497e-04 4.203241460656863271e-02 6.593487788692511779e-03 9.693547199252226158e-05 -4.855508189485923179e-03
-2.529886490875290356e-03 1.915676088842364552e-02 -7.782283877353646240e-02 -8.123680366527450195e-03 -3.670801747418683380e-03
-4.691971289175673326e-02 7.980296910979654346e-04 -1.127139686536922673e-03 -5.692063730020788205e-04 7.894589494772173352e-03
-1.379628057075449549e-03 -3.988083085627343663e-03 -1.091665362592605937e-01 1.112343196529336437e-03 -1.555887912101015748e-03
-3.236595359380539747e-03 7.341259945628519218e-03 1.200362312214396307e-02 -4.393496646676878920e-03 1.786605154040169993e-02
-1.493778659694257847e-03 5.976416705398440200e-03 -8.491554256760441149e-03 7.761723699142813841e-04 5.940051543071976506e-04
-4.624299169160638739e-03 -2.357069036061452266e-03 -8.144414081837325972e-03 -2.820717896686501211e-05 -4.094862319776605697e-03
4.622889373612974057e-02 4.525043860414357244e-02 -2.798594396877242957e-02 5.311578715511564019e-03 6.882994807369105517e-02
4.135382156733095199e-02 -1.481624769980140199e-02 -2.123958289319339415e-02 -5.996631861820020393e-03 -1.785057479448990195e-02
2.459843057761182741e-02 8.235291583596658638e-02 2.098827101263978697e-03 2.162397587307481116e-04 1.091926371296449974e-03
-4.111193109086175822e-03 -9.166831758971021038e-02 3.751430376840021730e-02 -5.565933121766876435e-03 1.985309277775564318e-01
-3.890303327753778448e-04 -1.776937172877839366e-01 1.997477903139985300e-02 -9.719545501145317458e-06 2.567601635944036578e-02
-1.227839983458993006e-01 1.672844629003829992e-02 -3.511841180727229977e-02 1.634455152295784643e-03 -3.650571135678422514e-03
-1.424189436368762142e-02 -3.392443711475665036e-02 -5.446109404983216773e-02 -7.318170285662298430e-04 -9.513436633041461217e-05
1.377235826266799430e-03 3.735187322102415325e-04 7.551660011125487654e-03 2.055401561721221723e-02 -1.765927896751416431e-03
-2.571280277534894187e-01 -2.220973896709173626e-02 7.679639306359278828e-02 -3.181185685225505679e-03 -5.075908411942210013e-02
-2.825757022494236603e-02 -1.913864945012351826e-01 4.184045142724075739e-02 1.766285620948753951e-02 -6.873735280853186802e-02
-4.773737317029036822e-03 2.959537361259918786e-02 2.093345128537061998e-03 5.820281846813900317e-04 7.395077729903662747e-05
-3.229271255722850342e-01 2.924454527665850539e-02 -4.165440959573982194e-02 7.782083309947638271e-03 2.414169958621694562e-02
8.365133840644144864e-03 4.583844387921843307e-04 5.498130058158426370e-03 -4.310458837260110069e-04 5.466593397059776177e-03
4.246963113465286377e-05 1.073949171418852678e-03 -3.839190872223872692e-03 2.119313955288617581e-03 2.774882995541238032e-02
7.622100149602331967e-03 -5.408724196966135413e-03 -1.341195623636659345e-03 6.420287885870626203e-03 3.685024021510934639e-02
-1.198740240639812769e-03 -9.982360222703786853e-04 1.259362674779476634e-04 1.202776781288797132e-03 -5.887198951492304821e-03
3.142631711353513968e-04 9.047764152726378226e-03 6.643901199453110945e-03 -3.495647307998932187e-04 5.491094914330427526e-03
-1.088522238513559974e-04 -1.532599312669274960e-02 -9.983786209370243067e-03 -7.034106792467385697e-05 -7.573741613162515924e-04
4.176115634233601610e-03 -4.853174890061310275e-03 -2.225278616332087168e-03 1.079058517824420423e-02 5.811207208775202165e-02
3.234175985809374654e-02 -9.077454665601981942e-02 9.612836647265053658e-02 4.861979854602720835e-03 2.849696423103217219e-02
-1.872583888555752777e-04 3.979595181164761325e-02 -2.750278605419308967e-03 -6.167164204237935799e-05 3.441805869435469404e-03
-7.089948237889125496e-03 -6.375637972873637871e-02 6.565505753333779164e-03 -2.073532448865950378e-03 -5.292891628001999971e-01
3.277153440894107778e-03 -6.750151750394560966e-03 -2.511146189021954966e-01 1.882041044326647206e-01 -1.689367144533819309e-01
1.252802259008424166e-02 -1.799948575427964131e-02 -2.316907914966955060e-03 -8.367185842081859178e-04 -2.632678838744979127e-02
3.491828824391631121e-03 1.392305260774298892e-01 -3.457000053718290583e-02 -1.408387757247968851e-02 -4.336681276704573858e-04
2.213771355821799180e-01 -2.545047027843895179e-02 7.590820984529500492e-02 -3.284338090318473981e-03 8.550310807473092412e-02
5.915665762308516817e-02 1.703081109623810069e-02 -1.474347770993187680e-02 -6.211089158427127470e-04 -4.005671184416846088e-03
-1.181630363254138928e-02 8.754652590185815070e-04 -1.236551904994932739e-03 1.798552857387819245e-04 -5.990839196743646955e-04
3.094331584425175086e-02 -2.254302383042478541e-01 1.079158658145386480e-02 4.991892890873757087e-03 1.805399749136238005e-02
1.140325100953156834e-03 -1.372983993349248056e-03 -1.058312385637935095e-02 -2.045945880740033390e-04 -6.597909205485584169e-03
-4.365537211370007498e-03 -3.002097198674415907e-02 2.287086105533600588e-02 -2.233902972262254713e-05 3.072501518599994597e-03
-7.383080602049903185e-03 1.143468602427741704e-01 1.627425218683268282e-01 -5.216544355484805046e-04 2.438872525131608598e-02
-9.217806893171104354e-02 -5.530714365003144284e-01 -7.875326091023574296e-03 2.497797601756336118e-03 -3.229197038466526809e-02
-2.483932350205165108e-03 1.764383123897432862e-02 -3.468312773502424395e-02 -2.503607044711961705e-03 -6.263954780886218932e-02
1.796785869509948119e-02 -1.490403450363339544e-02 -6.181511231664949153e-03 6.047212343133137082e-03 5.285464318662708161e-02
1.795939399199187117e-02 8.496151100307642798e-03 -6.682894944383128977e-03 -2.994692731926359985e-03 3.682607802694146115e-02
-1.660256080632510275e-02 -4.984219619291111250e-03 -1.102349868941138039e-01 -6.160082234138095081e-02 -3.070771362024051713e-03
-2.490382323439952091e-03 -7.821169853921797199e-02 -7.572417829824917845e-02 -1.122027230205422249e-01 -1.692743822581444305e-02
5.914914813639211844e-03 1.849636429794446202e-01 2.066020110328636427e-03 -4.831924188882839071e-06 8.531981602789816006e-04
5.405442919542772541e-03 -8.617137681216607836e-03 -4.965970619876306641e-03 -3.293329806773949734e-04 1.043796648837265240e-05
-7.512063452611198767e-03 3.637496301283472122e-01 2.996342140239783430e-02 -7.146881332439807000e-02 -4.540988656025403691e-01
-1.085464921882231754e-03 1.373007481776678494e-02 8.643554542067676677e-03 1.270342596357838100e-04 -2.502383143547555304e-03
-3.199179684173558864e-03 -7.279078342604571907e-03 -9.222741323758904680e-03 4.307509901865392460e-06 -6.212824094127336605e-03
-9.506245709157229440e-03 -1.046232717788402088e-03 -2.388573403061948573e-03 2.740997312803835034e-04 -2.973534993589153561e-03
-2.953130608420411266e-02 -3.347284137963900674e-01 9.499031642860639169e-02 -1.343709828011359075e-01 1.631439850889482724e-03
-1.484480535634620860e-02 6.694191225935821861e-04 -1.684128639882819488e-03 4.449247059681086223e-05 2.010388479240350201e-03
1.678981284292397095e-03 6.381062049678882381e-03 -3.224410409235342698e-03 9.251448782529381794e-04 -7.851675965598341536e-03
-8.219428091321941739e-04 -3.854383794613206468e-04 3.057261749763099876e-02 -6.606967047614136808e-07 6.401748203647585414e-03
3.939126859014143930e-03 6.068471622452028917e-03 8.874614936228267942e-03 -7.386078371102869160e-05 -7.652056247768135831e-03
-2.763653759693810059e-03 8.870564449955073427e-02 3.359677706529859073e-03 -2.163340185554266104e-04 -8.271172208630318129e-03
-3.457622500307966969e-03 -1.880082311298072323e-02 6.996657968444985887e-02 -1.069046334635583278e-03 -2.117993725914675204e-02
-1.419198728193297098e-03 5.812518265061810546e-02 9.360277383767601211e-02 -2.694410535480740534e-04 3.143967893778994616e-04
-2.003020877073924746e-02 -1.856413175077484268e-02 -4.752453772402148225e-04 2.420442576258371396e-03 -1.527910619119386346e-02
-4.846024032167133748e-04 -2.482025528217494947e-02 -3.500912119346916151e-01 4.034712564107984477e-03 2.606299075916462208e-03
-2.485400474788637248e-03 3.802014210168120582e-03 1.671818255027478564e-02 -9.125310315038075463e-04 -1.105314715978226395e-03
2.643828266198495341e-02 1.909248820018802709e-02 -7.660025386857937822e-04 1.140913413420005388e-04 4.554973019057323783e-03
-1.105899790167122129e-02 -4.355860304004061101e-03 -1.069380164319222587e-01 4.004942575697076460e-05 5.082646487168275030e-03
-8.294036549828788518e-02 -4.308427907379923567e-04 1.893269156640989617e-02 -2.319854343515015058e-02 -1.802183548182541284e-02
6.694134388565624143e-03 5.334115698770230431e-03 1.071860069873539767e-02 2.950599743785609855e-04 4.844956831777411793e-03
3.801849200336061482e-03 -4.538680130246254274e-01 -5.038312614281482971e-02 4.596732035075708489e-01 -3.520966158020836789e-01
5.736449683472730904e-03 1.662589222205243175e-02 -7.260189852534845896e-03 -4.870277340892559953e-02 2.243009674351957930e-02
-6.927950607518265635e-02 -7.366359966296967543e-02 1.015004646532600557e-01 3.608209332224556615e-02 1.148164718413422197e-03
2.343495281693374916e-03 1.160570168131161081e-02 7.762711690255234831e-02 1.996378441844244393e-03 -1.070019318342658836e-02
6.976780271987393679e-03 -1.669222477167677521e-01 -1.111057408229280952e-02 6.674707504426274397e-03 -4.014625352398370865e-03
1.206255649768252919e-02 1.820094347124749656e-01 8.403432016398319077e-03 3.249457395050779282e-03 1.830602659427807899e-04
-6.817294112102463555e-02 -4.009895420904521497e-04 7.492271062694133739e-03 4.509009837104815954e-01 -1.069430800024867567e-02
-1.010750139156721232e-02 -7.084246274681425815e-02 8.168708328202295421e-03 -5.738066794564979783e-02 2.140969991069650510e-02
-2.100779772214088001e-02 8.338688840049178139e-03 5.374369032146861062e-03 1.872364487556839319e-02 -4.525285412329905013e-03
-2.798614744400911188e-04 -2.733239484644857387e-03 -1.803937069339062865e-02 -2.871187372381822298e-04 -4.886705794110688533e-03
-7.660764128774226554e-04 -1.335398220212414937e-02 -2.103930577988955691e-02 -1.217597688968252850e-01 -8.436057330334147120e-02
1.242905941678580910e-03 7.673042601569470163e-03 5.980487039294971399e-03 5.842293580539908819e-04 7.496776104616454522e-04
1.871259034449159961e-02 8.114540805210598839e-02 -1.701930261404005149e-02 -3.983683162686232557e-03 9.917669410495249388e-03
5.390764889191391969e-05 2.050354437064334269e-03 -5.432460698290746473e-03 4.436884285173459813e-03 -6.101673820608338045e-02
-7.774511315924557790e-03 6.297567569827085265e-03 1.826330646621886558e-02 -2.599963039890596742e-03 1.367468572858311117e-02
-1.235595890036721330e-03 -1.600553764041679622e-02 1.798456363840966613e-04 1.940496904830935542e-03 3.389358693533481987e-02
-2.198094127780363116e-02 4.509400774276943989e-03 7.995880302532920939e-03 -2.056305800288765404e-04 9.810782028900330576e-03
7.364690993257737468e-04 -1.497272313492212757e-02 -6.613605652366913792e-03 -2.193770624153692838e-05 6.387781482936410408e-04
2.048751855501401015e-02 5.925270217570047931e-02 4.800744453629780112e-02 -1.186239069370049748e-01 3.384738957682653648e-03
-5.767954593049466790e-03 -3.820362495030846933e-02 4.040230438557536330e-03 9.004718873907107096e-05 1.783761623494568068e-03
1.717413964901973525e-02 2.897629624844706431e-01 -2.899924292204252713e-02 -1.438980770880020051e-03 -9.412815124809280343e-02
1.385552686861433180e-01 -2.297701617209210474e-03 -7.708573554052963739e-02 -8.685572609284697475e-04 -6.623911550849406749e-02
-2.623959081294275058e-03 -1.887835887770932539e-04 -1.262163205916179254e-05 1.154861294443833341e-06 4.945243534648342490e-05
