1.947466077905706805e-01 5.294351027226430473e-01 1.570940083171952772e-01 1.000130068767874844e-02 7.261048060280378413e-01
1.859004113193614138e-01 5.299565336638119017e-01 1.540232877135987166e-01 9.806337635811433057e-03 7.290062553126389622e-01
1.842422157471913791e-01 5.930178698805629312e-01 1.560443422841817640e-01 1.001893533073544042e-02 7.364702739236923534e-01
1.853507594534545555e-01 5.272860910253588385e-01 1.549370845262665330e-01 9.977992633366680048e-03 7.286065013148557146e-01
1.846484717221354432e-01 5.317330175919164903e-01 1.560322478630305487e-01 1.000156572818123625e-02 7.276304635931620801e-01
1.813825531539121072e-01 4.661457104635670645e-01 1.588972171456528304e-01 9.288133353995779370e-03 7.278961477749995579e-01
1.676155170926640348e-01 5.316848161556972929e-01 1.431962728925526285e-01 1.129510777168567411e-02 7.383783378345739612e-01
1.899483658237529626e-01 5.338982536786260891e-01 1.591468567175126081e-01 9.812636674499287601e-03 7.277033567221339316e-01
1.851241297714786294e-01 5.354401957855420280e-01 1.551073687659161038e-01 9.631357599435907274e-03 7.288147812159274652e-01
1.852480779847385794e-01 5.323793650342278916e-01 1.550082479208344521e-01 9.999723612631827505e-03 7.275143667261656510e-01
1.855940854947991103e-01 5.309357021545437760e-01 1.561523556761883202e-01 1.012437517301546276e-02 4.467112599089453351e-01
1.871201845038125977e-01 5.283950721105293846e-01 1.486035441142474212e-01 9.996549293017034654e-03 7.275506762189886123e-01
1.853785727658079641e-01 5.334912793173182122e-01 1.575676520593643493e-01 1.011578758214764888e-02 7.314838163980004193e-01
1.789217314897634248e-01 5.300522940393288529e-01 1.562466902195192575e-01 1.059957180570078941e-02 7.268882789509214515e-01
1.857751002621929604e-01 5.169374045594550271e-01 1.573120147064709651e-01 1.002306340489348205e-02 7.282358410797964421e-01
1.869428902162614814e-01 5.292203887829066700e-01 1.652597733798953639e-01 9.743101452739101956e-03 7.269069872190425663e-01
1.837309170675408831e-01 5.282355067975428309e-01 1.558204886567769176e-01 9.980716714501630324e-03 7.279202934905437683e-01
1.846966611596075059e-01 5.371534611929882352e-01 1.565172495542960507e-01 9.999659679904555551e-03 7.275474163234940672e-01
1.855197328273968105e-01 5.295441688142521475e-01 1.551349349044532921e-01 9.995121821025338901e-03 7.273450850589983085e-01
1.851639722949962319e-01 5.295343816827832173e-01 1.585650819015305690e-01 9.905450772790282826e-03 7.273226841146902544e-01
1.855087786219094537e-01 5.297101940030345402e-01 1.547401346333053263e-01 1.002462663160779560e-02 7.274478628555470783e-01
1.849840700779711855e-01 5.255910684219848861e-01 1.395658502974018444e-01 1.010983348003029192e-02 8.394968118847836447e-01
1.854201694300955661e-01 5.371733868223603769e-01 1.517167031783641928e-01 1.003294642773254648e-02 7.333623604893154679e-01
1.718421731758835169e-01 5.272749833736294356e-01 1.564441733851203165e-01 9.366872724383962581e-03 7.275044423028492746e-01
1.845863957700412394e-01 5.280268343020039223e-01 1.497546548561873858e-01 1.000083010177624590e-02 7.269900335186365581e-01
1.853124018943561602e-01 5.310890574237100425e-01 1.547647186983535095e-01 9.999936328624985798e-03 7.352820143373270945e-01
1.907789629124443664e-01 5.632442138387768749e-01 1.539556788784436359e-01 1.071594692976910422e-02 7.232640643278016590e-01
1.856051816679233357e-01 5.367976057527267253e-01 1.555172684341873945e-01 1.016394900464951886e-02 7.236356778941613888e-01
1.853840183911971418e-01 5.290197346679834656e-01 1.550518984405530043e-01 1.000191088624425607e-02 7.274502309227013352e-01
1.876824596572106985e-01 5.360184295920098485e-01 1.529067222312599506e-01 1.097621629354207477e-02 7.286797684498959038e-01
1.852832057570013014e-01 5.302405633664075690e-01 1.414879873730572057e-01 9.992808494593321753e-03 7.274986467481046049e-01
1.853468157731458232e-01 5.312037238177046428e-01 1.554622018617973223e-01 1.019815861141262943e-02 7.278175481698812010e-01
1.909544510375561499e-01 5.508112047118880472e-01 1.552813786104420835e-01 9.864909830680522462e-03 7.240491135895195107e-01
1.886170972794420087e-01 5.311196584137360954e-01 1.549909506033164686e-01 1.003291557513134175e-02 7.344452669313050741e-01
1.853188411014270731e-01 5.851724598386143228e-01 1.607115232348050593e-01 9.984664788518482145e-03 7.269467678682358658e-01
1.853992331893606904e-01 5.290530365781213051e-01 1.549592037905160591e-01 1.000077877856789081e-02 7.268586782455790374e-01
1.831224974595921651e-01 5.253888684627744388e-01 1.548970855378193345e-01 8.700961317972634446e-03 7.382718018869265375e-01
1.863257336872599090e-01 5.288993474579669618e-01 1.457596298683642710e-01 1.017933045021820332e-02 7.244036137683189658e-01
1.844053806104068161e-01 5.317968323029350630e-01 1.549615071985323556e-01 9.993585759169561558e-03 7.276955482965870026e-01
1.853530356134564794e-01 5.291832291845164349e-01 1.531393503092152164e-01 1.000508643594962346e-02 7.277933772815300406e-01
1.830275295205542052e-01 5.321276778858321510e-01 1.743845345897755972e-01 7.977118215826356495e-02 7.275611325251355455e-01
1.845921202443045472e-01 5.302612399913281260e-01 1.551993981204642936e-01 1.007683838808375205e-02 7.280126387588896630e-01
1.905088742335502017e-01 5.331633816974401530e-01 1.539716181760842351e-01 9.142469142458730866e-03 7.267083809270664663e-01
1.817230468136653843e-01 5.302496086483160509e-01 1.581283733269762126e-01 9.947715942484398888e-03 7.272500251004194727e-01
1.847640716036385578e-01 5.410390209793793925e-01 1.488131218931451893e-01 1.004900797701532844e-02 7.273328364041785621e-01
1.835083243308269774e-01 5.297802280816628073e-01 1.549243385363361369e-01 9.998641131386241249e-03 7.273495276643392460e-01
1.853861926354942735e-01 5.348276137777198125e-01 1.554862625455999403e-01 9.807187250143775681e-03 7.271630623580183084e-01
1.852632720022023005e-01 5.324470846537449065e-01 1.538839031339588326e-01 1.000019964516377265e-02 7.273150065909171902e-01
1.853162307655835950e-01 5.182474873486632161e-01 1.563807650865896015e-01 9.993802903335419902e-03 7.273216499248061906e-01
1.865588887045792899e-01 5.446968542495679300e-01 1.490860034648001931e-01 1.002234900739451193e-02 7.293195866001634942e-01
1.848508806104903479e-01 5.282465846832667955e-01 1.551630269279165864e-01 1.012018029558318238e-02 7.273392488136061207e-01
1.857797694716780690e-01 5.291970965193446563e-01 1.566999037724543520e-01 1.013201624416442369e-02 7.195688757559088877e-01
1.815929893971113540e-01 5.338862462972390199e-01 1.562954333479987801e-01 1.065454285538444505e-02 7.264962276078128500e-01
1.796737520180516634e-01 5.054801632890660867e-01 1.549164891999566251e-01 9.961376909823136186e-03 7.264837507026477015e-01
1.845723973515433491e-01 5.333283306051020967e-01 3.425836119541862679e-02 -1.090198538972679543e-02 7.306946109374012899e-01
1.847031902916834167e-01 5.244936087261979907e-01 1.451617981038379745e-01 1.001657914986388460e-02 7.277553489849976076e-01
1.854246528056288923e-01 5.295502816980031113e-01 1.558436595363166255e-01 1.000048821843680519e-02 7.273039888886076998e-01
1.858333830721583813e-01 5.238292664193092696e-01 1.545032395723088814e-01 9.944728991270421550e-03 7.220091849110703563e-01
1.849544454813663863e-01 1.140806160920950774e-01 1.248033462451394598e-01 1.224989073031494680e-02 8.492309485948281722e-01
1.919565396855837380e-01 5.306502508875650115e-01 1.558227249790080371e-01 1.001629413025767468e-02 7.337582326700334834e-01
1.854150216050684807e-01 5.292579784123910835e-01 1.550513638968176455e-01 1.000403083779196310e-02 7.272488195592368143e-01
1.803647522924437530e-01 5.293175284698412586e-01 1.544703827680715680e-01 9.974135759792945866e-03 7.209080938853971166e-01
1.944076104910060498e-01 4.347686853976219234e-01 1.999618817060257181e-01 -9.443396916633589599e-02 7.216990331727747288e-01
1.853557398245690990e-01 5.322976871133847654e-01 1.563133455312731013e-01 9.994558056974472623e-03 7.296581392982969261e-01
1.856090304802493485e-01 5.296353246695993944e-01 1.563323463864343399e-01 1.001979624339144857e-02 7.286738099444373118e-01
1.848947751174778165e-01 5.333935935586330279e-01 1.540839202775326211e-01 1.000149120546387979e-02 7.274538021048652103e-01
1.857591772354477144e-01 5.161881872132708660e-01 1.580070186698209200e-01 9.994025931440764926e-03 6.960434083923795479e-01
1.852827713325373993e-01 5.299162434090308738e-01 1.552590667064770447e-01 1.001073575766782929e-02 7.271318097494947619e-01
1.816365682738316500e-01 5.303144293277596288e-01 1.576836911044092182e-01 9.645832692740972242e-03 7.182775418450035865e-01
1.853825588120074919e-01 5.323083088928213247e-01 1.565265953510452113e-01 9.999221095781019378e-03 7.273272259825815933e-01
1.854323789768732023e-01 5.300251969196269064e-01 1.555474204625975077e-01 1.000564161079234467e-02 7.226993219347700448e-01
1.844767931757415602e-01 5.295914111774858712e-01 2.624700383752409660e-01 1.012460742803248867e-02 7.251676673575528920e-01
1.849564524381900887e-01 5.309108798473936019e-01 1.546552818722189693e-01 9.683865000605588330e-03 7.276203503757551205e-01
1.860643383679574936e-01 5.316848677455701111e-01 1.559818272363020786e-01 1.000041321529834999e-02 7.277470898281697131e-01
1.855408458389272430e-01 5.324722909091180734e-01 1.545385395507440640e-01 1.000759741704973678e-02 7.258105318711179921e-01
1.853669418336571784e-01 5.268284521816291033e-01 1.523491134905625988e-01 1.020163345601086263e-02 7.259194161935333955e-01
1.934480758401341260e-01 5.296879570324147801e-01 1.776452436865560702e-01 1.003288322947025121e-02 7.250514114712632852e-01
1.830979118934412397e-01 5.718990380849648947e-01 1.640955130689423502e-01 7.336700456022758436e-03 7.242926133906102404e-01
1.847162878718292545e-01 3.815854313185783053e-01 5.438968450485891920e-02 9.928771715963803299e-03 7.285755485426923528e-01
1.859398539656944849e-01 4.981586822343199161e-01 1.777106618460699283e-01 7.311285474271978294e-03 7.281140713114704344e-01
1.853418855539392673e-01 5.351435476265938851e-01 1.550697315726714820e-01 9.995304967422725256e-03 7.226604015917393875e-01
1.852804588467694968e-01 5.243385546990732005e-01 1.539242326560779361e-01 1.001072030522798945e-02 7.224111934634048771e-01
1.880893416954600716e-01 5.293898519654841595e-01 1.567783763978248257e-01 9.985509290126471510e-03 7.272936673694735399e-01
5.141705272177697628e-02 5.333370085513540193e-01 1.556930501235367081e-01 4.426537658257761326e-02 7.406650443480115031e-01
1.872926980241018668e-01 5.282991499484803732e-01 1.481999684953712315e-01 1.200651191048353154e-02 7.306192644820848070e-01
1.851819358582076913e-01 5.307240808087324568e-01 1.558159343341852243e-01 9.882638907217864213e-03 7.263225231334750065e-01
1.853923266207563592e-01 5.297644312059802685e-01 1.554523535982645366e-01 1.000147386398938902e-02 7.268716408056564715e-01
1.842122520353617898e-01 5.209983324833833418e-01 1.630823521174464552e-01 -2.961256610244571846e-02 6.413378990079037223e-01
1.867655395453788059e-01 5.292985534135125070e-01 1.549348809197004240e-01 9.994119198463930279e-03 7.281503165189483484e-01
2.059396402867894049e-01 4.668409114417275685e-01 1.452182123512479606e-01 1.020747115746640371e-02 7.182937007466252410e-01
1.862476471022778968e-01 5.266711743260485967e-01 1.555537389594704445e-01 1.001675927674988698e-02 7.259184104956214467e-01
1.840999728137988900e-01 5.312012896111005800e-01 1.574395366155469378e-01 9.440833083909480963e-03 7.263712325787939905e-01
1.853644650333012844e-01 5.308090252684828370e-01 1.558484270889704815e-01 9.228741178114636262e-03 7.312287548968815498e-01
1.870046344101558289e-01 5.358312682496215729e-01 1.548964808640048985e-01 9.991923495280030307e-03 7.275379389719826007e-01
1.871411259301275498e-01 5.300357684837124772e-01 1.533204726465970946e-01 1.000024096963763286e-02 7.275128785652730246e-01
1.857589267952699241e-01 5.318048943888152857e-01 1.554816679437440730e-01 9.377273656243570107e-03 7.321622943829878549e-01
1.849007173658608338e-01 5.305558313412043203e-01 1.546963873021885150e-01 1.000123523004461078e-02 7.273076722076391443e-01
1.854622495398848547e-01 3.872194187709587232e-01 1.593299166545803780e-01 1.001053799345249552e-02 6.867954788424792678e-01
1.813960748835390935e-01 5.208271314221634141e-01 1.549491604465867423e-01 1.021831037145701226e-02 7.228075134667910628e-01
1.849391277784796506e-01 5.309077096228076442e-01 1.559927202644245670e-01 1.000054191921247691e-02 7.275849872357955661e-01
