9.477807050019750046e-02
nan
9.648549870022248010e-02
nan
9.481734240369481259e-02
1.478798232660099299e-01
1.062158649006904459e-01
1.024179890100672397e-01
9.566310609044612057e-02
9.531248424899224636e-02
1.398961571098834011e-01
9.470578744192446885e-02
9.535320043570963411e-02
9.694884463100911232e-02
nan
nan
9.487829123038371559e-02
9.464260711918857927e-02
nan
9.584936406104276052e-02
nan
1.202084314654096320e-01
9.622123235820846665e-02
nan
nan
nan
9.615124251828507940e-02
nan
nan
nan
nan
9.472192719366211155e-02
9.706363226079663120e-02
9.559324660698742537e-02
9.490433701002538858e-02
9.465776303848957851e-02
9.656726457727281276e-02
nan
nan
9.631541240703081486e-02
nan
9.567029563135373560e-02
nan
9.662642907172325213e-02
9.533933660919990949e-02
nan
nan
9.489652640329271360e-02
9.474760893119110738e-02
nan
nan
nan
9.507498164339819868e-02
9.505985329523176930e-02
nan
nan
9.463987857464076225e-02
nan
nan
nan
9.466145657777254308e-02
9.498650259981641919e-02
7.675938427396783448e-01
nan
9.505179859524306996e-02
nan
9.513273557844791062e-02
nan
9.714585175735344913e-02
9.511344547842062735e-02
9.515927235179691412e-02
nan
9.563980292696781793e-02
nan
9.516054778341610787e-02
9.558928407406046268e-02
9.506457056726110022e-02
nan
2.049046528799746136e-01
nan
nan
9.499118829215588700e-02
nan
7.487410411261432586e-01
4.331102256242535531e-01
nan
nan
2.581300571207089112e-01
nan
nan
9.522310281027648871e-02
nan
9.711010121810119411e-02
9.471905164283371537e-02
nan
9.597944860539896206e-02
nan
9.615451374480843416e-02
1.011449941647414169e-01
9.464114493521109950e-02
