9.489729120418681496e-02
nan
nan
9.462692965663553613e-02
9.463469482215258743e-02
nan
nan
nan
nan
9.463005666774064462e-02
nan
nan
9.465141310403865638e-02
9.480453535691828193e-02
nan
nan
nan
nan
9.462875006286536328e-02
nan
9.463557288857295247e-02
1.010007969491730218e-01
9.464631537429388231e-02
9.521818045389929264e-02
9.463454366674592388e-02
nan
9.524098267422288766e-02
nan
nan
nan
9.464109248733618140e-02
nan
9.467379883271168084e-02
9.465420498753773781e-02
9.464120824838589963e-02
9.463729512244331565e-02
9.497378547833722207e-02
nan
nan
9.465054856630669700e-02
nan
nan
9.498186565298791240e-02
9.474525233073234631e-02
nan
9.463462287522643457e-02
9.464806519057837597e-02
9.462956442157731407e-02
9.464113500727094896e-02
nan
9.475601361350372009e-02
nan
9.495650691259135967e-02
nan
9.857652906090857980e-02
9.654163599710555155e-02
9.463362590548300701e-02
9.469142422470244735e-02
nan
9.464362329816509989e-02
9.462907098826228713e-02
nan
1.063727192174194341e-01
9.463661876619790247e-02
9.464262281631519169e-02
9.462982042408649153e-02
9.473138793463328766e-02
nan
nan
9.463777974287528039e-02
9.463648605937212410e-02
nan
9.480734476733529426e-02
nan
9.464063793732674368e-02
nan
9.485060663587685514e-02
nan
nan
9.595657406435512127e-02
9.468039357086159569e-02
nan
nan
nan
nan
9.468225291253629106e-02
nan
1.649607418849867169e-01
nan
9.492057668898662426e-02
9.464159263904678432e-02
nan
nan
9.465098378899342024e-02
nan
nan
9.463796560142717640e-02
9.475182034690721178e-02
9.471590912509372795e-02
9.463453307553604255e-02
