-9.869721545898577086e-02 -1.027102011279518584e-01 0.000000000000000000e+00 -2.190291324782225445e-03 -4.898238390733857667e-02
-7.144889860767168477e-01 1.002227334790552482e-01 0.000000000000000000e+00 0.000000000000000000e+00 -1.139904482419294707e-01
-4.792283196956352853e-01 -4.033136905068279016e-02 2.182317874842785478e-03 0.000000000000000000e+00 9.828037074207270074e-03
4.655230834730152145e-02 1.062510888414770760e-01 -1.171602130278985923e-02 0.000000000000000000e+00 -1.977118041229487116e-02
-9.178781461794263685e-02 -2.002512587582873024e-02 1.058870524568399085e-02 0.000000000000000000e+00 4.009006914898676638e-02
-5.159692999318140488e-02 2.999346179040282903e-02 -1.193183778128952682e-02 0.000000000000000000e+00 0.000000000000000000e+00
9.083579971803569519e-02 -7.039163049911000003e-02 -1.787611525341581149e-03 -5.255468621001911471e-04 3.696718310029833282e-03
-7.172496466364345347e-01 1.771938662678801957e-01 -9.878913177836779174e-04 2.584070358815979129e-02 -2.973264738688471270e-02
-9.857474989495315643e-02 -9.967808594958575685e-02 -8.137826807605672572e-04 2.460600509773484563e-03 -7.763458020664408543e-02
-4.054447912622209660e-03 3.851679161632469428e-02 -5.356132222210976609e-03 0.000000000000000000e+00 -1.173464117634665516e-01
2.512805874000846873e-01 -1.702883756051800160e-02 -2.496078130145353360e-02 2.039145507725292818e-03 -2.440720061741361024e-01
2.078313321375123424e-01 2.672769828119994986e-02 -2.577314346092601880e-03 0.000000000000000000e+00 3.739042959787809012e-02
-1.300234240283945630e-01 6.963114469946286161e-03 -6.609819572393223382e-03 0.000000000000000000e+00 5.112990630542454951e-02
4.716841842056799794e-01 -1.448339728267050430e-01 -1.953687923607911030e-03 0.000000000000000000e+00 1.529591809030320625e-02
6.091955253250583985e-02 -9.285898348383821166e-02 1.060958116729593566e-02 0.000000000000000000e+00 2.261698804229482496e-02
8.395011681737440945e-02 -2.241919607458261673e-02 -9.183003358012351014e-02 0.000000000000000000e+00 -2.510040354487682104e-03
-2.604406139308430568e-01 -3.777221990208302904e-02 -2.388282363015146407e-03 0.000000000000000000e+00 1.047938671767985469e-01
1.725237600236817770e-01 3.408978585067273716e-03 -4.601567614114811938e-03 0.000000000000000000e+00 2.068837878000970298e-02
-5.528744516806752274e-02 1.021282031765935322e-01 0.000000000000000000e+00 0.000000000000000000e+00 -3.338982012684320322e-02
7.611507539426575451e-03 -1.679391212426162572e-01 2.892354616442853444e-04 0.000000000000000000e+00 7.545359042538626881e-02
-6.946899562417827023e-02 -7.275028961633138447e-02 -1.204796111144113523e-02 0.000000000000000000e+00 2.166098841181766585e-03
-2.751328930332401154e-02 -3.560354957327860892e-01 0.000000000000000000e+00 0.000000000000000000e+00 -6.154933261853808187e-03
-1.148560826149156860e-01 -7.249248428933662003e-02 3.145132861236572645e-03 0.000000000000000000e+00 0.000000000000000000e+00
0.000000000000000000e+00 -7.994272130591506542e-02 -1.916156190523423883e-04 0.000000000000000000e+00 9.074500217148570927e-03
-2.265911664045060225e-01 -2.217873423505550556e-01 -1.154170495548789838e-01 -5.247159042887544755e-02 0.000000000000000000e+00
8.000000000000000444e-01 -2.642666839299686043e-01 7.506106377640415703e-03 2.683836737645452566e-02 -2.750028149393536903e-01
2.038460483647271393e-01 -2.909972618570267483e-02 1.412266166361631631e-02 0.000000000000000000e+00 -2.669820034654110663e-02
4.361238925779809678e-02 4.242825670133795225e-03 -3.033918662028152382e-03 0.000000000000000000e+00 4.709621410905049342e-03
-2.365806668916037303e-01 -5.129066140170310956e-02 -2.159992720364097007e-01 0.000000000000000000e+00 -5.516974203945314015e-01
-2.070927975519872011e-01 -7.039365603333784527e-02 0.000000000000000000e+00 0.000000000000000000e+00 -1.029566966868805944e-01
1.030036512069034023e-02 1.569681961457200514e-02 -7.213084465773973025e-03 0.000000000000000000e+00 -3.121805151113160939e-02
-3.445640083145078830e-02 -1.088223744560670170e-01 3.351034106934608868e-03 0.000000000000000000e+00 -4.237448882322398386e-02
-3.349973016770306511e-02 -6.843980631537857108e-03 -5.990032490326532150e-03 0.000000000000000000e+00 -3.117309096744695987e-02
5.283432017285810689e-01 1.050555708823675966e-01 0.000000000000000000e+00 0.000000000000000000e+00 -4.589351591132461577e-02
4.655203429497742351e-01 -4.097688388929345699e-02 -2.627554657674147434e-02 0.000000000000000000e+00 -6.874872970203110834e-01
3.499048790766247363e-02 1.268174356897287455e-02 -1.452339094212502617e-02 0.000000000000000000e+00 -4.471113866176585488e-02
1.293166208330332467e-01 8.894121670833256624e-03 -1.158547240786026583e-02 0.000000000000000000e+00 6.239169694486020878e-01
3.362505588512871291e-01 8.743992710628446796e-02 -8.016780670398142641e-03 0.000000000000000000e+00 -2.332645677204298398e-02
-8.475606882893089999e-02 -3.920825531664351611e-03 -9.489897306148963995e-04 0.000000000000000000e+00 -5.826845498017663855e-02
1.257658167576224117e-01 5.143637910262898599e-02 -5.096722203512005570e-03 -1.276655695056577201e-02 -8.922126613426671626e-02
-5.433000078991558068e-02 -3.106280466219287634e-02 4.107734385541747524e-02 0.000000000000000000e+00 5.003773193567768313e-02
0.000000000000000000e+00 1.405470382822154168e-02 -5.940108733237315849e-03 0.000000000000000000e+00 -1.015039722975772524e-01
0.000000000000000000e+00 -6.497242480870329961e-03 -4.316704489720233490e-02 -4.243378957448005334e-02 -2.297767981635217005e-01
-2.035238718601089514e-01 9.522897056069890009e-02 -1.346481045101822170e-02 0.000000000000000000e+00 -5.894810604994450420e-01
1.687311732918210516e-01 8.343511267527690956e-02 -1.186922584991397661e-02 0.000000000000000000e+00 7.972181394686850275e-02
-7.477117448392676946e-02 5.144263299495299008e-02 0.000000000000000000e+00 0.000000000000000000e+00 -5.073716147780791413e-02
-1.112980787629104101e-01 1.422625208469193575e-03 -4.138596499053794411e-03 0.000000000000000000e+00 5.776272633139534554e-03
-7.516133114721432196e-02 4.545037498342870824e-02 5.008963247265530924e-03 -4.562024517407165317e-03 2.018383182059958758e-02
5.499636899047235516e-01 -3.081933837286060865e-02 0.000000000000000000e+00 0.000000000000000000e+00 -2.357935020683788688e-03
-9.085850202377646068e-02 0.000000000000000000e+00 -1.600306302752723536e-02 -2.952697185006105535e-02 -1.349858273058029967e-01
-3.221065303207146235e-02 -7.428984749763499484e-02 -3.422962352867540969e-02 0.000000000000000000e+00 1.089189334237254843e-02
-7.710927089699937120e-02 5.494918328095092092e-02 -5.835999409531218533e-03 0.000000000000000000e+00 7.063343804933978898e-02
2.236348539272893787e-01 0.000000000000000000e+00 7.306294848906232271e-03 0.000000000000000000e+00 0.000000000000000000e+00
8.000000000000000444e-01 7.562693706944951903e-03 -3.770622099855409914e-03 0.000000000000000000e+00 -4.913046078384361581e-02
1.201261366174694867e-01 -2.491992694481230397e-01 7.982838032341574644e-03 0.000000000000000000e+00 -4.991664260086025456e-02
4.665361602483196202e-01 0.000000000000000000e+00 -2.982102381662945535e-03 0.000000000000000000e+00 1.696971472780920559e-02
-3.646686787696596932e-01 -2.435661184983295702e-01 -1.246699929906378707e-02 0.000000000000000000e+00 4.238332257937543757e-02
1.093385568157070470e-01 -2.698422086095781172e-02 0.000000000000000000e+00 0.000000000000000000e+00 1.468569176539596607e-03
-5.176325188909099845e-02 2.604762302359066219e-03 -1.628578126556079822e-02 0.000000000000000000e+00 -2.733917044810949427e-03
1.759529320856449697e-01 -1.180024302285885562e-01 0.000000000000000000e+00 6.341316131409885197e-03 0.000000000000000000e+00
-2.437350212896955970e-01 7.515460629379110136e-02 -7.413509791655140298e-03 0.000000000000000000e+00 -7.213435655638786304e-02
1.272187252926224553e-02 3.564079541011404978e-02 7.570901222339854533e-03 0.000000000000000000e+00 4.059191733389418827e-02
1.427662263973746015e-01 -6.557937288126999831e-02 -9.218073305111252691e-04 0.000000000000000000e+00 -1.219200127665569580e-02
3.727666269001360666e-01 5.282797242718085748e-03 3.166631324046533576e-03 1.917726993360811165e-03 0.000000000000000000e+00
6.535521752669461171e-02 2.846251225029316698e-02 -4.638021602467823877e-03 0.000000000000000000e+00 -8.091837856962226516e-02
-6.609419754510516276e-02 7.551800947154795572e-03 -1.333817115355264218e-02 0.000000000000000000e+00 -8.494741073176181878e-02
-2.306958275266703939e-01 4.444743356262890327e-02 0.000000000000000000e+00 0.000000000000000000e+00 7.546593922203366500e-02
-1.389164449009586133e-01 3.124415098510907943e-02 4.765443075357277992e-03 0.000000000000000000e+00 5.298381936976843259e-02
5.403608953709052726e-02 -1.346958798777333523e-02 0.000000000000000000e+00 0.000000000000000000e+00 -4.631243879512342981e-02
-3.981793129811821430e-01 4.280345038915161354e-02 3.112464368913778548e-03 1.451100901984713788e-03 3.055541623266667950e-02
8.418287512886946100e-02 0.000000000000000000e+00 8.832191138906556049e-03 0.000000000000000000e+00 0.000000000000000000e+00
-1.282255745077417464e-01 7.138326684338692878e-03 0.000000000000000000e+00 0.000000000000000000e+00 4.202219139613023319e-02
-4.163148962745287229e-01 -4.781999588466025186e-02 -7.883493590857675601e-04 8.648018590206412706e-05 -9.871211048111989961e-02
-5.198516868742171504e-02 -2.587987054927948921e-02 5.357779937277443172e-03 0.000000000000000000e+00 -7.864008149679077020e-01
2.453189396607997896e-01 2.226730366794185418e-03 7.500967047574239044e-02 0.000000000000000000e+00 -1.076942650101012783e-01
1.225355081406926394e-01 0.000000000000000000e+00 -1.363476373220278565e-02 -2.213799669701796077e-02 7.618166558595518278e-02
1.865542053315502879e-01 -7.609108017118440537e-02 -2.679541685448421084e-01 -5.369944683450757498e-05 -3.821064230275977164e-02
-3.788747826826264348e-02 -1.826187834044713798e-02 5.727298804247788833e-04 4.438571705457918654e-02 3.265826097782422721e-01
-6.070576302693209830e-02 -2.054823105990919441e-01 -2.433899167325751303e-02 0.000000000000000000e+00 -7.403844676665545521e-02
1.727390697841473255e-01 2.731753615008544051e-02 0.000000000000000000e+00 7.476893305442339904e-03 2.233703950360695772e-02
0.000000000000000000e+00 9.944612569158912951e-02 -2.227737439772280257e-04 2.326424189812496129e-03 -1.725691022119525339e-02
1.929301049287013639e-02 -6.071822330611985341e-02 -7.456225866549586454e-05 2.763600354501579304e-03 1.396051876325262765e-02
-1.444265796928405343e-01 7.283530935674313589e-02 -1.177005119493447320e-02 0.000000000000000000e+00 -6.351722460845343754e-02
-8.953030839683630282e-02 5.432110916029767728e-02 7.216085033282532667e-03 0.000000000000000000e+00 0.000000000000000000e+00
5.910817356118813759e-01 -1.167930712241414121e-02 1.354955379262581111e-03 -5.775085546784336672e-03 2.836277132450560831e-02
-5.624646230528894675e-01 8.143944782961796969e-02 3.203581584740997079e-02 0.000000000000000000e+00 -8.479342616055735027e-03
-9.075961366773360739e-02 8.190162359458687605e-03 -1.575686197065484778e-03 4.955783513130759127e-02 -1.004967433272047489e-01
0.000000000000000000e+00 4.396027852764835576e-03 -4.649760367370918412e-02 1.321649736290980981e-01 -1.802014742499766231e-02
-3.086452316381906313e-01 9.701950601408649427e-03 5.736008272259357325e-03 0.000000000000000000e+00 2.302022355676437426e-01
-1.369477517353266949e-01 1.412156597553864378e-02 3.519188629238586934e-03 0.000000000000000000e+00 7.368462783288376450e-02
2.625267430516728950e-01 0.000000000000000000e+00 -2.939522417205199870e-02 7.615447860545339863e-03 -1.418521455507158746e-02
-5.771758609269581758e-02 5.377578925371055869e-03 2.081990619888517992e-04 0.000000000000000000e+00 -1.192185337640471084e-02
-2.121313687911757784e-01 3.257429123679120384e-03 -6.488418918133971765e-03 0.000000000000000000e+00 3.121225220695077532e-02
-7.339170686722099046e-02 -1.478709132145324956e-01 5.782435780369654145e-03 0.000000000000000000e+00 9.938426389397432559e-02
-1.149173467405912967e-02 1.692535508508425102e-01 -1.114577198194780482e-02 0.000000000000000000e+00 2.951771600998625428e-02
-2.127300571507049695e-02 6.407920912520119472e-02 -1.985410823585946030e-04 0.000000000000000000e+00 -5.275628219712698991e-02
-4.857114236778217742e-01 -2.205556776149684983e-02 -5.639867702651889247e-02 0.000000000000000000e+00 -1.469368538470803079e-02
-2.938648611488529627e-01 -3.283905516464920987e-02 -2.407854643235949384e-03 0.000000000000000000e+00 -6.365216241082037596e-02
7.586062369138628358e-02 4.832490916267090353e-04 7.527028704894134226e-03 0.000000000000000000e+00 2.682315176512666335e-02
2.370397488889673665e-01 4.451433215330689169e-02 -6.441667324996091550e-03 -9.853813819739452862e-03 0.000000000000000000e+00
