5.883013280867207401e-02 -2.428616833669932917e-01 3.794110759720711878e-02 -3.248559847583334936e-02 0.000000000000000000e+00
1.587207563550361300e-01 -1.600655221192001376e-01 7.360782896907895785e-03 -6.613213398696111966e-02 0.000000000000000000e+00
-2.463995097452636451e-01 -8.391797715858359541e-02 -1.432446622662114644e-02 0.000000000000000000e+00 8.624663466946411519e-03
6.081794952709167201e-02 -8.430812277669471819e-03 6.090127777057046179e-03 0.000000000000000000e+00 -2.252057557798935097e-03
3.598384437030691108e-02 -2.266202591694064985e-03 -5.581972237092657288e-03 0.000000000000000000e+00 6.770980220094995061e-02
3.227215500513665458e-01 3.380407475303898873e-02 8.183598258346108656e-03 0.000000000000000000e+00 4.928959497758769737e-01
-2.320131563301086886e-01 -3.000975089221996628e-01 -9.256877564221813529e-03 -1.832923987160733068e-04 -7.223862836424903462e-03
-2.486978335024113140e-01 -5.041793980653275220e-02 -3.196536243786466964e-03 2.505619841492260150e-03 -4.485232385085648719e-03
1.756006187399972440e-01 0.000000000000000000e+00 -1.968872047190704019e-03 1.756380814726626882e-02 0.000000000000000000e+00
-1.325322091164222137e-02 -1.957853053445220842e-02 2.365102567188549082e-02 0.000000000000000000e+00 1.881200722242587775e-01
3.083769190348241429e-02 -1.865963298428878481e-01 -3.114708078867192351e-02 2.374910917571015033e-04 0.000000000000000000e+00
3.905013152977989677e-01 2.434096985065256277e-02 -7.271190750612411928e-03 0.000000000000000000e+00 6.305712385733741598e-02
-2.604981910471153572e-01 1.886986315934649147e-02 8.777825649335608887e-04 0.000000000000000000e+00 7.459420661020017829e-02
1.137137197108586961e-01 4.050581254877592269e-02 -3.641197664994106319e-03 0.000000000000000000e+00 -5.862034793454676262e-02
9.663686038070540274e-02 6.974066100140960400e-02 -7.422159452168068834e-03 0.000000000000000000e+00 9.008998969512742316e-02
-2.316222394883287686e-03 -1.050413592182337236e-01 -1.844551678331950717e-01 0.000000000000000000e+00 4.435214405481397414e-03
-1.366016445893891984e-01 3.189554624931587729e-02 -9.739471245162588126e-04 0.000000000000000000e+00 -6.524609636043937622e-01
-4.993765995747306286e-01 3.065552677819244343e-01 1.561201801492813433e-03 0.000000000000000000e+00 -4.313465739110558528e-02
2.407483793832707053e-01 8.625077068789162305e-02 1.665533408219734002e-02 0.000000000000000000e+00 -1.077544625145255008e-01
3.532526733565140575e-01 1.073959585855680521e-01 -1.119683415501823362e-02 0.000000000000000000e+00 -1.503250131940246648e-01
-6.466445151554143719e-03 0.000000000000000000e+00 -5.438789656106329286e-03 0.000000000000000000e+00 -2.312732565503375099e-03
5.918248560123606219e-04 -1.494670603359322114e-01 6.631389908682442345e-03 0.000000000000000000e+00 2.316758680562716350e-03
-5.796787287477082190e-02 -1.094975238206474660e-01 -1.110747743728083756e-02 0.000000000000000000e+00 0.000000000000000000e+00
-4.394171870784114864e-01 2.749896947116842877e-02 2.543979289565469291e-03 0.000000000000000000e+00 -1.141399639509187158e-01
-1.537842117900128092e-01 -6.570129123545238869e-02 0.000000000000000000e+00 8.280871131425303344e-02 1.574805527872464098e-02
-2.614831543420929050e-01 0.000000000000000000e+00 -5.098484274334786140e-03 0.000000000000000000e+00 -4.200026371709865425e-02
-6.291447093759497955e-01 6.697778170246249108e-02 -9.881811395515690405e-03 0.000000000000000000e+00 2.237113647870041938e-02
1.980760741973048022e-01 -3.072286967842847646e-02 5.817173111963233958e-03 0.000000000000000000e+00 6.394434414274795253e-02
-5.338922011256450051e-02 -9.842917715695860548e-02 -1.561633614103453416e-01 0.000000000000000000e+00 -2.314567870471778699e-01
3.150648379462780979e-01 5.884507982727649189e-02 -5.116067259225065209e-03 0.000000000000000000e+00 0.000000000000000000e+00
-9.696884427998065173e-03 -6.570608387315397814e-02 2.091212912372452607e-03 0.000000000000000000e+00 2.419773819606451520e-02
4.004282741267749940e-02 0.000000000000000000e+00 2.142949897423015570e-03 0.000000000000000000e+00 1.090194557161424244e-01
-2.263564644231603196e-01 7.207292591329556193e-03 1.504945931840136945e-04 0.000000000000000000e+00 4.875111013396202231e-02
-4.846027893210356208e-01 -1.044835290837758668e-01 -6.668259721702501312e-04 0.000000000000000000e+00 -6.474697245719490679e-02
0.000000000000000000e+00 5.313634174274275979e-02 -2.833213051081069633e-02 0.000000000000000000e+00 -1.000000000000000000e+00
-9.337661006930187899e-03 -3.418569878474393697e-02 -7.867867938846265230e-03 0.000000000000000000e+00 -4.447834060018216601e-02
-2.727402907063949944e-02 1.165743586795893027e-03 -5.160212971977213734e-04 0.000000000000000000e+00 -6.482721791196238703e-02
-4.320628369579592176e-01 -1.090920955879800952e-01 -7.214612420268046514e-03 0.000000000000000000e+00 8.339737146862677419e-02
1.150253796272154710e-01 6.284119419834971812e-03 -2.954483105481473860e-04 0.000000000000000000e+00 -7.232190616987460357e-04
-2.032199023963261741e-01 2.335160330537238427e-01 -4.382422391425509767e-02 -1.913127911056863124e-03 0.000000000000000000e+00
-4.791103292659750282e-03 -1.028947126966672648e-01 -5.116002719706895345e-03 0.000000000000000000e+00 -1.549472997047394648e-02
1.092256829250462385e-01 5.645197837858818152e-03 -1.908306717371744191e-02 0.000000000000000000e+00 -8.459483810988667474e-02
-3.448483393646886025e-02 -1.041362082632276038e-02 0.000000000000000000e+00 0.000000000000000000e+00 -2.457591105663667619e-01
4.779156444039754925e-01 1.182875708697562339e-02 3.136415711307310832e-03 0.000000000000000000e+00 3.220523890561655111e-01
-9.549529877704909797e-02 0.000000000000000000e+00 -8.256575840322055715e-02 0.000000000000000000e+00 -6.964278010790167506e-02
-2.439281643023330157e-02 -4.215170334085565490e-02 3.323096663632907084e-03 0.000000000000000000e+00 0.000000000000000000e+00
1.519626832294680985e-01 5.289319474972396275e-03 1.696591952318051517e-04 0.000000000000000000e+00 4.642156655645984786e-02
0.000000000000000000e+00 -4.968774946061745024e-02 -1.638815738873856953e-02 0.000000000000000000e+00 1.218769812945051240e-01
4.909944290205258688e-01 0.000000000000000000e+00 4.945653548973071717e-02 0.000000000000000000e+00 -1.984916477963850623e-01
8.863900841831809374e-02 5.463224290426259983e-02 -6.889640262560546048e-03 -1.295214490994355538e-01 -2.122799199019300143e-01
3.649879882102228801e-01 6.833563792109030588e-02 -2.872059866777957812e-02 0.000000000000000000e+00 3.509689085162261135e-02
2.354913532286701666e-02 5.110156930363295331e-03 -1.270400129757461374e-02 0.000000000000000000e+00 2.491767363160795126e-02
1.387456016164997363e-01 2.006930657543554430e-01 -7.504656018410415727e-03 0.000000000000000000e+00 7.372170110137086022e-03
-3.239376986973793171e-01 7.323577646912154005e-04 -4.546052057904091323e-03 0.000000000000000000e+00 4.183004438436357247e-02
0.000000000000000000e+00 0.000000000000000000e+00 -2.892562651698453446e-03 0.000000000000000000e+00 0.000000000000000000e+00
6.427639753394229771e-01 6.766638276061216761e-02 -6.546224835114152103e-03 0.000000000000000000e+00 -1.286674519524042166e-02
4.722618497739295984e-01 0.000000000000000000e+00 -1.219574682951549312e-02 0.000000000000000000e+00 -4.708886107397731308e-02
-5.566888877452511736e-02 4.211638248816881175e-02 4.706274006335901296e-03 0.000000000000000000e+00 -5.059542380198778916e-02
-2.486426808432699517e-02 -9.113666441498514265e-03 4.568139112078916167e-03 1.263979553023675392e-03 -1.222822368897810846e-01
-4.492008551893779122e-01 1.022475653096368148e-01 -6.091471509173164781e-03 -1.320275500014981424e-02 -1.000000000000000000e+00
-2.481519254188818344e-02 -1.028901230263816642e-02 0.000000000000000000e+00 0.000000000000000000e+00 -9.357793672975497912e-02
-2.393248327681069543e-01 7.519353164030317949e-02 4.123496194202019849e-03 0.000000000000000000e+00 9.786120384718208220e-02
-1.508782702790884833e-01 1.068592739486624692e-02 -5.835027191154673262e-03 0.000000000000000000e+00 -1.830845708303755967e-02
6.719875994466911751e-02 -8.088908957339262240e-03 3.021800880693230849e-03 5.419400669759035123e-03 8.084177052552327103e-02
-4.768583596741868443e-03 -9.803100264695290000e-02 -6.627854906734092838e-04 0.000000000000000000e+00 2.795907694186437475e-01
-5.725992641240331693e-01 3.458866414237468656e-02 3.365953058195379072e-02 0.000000000000000000e+00 -4.877339237209274425e-03
-6.331222897600800870e-02 -3.526415653425032937e-02 7.043575316116016879e-03 0.000000000000000000e+00 1.570428136483726853e-02
1.812601716000057650e-01 2.296856026556101313e-02 -2.227047186469253894e-03 0.000000000000000000e+00 -7.342448554867783347e-03
0.000000000000000000e+00 -2.040117592575876188e-02 6.276341297657909123e-03 4.360262995197980614e-03 -7.372962490700576965e-02
2.213241116065439162e-01 -5.636485136968599763e-02 -1.172291602281409946e-02 -6.408899499542246130e-03 -1.260136878539010706e-02
2.582161754625168087e-02 0.000000000000000000e+00 -1.751409721953417833e-02 0.000000000000000000e+00 0.000000000000000000e+00
2.870334188515154539e-01 -5.319265860648099420e-02 1.587040394586029714e-03 0.000000000000000000e+00 -3.622925153396368975e-02
-2.841290533379524641e-01 4.829323597536393231e-02 0.000000000000000000e+00 -5.965467794374087682e-03 -9.330261286264457388e-02
8.970684748456650426e-02 -2.687058602522114370e-01 -3.822425250944293511e-03 0.000000000000000000e+00 -3.670979238379856180e-01
-1.730292621478236037e-01 -2.760930135481320588e-02 -3.681196743331072163e-02 0.000000000000000000e+00 -6.141923062678577433e-02
-3.037524519849685301e-02 2.074119649937594123e-01 -1.281456107627482188e-02 2.670163245904473917e-02 -1.180084928424513348e-03
4.383553625126940245e-02 3.119550043357427818e-02 0.000000000000000000e+00 7.329871099377942409e-05 -3.778419163090267902e-02
3.013460520296263462e-02 1.820436770022503675e-02 3.306533863939090361e-03 1.690005442314477038e-02 8.202001349128079655e-02
-1.734556799485863221e-02 9.812685407175122942e-02 -1.400190713159784987e-02 0.000000000000000000e+00 4.737597156860483966e-02
-2.500311943155799632e-01 4.237689066106368335e-02 3.955601674438898388e-03 5.610215511372220604e-03 -5.530586689767379854e-02
2.374277194939484470e-01 -6.957971202184608239e-02 5.890109313642142783e-03 6.884792347462121397e-04 4.835704713798781584e-02
-3.802324006672506886e-03 9.057186057217062047e-02 -1.956629496299204171e-02 3.499966846235907491e-03 5.592471607226318780e-02
6.117705864951798744e-02 -3.969912627685814183e-02 1.329255655804167414e-02 0.000000000000000000e+00 -2.656843553587497353e-01
1.019372569846173082e-01 -1.644899876796028157e-02 -3.040793747503147196e-02 0.000000000000000000e+00 -3.363181667076835246e-02
-3.750390227576316793e-01 3.083855881957452832e-02 9.845584136202961342e-03 -2.492061095887466212e-03 1.108547588321818524e-02
0.000000000000000000e+00 -1.244557987114430914e-01 9.187407511969343521e-03 0.000000000000000000e+00 5.748992370922044459e-03
8.968724700485763979e-02 -1.399792906186851822e-02 -1.123590678280477796e-02 -8.577666611901341512e-03 0.000000000000000000e+00
1.541151992613697397e-01 -8.486220705258372410e-02 -3.611046133102287226e-02 -9.805110651251359999e-02 3.218181976807238387e-02
2.648922009997474181e-01 1.720225141476504627e-01 -1.275115752009595670e-02 0.000000000000000000e+00 0.000000000000000000e+00
7.205371617520565930e-02 -1.340399212961170504e-02 -1.925661217595104474e-02 0.000000000000000000e+00 -1.719240048674966770e-01
1.445188098371990859e-01 6.147033210573780992e-02 4.226526851241732032e-03 -7.612641604975537400e-03 0.000000000000000000e+00
1.782020789281849992e-03 -1.520652915460976862e-01 6.798188974054896567e-04 0.000000000000000000e+00 -2.246131634070087577e-02
2.845002674065250647e-01 1.296892459143043075e-01 7.482110557098210161e-04 0.000000000000000000e+00 -2.624775034640901283e-02
6.790377234166677933e-02 0.000000000000000000e+00 -6.928905490792127385e-03 0.000000000000000000e+00 -1.432461440617326109e-01
0.000000000000000000e+00 -8.193889297762993462e-02 -2.127405507736943382e-02 0.000000000000000000e+00 -3.718821225427839522e-02
3.079185748819860888e-02 5.341592101949073357e-02 -3.668204714275299493e-03 0.000000000000000000e+00 2.995636361272906861e-03
4.487900289768886886e-01 7.310265049330849640e-02 -3.142509914929241671e-02 0.000000000000000000e+00 2.023656840152550027e-02
-1.712927374074598719e-01 -8.937148870242071774e-03 -1.427469126085012443e-03 0.000000000000000000e+00 6.326702897983434160e-03
-4.316988341915413419e-02 4.034705922491609031e-02 5.261127403766814245e-03 0.000000000000000000e+00 -7.567527745611777289e-03
1.527761368617948645e-01 9.567113637679507121e-02 -4.824875371777052890e-03 -1.200828332814501357e-03 4.544193226847558220e-01
