-4.196729787363898940e+05
-3.418380809401811566e+05
2.800443931625132682e+05
-2.877716253014673712e+05
-6.391591267673368566e+04
-1.026215018558357406e+04
-3.042174730462268926e+05
-5.065401663027024188e+04
-3.780716222312792088e+05
-4.101873272392000072e+05
-5.557607936293439707e+03
1.595124815196543204e+04
-3.924081102398709627e+05
2.739899728979894426e+05
-3.746541673633840401e+05
2.824196292110321810e+05
-3.786705314228448551e+05
-2.049534595613132115e+05
-4.283987402077959268e+05
-1.127506805582117522e+03
2.772763044207266066e+05
-1.993497045232477831e+05
6.103907772895181552e+02
-3.894839032820760040e+05
-4.102609779702518135e+05
-2.919406789218455087e+05
-4.592294128230126807e+05
-3.344023885007828940e+05
2.804964843006286537e+05
-3.392480738199263578e+05
-4.041730444934725529e+05
-3.897923921839129180e+05
-5.971986735011773999e+04
-3.444706364484191872e+05
-4.408040346253149910e+05
-2.143254526619976969e+05
-1.838676434782558645e+05
-1.912487389105681796e+05
-4.360835735005884198e+05
2.647580246633529896e+03
-3.727143224540565861e+05
-4.324501191213962156e+05
-4.284682433601621888e+05
-3.130019101743156789e+05
-4.029402965615163557e+05
-4.033481913016114850e+05
-7.848925393333673128e+03
-1.270454330513735476e+05
2.809456346011845162e+05
-4.305246120745521039e+05
-5.728474312219432613e+04
-6.272928855274220405e+04
-4.098074882267446956e+05
-4.298212978404402966e+05
-2.314816552213598043e+05
-3.441104849444865249e+05
-4.267483927611052059e+05
-4.337977837079128949e+05
-3.977679927293494111e+05
-1.322180274875928299e+05
-3.727952309620116139e+05
-1.387851759904768551e+05
-3.096151826774226502e+05
-3.489253165370061179e+05
-2.865394439111182874e+04
-4.551251642548500677e+05
-2.064030443181688897e+05
-3.517938898637301754e+05
-3.293786899456637911e+05
-4.109788096304792562e+05
-4.570665596600667341e+05
-4.289996874886668520e+05
-1.499081248914163734e+04
-3.160794885640804423e+05
-3.926749337842299719e+05
-3.418557669365357142e+05
-3.852349405417502858e+05
-3.566625991683021421e+05
-2.953598419444061583e+05
-3.856637169047262287e+05
9.390811733552691294e+03
-4.034549830711352406e+05
-3.606258806512101728e+04
-3.148979891021529329e+05
-3.659234051425971556e+05
-4.167570120557419723e+05
-1.296894591061030951e+04
-4.018596049179662950e+05
-9.049425514021294657e+04
-4.529463412476436351e+05
-4.541890738793043420e+05
-4.070294535151902819e+05
-2.854429196495607030e+05
-2.037638970661727362e+05
-2.489370861248507863e+05
-5.569765118348714896e+04
-4.443180609310878208e+05
-1.943566471900734468e+05
-3.626328371438187314e+05
-4.372249928231629019e+04
