3.993977461445852306e-01 3.358815779951971336e-01 9.948784254654953196e-01 9.352426109068373572e-01 3.903200387289662565e-02
9.343387156721434383e-01 2.504889404877806980e-01 5.367312805947732635e-01 6.544714750469560194e-01 6.500399139081622923e-01
4.432227370232348918e-01 2.471862257637884586e-01 6.345539730601412742e-01 2.841022170929443647e-01 8.218274221397831036e-01
4.692664797022069179e-01 8.582688433990146581e-01 5.259768558139329420e-01 2.861894539377387581e-01 5.669891087069316438e-01
4.633782263471207807e-01 1.133792742780033169e-01 7.804162499688974686e-01 9.230871108704249428e-01 5.344766656429992269e-01
6.903575553415869370e-01 6.906060152754234238e-01 5.634640409575726316e-01 4.838459054248051006e-01 7.153524479999423535e-01
5.887006336104717574e-01 9.453201961591911617e-01 4.367764926741447562e-01 6.943722815289884442e-01 9.395874289335560681e-01
5.852737936761226445e-01 3.460797479622838013e-01 6.342648532901198344e-01 2.059403922565362643e-01 4.087440381821892954e-01
4.138412062036339600e-01 3.224941740713811456e-01 6.196742398618416692e-01 1.930522417190994044e-02 9.106735290201009025e-01
7.730154143484594398e-01 4.150953014379972217e-01 1.815574672882525054e-02 8.838274393691594177e-01 6.893159828329719074e-01
4.935946071337314889e-01 1.449887761898382976e-01 7.844061396281193366e-01 1.938897317642791496e-01 9.938428292756441573e-01
1.943011249973981558e-01 2.637155525195237216e-01 7.536529279632850908e-01 2.974693304538567062e-02 9.365711207825576645e-01
2.531197463076729770e-01 8.974574292981617463e-01 1.585351786164147514e-01 5.844459484790596182e-01 6.926778774121957749e-01
1.239886564930746671e-01 2.134068004704529065e-01 1.924586725815521371e-01 5.047850076344716497e-01 9.554926566507371266e-02
9.108637117796170024e-01 2.112515337283005223e-02 2.953313720045456225e-01 1.456855807747376996e-01 9.795348556308078880e-01
1.472879303555945096e-01 6.667038579681718868e-01 6.782217492044347873e-01 7.717742746280844557e-01 1.559149475359035142e-01
3.593431874911573454e-01 8.626804569677700707e-01 1.777253394538600428e-01 2.117648582321759454e-01 2.875012300010729716e-01
3.353479987503098503e-01 9.412090117833149527e-02 3.733136570556171430e-01 1.185295852892144230e-01 6.015162983573899558e-01
5.937561615151583094e-01 6.172902081159576948e-01 1.789214764216493503e-01 6.831358377650560421e-01 8.824213420290374366e-01
3.403644940711476607e-01 8.092085193719369407e-01 2.770130907614906102e-01 3.517979626898258827e-01 3.286069865902517817e-01
6.498454099798984807e-01 2.988604418899386550e-01 2.319365038647448474e-01 9.881690072095447031e-01 8.635134389702217028e-01
2.087254365343496065e-01 8.634503898632466257e-01 4.710098678512713022e-01 8.544394913470978459e-01 6.540813992495317919e-01
9.202751318515571821e-01 3.466061469112176052e-01 5.412107568982833516e-01 8.855694631370648606e-01 9.338515725273893731e-01
1.608638777809616727e-01 2.065956725817070794e-01 1.338073794090011148e-03 9.404009173743406169e-01 3.773569248757634442e-01
4.483888290695501322e-01 2.389230840597638128e-01 8.702944129724055067e-02 8.546818547712706771e-01 7.455771137920876868e-01
5.162087589392595488e-01 6.876981847162040307e-01 8.331694076618928468e-01 9.100084328046842419e-02 5.610160597125668502e-02
4.802430148451448666e-01 5.188207110651199550e-02 9.620736790864931054e-01 5.264984834428318994e-01 2.263851661962508199e-01
5.249750394152520316e-01 7.097226444698367942e-02 1.208210068549218086e-01 7.959169149149972755e-01 7.254802760262533123e-01
6.122196746589178007e-01 5.668042482925712555e-01 4.754799564438123571e-01 1.186347716755027371e-01 6.560180612181469861e-01
7.872730939642136327e-01 3.002791449280992619e-01 4.832091489399159556e-01 2.118220977391476190e-01 2.715309406319974528e-01
9.874443838742033019e-01 5.340997312015589582e-01 7.377633762048088073e-01 8.982164759122395203e-01 1.117912969036034543e-01
6.981618950638116550e-01 2.510219186265835178e-01 7.770095531569812808e-01 6.825816149510964825e-01 9.718868349680942487e-01
1.974920230737148286e-01 8.225591841988142416e-01 5.091958211417580982e-01 8.044176248984633570e-01 9.772363632992030480e-01
3.135254872463671960e-01 7.987145641251012229e-01 1.339950327970322874e-01 5.506435946854203456e-01 2.499613797860902320e-01
7.176218036795289912e-02 5.841899337866808262e-01 7.955325603077604280e-01 6.940752926512118171e-01 6.859873219330767657e-01
1.126905262938532326e-01 3.555694499461347080e-01 7.972814085153890895e-01 5.886692534343923588e-01 5.150172693751509101e-02
1.689254539902413921e-01 2.930476238974566439e-01 7.488256226726551779e-01 4.647784290075680502e-01 7.879492362223139423e-02
1.312608870193522348e-01 3.443969873355265943e-01 8.251496547613157428e-01 4.558825265795316550e-01 7.747679460472371993e-01
7.940583974258648148e-01 3.251128677860519733e-01 2.499987822487212963e-01 8.290415495827612169e-01 8.260911740507501655e-01
3.757648635464205800e-02 1.281615823329201875e-01 1.500884540671987288e-02 5.200549992191998427e-01 1.212665091369089509e-01
3.046061413765763781e-01 5.015021983482146339e-01 5.210845320931349889e-01 5.137190331906305030e-01 5.573974178486253983e-01
3.241215939947525992e-01 3.866008295102398851e-01 1.910064694708557553e-03 2.608233206561078044e-01 6.694764114340837624e-01
8.256091104372814682e-01 3.148875210310012607e-01 4.823057154595560281e-01 3.496211875116116419e-01 8.792012611067939742e-01
3.352013258165312815e-01 9.388437136305909370e-01 4.670935650790968285e-01 8.258895879539802642e-01 2.208599785936786741e-01
8.152224593340012815e-01 5.523729280533664632e-01 9.482574121954230328e-01 2.530273214438941709e-01 6.373934843959780938e-01
1.431523248370777379e-01 6.759004231769639714e-01 3.434981249883827248e-01 9.257476892915461608e-02 5.172652642224183639e-01
9.304600058924012984e-01 4.725726710314857026e-01 4.312070673682574240e-01 2.717871022940333559e-01 8.425183722607533232e-01
6.410757648336997683e-01 3.896509234027615287e-01 7.737479911338890348e-01 4.213696711467286304e-01 3.586215438461630711e-01
4.022154396958629308e-01 5.803844900996829592e-01 2.204361830011100087e-01 7.051382383835828049e-01 7.429691368545210395e-03
3.525169647137762485e-01 7.625074845705375193e-01 4.156293758882941836e-01 7.231104569485118372e-01 7.135961229900340541e-01
7.254582703882370698e-01 3.836853724315376635e-01 8.166674421896137348e-01 2.413514681330919398e-01 3.714321444277892681e-01
3.929282453033510203e-01 8.405971064206929633e-03 6.370284223710649396e-01 2.523401361516086627e-02 7.789546917802848691e-01
8.230683343833500309e-01 8.421651856199323660e-01 8.929204204851244331e-01 3.890726214190107779e-01 1.433395214671286944e-01
1.573992734826823447e-01 1.832491046683305536e-01 2.976669783177178230e-01 3.615144908102313481e-01 8.265568234889908439e-01
8.766123164706929316e-03 3.706539630361418425e-01 6.663942749991147441e-01 9.344992998330603484e-02 9.305074659569186890e-01
7.197166851138485644e-01 5.355496757340686420e-01 8.762490954148577371e-01 3.907522332303809964e-01 7.249492129522630002e-01
6.212825674697899370e-01 1.784274655384667785e-01 2.987383915933337075e-01 2.385863739345859269e-01 5.975181187522258242e-01
5.032446647403738815e-01 9.923602037536100040e-01 2.102680217123731321e-02 7.331404081801706774e-02 6.216406356332440097e-01
3.838432659549612103e-01 6.698492604584949106e-02 2.467103910012012902e-01 9.859025999279316110e-01 9.053549254270645275e-01
7.186224378299865823e-02 7.726657876193615548e-01 2.557726773406664433e-01 5.010850154979101800e-01 6.475212382576235326e-01
3.373075019827550536e-01 1.307349920383650277e-01 1.400968168854909157e-01 9.513788159843968861e-01 5.891946943255866875e-01
4.872957919363415380e-01 7.739586063373438130e-03 1.797220364555188743e-01 9.618005606923888395e-01 2.118210869753410774e-01
2.068677261066136364e-01 8.946021889793209780e-02 8.051342379073194166e-01 3.171095131279060286e-01 8.972603642449392680e-01
4.232011481453684665e-01 5.703043926428218446e-01 6.574855052891803719e-01 4.577777449135362886e-01 2.107573278434475839e-01
3.296663836714582851e-01 3.390406569831094785e-02 3.285023044148377425e-01 1.280644471554981401e-01 4.525534705872980012e-01
1.043920009820109573e-01 9.749151517870221495e-01 3.812562067741099847e-01 6.367044029962163343e-01 9.416911374286259795e-01
5.546715361818534973e-01 2.860372189983249047e-01 6.136582872898127539e-01 2.885758467822653328e-01 8.452070418976732613e-01
2.998025360916840576e-01 1.400082892283340819e-01 3.824822542585424312e-01 7.745832440491181581e-01 4.702138074170779669e-01
4.368735271051106261e-01 8.463908979298891966e-01 2.228517793479642961e-01 6.377831084533844841e-01 5.249519038162310247e-01
9.867691775977226465e-01 6.510039389740067683e-01 6.977533295348423703e-01 6.971331741963069373e-01 5.611444773933517149e-01
9.015329725738905342e-01 5.667820744472196193e-01 7.465282179123463591e-01 1.424423203939889637e-01 1.823016001585036072e-01
2.270215022567377838e-01 7.818350446354366268e-01 4.069032431070098710e-01 4.570192187800377059e-01 6.475333831767107196e-01
7.950485978905736939e-01 5.513660702874849662e-01 6.283794318109560129e-01 8.865124710206049308e-01 7.570551063452308771e-01
2.706483389240713633e-01 8.057020504132146321e-01 3.636194294446535302e-01 2.640615682835352196e-01 5.228379986054632056e-03
4.809068978546715556e-01 7.182555905668203122e-01 5.924353775003010636e-01 8.952271661748252285e-01 1.450258722993247318e-02
6.414539481377505847e-01 9.762306164296841171e-01 5.375334927022978881e-01 7.229596850597863611e-02 4.888378609353959403e-01
6.976612965105420949e-01 9.712570132622212471e-01 9.712341885797204366e-01 7.938517810946555953e-01 6.619275475504153849e-01
1.666932649635670671e-01 5.537493468024181631e-01 9.230029717920006371e-01 3.148676010445059514e-01 5.522401399610433748e-01
5.937228241364955750e-01 2.056275693301202745e-01 9.424288285315853830e-01 3.387887933260275153e-01 5.447926563272219580e-01
9.293534015604436593e-01 1.693387927813732041e-01 5.671332769873140833e-01 5.486757677083612394e-01 8.095028402069527340e-01
8.674179568262773143e-01 2.067445710148458904e-01 9.834272582882599423e-01 7.232779194751066676e-01 2.696705273119471835e-01
2.578518289472067071e-01 1.288277448099305333e-01 2.326666552599928606e-01 6.188308544439919956e-01 3.821736040602118356e-01
4.185641537549977809e-02 9.579779714901635046e-01 6.467975964717972426e-01 6.159947303655413098e-01 3.891859449658079395e-01
2.122612667185613811e-01 8.344844740309028674e-01 1.163612876828143960e-01 5.416793248724014465e-01 5.378877504433767776e-01
1.106664586420973428e-01 5.652733859855629817e-02 6.196198935489618531e-01 8.523153940731811318e-01 9.799833165007616476e-01
2.060975247128882248e-02 7.645394628327569775e-01 5.272944526755001249e-01 5.724234451993859274e-02 6.498474841283019554e-02
8.000066715394427153e-01 1.200565160038576940e-01 1.348010728089071852e-01 8.454257364976435207e-01 2.254196018760739051e-01
8.780817809707578414e-01 7.021054767078306336e-01 4.105920500894703062e-01 6.000457715614402332e-01 1.346372892608930227e-01
4.978858804413182071e-01 4.194324646972816817e-01 6.802252375934151329e-01 4.123140292946211316e-01 8.215642756107045530e-01
6.842832014032815824e-01 3.960792907662895601e-01 1.578426468137439365e-03 7.133523126968341899e-01 5.202854801293070874e-01
5.316092415928963533e-01 9.855288344169983450e-01 7.117953739239500921e-01 1.780519606156710788e-01 8.404347001305192411e-01
3.209761992650492779e-01 5.195005490627906397e-01 8.936093681553480828e-02 1.256238700966590960e-01 1.938581729898702921e-01
7.453014224456948611e-01 6.876850447875880734e-01 7.058048007428706638e-01 7.536738704250232068e-01 7.750375041703632117e-01
3.942693143250406429e-01 5.764219764183445838e-01 7.004109181308642018e-01 5.963131624598885239e-01 8.769200906097428527e-01
8.969404893908251575e-01 8.320220716687495299e-01 1.274671501010520291e-01 8.638583013433887015e-01 1.929783042378487856e-01
5.845482685046807791e-01 4.445044711661810810e-01 4.368077588878417350e-01 9.401047060504004182e-01 5.820757356815041694e-01
3.429390727989066745e-01 6.543578207762880128e-01 9.413715440960845893e-01 3.665601257246229316e-01 3.131216696335241689e-01
6.704843345572165658e-01 5.437654264917362035e-01 4.395282613518958215e-03 7.163384393991334420e-03 3.572324583392044728e-01
7.010017260275447359e-02 1.292071302357734597e-01 6.855301363859231945e-01 2.545859291837452298e-01 3.040527993585969702e-01
5.704431748311156181e-01 2.088420070559996455e-01 3.308585841477793554e-01 4.158274536889908779e-01 6.890658115893236735e-01
