3.089535416583039096e-01 6.959080441683407336e-02 6.445123380850020789e-01 9.012728513438239553e-02 3.932862282430039658e-01
4.069430484594228625e-01 6.688556030251892048e-01 3.194681167868038685e-01 3.067113190434412884e-01 7.098675026760603579e-01
7.961296977225722493e-01 5.057952733453050520e-01 9.741436982003935929e-01 2.423849992207525172e-01 1.167904033276295772e-01
5.219348475878892168e-01 4.553444618724864501e-01 9.350095052961678865e-01 1.193907652406797082e-01 3.129002574363118905e-01
6.741516422801075992e-01 7.173397807164491047e-01 8.911525333040619667e-01 1.165073955482089918e-01 5.149488612848333036e-01
5.840250512849927134e-01 7.725323305125960660e-01 1.347301941778680234e-01 6.166599057120943916e-01 1.693956054667454802e-01
5.703511528507118067e-01 8.119479372004232420e-01 7.194602508604408531e-01 2.360700532736764723e-01 7.743534050017921722e-01
6.723518881061234520e-01 4.266929958787343269e-01 2.163423014646789211e-01 5.996247370826983669e-01 4.496881147634298470e-01
8.689167044452387190e-01 8.339825641259803746e-01 8.160717945797454353e-01 5.936624994883529238e-01 8.000115702248948857e-01
8.543441772989870397e-01 1.045308583952415660e-01 5.533458256045559187e-01 7.355650646607214682e-02 9.731263656705202436e-01
5.418021832986749109e-01 3.520827770670690304e-01 1.561027164109559662e-01 5.898688962289521109e-01 9.089929904168515540e-01
8.617358533170933477e-01 7.711679829100587247e-01 4.689076824586456693e-01 2.095968050600681698e-01 1.552166903610834314e-01
7.194235968605235954e-01 9.226127952648894848e-01 2.764017185258436093e-01 4.228804211806702629e-02 1.906028866660958165e-02
6.224363931417863371e-01 1.596027128480554946e-01 3.528318953553056803e-01 9.992917168520458748e-01 3.497932376472029370e-01
2.282178381341215534e-01 5.817896641684103809e-01 6.094755349773912645e-01 6.307165549902696844e-01 1.281238999155763780e-01
7.681976645157838623e-01 8.644019061044060370e-01 9.943438436216145426e-01 1.877948297919910248e-01 7.206070380357021410e-01
4.420058342019858033e-01 8.437377539884362010e-01 6.565166804662992961e-01 3.862343026161633164e-01 3.433624194254839557e-01
2.930943338895886097e-01 9.449753887444163336e-01 7.212441158095520555e-01 7.682891591940818055e-01 5.478710486206161967e-02
6.915815949597382550e-01 4.581516598368096105e-02 4.637546234426859204e-01 1.733739553689922497e-01 2.535907928707650250e-01
1.311799419018773172e-01 7.773187959309503237e-01 2.740468887483521465e-01 4.238364881107938853e-01 8.868926465325989161e-01
5.265317472045895064e-01 6.630971425254946761e-01 4.490018845842237427e-01 1.700271486269747667e-01 9.250316430681932989e-01
1.241155832907453460e-01 9.200149344629746651e-01 4.234725893737462110e-01 7.731437093306224861e-01 5.245799773907738883e-01
2.031949569087224683e-01 5.621844983366846016e-01 8.949201564319071434e-01 1.195938160060215916e-01 9.984014860774438338e-01
7.981947486406530956e-01 5.451485293270268429e-01 3.274584078893690853e-01 7.165104625418672324e-02 5.526714546563201713e-01
5.168954833475951638e-01 7.458128718827390369e-01 5.891570502926263275e-01 6.658651913574348269e-01 1.696737419803042712e-01
7.453415665923746047e-02 1.057827293909779920e-01 3.678178019192795967e-01 6.431702786403302730e-01 2.561618898345208173e-02
8.388087000472815857e-01 8.768643882697357839e-01 6.807024821566683981e-01 3.520738230339878205e-01 1.787327773490340332e-01
8.347565319166692088e-01 3.563359934845858890e-01 7.882942721299635025e-03 7.991593319844063625e-01 8.465844823921702123e-01
4.193574788765725980e-01 5.445064614972071615e-01 3.570601800659856107e-01 3.354368559613845058e-01 9.129866652338287647e-01
1.978829104119059767e-01 3.476162142224731300e-01 8.813660538630752050e-03 8.640502550890931666e-01 8.791898654466734353e-02
7.310871222493759980e-01 3.036751286660910321e-02 1.878188562208233936e-01 3.485986471386673946e-01 6.878189068074018753e-01
1.349976428169010756e-01 3.192167399947960504e-01 8.065002297655801122e-01 3.928772127541000359e-01 1.847569730709716085e-01
1.300712902865956977e-01 8.041253503573465578e-01 3.332850232800005363e-01 1.316554794293416375e-01 6.969772384100848539e-01
2.591956506099782898e-01 1.816653932140911420e-01 3.708323308452996514e-01 1.620987580650304904e-01 3.090923137708417867e-01
5.100096635284576685e-01 8.881553319039031669e-01 1.537460912939399016e-01 1.586592193756806157e-01 1.590589313354866530e-01
7.809462541394718293e-02 5.384388563222067825e-01 8.459672379681671961e-01 2.397476374248136421e-01 8.872803299072106187e-01
1.206447041205830351e-01 8.260731217058850939e-01 6.169572619290344395e-01 3.285489898380887785e-01 1.435353488035552294e-01
6.876089052916821709e-01 3.236786706623169252e-01 9.704944225488668641e-01 4.792021727035965517e-01 8.676928680681738060e-01
5.143394205609899128e-01 9.344083631874368079e-01 1.333735713596870820e-01 2.355525754407017391e-01 3.076179065634089271e-01
6.862716739021952339e-01 3.325243348431241586e-01 7.192957984655830028e-01 5.784766218590013942e-01 1.700676762419444099e-01
4.764961957761960631e-01 7.954074756346374286e-02 1.399289658211244625e-01 5.039799131804607590e-01 2.004622008089435026e-01
8.975591098656083844e-01 5.251508774727982054e-01 1.124906825827721724e-01 6.108531190606817374e-01 5.465796144427703673e-02
9.220991010636747642e-01 4.204315972160060921e-01 9.933711451919997604e-01 1.176208588851660464e-01 1.067952390724131728e-01
4.083970817933513242e-02 3.495303701995799983e-03 7.035755810347554817e-02 4.047535902885915915e-01 5.980164951814820329e-01
3.309100881190385479e-01 7.426455683659661799e-01 1.212147265377574445e-01 2.692637412281601028e-01 3.268179049282691206e-01
4.903252508261235487e-02 5.076118357821213234e-02 3.718789399802826523e-01 4.343270372347107777e-02 8.819197296558627386e-01
6.101429338231285637e-01 1.396593814111757315e-01 6.815684510155325393e-01 6.207730064265555292e-01 2.202483951765170644e-01
9.887110254889198702e-01 5.622722028175570763e-01 7.727636388784658861e-01 5.283684858839979848e-01 4.878376661792305224e-01
3.493829652513404938e-01 8.419699505167864695e-01 7.131904199373275688e-01 4.656090364309322105e-01 1.690819946193671264e-01
5.608020548184043941e-01 1.274424750842136911e-01 4.352538581237355153e-01 6.600933071765898719e-01 6.989705834429681408e-01
8.147421662396360231e-01 1.160537825664211820e-01 4.403427090393019494e-01 6.830950638744073267e-01 8.342057600622740932e-01
2.098063760950439338e-01 5.545041233453827934e-01 5.188666435087951889e-02 6.289177070808373848e-01 8.317119283139997599e-01
5.567513021439860488e-01 3.622127042455830503e-01 4.330983636400347336e-01 1.162345368342163621e-01 1.814891646136121972e-01
3.260979783896873485e-01 3.603461116553596799e-01 4.078425461355450476e-02 1.590633037618089940e-01 9.663944212135644474e-02
8.783859772550358658e-01 4.313376156035682030e-01 5.866024312775788285e-01 8.998966653184748976e-01 9.081778868176667574e-01
9.271690336920442865e-01 2.130335546906110267e-01 7.654617839026318649e-01 3.771287847621747069e-01 6.106527958779411902e-01
9.337914436478796931e-01 4.144470844280252475e-01 9.734002013855408419e-01 8.369729819375403279e-01 4.421617438245712961e-01
5.754815801222686877e-01 3.741550867071408160e-02 6.297402996518586260e-01 8.368003972504113319e-01 6.689221917863021893e-01
3.223868270644827394e-01 8.265366910158341573e-01 6.963537941416785282e-01 1.776682575862310598e-01 3.376786745187796424e-01
3.547473312316852256e-01 7.127101467815868396e-01 2.949383990229147434e-01 6.259479296042128604e-01 8.286164875313564160e-01
9.814793781965794883e-01 7.679975946685733135e-01 8.690445037199792111e-01 9.660053096777780901e-01 8.727625226176594087e-02
7.657359269353697373e-01 7.451847857339644055e-02 7.547807649677662489e-01 5.805349017198740968e-01 3.058297196100187021e-01
4.015549592287195324e-01 3.003301677910711343e-01 7.418221959377889752e-01 9.375082023547620658e-02 3.547905774669035672e-01
1.566596434367991675e-01 3.288194649587921070e-01 3.057626872936491935e-02 2.369032459433026983e-01 8.165383291041526936e-01
7.104323279660740287e-02 2.847042117743961986e-01 7.859072657986614363e-01 5.992976520934325535e-01 5.572928491796802497e-01
6.257428365982606877e-01 8.014575388538578427e-01 2.754025528220039876e-01 7.923895939621438123e-01 5.071996111651617678e-01
5.771302363888879405e-01 9.204274555130059765e-01 3.808615243857641497e-01 3.851774625936099650e-01 2.542715919207021447e-01
5.356923585906803176e-02 6.728534189043454683e-01 2.650318757308731676e-01 5.562924516731404534e-02 2.567238611446418517e-01
7.261640907814052026e-01 3.005944644260188925e-01 8.638361975755122213e-01 2.717332885547218968e-02 8.407599778498009435e-01
8.505003897881945329e-01 8.823080571533937766e-01 6.762232415415295739e-01 6.069604696060727500e-01 4.850743827294226040e-01
5.272422611509088863e-01 9.640882857379958759e-01 2.871723469105398330e-01 6.788542808200329626e-01 3.870422033488187807e-01
5.659931156317202783e-01 6.552761622998430902e-01 4.435469956156719018e-01 7.159312974042438826e-01 5.134274864476378042e-01
4.382041627200132794e-01 3.568254691476633322e-01 4.938410011139181544e-01 6.999311828747635245e-01 1.775180411239634104e-01
2.730617145186842176e-01 1.319874061885673022e-01 8.021409747556322856e-01 6.299920880545246682e-01 1.640326767884259240e-02
6.759223207503227693e-01 9.968935184676345207e-01 1.023301620120277144e-01 3.762823955125302877e-01 6.304277512558867924e-01
3.039609995492305039e-01 6.758693412724078309e-01 1.750437773304081013e-03 2.139199631205372931e-01 1.071068990418075906e-01
5.080120582066343093e-01 6.274833516366868924e-01 6.513727439862295743e-01 7.598002621558654912e-01 9.675915065919760139e-02
2.495024750383848522e-01 4.706886069462503652e-01 9.297622393189874934e-03 9.488737626668827252e-01 9.122270126176988958e-01
3.874624431860156371e-01 1.496827968382276053e-01 6.702206355912129210e-01 2.235226673313660539e-01 5.138807798673218352e-01
4.576373540856436550e-01 7.650186681732982219e-01 2.136658543219474016e-01 5.688519520554492503e-01 6.919630123300656299e-01
9.842146545772743060e-01 6.512517320096077311e-01 2.817942532224346763e-01 8.741210105386315599e-01 8.316027702536332722e-02
8.124522257155711857e-01 9.583122305677952424e-01 7.804414564289838818e-01 4.137269830718298680e-01 1.831820289450680761e-02
7.002557171623673415e-01 7.873630633229069531e-01 3.394201909635439218e-01 5.383930010304287528e-01 3.958265042340439743e-01
8.116375693693111959e-02 4.592434657359876216e-01 4.641115636097495889e-01 3.935908949869759699e-02 9.230372002016140609e-02
2.388564623667963627e-01 9.577676645212021000e-01 1.939278174426473100e-02 6.549839659335762176e-01 6.692407564821202248e-01
3.381763187149282590e-01 6.631204438100457565e-02 3.456271865712816638e-01 7.118140149066080058e-01 7.888547576167090902e-01
9.671010869440621605e-01 1.409691501330405661e-01 5.392719295872091534e-01 4.928779088556700660e-02 8.536786240140846749e-01
7.722431737164050514e-01 5.562602426675373746e-01 3.114887183332344378e-01 4.185278264962420947e-01 3.989851359768058492e-01
9.150707920867869882e-01 5.707320392166193024e-02 1.346052234134194059e-01 4.097327496620937204e-01 5.688625184286467684e-01
9.700511999655998530e-01 9.985824467286485984e-02 2.211914761706050836e-01 6.550417903346534843e-01 9.414870442356297886e-01
7.308232888345675970e-01 2.010614485615574987e-01 6.373152247001736548e-01 6.381767842254166823e-01 9.819736443715916252e-01
8.583198310623629812e-02 8.366006455112384721e-01 9.603353019459726081e-02 4.182070527517079972e-01 3.201287479379398837e-01
6.205560921149286813e-01 4.824994949245035025e-01 4.135415671969101536e-01 9.461911232051177789e-01 9.549103631445928775e-01
6.373758411987702210e-01 5.144388578871519346e-01 2.552059083258012562e-01 3.177640466209509240e-01 9.653208334063783091e-01
5.574602014806209205e-01 4.007328222193415890e-01 8.091170773665442573e-01 8.657439868089066293e-01 1.685196793783950708e-01
6.882277029378004451e-01 3.329733482197934080e-01 8.936425185339682553e-01 4.893788593555148392e-02 6.094097958517539215e-01
6.234977874329303837e-01 2.961813963274990691e-01 1.832327936448741035e-01 5.315516970858986667e-01 6.075184254569737652e-01
6.774150304110513332e-01 6.485908900898609275e-01 9.279639172151601390e-01 9.200653534752193385e-01 3.897130586937216368e-01
2.960432655625587772e-01 3.948998016023428370e-01 7.829202574298539385e-01 2.486657986813046728e-01 6.182647222959017919e-01
1.267556485639907971e-01 5.395355726381817485e-01 9.382946720292654197e-01 2.853128435844514144e-01 4.527990987253833755e-01
