6.961078718324332781e-01 8.677378796921600967e-01 9.065835367958986479e-01 5.620325761123889929e-01 3.358525658677425918e-01
8.119665844351579009e-01 4.865355371044111088e-01 6.239449024128557175e-01 2.472127862982329560e-01 3.279514909108393050e-01
1.751265142419656806e-01 6.871410024851239973e-01 4.899610090910195836e-01 5.107004874716813969e-01 8.248868422163472269e-01
3.998274094976727033e-01 4.506656189014345282e-01 5.158403004392377866e-01 3.104996548152805236e-01 9.106091286863842171e-01
8.085249165013606021e-01 6.061178201189927339e-01 9.241522509730164536e-01 9.281499676050476433e-01 3.668769541392689071e-01
8.521903349952424378e-01 7.991249589607588577e-01 8.712874188017923904e-01 1.308371186815515674e-01 6.063535913235834629e-01
9.769227120019272625e-01 8.992355391079558391e-01 9.649111721806385988e-01 8.625352353847676179e-01 9.558257662525637688e-02
5.698772414384358775e-01 8.798060642555939337e-01 6.928002195786172601e-01 7.561064692479225746e-01 7.469945778000652847e-02
2.117195484688316753e-01 7.283596996676555690e-01 8.436420726160973604e-01 5.395943681428413408e-01 9.960848850734275173e-01
2.333391597694383091e-01 4.738184528147170171e-01 9.982050285450786431e-01 1.773011365038412723e-02 1.445079611363131455e-02
9.501546921588874817e-01 7.591557578372603032e-01 8.843578018631386151e-01 4.086778375978767919e-01 1.824107567574143607e-01
5.119482156767498626e-01 4.369218200850124578e-01 9.219393196288135917e-01 9.264497522598232893e-01 5.576514553346151315e-01
2.189562205778733395e-01 2.739735671926046834e-02 1.841716147303728013e-01 6.418424687370682946e-01 8.647098591202018181e-02
5.746496156561163859e-01 7.521657870886758745e-01 3.959039726260160652e-01 4.566864579412684977e-01 8.343506416032770989e-01
9.385656005603406626e-01 3.358591160507213846e-01 8.199703095390827867e-01 6.533917274370413253e-01 5.885171535129662956e-02
5.253577361058006101e-01 1.308662517064007602e-01 1.719803773498363997e-01 9.187115020078661098e-01 2.938628731809167505e-02
7.289428467570296943e-01 4.238250200448742122e-01 5.782348263222170104e-02 7.243838534990931777e-01 7.591294056155407644e-01
8.533106610220865251e-01 4.296909750457950095e-01 9.389333374621043893e-01 5.476569328015929994e-01 7.308844509155878466e-01
9.736776506651902974e-01 9.544308058622328339e-01 7.261695486674453193e-01 1.310636898649362170e-01 4.607672875756005926e-01
2.477599299335104810e-01 2.748169064685634932e-01 9.219934937324800739e-01 8.226731299231256900e-01 5.544766454104426145e-01
1.809216942680976770e-01 7.580656613176997016e-01 2.541905964120603212e-01 5.308245105793604202e-01 7.597862923091470710e-01
8.014932417734125236e-01 7.635215875829022281e-01 2.839164802343693284e-01 2.483161381264602507e-01 8.226388582491950263e-01
5.767368270225122773e-01 6.731965230858332205e-01 2.375601555899582440e-01 4.940580207938964907e-01 7.831513312004614313e-01
4.148670913654273207e-01 1.733138211176806776e-01 9.373577279096623194e-01 6.253264491514877177e-01 3.011633145135507172e-01
5.181878516759321762e-01 2.075103756821606860e-01 3.805379194264795206e-01 5.060591846822584117e-01 1.187204474657038711e-01
4.796836949734316624e-01 2.950002122787579451e-01 6.245263785219723474e-02 1.149729204561080742e-01 2.837007643860136596e-01
7.107855299748924160e-01 2.256174105015895659e-02 5.814087101574849648e-02 9.365463188285528817e-01 6.708947990768503455e-01
4.649535861410784010e-01 3.535527781091226673e-01 6.526955419912223721e-01 1.579668849170547951e-01 2.582560503636014415e-01
2.614874308028043437e-01 4.718214323660242515e-01 3.428092194013105942e-01 2.429522682213290929e-01 8.434363450961385178e-01
7.425108001207638697e-01 6.857743309962101019e-01 5.305493375835953485e-01 6.668295269334254538e-01 1.758721721503549995e-01
9.958718419913267228e-01 8.425012862077048137e-01 5.856516621507323883e-02 8.433843607829758504e-01 3.967325430034572831e-01
2.805937525939080635e-01 6.762939877840870029e-01 7.202564640067443680e-01 7.070535698477165010e-01 9.129955970216911965e-01
9.655545565932642793e-01 1.888757090986651344e-01 8.777434725047791320e-01 6.545820674581503962e-02 9.050367953194349280e-02
2.941511307883020176e-01 1.122177235015838770e-01 7.571589356928487557e-02 8.625037021833548145e-01 4.908851096944816250e-01
5.142411811692561008e-01 1.735383734709577963e-01 3.467623472707858090e-01 8.211788947154823326e-01 4.606956827191932557e-02
7.942765499553164910e-01 1.075084544354025784e-01 3.856657467790514104e-03 3.362176395460182432e-01 1.408420161124631642e-01
2.421520181941262395e-01 6.646763180743642252e-03 7.013142962358304144e-01 2.048173019620816993e-01 7.944742321409893338e-01
2.228926773855698373e-01 1.897458016432560512e-01 7.451890616933233291e-01 4.262536443381490514e-01 2.236179726359438513e-01
7.573640631820824920e-01 1.031716987211941383e-01 9.772000958031077378e-01 3.935802037565075961e-01 8.687306397999750018e-04
1.287004592238526479e-01 6.592333577461089167e-01 7.428699674037471112e-01 8.303117244273031661e-01 6.915246155774619208e-01
3.246672714409020166e-01 1.985817199028123703e-01 2.644214780241398444e-01 5.360308290463610126e-01 5.424630504919749630e-01
2.285511117811106496e-01 6.518080619864039527e-01 6.753742361482434342e-01 2.956365066055964830e-01 2.297961048440949616e-01
6.016785604554316658e-01 5.280078944741140035e-03 8.526874739843807172e-01 3.832661009293287790e-01 9.562612605366961338e-01
9.009334640898510882e-01 6.058538293607902414e-01 2.332841698341432402e-01 8.387943095635408408e-01 7.430911839497306159e-01
5.719463273165983352e-01 5.292599527165191553e-01 5.747934099121874141e-01 6.746016967114730756e-01 5.040019367781023441e-01
7.267326306651000767e-01 4.424632261320897708e-01 9.617724861332511699e-01 2.866665127543945868e-01 1.945539655715219363e-01
1.785973988633313692e-01 3.633269504958496210e-01 1.051356266587757382e-01 5.626917689165703562e-01 5.722202853820715918e-01
8.658155455825111702e-01 7.608030562220265969e-01 3.012366184958708004e-01 5.177993887853160615e-01 1.405199344545152718e-01
6.931163558922296408e-01 2.400559674514027853e-01 2.462169817546078221e-02 8.145770629803484875e-01 1.085006290418754071e-01
7.053992666366674102e-01 7.516803064199636397e-01 2.717884720468611848e-01 2.606893606823856846e-02 5.525559893051358307e-01
7.311327891245176236e-01 1.274647797733102772e-01 1.795374061735799387e-01 5.054760360535841546e-01 9.933403733284090764e-01
6.783759035482429534e-01 1.479424152814452498e-01 6.251310460228376442e-01 8.360677603881730979e-01 3.666302021293532665e-02
5.784664338307430320e-01 2.287628034718304226e-01 2.569965702153240716e-01 8.822318560616195793e-01 5.729481941818180823e-01
5.811487167289560718e-01 2.510850332924030592e-02 6.505669970786028822e-01 7.733496451867070132e-01 1.726263381243617889e-01
9.420925353863602858e-01 1.857471966608468250e-01 1.213487435612072840e-01 9.459427852080994903e-01 3.911028411688455275e-02
1.887273033858746230e-01 3.025887070199878570e-01 3.432273633304209204e-01 2.113931134877533591e-01 4.101357587445434438e-01
8.858792158805508521e-01 4.499340623754076729e-01 9.754352591276536089e-01 9.994026034176780593e-01 3.855861290834994293e-01
7.540547687501020224e-01 9.059996092562172532e-02 3.222356029780762965e-01 6.076711620653219015e-02 8.815920034046449416e-01
4.763400593311194475e-01 5.509054686262058187e-01 4.413788244618276346e-01 6.039399229115752776e-01 7.377178565219765227e-01
6.416373491225593195e-01 9.186373195963100091e-01 5.726710449191683150e-01 9.060038492646935726e-01 7.891150639159926206e-01
7.023743682595576798e-01 4.756373750789233412e-02 9.242586678794606492e-01 3.492379351238533713e-01 8.842619332139021182e-01
2.500832645402573107e-01 8.918325059378962028e-02 6.399852663520241292e-01 6.069369044491756959e-02 1.901646386555400081e-02
4.557731425410161963e-01 8.563659589456481536e-01 7.588153619533211103e-01 2.358287555410802927e-01 4.057750386913558938e-01
2.785352853201293888e-01 6.097880632468446471e-01 9.217503531407424955e-01 3.717891228107322865e-01 6.771755407988878650e-01
9.835295874594824905e-01 3.728933612301879030e-01 5.682892306547304706e-02 2.648424164020442007e-01 1.038517020999227825e-01
1.803171050035264900e-01 5.055795095233298619e-01 2.662041105348964543e-01 5.096536376067666296e-01 6.437647190991211410e-01
3.869587555558751113e-01 8.397966150220682602e-01 8.951571075761883822e-01 1.411043854788296414e-02 3.151324099305227167e-01
3.042070756359467332e-01 8.730811251088536062e-01 1.821179434068297409e-01 4.668194525511663029e-01 6.278393666700367026e-01
3.593288597233955661e-01 2.037225512653595416e-01 3.108086142168359212e-01 6.269464204888560710e-01 6.620382550699390745e-01
5.022525947304434801e-02 3.868857872881386051e-01 5.659802030815468399e-01 3.899802388747767301e-01 4.892214769041163258e-01
2.015770655255257893e-01 8.448828426356514987e-01 1.670728780169614680e-01 4.697590802771516305e-01 2.077058227261774359e-02
9.941878642737171923e-01 2.044530547703372614e-01 3.323979005283783650e-02 1.387821214049256291e-01 4.647030980630412200e-01
2.458929652345069883e-01 9.368792237067059547e-01 6.027567731570495635e-01 3.481963065649206213e-01 9.631256472108459254e-01
9.307680726405301863e-01 6.179770740197862988e-01 2.242410490129722600e-01 6.910772502443403020e-01 6.112360743309842581e-01
7.522620063946247049e-01 6.353151831526782090e-01 7.363499543835939631e-01 4.529268962711343605e-01 6.140678503215651896e-01
1.802663573483355153e-01 1.219286685372678036e-02 7.249152652925411333e-01 9.076826092234075993e-01 3.032072389403370760e-01
7.728219780234503178e-01 2.976436758201705945e-02 4.393274351990732463e-01 8.610956812995009813e-01 6.368460345390920541e-01
1.933004128566370161e-01 2.637919499769901810e-01 3.007842852822968371e-01 6.217910882429726893e-01 2.928824103548447466e-01
4.391556324946138679e-01 4.612070295310878310e-01 3.169376813754380962e-01 6.759614226318502173e-01 8.451185953759503544e-01
7.545991951826642730e-01 4.022410403324655492e-01 7.985750316785145131e-02 1.972956998014572250e-01 6.031692556890223544e-01
7.269275346940738958e-01 5.635523214469928543e-01 2.383464509728130398e-01 2.488385822981187268e-02 7.668033890259888796e-01
4.514270997133325025e-01 2.562622216037816480e-01 1.170544398336640368e-01 1.065763509250738927e-01 9.834391608749822877e-01
1.383726326219026914e-01 2.393773363536682020e-01 1.764288198917624007e-01 3.752582037062160980e-01 1.692539072971832592e-02
1.088881580608813682e-01 4.995693822656706029e-01 1.795482869414412042e-01 8.856895978511631906e-01 8.601064128745747883e-01
2.109759818926582042e-01 1.723193142446688420e-01 9.302227700113657738e-01 6.317317051638573489e-01 5.445143861449854850e-01
9.004017871005067786e-01 3.339567876369187172e-01 7.839371504095216103e-01 6.612050104127410455e-01 1.755353492988686037e-01
5.217771502729635635e-01 7.915770608649096429e-01 1.102474968465352312e-01 2.712296408274154080e-01 3.835980377231545946e-01
8.088487567064353012e-01 9.673071271630425683e-01 1.471999932096791364e-01 7.836959327197291492e-01 8.164919236595814533e-01
4.399203041322254926e-01 7.633551314678375110e-01 2.307388259652666251e-01 8.479471275340418890e-01 4.902707963507596522e-01
9.544526492999363398e-01 2.289357661878446137e-01 1.037629143119088715e-01 3.494820161288711979e-01 2.054719660430504025e-01
8.531220065434126365e-01 9.097914874934580620e-01 5.342010007174861075e-01 9.934215285070020496e-01 8.005093183730505046e-01
5.856737953337939340e-01 6.367657926618359721e-01 7.309000503996376796e-01 9.717893453263837245e-02 8.261353440750504040e-01
8.303150471417802825e-01 8.551841604892197468e-01 5.145119005927758504e-01 5.899772488585524055e-01 2.935987480432447061e-01
8.978342500247062929e-01 7.877395922803707151e-01 8.612399975791685813e-01 1.610529814658686609e-01 6.781225641271876325e-01
4.487855785637803185e-01 3.015787081824632399e-01 3.029694941114845497e-01 9.233939417885338452e-01 7.085002839577736466e-02
9.999644784777741435e-01 5.243231508773360527e-02 3.337514313240318442e-01 9.079361831463136356e-01 8.983166100731221348e-01
4.003330399402438289e-01 2.636907537911048482e-01 2.895153693869988443e-01 2.375491111531102817e-01 7.141950058579521476e-01
4.433399096404047057e-01 3.865309191913187670e-01 1.543132389055383857e-01 8.409829358742100247e-01 8.638711884151482057e-01
3.471109447490861033e-01 1.688043413301476559e-01 7.999358126742239783e-02 2.625001236871524757e-01 9.612042341911616328e-01
4.938233633778352782e-01 1.021908019119216471e-01 6.910166504598269643e-02 3.189316240373357703e-01 4.538413243915961903e-01
