1.800545918407391310e-01 8.417852136518910733e-02 1.132347972732357100e-01 9.656679585436311886e-01 8.800421856546479793e-01
8.229678863141658418e-01 5.442305868843996253e-01 5.408946124123743537e-01 1.638071032515796555e-01 5.518788646668822961e-01
7.843535043095948289e-01 4.809441960643950909e-01 7.599554617126175193e-01 1.272385884623444818e-01 3.143432762280002901e-01
3.859596958115573129e-01 9.556073776104325734e-01 9.292760260779404646e-01 2.202153757688618541e-02 1.061622749386095244e-01
6.931182915239053610e-01 8.216490227881367847e-01 6.216098984925680915e-01 8.002634292176213915e-02 1.106805064826572593e-01
7.809668452510024617e-01 9.804490538625135754e-01 4.416827346710662239e-01 7.399701354015845167e-01 8.237661524833916893e-01
8.766080912773273059e-01 1.949861762105424834e-01 5.418018695340359736e-01 6.701144731479024008e-01 7.948278769601050397e-01
3.582925470142639401e-01 3.874382443887541827e-01 3.254939045721485513e-01 2.306197072124093195e-01 7.884899180807891650e-01
6.679177746912582370e-01 6.734455254867073304e-01 6.132214057066658341e-01 8.587529759090678505e-01 3.512968248471552979e-01
4.300324570928931722e-01 3.434319423542149252e-01 7.858471486941432937e-01 2.667782694323207471e-01 5.163392691967649828e-01
5.237783583819047850e-01 5.073060472540571464e-01 2.967447456111297344e-01 8.986366550635869199e-01 1.444995684754463161e-01
3.479383255060097824e-01 2.840429452479502626e-01 7.289636261615731749e-01 3.203675400133745299e-01 4.606820597764241798e-01
1.355008516351671188e-01 4.798357825646980546e-01 2.726405852671067720e-01 5.431017378860936162e-02 2.684259654256688776e-01
5.845529820930089882e-01 8.338894448107416757e-01 3.666960425262477674e-02 3.595875854185283105e-01 6.458415293970868332e-01
4.241919445688082657e-01 8.966309458761219098e-01 6.350859806951091313e-01 7.628118777999139954e-01 3.006540576010193755e-01
3.107898946184817213e-02 9.100436656372397071e-01 2.671483065276505364e-01 3.039650121625978585e-01 8.667337431780033352e-01
1.778354920050850829e-02 2.459037570712190313e-01 7.101260271176444983e-01 3.036674867375347420e-01 4.932387461754452751e-01
9.825396716639442918e-01 2.258449441691743331e-01 4.325599941672534365e-01 3.697649410602622533e-01 3.015058591707179270e-01
6.202139713978153113e-01 5.021790948220363759e-01 3.193865842313663439e-01 3.252340648189733230e-01 8.963967571545282675e-01
3.362374631483271425e-01 1.710590754111195322e-01 3.257936707299791124e-01 1.056376911181617917e-01 6.847790942909743883e-01
1.134961998642252112e-01 5.464478242289427801e-01 7.796313434292270195e-01 2.630195313139512825e-01 4.645145890197275307e-01
2.946417307704879418e-01 5.864231851594914335e-01 1.351703353079399816e-01 8.488355388863673134e-01 9.065005009488619203e-01
7.347996631608476603e-01 2.823521691880350737e-01 6.033028299345873924e-01 1.954260919691630516e-01 5.468202563422247531e-01
8.868274632643341482e-01 8.084705989745714083e-01 1.839012283100815992e-02 3.967413512236235285e-01 3.658851811404343346e-01
6.400622113991381035e-01 5.147353668788695602e-01 4.060929655098813873e-01 8.284688640665592851e-01 6.778169971224295987e-01
6.978145041710858143e-01 4.094908384239018817e-01 3.482691633360480710e-01 6.702754525015179876e-01 2.202173495913702927e-01
8.373126811564837180e-01 8.602314911475704706e-01 8.781247130785182486e-01 3.882116752411942651e-01 8.478236159845701225e-01
7.477664967563629750e-01 3.653158222057308890e-01 7.211272515139148798e-01 7.945482578182306854e-01 2.930015014365539017e-01
9.181099405421297988e-01 7.645124214976455335e-01 9.065854802437944837e-02 6.497396744435083304e-01 8.836447010146231129e-01
8.778552116601496813e-01 1.073922191278050553e-01 6.920691175439941389e-02 3.421981890093757084e-01 5.656531862875787686e-01
9.325710602292575091e-01 1.503148467871912031e-01 8.909478057274988760e-01 6.621188333468949194e-01 7.667197353081298683e-01
1.212049295108488245e-01 4.506374947089496485e-01 2.407867331808446476e-01 2.613674095058827751e-01 4.533230125166197721e-01
1.517035902574487283e-01 5.288816130482960620e-01 4.237113250357985583e-01 9.728342804024109336e-01 1.835976555024364520e-01
3.378272262759183242e-01 8.232374688302788179e-01 4.830986975329680799e-01 8.971056071188349135e-01 3.933484044015966852e-02
5.007853624768925371e-01 2.457120138533521736e-01 7.423714219419800253e-01 1.462539228263759483e-01 3.618097914950167970e-01
4.974884961110048742e-02 1.397345070255353594e-01 4.607270269047972766e-01 6.012670960978061530e-01 9.716826803843858773e-01
4.467280988636456174e-01 4.005111507689925743e-01 3.569284930184087878e-01 7.852682689922819703e-01 5.438403154900167680e-01
8.333049318218522794e-01 1.026401029952681565e-01 5.466467949509901114e-02 7.401307407232897706e-01 3.636604455378501521e-01
8.264929079520461075e-01 5.271321465519562821e-03 7.091518691958575982e-01 9.038827079092612848e-01 2.387554216281705388e-01
2.783845755161697966e-01 6.004902467307304814e-01 7.461364509418574320e-01 7.321385023139835857e-01 8.223914611885601023e-01
6.162264556119412262e-01 4.168999393523876718e-01 5.810539217816746982e-01 8.717514733851442488e-01 3.878588200496952965e-01
5.653105134279301502e-01 6.521327619353456395e-02 4.550392384588367589e-01 3.535059816123583554e-01 4.667576165699633961e-01
2.965121648910817864e-02 7.905837741752309578e-01 5.569247849848560916e-01 5.835025227086730881e-01 1.290772175344121475e-01
8.550799532730722907e-01 7.213332385600949026e-01 7.260613954444955498e-01 7.042865722925939487e-01 8.945197069282947444e-01
2.982301126064468288e-02 2.809092969823445696e-01 1.216912731019307303e-01 8.933698119847710561e-02 5.298799225790136180e-01
1.196766555938363341e-01 2.041468610222473279e-01 3.355767039933127416e-01 1.212567703971372257e-01 4.767397765739178617e-01
4.760258550371013753e-01 9.604083857278619130e-01 1.558847497869025878e-01 7.951507962241850525e-01 7.498411242650846464e-01
6.374888248396092250e-01 9.075633637156332867e-01 8.269700937594774981e-01 4.663284690416760192e-01 8.823882515679691840e-01
9.737615412486825273e-01 1.087890135471958342e-02 2.762062737491506326e-01 2.289775480266693641e-01 6.578421187298763018e-01
8.367374067892375811e-01 6.816800398405966632e-01 6.240817482467134747e-01 9.346288498704906633e-01 8.782975309242606610e-01
6.986460009783447278e-01 8.777912647224017650e-02 4.583731953916642121e-01 7.472513328376666486e-01 2.846566511248322939e-01
6.415746292510093873e-01 3.790494645732215284e-01 4.740461042161892014e-01 6.183453599674667567e-01 4.901342378626757368e-01
5.657493510534038483e-01 9.931232778828117391e-01 8.169633943096313855e-01 8.508705705526955487e-01 5.123952899802828309e-01
9.362670256381552258e-01 2.636613941638455971e-01 7.765212836792120266e-01 7.913882059606960340e-01 5.494084387643305423e-02
2.439781647438973300e-01 6.970823246614290536e-01 8.326113936246416491e-01 4.072408628503895178e-01 6.995763486516343166e-01
9.945547746331767636e-01 5.022414241873649488e-01 6.709305308419822866e-01 9.738064817764167103e-01 1.214406913376441244e-01
9.519502976039517783e-01 3.666096328277246297e-01 3.238494672940644969e-01 3.336303303512034857e-01 6.249974022702545762e-01
5.714996484735390680e-02 7.441670579528953944e-01 8.433256564018889456e-01 5.119751437283585060e-01 2.335408667384417658e-01
7.086001821415398583e-01 4.757720495156643192e-01 8.777931970671407624e-01 5.837711404888188405e-01 6.253920349913677512e-01
7.421362786443140847e-01 7.592116143510677650e-01 8.052648857151121220e-01 2.128571787025794748e-01 5.530238627599343149e-01
9.241074862887863617e-01 4.271022830012277671e-01 1.044162204824649054e-01 4.533665539325967275e-01 3.713418751221028158e-01
3.712815828664526308e-01 3.296611337510585438e-01 5.576060499217713184e-01 9.845573870664102722e-01 9.661294591263843712e-01
9.293465582502901112e-01 2.292812242790054356e-01 2.101862125477580445e-01 8.458271389816540697e-02 6.784407933879397223e-01
9.203587533453986280e-01 4.874820939059413272e-01 7.141318146963141489e-01 6.443924629737133314e-01 2.105706346589117928e-01
2.090251443968395018e-01 8.644726911826496885e-01 5.515183773312435367e-01 3.644129150866142197e-01 5.349483155608210083e-01
6.577047294230734531e-01 9.713277450919273193e-01 1.260549430948432192e-01 1.719356790021800974e-01 2.804550555872206141e-01
8.959656386498537906e-01 5.469294563200832737e-02 2.964459068829572441e-01 5.649948040233565560e-02 6.919047560278308584e-01
7.572994751406574299e-01 4.843348349387807117e-01 8.095529250042592384e-01 1.075120443592869623e-02 5.460352875210230383e-01
3.873974218098070743e-01 1.122649665234756178e-01 1.136996064468070999e-01 3.778718372746072696e-01 6.811874926237757588e-01
7.534931763650812853e-01 3.682276836232031281e-01 2.727293838719008212e-01 2.737098488920655104e-01 4.256223767293900728e-01
1.667522829573224730e-01 9.428595582475085557e-01 6.707013880211813994e-01 8.863750127881686591e-02 7.445694870698797985e-01
6.917470444421064402e-01 1.427432479858875558e-01 7.751272497494962055e-01 8.230804227053672983e-01 6.204493088582427873e-01
5.520138369952953816e-02 2.312900468129717169e-01 4.159277433945876012e-01 6.923623693127355372e-01 7.098965145070047500e-01
2.859207616493706361e-01 6.961060914037405789e-01 5.954867894452510191e-01 4.609839994384825612e-01 9.185104700982107406e-01
5.820738777755413151e-01 6.525829951419415131e-01 7.664541011245312729e-01 2.938713717885405030e-01 7.857232997163243748e-01
8.993997155655292230e-01 8.019578824455457777e-01 5.383170574479795301e-01 1.092114092970327688e-01 5.544414054960417060e-01
1.379189521945450858e-01 9.337610513502210274e-01 9.994561206612578852e-01 7.990932910850006010e-01 1.966034570836561191e-01
3.749143000384866919e-01 3.537408526905171380e-01 6.541377323264306876e-01 1.090995699468729763e-01 3.847174441146986590e-01
8.498208410875156549e-01 3.095524493800603238e-01 3.810820845593363426e-01 6.019087230397069943e-01 3.112940566433360923e-01
6.523971926200385907e-01 8.369471131063344060e-02 9.076944632597843121e-01 2.130156407825064546e-01 1.106211490219315419e-01
9.400119789230358958e-01 2.420705342196960430e-02 9.017745665522215459e-01 1.578424077853023411e-01 2.479448158887050946e-01
8.195080084519035246e-02 8.787510965560469955e-01 7.917443709726933454e-01 4.124378614758262840e-01 9.557141148095583683e-01
2.825821036153103316e-01 2.911600351432531708e-01 3.556173264113812182e-01 5.031342044857816109e-01 4.969631742749662795e-01
1.501547521042129185e-01 7.721428820880884558e-01 8.895418994005519497e-01 5.345113269285459712e-01 1.320055637502745016e-01
5.464178303899881461e-01 6.311698262225453604e-01 2.588746517923170565e-01 7.846369599019242802e-01 8.095341275392212710e-01
9.962361239635935117e-01 8.999253551788557459e-01 4.294350463289247077e-01 2.109182320577024372e-01 5.634395006253697380e-01
4.498820217940774358e-01 6.241593543388559429e-01 4.852191492563892039e-01 5.387656060194334628e-02 9.440697878668149468e-01
4.699698321398310119e-01 6.542548736944183707e-01 1.319811199510574351e-01 1.868148789126764520e-01 4.544017619801521413e-02
2.937654733373169513e-01 4.108898648897730821e-01 7.333587967797441376e-01 6.512138238156051084e-01 7.595281294574762754e-02
9.758976381112935972e-01 3.790280911719198231e-01 6.734613911599642844e-01 2.534176442805680107e-02 5.655498865295546240e-01
5.548598015325828525e-01 3.364049805471743815e-01 4.548255110774402921e-01 6.550694675418533564e-02 3.826465951040625146e-02
5.940934081095492481e-01 5.561802645028541825e-01 6.308645636088893172e-01 2.129959860847737696e-01 5.007040983343362672e-01
1.651780666912128215e-01 1.730030507783391069e-01 4.657035195069127997e-01 5.630511564748098552e-01 6.129350435110677564e-01
2.629578404906287581e-01 2.563088898265570847e-01 3.053316027311963055e-01 9.376624648170306386e-01 7.893311291748227321e-01
1.473787910829643666e-01 4.805410159903590328e-01 2.910544857291721410e-01 9.935909410085255189e-01 3.113127325982302240e-01
2.818644018324084621e-01 9.629289143303771947e-01 5.440006418365095353e-01 6.219853078606885077e-01 8.685699419795722687e-01
7.481249516051321491e-01 1.800571724623158953e-01 6.079563759398323164e-01 3.303094224768362563e-01 3.144712195910667196e-01
4.938414277149508758e-01 7.859949644330337382e-01 9.160156743471301599e-01 8.090967856308627359e-01 5.388872388690296722e-01
4.095591500639356175e-01 4.165380333195781715e-01 1.601440726202887355e-01 2.521776278279489469e-01 1.962326946982274611e-01
1.962344858830055161e-01 1.222106323199743105e-01 2.111473203318280367e-01 7.465824503942791734e-01 2.918287434162569749e-02
