8.481032514329703842e-01 8.604760980380934399e-01 1.931404405229124599e-01 2.370629169382776347e-01 2.455552837418264467e-01
3.983922639088014472e-01 4.696492402396850174e-01 9.077790186574610232e-01 6.613565080166369237e-01 8.844003702508423936e-01
1.903597115107080739e-01 8.515535541672483166e-01 3.535949356339734839e-01 3.630136140781907717e-01 9.242275539295679021e-01
4.704553376247033736e-01 7.816564197499168420e-01 4.676596681097723307e-01 7.720281063345397765e-01 1.955862493585993622e-01
5.261203127972152727e-01 7.522161961187457946e-01 4.874658978010363297e-01 3.984124960343079502e-01 6.297171594127455307e-01
3.542886165641878637e-02 5.857407925833534312e-01 1.443153688408398416e-01 6.326261657139808925e-02 2.589158245620242216e-01
8.496251202452909101e-01 7.436628463815080359e-01 8.366989507852454766e-01 4.517466715162158364e-01 4.902418004784371286e-01
1.880225920242494242e-01 9.783425979463702404e-01 8.571591511183287437e-01 9.908312568741787230e-01 6.205173332857747415e-01
5.026682040839965948e-01 9.350344786789374085e-01 2.045640563456784244e-01 6.890218246079398146e-01 5.548969503910557988e-01
7.945263554359881519e-01 9.064261984633795732e-01 4.089521810235674515e-01 4.774743877068233777e-01 7.721831667290930401e-01
4.663646255009354924e-01 3.776368061845805091e-01 8.581012410397549361e-01 9.885346749876786632e-01 8.632788608835810784e-01
9.244791883330135684e-01 7.339025888113505092e-01 9.360210579860570590e-01 6.702757909759592403e-01 7.404258128918206339e-03
6.504722002559459870e-01 5.292698082985003438e-02 5.452103521453098844e-01 1.252472190296761712e-01 7.549976849955802871e-01
4.254798324970971990e-01 1.124970482166507413e-01 5.039953515480948276e-01 6.656156618338729958e-01 2.463443089760203319e-01
9.554156022250679392e-01 7.249593489934378354e-01 2.582180998096077484e-01 6.087392617254117066e-01 8.337562939879903379e-01
5.393698775401397638e-01 6.651999525849268124e-01 9.286909975513272242e-01 4.236066429773585051e-01 8.000856175111873414e-01
5.015540626007665148e-01 3.077670610343794522e-01 1.685696599138433172e-01 9.357217439766245537e-01 1.493906958330294410e-01
9.299828024256207026e-02 4.714157464852696267e-01 9.026566080780040746e-02 3.755647567861754021e-01 3.735987829200329013e-01
9.005022046799678881e-01 1.273925820829407973e-01 7.745373551466213646e-01 2.784538716658414570e-01 1.753157944891322595e-01
7.016653775062956511e-01 2.694765581876427119e-01 6.643013524771482770e-01 8.358713090282349212e-01 1.082103992097002143e-01
8.062650811424979524e-01 6.970806618349952855e-01 3.098037477456661026e-01 7.469406453504570109e-01 8.899946656264992040e-01
1.035319900682081240e-01 7.711714128982253280e-01 1.092912186801776597e-01 1.044168021749566355e-01 8.871444725104089546e-01
1.106516313146628239e-01 5.712014521403421252e-01 9.208647437415844461e-01 1.209445331923431066e-02 6.811076416383534671e-01
1.170087396913743749e-02 7.203536685992032451e-01 4.764409695873479400e-01 7.345856016260812194e-01 6.040463899853739660e-01
3.134752654076968792e-01 4.559090438379230781e-01 9.262906250987880119e-01 7.100494930129421789e-01 2.451394473091217385e-01
2.539023340400733408e-01 4.015653541704822249e-02 4.972863284791761984e-02 8.620732646059995341e-01 5.051424689778634125e-01
4.797311596673465850e-01 6.779837439173257430e-01 9.329280066548435446e-01 9.777830644014773309e-02 5.831773733535149384e-01
6.729728580177000152e-01 8.075046286902705095e-01 8.460854903007652972e-02 6.875217774974681229e-01 4.850073541407577959e-01
2.180610117645065404e-02 3.611784836561972023e-01 8.360778301345834773e-01 8.153683781291621857e-01 4.283603301156044818e-01
5.375853800641657854e-01 3.245610789494565163e-01 8.290178805983213772e-01 2.593158950205889379e-01 8.651900504243901224e-01
7.028028733118965032e-01 9.554330669043492597e-01 2.070879085976951028e-01 1.784883535090091566e-01 7.692665091660075838e-01
8.813995797657140363e-01 6.662299427722944145e-01 4.282102010711468232e-01 6.740807167693877444e-01 2.319037084006175808e-01
9.503884331995768875e-01 7.290748138717390026e-01 7.629496913206645914e-02 3.122639881422373254e-02 5.511150564919155004e-01
5.943180017589266839e-02 1.751875047431656895e-01 5.161350022076213184e-01 2.239582515877611701e-01 4.655563289174985409e-01
3.846781615322474313e-01 1.195639722829404672e-01 7.781544888157633233e-01 7.760035954874606734e-01 8.549277279550081543e-01
9.784841407793769541e-01 4.184041259556016135e-01 1.387455877233696455e-01 2.358053200037452113e-01 3.434628591212361970e-01
9.862228595135118514e-01 1.971872222215316217e-01 6.517786990040419504e-02 5.705878451564400100e-01 2.501267610118698137e-01
2.195066549725946947e-01 1.340240022803284026e-01 5.330098747261650116e-01 8.502757703115387811e-01 9.136480850397299402e-01
4.105083714047993437e-01 1.272129261972132497e-01 1.556055587666926865e-02 4.529424264701126246e-01 8.488632433968762436e-01
9.076351224263423667e-03 8.780211360054052117e-01 5.843151586267500974e-01 5.060653915850076290e-01 8.201704408245019673e-01
4.573446770353928326e-01 2.320391508601586938e-01 5.980320537412814330e-01 1.733730860414741670e-01 8.427463861459539851e-01
4.892799606948056157e-01 3.544779972214048280e-01 8.207706133092822487e-01 9.700785819858792625e-02 4.073708190281227770e-01
4.728500828919921517e-01 2.836751449278239745e-01 9.723202828134236420e-02 2.554978361885132943e-01 3.291981869964526464e-01
5.076255966994094315e-01 2.520974870596760509e-01 6.991627146573058393e-01 6.127569459371660088e-01 3.739114685039112151e-01
2.226961481448661573e-01 3.436637962284108117e-01 6.216319328847248471e-01 9.663130441473910537e-02 8.472138881135702349e-01
8.670583646482390439e-01 2.782409393410755216e-01 6.796381447442747525e-01 8.137727196839474875e-01 2.171619445836681095e-02
1.813346547407099774e-01 1.031454012552353028e-01 5.425233946553230657e-01 1.553299568372022987e-01 1.525087407467322631e-01
6.729847567447770906e-01 5.638931180666533205e-01 3.849139040150002522e-01 5.912389542530027686e-02 9.169577378692815861e-01
5.913835773193321099e-02 2.308482863520144868e-01 3.392561242811431566e-02 5.176934277599076761e-01 2.557450997651480318e-01
1.973019424623964069e-01 8.143836571182049289e-01 3.845931576796380869e-01 2.888316788315973271e-01 4.349917097035582714e-02
3.778838828706979625e-01 5.556451689829999818e-01 2.219096150490481589e-01 8.803447162436730533e-01 2.053269037556720855e-01
4.465423723153634228e-01 2.503907859720952978e-01 7.880244796393806039e-01 1.235530287816273276e-01 9.267549006989328486e-01
7.499600799981405164e-01 8.641614864958684361e-01 9.666916242014839122e-01 9.455238517125653663e-01 2.871301327669557590e-01
1.813481117224771122e-01 7.585096486091470469e-01 5.045112530692287267e-01 5.980324204059480619e-01 1.719849587622213072e-02
6.740730975420526905e-01 8.216149551891128722e-01 7.114384427012547807e-01 9.558745545037192759e-01 8.090484209092275725e-01
3.061909219304270735e-01 3.411551947901236836e-02 4.442068881023204518e-01 2.146857834682230903e-01 9.672357291419636516e-01
1.262090669745706828e-01 6.048897406059056125e-01 7.908253766865200873e-01 9.352082210749783631e-01 3.363614814763615790e-01
2.155546333113159685e-01 8.888512469347314982e-01 1.615298461401689645e-01 1.978585849441718558e-01 4.959569913539282338e-01
9.989789129562222092e-01 9.087110810602403443e-01 7.143557052667031115e-01 3.040440340776872086e-01 9.921308447517960261e-01
9.190085026307973637e-01 5.615821534984790642e-01 1.924208697328911866e-01 8.270929816675627322e-01 1.544480109042051241e-01
4.475236225612762020e-01 6.560810929861596863e-01 8.076631209449888216e-01 1.293020854924796792e-01 9.357427177760565540e-01
5.464521914059383700e-01 2.768108890519056509e-01 4.284314010401191197e-01 3.093457809818238591e-01 5.422382712093561929e-01
2.045740604691429487e-01 9.301340101815569472e-01 7.117862039915989758e-01 4.115698458885395095e-01 8.244598454487209738e-01
4.283131590610311790e-02 5.920247675465369896e-01 1.198222331729840162e-01 6.040531958312009841e-01 3.447599917063097763e-01
8.017900970371768521e-01 7.853690506876431776e-01 5.135722901047458100e-01 3.746247003888142357e-01 2.961879053411677898e-01
2.533488152595564369e-01 6.252895995205264290e-01 9.378024589169552394e-01 7.022489671048137705e-02 8.082699121513455820e-01
5.246389469789013438e-01 6.001630938750213140e-02 1.124480222223764869e-01 6.590062653907202694e-02 5.301275634170756756e-01
2.910173376311563365e-01 3.281485191972036697e-01 6.402097818201699653e-01 3.445871522034261725e-01 7.191195561502813360e-01
6.787427158061745125e-01 6.129368281256036832e-01 1.308617162568719294e-01 8.403686677672815852e-01 7.392544604951073461e-01
4.274108496849038374e-01 1.111623067721345670e-02 7.827878759803896802e-02 5.141684941015625121e-01 7.618485356217106208e-01
2.355926047616442309e-01 3.447867089001320773e-01 5.959022850073212307e-01 1.502113257161662441e-01 1.314834100112706183e-01
2.347912413553530087e-01 1.151318016358529039e-01 2.454197480570275980e-01 6.922122883198277288e-01 4.596107225081210723e-01
2.131394386063349966e-01 2.665476841457634638e-01 7.300924929523515683e-01 5.594451836941449763e-02 9.375039326980012522e-01
3.958027986517798080e-02 6.925680173095682957e-02 8.998693329219915604e-01 6.958615247967843143e-01 3.390983398714267905e-01
3.206971678202573672e-01 8.490009322043552409e-01 5.898210101821229623e-01 1.193832081061905193e-01 6.422502952713035063e-01
7.423037299560573121e-01 4.603127061967562383e-01 7.911271218473716615e-01 4.444543952985379187e-01 3.404339308092628746e-01
7.844066989043063653e-01 4.250983574514380914e-01 2.708378120949983536e-01 4.395731779790775784e-01 4.258013948668061266e-01
8.504330628150342797e-01 8.678877633493384813e-01 9.584025107012359435e-01 4.830774737729156554e-01 5.739597480212536018e-01
2.398457607198144492e-01 6.617156258094484267e-01 7.841830358880135243e-01 8.400833720320217690e-01 3.335764704348330723e-01
7.320530336702927299e-01 8.323424123314964174e-01 8.477158090483096764e-01 4.776988325721505113e-01 9.502041193778597572e-01
7.965767226771701681e-01 6.618423804017502521e-01 4.955028846329667669e-02 7.439012706095432526e-01 6.629807662722514428e-01
3.494738271393631468e-01 1.272980393109646169e-02 8.258849961301700793e-01 8.321763074152090933e-01 1.192646098093106399e-01
7.971657530814788561e-01 8.873005309692544307e-01 9.297940447303365552e-01 7.132179093608717046e-01 1.508178699537370271e-01
2.711479917210783963e-01 3.688877052359580411e-01 2.625120843543227167e-02 8.842380009091223014e-01 7.700561368224090320e-02
8.683511959439647043e-01 2.666263131517587759e-02 8.387565068759261777e-01 1.527971433601998941e-01 2.782702742942422258e-02
4.425931930739310793e-01 1.172431019491824156e-01 3.787790515455283780e-01 7.630537371606194164e-01 7.499970224436353083e-01
6.990082375264361492e-02 8.141967611545418704e-01 1.452388647945300759e-01 3.890156877821971948e-01 9.640832041816429498e-01
2.425215594089622506e-01 5.483567590695621607e-01 3.568914908881892778e-03 7.748888739020405314e-01 7.438173136902680449e-01
2.432180971558492999e-01 5.278013114013302420e-02 3.833609730727538523e-02 2.219605121029050165e-01 9.943999381232208057e-01
1.970994341104085334e-01 3.865225219867531870e-01 5.575335113554896749e-01 1.156795505824661507e-01 1.463154967817374974e-01
2.033121438274175796e-01 7.443892322658534066e-01 9.723925964483716156e-01 1.246878393904153892e-01 4.702396283786336451e-01
6.008344889978084469e-01 5.960132192098226422e-01 3.328524937700967357e-01 3.704194346678306715e-01 6.110250651570100500e-01
2.584319786105611083e-01 8.385340314171410014e-01 5.631382286280043337e-01 4.802856507399562158e-01 4.529474578485641612e-01
8.325472547891031860e-01 9.463170592624418065e-01 9.588893960141459116e-01 2.541120644272072404e-01 2.541476906987052420e-01
6.419338807428198734e-01 1.970946826189270418e-01 9.523801169428802726e-02 1.703229581747734978e-01 7.765684290836986081e-01
8.621238921578957548e-01 6.743636553018478308e-01 9.616519806592641606e-01 1.468268722590242437e-01 2.242849396613761925e-01
7.909167181304901373e-01 9.559109525655472561e-01 2.560605503593224030e-01 7.705081852691730848e-01 9.852711412482730857e-01
1.394968882693020662e-01 9.716078865117752095e-01 7.713359837340455494e-01 1.939283462820767800e-01 1.513508629621406198e-01
3.050236185794958921e-01 3.565187587741179831e-01 5.343436975886052265e-01 3.430653736170367063e-01 7.552215937107288335e-01
2.196812732280101210e-01 8.169481141384190570e-01 8.775615966435927895e-01 2.569101608805736126e-01 4.771347432763638485e-01
