1.285226489262214500e-03 3.681853702223670810e-01 1.609609697844349707e-01 6.293917759997342820e-01 9.345587453241100961e-01
8.370559736308882393e-01 2.353262436183067852e-02 7.151304607391625323e-01 3.757780238818153595e-02 9.074385930647610454e-01
4.753058630510444971e-01 8.373313008839566862e-02 8.473152418220020188e-01 5.555049832349134853e-01 8.864765952591033837e-01
8.039714151457791891e-01 5.686455851537093320e-01 6.333279998705523273e-01 5.696705157828840793e-01 4.463396052407242465e-01
3.041086260579379807e-01 1.886645922781291507e-01 2.981184263301254189e-01 2.963691983506970828e-01 2.961724376532102188e-01
4.242783946075787682e-01 9.682465856856701247e-01 7.539118054227380572e-01 6.716434952372207778e-01 1.866889278560021070e-01
4.725442929595105035e-01 2.257598201511706870e-01 2.717070802305522337e-01 5.370669161952268400e-02 1.841709004794853666e-01
7.075761676820413459e-02 1.331067092684693476e-01 9.417870893811723931e-01 8.129129247070610020e-02 8.087671555045271576e-01
7.748548801589746349e-01 9.007548528983485570e-01 6.244022521510530499e-01 5.721712948882775596e-01 5.841555946263533583e-01
3.940212227625179420e-01 3.356569813949036307e-01 5.118780831560406641e-01 1.676507033494358812e-01 8.569558341320624439e-01
5.773657182075123684e-01 9.146111626165942532e-01 6.403932562046994459e-01 9.975655607281641579e-01 2.521542102587220890e-01
7.842899046590601220e-01 1.362536345171416752e-01 7.752827234448296245e-01 2.378980790720812699e-01 9.189574897777973428e-01
9.143327262397537014e-01 6.243157183322115555e-01 6.450391151624176311e-01 1.130093163182017690e-01 9.634593373455127008e-01
8.345048216884627390e-01 3.145625608515947302e-01 3.126523695895734312e-01 6.302387903059242236e-01 3.559972150324309803e-01
3.035395548301096369e-01 7.285428842590536691e-01 4.493813080374065017e-01 2.374300741145433102e-01 3.011652621929790108e-01
1.235637356586396507e-01 7.936829137186054428e-01 2.223189123264072142e-01 1.749537165227819102e-01 1.809477960118233142e-01
7.337055594817366577e-01 8.798455460702570008e-02 8.525502119846822824e-01 4.133689575954800910e-01 5.773024123907335436e-01
5.703474697193984255e-01 8.220028879415391954e-01 7.070100859760262146e-01 3.957369703757140922e-01 6.339158370256088304e-01
1.194412223403525930e-01 4.542886652906438227e-01 7.942244240881544126e-01 4.546802565566123722e-01 6.875801518569518711e-01
4.149920937382409747e-01 5.835325273402012236e-01 6.377374214178358480e-01 3.483067566901040246e-01 1.061058396706543450e-01
3.100673652413709069e-01 7.263573974122635724e-01 4.295581849175108546e-01 6.291190715460063254e-01 2.866681744748861282e-01
3.587066942991630203e-01 6.290985903746800778e-01 8.885276793842400433e-01 6.774592514880467542e-01 6.025829808794997966e-01
2.077431975069913284e-01 8.388977462625613057e-02 1.046427817413169148e-01 4.379474333583941448e-01 3.155329630645766770e-01
6.058606949138177766e-01 7.156462921983163250e-01 8.935838335566732571e-01 3.584348564054764541e-01 8.593759603917734413e-01
3.964732499226906182e-01 7.930408367870926956e-01 8.631222944048339007e-01 9.952826052910301868e-02 9.443805016251789475e-01
7.164703444040917413e-01 6.756931617500532283e-01 1.040479645551635191e-01 5.937151219258895996e-02 8.862439985445035306e-01
4.685379491299248578e-01 7.792283172613861941e-01 6.746842138633464270e-01 9.382508993335877401e-01 8.514268556115111020e-01
4.449919073050770946e-01 4.867460866043449297e-02 9.851843287538607497e-01 5.888169447159109504e-01 3.505556895628468839e-01
7.298200990283983947e-01 1.829876515577794072e-01 6.096935810846211279e-01 1.583740897891646737e-01 9.825593496415048200e-01
1.032294513213249942e-01 2.860592500639695945e-01 5.213436555534577410e-01 3.790834650159857766e-01 4.626341297403289143e-01
4.405601174508757545e-01 4.739650349391222317e-01 4.522945977413286300e-01 1.592878279647492734e-01 1.344493932780014278e-01
3.212118012365436925e-01 8.267251205075252241e-01 5.487833576557026305e-01 1.487982575861800383e-01 9.082491758401387560e-01
5.537269731344771628e-01 9.863652842835231027e-01 9.303137032116123306e-01 1.993157211139212626e-01 5.706526563294077592e-01
8.130713259324013897e-01 2.129727646665061647e-01 4.213077571517014341e-01 3.382382794831220174e-01 9.479053851440436551e-01
2.134098703271137820e-01 4.506210191049159208e-01 3.122865540306405396e-01 9.700475418793815807e-01 3.732490087196639328e-01
8.247054579169330601e-01 2.712888938645857673e-01 1.590891913678692537e-01 2.193457902584761143e-02 7.612997507689748256e-01
9.561322123886351054e-01 2.250452257458613881e-01 6.739382912452897001e-01 3.357524744093483005e-01 6.053607389336472799e-01
4.227880549257188036e-01 4.011515005523335065e-01 3.507230523830806579e-02 9.278372594058561518e-01 1.517478435285517513e-01
2.919550248786892954e-01 1.713913791842910372e-01 5.094617225515877257e-01 9.889571293600305513e-01 4.066468040229160863e-01
7.021939203535213503e-01 7.104098703072778687e-01 9.293096708160730746e-02 3.026547045127030433e-01 2.778562326456812670e-01
9.328969294643019161e-01 6.337662668575161362e-04 1.618224832009285130e-02 7.810270291585192926e-01 6.133742751123397730e-01
5.630333942527894209e-01 5.087829469366721424e-01 1.447976957583197999e-01 9.667648986070010997e-01 1.991907603937426163e-02
2.917456917663878713e-01 9.208422126533852836e-01 7.025453546780373593e-01 9.316139482335520361e-01 7.459747725578234068e-01
1.781798381856347646e-02 6.909091743528723573e-01 9.294627836399438348e-02 2.799867936706325056e-01 2.753951156510414666e-01
3.185820784216479851e-01 5.880969808813726329e-01 6.397329008548578999e-01 8.706671878955904997e-01 7.611694869304640454e-01
7.614643962474981764e-01 4.203157368422740792e-01 2.831416767706463888e-01 8.971066354030643453e-02 7.951508589728235599e-01
4.714398976935735286e-01 1.800303070494230218e-01 3.875641761223405091e-01 9.687607610156179216e-02 3.589052119993109136e-01
8.630312801194117700e-01 3.449516342238089228e-01 9.912502881380500508e-01 2.405324460594916447e-01 7.744043500883378561e-01
5.305936008249114710e-01 5.768108573969589203e-01 7.077619679282384224e-01 1.327716172639090697e-01 1.134410607921898517e-01
4.593765234242331852e-01 8.545380685545118649e-01 3.645520237431232324e-01 9.475874279091552888e-01 6.751569013584459711e-01
7.983632951949738432e-01 1.368753521887148272e-01 3.465442371628465468e-01 5.377917661664536331e-01 4.169462250832300931e-01
9.248852203721730225e-01 5.016337815259319655e-01 7.823630206580867164e-02 4.619582200506103797e-01 8.900173690977952745e-03
2.416114382085077228e-02 5.292126840497788365e-01 5.377009147248223986e-01 2.227247410706004738e-01 9.153448949764885212e-01
1.785404517301967253e-01 7.892705788752564233e-01 4.998092662428244015e-01 8.529970374797644084e-01 7.348834759523791282e-01
1.758923114797500409e-01 3.601409563540757253e-01 2.884598353220568789e-01 3.548545167670608125e-01 7.474276605115074412e-01
6.108918847097923877e-01 7.610726729278022296e-01 5.113989200290239845e-01 6.483716287303324943e-01 9.830227878167830946e-01
4.659646564651777068e-01 9.435650742538773672e-01 4.839860671810558568e-01 4.864100062481342412e-01 6.346267025993826971e-01
9.879789450773404091e-01 5.139448121129358560e-01 7.549305942531507885e-01 5.062787277706861655e-01 5.776057164598895621e-01
9.516183084616135490e-01 3.110187884418882387e-01 3.214872906148724674e-01 1.291661573338406255e-01 2.290920778094752697e-01
7.534843447810898320e-01 2.802280144720249444e-01 6.652592530400383009e-01 4.862648645321169250e-01 9.043729522149458466e-01
5.620404851998777040e-01 8.641674688056022458e-01 7.245798330761858974e-01 3.968101944052819796e-01 1.539690891852018018e-01
5.738954918972799524e-01 9.086342869865506877e-01 2.155864990356302080e-01 7.718100337934785671e-02 7.332729138289050264e-01
6.717321412736687591e-01 4.758338351515305487e-01 3.360161389624836126e-01 2.621453712067922659e-01 5.921312721525142653e-01
3.060863213442976960e-02 2.179778226974726785e-02 8.995470636821317756e-01 5.901543790299405012e-01 5.133875169918704628e-01
4.113391602808273984e-01 8.412172582925986353e-01 4.808566898687977043e-01 2.689178609364113459e-01 4.832067250805995862e-01
2.424492823501771532e-01 7.857318147888093796e-01 1.921563319456187635e-02 6.867415722785382703e-01 1.738228417463153486e-01
7.449286729727794265e-01 6.751854576465764479e-01 6.190871146426070171e-01 9.865356406439608206e-01 1.777088674122929701e-01
6.514124017268539957e-01 3.302588669135662069e-01 8.254757661366929344e-01 5.671129432189037090e-02 4.499324379239380001e-01
5.806697861506758818e-01 3.739606364713035092e-01 3.414252232753227645e-01 7.231364974733555107e-01 9.186451255166194763e-02
7.608998624723207760e-01 3.817213329337832972e-01 2.741406407621163055e-01 4.216148102863632730e-01 2.496806288296327114e-02
3.672715244947669655e-01 7.573316907094019834e-01 5.860180908060815819e-01 8.471465059976233114e-01 5.542600049256605210e-01
4.908119702322548683e-01 7.589654104737187934e-01 5.051435826453123390e-01 9.201347239114580079e-01 5.403330269779689221e-01
7.022958140814388184e-01 7.790167302828522322e-01 5.988185366155281963e-01 3.959341194346923665e-01 8.183007685488644656e-01
7.591975500548533429e-01 7.117920255455012501e-02 6.540863461586410299e-02 5.751147042981100688e-01 3.882122924444944001e-01
5.852834916348735872e-01 5.159119879955864629e-01 1.330963627183420206e-01 4.571989305198533859e-01 3.056368043814509106e-01
7.179870358922105789e-01 8.130427488688883875e-01 6.007466132724215147e-01 6.650469538395649138e-01 9.343024964483759298e-02
1.279173438347013247e-01 6.131563945126523585e-01 5.918691363319662502e-01 9.341284385333633589e-01 7.625602728576478251e-01
4.137030609319625185e-01 9.250965441242960940e-01 1.864066360697371749e-01 2.793255427863462481e-01 6.495132016288125421e-01
2.253781275466161249e-01 8.557597687346657489e-01 1.892210009552186545e-02 5.977744924361305667e-01 1.703854459069350513e-01
6.965123925168487107e-01 2.863768984987546951e-01 9.206328601756591512e-01 8.236407992374195075e-01 6.406259812740844328e-02
3.350320192949941545e-01 9.995671765605531611e-01 9.713961301943253579e-01 7.158257054582470857e-01 7.527537586332208042e-01
9.655736294271562992e-01 9.535165996260218657e-01 9.255495795107302470e-01 1.995211656270837741e-01 2.969321134782842986e-01
9.898124207517549067e-01 3.520889201919842337e-01 5.070978945927122616e-01 7.503930493898788301e-01 6.592878902583995115e-01
4.088429866234337684e-01 5.012760145119676825e-02 2.996707172186575674e-01 7.597689891534120665e-01 8.857314871860207939e-01
4.758413876686283794e-01 8.106615382856694474e-01 7.882257178748983684e-01 8.698501166125606199e-01 9.680331701668427602e-01
7.993694575824722426e-01 9.654792762272996764e-01 9.482591540739616631e-01 1.253056577464481958e-01 4.257354970348150580e-01
7.351723902117872633e-01 5.367863372374597208e-01 6.277020523549767805e-01 3.772365685951617476e-01 1.204389458298554816e-01
3.082015681780360117e-01 5.467708816028489238e-01 9.445988971376821919e-01 6.115114400247712023e-02 1.184803267407711358e-01
5.054584164875909336e-01 8.581123541226620688e-01 6.605912740034931563e-01 3.065536886733665201e-01 2.593379734483247656e-01
3.202211905036045358e-02 6.904719631296318827e-02 7.639272290440273228e-01 2.472296172445290763e-01 7.991014529350627393e-01
7.701124837306595472e-01 8.611959691126692684e-01 6.650026310013483766e-01 5.693948619284519008e-01 3.068565871999019423e-01
8.235364391101465120e-01 2.774931107383160622e-01 4.331704877882087690e-01 7.935117780689240341e-01 4.357956183978592968e-01
2.830648796697086134e-01 7.433776914467313812e-01 6.208243030798756834e-01 8.180754098336265878e-01 5.329217161282817639e-01
6.714933030502743261e-01 6.807600334405692344e-01 1.628512602367611084e-01 1.063211308762703755e-01 2.664630077835964395e-01
8.487228950801481986e-01 6.795664542274370001e-01 3.790606515115386710e-01 8.521981257167672297e-01 6.816556842527802251e-01
6.686318775477850807e-01 7.985002785667428826e-01 7.008908886365283752e-01 1.404668227012220161e-01 1.699914938470159509e-02
5.745572036309779529e-01 9.738290035998848904e-01 5.745491792869140690e-01 7.296798397143786641e-01 8.670295123420203032e-01
6.518750722222887983e-01 6.380435741798894389e-01 4.784055562243338944e-02 8.741427337201221892e-01 2.328690689328597463e-01
6.424696576565488426e-01 8.287990968388292412e-01 3.537052481296265594e-01 5.640909892030265826e-02 2.093635044754065255e-01
7.371988375395345239e-01 7.796937151779899100e-01 9.149438326770638064e-01 2.945282154738455560e-01 3.306181351863686224e-01
