6.029370644040742411e-01 8.209407422357393180e-01 4.966715638346771433e-01 1.866355518976535732e-01 3.719411322358622263e-01
3.343798170606926412e-02 5.077422229936038311e-01 9.448941109427904106e-01 1.013180727001214976e-01 2.676300675664278206e-02
4.798362180860333837e-01 2.775397955229805813e-01 6.292928215067332687e-01 2.166988310525636008e-01 9.158565938559006803e-01
2.160134852335661160e-01 2.158744855704568533e-01 8.567898941336632435e-01 9.079643608414240674e-01 1.156312842873734592e-01
4.130647131342893852e-01 8.509563476497761236e-01 7.938986063305184526e-01 2.928000944673069261e-01 7.329669371779935494e-01
5.019536597114758747e-01 1.861942938902989564e-01 9.257240706187619406e-02 5.424849840111914956e-01 7.028544687376081512e-02
1.111099484111084390e-01 4.266775225946877192e-01 9.404817754951754205e-01 9.423353450298652678e-01 4.650578790992184741e-01
1.580594431554679380e-01 1.167539533700778787e-02 3.803199614304898502e-01 6.505337220175055890e-01 8.518897169784525047e-01
8.907545722207079741e-01 2.473470225466166683e-01 4.960943817571784598e-01 1.976283030387219197e-01 7.629628978937024186e-01
2.400085552379873644e-01 8.350213065862379658e-01 3.861160804634353738e-01 5.744499690983760898e-01 7.906033787057622497e-01
4.353134037974077941e-01 9.364636410081517148e-01 7.736983479684238496e-01 8.675538111737503000e-01 7.046921682132714082e-01
9.768105716019573892e-01 3.712726649424619163e-01 9.772766916488684341e-02 6.100653423926116758e-01 7.027216036167946989e-01
9.386075500241071179e-01 9.921466695960460269e-01 2.757771383840306179e-01 2.351792381670315679e-01 5.450542694410368538e-01
2.936719217720908937e-01 5.782623300360778540e-02 5.487248131384308003e-01 5.829775025232650787e-01 4.085230962697640189e-01
7.771422834975931782e-01 9.961684542668610698e-01 1.998716921769102539e-01 2.392741805037476022e-01 5.025888405406708781e-01
4.582149963427573081e-01 8.645363712134729317e-01 9.914016902649674945e-01 1.805121676830939714e-01 6.774443927207076666e-01
6.427857929793638903e-01 4.593694763636920753e-01 5.397946485905251723e-01 3.119865239369664645e-01 1.828150420926777375e-02
1.858047852974251679e-01 6.743760265745842863e-01 5.747444515810395949e-02 1.313192823976745416e-01 1.455391468199123128e-01
5.050407635959155428e-01 3.481813680475588368e-01 3.273074562516520292e-01 4.016061289453582983e-01 8.069183662895370590e-01
3.993407004507656399e-01 7.134040061179381942e-01 1.276639702178320457e-01 9.585555900475326574e-01 5.108953915364360387e-01
6.565671908266472734e-01 9.455852873456829233e-01 3.350186147509623957e-01 5.073750818059974410e-01 1.362369733394158677e-01
9.407557287000113400e-01 6.599756581442853820e-01 8.039281230071246842e-01 1.638057971773987376e-01 6.179832285652331336e-03
4.320491006975892834e-01 9.017078234040054596e-01 3.308024401088316413e-01 7.247726569098964511e-01 2.719361208001561669e-01
6.572506128991185692e-01 9.762241122278333405e-01 8.579421063390861857e-01 3.402444811519933499e-02 7.742365422634945871e-01
7.609360309514894283e-01 9.731281939600650022e-01 5.834319522190463125e-01 4.816268027094131599e-01 5.313057992607972402e-01
8.945348146642464471e-01 5.074791002860323808e-02 3.075651430372501327e-01 4.715143685073154289e-01 3.294915313408309787e-01
2.854263085955266455e-01 8.831785852511763180e-01 1.193813996666291954e-01 7.617842459682867551e-01 7.969770927784058934e-01
3.131213637765327684e-01 2.280841169034688587e-01 9.864205334506510603e-01 4.750627569415813989e-01 5.933414113786643629e-01
7.802388958774816308e-01 1.795883020365813820e-01 1.701265686119168841e-02 6.598887649620477358e-01 5.690724914748476193e-01
7.360428077648876188e-01 9.091688900938514895e-01 5.243209104291569611e-01 7.363064502060038263e-01 6.722879701020424426e-01
2.343910795287418303e-01 8.685963292995069196e-01 1.945167815011503709e-01 4.943066205311940076e-01 4.830808167634159656e-01
3.999781074866819441e-01 1.022005979355244953e-02 7.082263340021826004e-01 7.852469039722916877e-01 9.813654029602159046e-02
7.192589308345926913e-01 2.933026000747551709e-02 4.816921276485637282e-01 5.904018107142466887e-01 1.826235829359904583e-01
2.448275081276296561e-02 6.243250821691017638e-01 1.974294609808994183e-01 4.234132548040858701e-02 7.734616845020854115e-01
4.382392194793881535e-01 2.606162796724859065e-01 9.146360807984680319e-01 4.885088818529680355e-01 4.098404451487994704e-01
8.700989858637830920e-02 6.526333913473711945e-01 9.795842368014030521e-01 2.283371923994571562e-01 1.820206103507162609e-01
6.441074507638531177e-01 2.704821175798138855e-01 5.676145491256315845e-01 9.262341252311037110e-01 4.185716169439797074e-01
6.652415903309948364e-01 8.594573850342857035e-01 4.144948952314029267e-01 1.156566088611412635e-01 1.506202148243807049e-01
3.972599290243591375e-01 1.854142385825774397e-02 1.261787775496345798e-01 9.835302998313025791e-01 5.153051828908051801e-01
5.402589620255221492e-01 9.781872671333338154e-01 1.363686304038610464e-01 4.519954585827182791e-01 4.633047777756543750e-01
9.853271301770416546e-01 7.494555978755838010e-01 4.213605099355223205e-01 6.297103272051129963e-01 8.941794984366755461e-01
3.634955895542932858e-01 2.292884406224304783e-02 1.560751104604291006e-01 9.681325539099150390e-02 3.704643424654936457e-01
7.364656368078206228e-01 7.867987949144181758e-01 5.183590230302367319e-01 4.142911455283349031e-02 8.225018959357094372e-01
4.761231679962594221e-01 6.197599443516632611e-02 7.896779889705696220e-01 6.655192537120648844e-01 8.752725081597049206e-01
7.951067393138933070e-01 9.090297085764875717e-01 3.158640793926429380e-01 4.990960331822310581e-01 3.757701656782972410e-01
2.220077851693915694e-01 3.614361022638695742e-01 2.832080503133680427e-01 1.170788266119627830e-01 2.067432702440344938e-01
3.296359283024786757e-01 2.001256498940151562e-01 6.904975735181565488e-01 1.498259467794311739e-01 6.643780780653774087e-02
6.531109955928627864e-01 3.265759422725681427e-01 8.576990449932392346e-01 2.171110531296889246e-01 9.496965611844900845e-01
6.608081314956538721e-01 3.726796521103272752e-01 2.824781251174546259e-01 9.480602464268185203e-01 7.699698364106841719e-01
7.493913763207212808e-01 8.445312568476004422e-02 8.094187811395091581e-01 5.774683282922221661e-02 6.538783646404553451e-01
3.246945670271164097e-01 9.876162291662798909e-01 1.316285953730286229e-01 3.058009106721111259e-01 4.456964820810632721e-01
8.802310034682864215e-01 4.987633380106987202e-01 3.349563030438496014e-02 2.461915493723353388e-01 5.163870599740734146e-01
1.344122985930072955e-01 2.247857101945301972e-01 8.021723013958570458e-02 9.919758122778976617e-01 9.015478421402411957e-02
4.490884564190340544e-01 4.408476624876894734e-01 7.705788454425740452e-01 1.061635514564251981e-01 6.904422280521966826e-01
2.712637999341194206e-01 1.900830757096452217e-01 8.167741093975506850e-01 4.085029641049482407e-01 8.886290056224765976e-02
7.508890755693472530e-01 3.233535353178742522e-01 2.466017752815183872e-01 4.855137529534543361e-01 3.882690328161495508e-01
7.002141033078949084e-01 3.579688844151243110e-01 9.969991904281629846e-01 6.773595691525089446e-01 4.834915891765866336e-01
7.480840197566418492e-01 2.936750919116516423e-01 9.529545602447246910e-01 4.497562054677760601e-01 4.516700179635561030e-01
4.551140851555230959e-01 9.275572506699474307e-01 2.882153062140629940e-01 6.103322438016335338e-01 1.791889796206230789e-01
2.134648934165168654e-01 4.946541041155683160e-02 9.930506016804827585e-01 3.750579911691697133e-01 6.585829268394173264e-01
2.812922728503395309e-01 4.816962702689187026e-02 7.932172320899932849e-03 4.445569834547213883e-01 4.130939278359571087e-01
7.149101781984453785e-01 6.567105346771129337e-01 6.386735824262426142e-01 3.903564745842129646e-01 1.507045175223299394e-01
7.920110433755060964e-01 3.049680226582220932e-01 3.349048268122868377e-01 2.764878655421365572e-02 2.847850264293223521e-01
6.065259159862509408e-01 8.418936003700746573e-01 3.714098349369425733e-01 2.465344918074043878e-01 3.762006380295866981e-01
1.629009567460617536e-01 2.141453391474431589e-01 5.330766964649975570e-01 8.806808314443462793e-01 6.163784088454843380e-01
4.288180023259322571e-01 8.304119029499041904e-01 5.952516777351961608e-01 6.354005954147975421e-01 6.535857937537155049e-01
9.928353984117382902e-01 8.597947831311446576e-01 5.690943264264516355e-01 8.959466335435106732e-02 8.522968394536588610e-01
2.749442048627327440e-01 8.378537581731089201e-01 3.302361193918423865e-02 2.685040212764727707e-01 9.985732491747147943e-01
9.181647144853892772e-01 8.296782999636843625e-01 6.118218936098729355e-01 4.742932995626240045e-01 3.590652523099137072e-01
3.577043061789013656e-01 1.943244763256439800e-01 6.528817226559825437e-01 7.709163988105284249e-01 8.151159696388261544e-01
8.859730769767127923e-01 7.847158168408061574e-01 8.641392420868129198e-01 2.742383608900678116e-01 9.902535802473154680e-01
4.335484150561851324e-01 2.303885869054732582e-01 6.399358348334471813e-02 5.907628494056232915e-01 2.530982002705823852e-01
5.160789996579335792e-01 9.684212113918525544e-01 8.968772998684780839e-01 6.721539292608224025e-01 8.317288021234768847e-01
9.267996818606745180e-01 9.313678258640184504e-01 1.653852716518950938e-01 2.209101463275537913e-01 9.818026007311474457e-01
4.516772286698429451e-01 9.782643026745185821e-01 1.185221764740007622e-01 1.588252284485481836e-01 1.593090989863080731e-01
5.945909855748965356e-01 7.294279398632408373e-01 2.620603188819046192e-01 7.649422293086084457e-01 9.977396368854484221e-01
8.156308079845580039e-01 9.562450107811324429e-01 6.191136988428174170e-01 1.541609820079501425e-01 1.699902264491959247e-01
5.430425023685907515e-01 9.248434433531438348e-02 1.731571606896422644e-01 2.724232560277113357e-01 3.783929238003838069e-01
6.744144289428601891e-01 6.101583950262521316e-01 6.627840614674378461e-01 9.244608982798375729e-01 5.444221441393992666e-02
2.175857111832576463e-01 8.969517517725762445e-01 5.467320880162999108e-01 4.044831991936548299e-02 4.255203522137752659e-01
5.705676941482821229e-01 5.913511903476842413e-01 2.333531793845587954e-01 3.792842034370997872e-01 3.080889893122684686e-02
4.822007692201008000e-01 1.346730947948218127e-01 6.422208464243276405e-01 6.285236727210509189e-01 3.052411089631219543e-01
7.126020994689253873e-01 7.865721928485795988e-01 7.036997264506151817e-01 5.642512888567788876e-01 3.894886661986209919e-01
1.428731002409593387e-01 6.691649915388697689e-02 5.233803173592034286e-01 4.798751374117546931e-01 4.602120185879534642e-01
8.005674546448573459e-01 3.175241867688721742e-01 5.503264476180776965e-01 6.426007012231471638e-02 4.976835732647101329e-01
6.487893813761691497e-01 8.314526388809841961e-01 5.055485752541565292e-01 3.998644307542191800e-01 4.178918677293047557e-01
4.818261675363399998e-02 8.960258188505262344e-01 7.643162829724217122e-01 1.504162793365751982e-01 8.048125559014482899e-01
6.777008942668110159e-01 5.040457113789720278e-02 4.515685426434388194e-01 4.839816828160540263e-01 6.659993932266267125e-01
4.188054899352460225e-01 6.512304648320577094e-01 4.496762243487618660e-01 3.950908955405630918e-01 9.811183206209739271e-01
7.131059370281915832e-01 1.475290763088212831e-01 7.700704950082792877e-02 8.185602807762861755e-01 4.556574978058338665e-01
9.980211123518450966e-01 6.574889277171813706e-01 7.476672418630534445e-01 7.783195644445167760e-01 2.217844646385340734e-01
1.110664447051294967e-01 2.380646323907998907e-01 2.552652177554157742e-01 1.575014766952363976e-01 2.049899259121980011e-01
1.010796497138561900e-01 2.085091807669270381e-01 6.411594338260268033e-01 6.889146338438608685e-01 6.672928089846837940e-01
4.938233072763106302e-01 1.936642794707729154e-01 7.317885143646065682e-01 1.152412543233862774e-01 3.343755306363016544e-02
8.066503850074071558e-01 3.625243969140047318e-01 4.358790223314666923e-01 6.326633125906658828e-01 2.629618540323032105e-01
8.369906830100859452e-03 8.990841135282174879e-01 8.093037199909461910e-01 8.465491013235096895e-01 2.311361582810878001e-01
4.693737459373685805e-01 2.293766055263111170e-01 9.204889645319491720e-01 3.361547588406844644e-01 6.111541156474775693e-02
9.887476238083569013e-01 6.265475737395854727e-01 6.917422726794186794e-03 2.444776154996964879e-01 5.561374483043249883e-01
6.472839907243109758e-01 2.076765438945071818e-02 6.751021874310153548e-01 3.187651447015904527e-01 7.372381562325461823e-01
9.391332529986776700e-01 8.668884033332046046e-01 3.770187996437610600e-01 3.631856120533434318e-01 4.313180447205668955e-01
