6.625693288017707461e-02 1.596039904565748832e-02 2.428266786807945499e-01 -4.598156669031600030e-02 3.475717685472591578e-02 5.046779034127812230e-02 -3.919067554591738889e-02 -2.602858629929909531e-02 -6.373050622131609146e-03 4.521940478967093058e-02
1.773688356537748284e-02 4.275747835329163360e-02 -1.314643460736779617e-04 6.165418821763755247e-02 -1.228269746682952813e-03 -1.506113621110447172e-02 9.639865005913413921e-04 -9.289971275298035402e-04 1.524552928844605812e-03 -1.307462652015973018e-02
-2.097828807688601263e-03 -9.290401374766865325e-03 5.209693312399274467e-03 -9.700972289438966611e-02 -4.880642324582689859e-03 4.324213038272023413e-02 1.800982236345477841e-02 7.092341757105415957e-04 -2.253856766601229807e-03 -5.112084667215652245e-02
2.296955426244724763e-02 3.000201696295864799e-03 -3.037968821757681265e-02 1.984598058675330068e-01 -2.217516592169554990e-01 6.241975286020827116e-03 1.768276319669810420e-03 4.024022736766671472e-03 2.221397887186528711e-02 8.367418334637727198e-04
6.307417334955406352e-02 3.820228614517126586e-02 -8.839118008879652197e-03 6.079682962011394576e-01 9.618778364470862915e-03 -4.654545693066786810e-02 -3.220089922693692569e-02 -1.350425213819064947e-02 3.685005181900547627e-02 -1.590586965986463541e-01
1.655726760421880606e-01 5.126322315210939812e-03 4.033845425475365148e-02 -2.037308692828262713e-01 8.621069675857454288e-04 -3.214826258605221060e-02 -7.499460224475819337e-02 -5.979676130571390247e-03 -5.733885190450128087e-03 9.340927845128710674e-03
3.910357830504136989e-01 -2.192161703293630248e-01 -2.475425906728403146e-03 -4.775671820722987015e-01 -2.347881221945415098e-01 -2.518925645355376761e-02 -1.000000000000000000e+00 -2.433286201772255858e-04 -1.388855102179115120e-02 4.830015974950285090e-02
3.096381561315227765e-02 4.807320524205749464e-03 4.195431634493575895e-02 3.970334893941540599e-01 -9.465632706158541576e-02 5.576110306479400459e-03 2.619302238929911882e-03 3.027299070122386332e-02 -5.867691246261099586e-03 -3.646173477244530475e-02
-2.445978851500039686e-01 -1.341133848291452546e-01 3.906974385477036960e-02 -2.048530467739982375e-01 -8.463713492483948553e-02 4.629677568756486450e-02 1.227812640875387690e-01 1.191483734593090996e-02 -8.138705658284156597e-02 1.138385481446871211e-01
2.850224107211105778e-02 2.390570361685812398e-02 1.352778354987075986e-02 4.659665912068731985e-02 -3.121243326504157672e-02 -2.266797794640471736e-02 3.125405151080458688e-01 -3.604245970686251275e-03 9.213410096549365380e-02 -5.339687755165670527e-03
-2.524555226234077160e-02 1.117102998438984467e-02 6.085047941889324893e-03 1.206533745653154827e-01 -7.348088223832087429e-02 -5.912697710107522875e-03 -2.609790044690044747e-02 -2.478733393260647462e-03 -9.610617295200719890e-02 3.000472248453706081e-03
7.105972292985425487e-02 6.930945290435953053e-03 -7.967912673153856873e-02 1.345878359677395997e-01 6.020793685504258197e-02 1.131730616104964851e-02 1.303217638646784748e-01 1.100905781797299199e-01 4.102972897195598240e-02 -4.389382539990800969e-01
1.897422630816581468e-01 1.980653128080664752e-02 -5.612062600952310437e-02 -9.503714588311657982e-03 1.123212824215255069e-02 5.257763512589496563e-02 7.704926798512280739e-02 -1.736306611353563654e-03 4.059370510535492693e-02 1.593590776856007238e-03
1.674344866520667552e-02 9.738194259583325685e-02 -1.047710201786271507e-02 -2.622005731303024209e-02 -7.796693168530198503e-02 1.531930340188064066e-01 -1.360409253382841854e-01 8.420380338864760133e-04 3.151276096551165057e-02 -6.123798760313199294e-03
1.340268464684946786e-02 8.898686317586899930e-02 7.554502718953253967e-03 -5.814095565902052676e-02 9.873944353391342355e-02 -2.971260942074415226e-02 1.696945463803345711e-01 1.424138645565855470e-03 1.529350986707929579e-02 -6.328841207292373785e-04
4.423823928875877942e-02 -3.497207116176266097e-03 2.958906662479257599e-02 -4.800880632707154455e-02 -1.629553817756405204e-02 -1.294845120948528300e-02 -1.089502645449187332e-02 -8.813232227960614631e-03 -7.365963108860203515e-03 -2.729065157465337347e-03
-1.208160775133295360e-02 4.791754531126080630e-01 2.649486269920362370e-04 3.319690792682041813e-01 -6.083767094560200983e-02 1.289078586618302158e-01 -3.924686917026071892e-02 -3.281493069312179517e-02 -2.835551026526186499e-02 5.535705645421531247e-04
1.127451077285255079e-02 1.273105055550830499e-02 -2.094016488523196828e-02 -6.403789360690485301e-03 6.264552610068604629e-03 -1.237177844088403929e-02 2.454119041338051303e-03 6.493479121896617934e-04 -2.850489961814875461e-03 -1.786167925473074007e-03
-1.697537643914756866e-01 1.506451535193996105e-01 2.356030775350569095e-02 -1.000000000000000000e+00 -9.395363564078174079e-02 -6.537644497415200616e-03 1.079905188245142700e-01 1.588536078267757711e-03 -2.805925773337784035e-01 -4.713030250016313899e-02
1.839793158191698266e-02 9.659003488519356251e-02 3.871295845917809182e-03 -1.455358883783957613e-01 -3.009052899558667046e-03 3.050848063060340384e-02 -3.647115482449483914e-02 -5.536234240855001862e-03 3.936539976057935181e-03 3.384504766527372810e-03
2.538658730535780020e-02 7.228891775051909940e-02 -1.108018864401905980e-02 -5.353994594353771001e-03 -6.073403815184649085e-02 4.696180413181245267e-02 -1.267493172137419731e-03 -6.265224201475412590e-05 -9.968456926873977414e-03 -2.454860334366983782e-02
1.815525688526993253e-01 2.966077116572755218e-02 3.874742109112534749e-02 1.149789810877191731e-01 -1.668108567408551832e-02 -1.207930686070675247e-01 -3.484138254615289781e-02 2.606529763433089106e-03 8.971545429299069207e-04 2.119261559117595686e-02
-7.943259924915952244e-03 -5.684834171855072255e-02 7.100297060265761337e-03 -1.761242535413410151e-02 -5.218105232676981120e-02 5.530182950212495299e-03 -6.135130312752678713e-03 1.524814521810335759e-04 -3.181508378712719770e-02 4.619151090830108243e-04
1.977037131496908046e-02 1.226027075096511459e-01 -9.129253424329910119e-03 -1.732555408748344405e-01 -9.006581636620805600e-04 -1.294027396502837185e-02 1.890924765703176288e-02 -1.971538159447895969e-03 -3.257962322949630590e-02 1.897884647275561304e-02
-7.703406800002404742e-02 5.994249185637644251e-02 8.803305867510165033e-04 2.866764351615399501e-03 1.610981105731911639e-02 5.928834029152757479e-03 7.286442187629448008e-02 -1.165663756513745579e-04 9.914596533403333134e-03 -5.450268826538106487e-03
2.413542150686766308e-02 -1.336545330008542115e-02 3.671987929113074058e-03 4.439060620162398885e-01 2.733085523002300871e-02 -1.577464913009027636e-01 7.607831172251655616e-02 2.889779938708800233e-03 8.178528893994639615e-02 -1.384893150991713291e-02
-6.461856207725224371e-04 -4.438862937671128259e-03 2.217591752576160771e-03 -3.582892585147695041e-01 2.168824759675565261e-02 2.152495644636815905e-02 -2.932388629461980811e-02 -2.950001005612648964e-04 -2.232380088817815036e-02 1.133515835784635380e-03
-3.354160170919280592e-02 -2.243193647908939704e-03 -3.650555963849596436e-02 -2.610803091227290127e-03 2.530291880684101269e-01 -8.721663316056250947e-02 -1.215905797107398253e-02 2.618571595042576070e-02 5.819356835358423935e-02 -2.126041081473512701e-02
-2.871132430424335746e-01 -2.728872089887312245e-03 1.315018952154565872e-02 -3.174136797997596793e-02 1.369740388894365515e-02 -1.786736494276532916e-01 9.047724545764636653e-03 1.605541381952438687e-02 6.095650554318443777e-03 -1.741767914072311213e-02
-3.564757263319640046e-01 -1.893446283605867628e-02 -2.979668477862947723e-02 -8.434496154128282019e-02 -4.484720926302194349e-02 8.630468362956882078e-03 2.051397786992809405e-02 -1.153478387637057838e-02 -1.143023473953975631e-03 -4.744662625549338208e-03
-3.845447498826289889e-01 9.510968922183442309e-03 9.537890553835656759e-02 8.642011157008287758e-02 -9.550106478684641451e-03 1.166510628117482882e-03 -4.660335071669727963e-02 1.215719746260122101e-02 1.253466809373129020e-03 -4.218563411657315354e-02
-3.182053371612307280e-01 6.014942475751581911e-03 1.027588317740854434e-01 1.259545209924720910e-01 -2.094270197725255356e-01 -1.252309226079369453e-01 -2.042043260319588785e-02 -1.510510807120604981e-01 -2.899928044708554586e-01 -3.751698017162836268e-02
-8.870535539253866092e-03 -3.609068659402009382e-02 9.335500127719878471e-02 8.087962080141794866e-03 -4.234854957729500269e-02 -1.676285150070449051e-02 -3.925946843445043272e-02 -1.201059908511443357e-03 2.215144550948626723e-01 3.258158617900830476e-03
-8.239141858822228437e-02 -5.472746684927866714e-03 -1.531887294346545841e-03 -9.153295448986600857e-02 4.688020769234760299e-02 -3.479429197447588256e-03 -1.417081599594447773e-02 1.973662781188274750e-05 4.228925161354701173e-02 -5.471052103768018170e-03
-3.729096152500516181e-02 -1.712474808661934578e-02 2.014605803796979677e-01 -5.854023005864248397e-01 -1.412854265730058116e-02 -1.889256217334303878e-01 -5.032231224439195350e-01 -1.962675983624100409e-02 -1.736506172438994841e-02 7.552896916050354410e-03
2.934984422091512640e-02 1.150313945631648103e-03 1.406356382568931277e-03 1.376176811479410678e-01 2.722486200673237232e-03 1.472768268088603914e-02 -7.161265188833215549e-03 5.266228952631623293e-03 3.897488511132331246e-02 -1.579287704220733776e-03
3.669061591958727025e-02 6.055024265011781093e-02 4.520757043358888949e-02 1.100627904588817041e-01 1.218438960314899150e-01 -6.693768330701642399e-02 3.450446257129136801e-03 3.018194089688384842e-03 2.041290702775643354e-02 -3.829147141650225596e-03
5.767752026803358439e-02 -5.335621021998579461e-02 1.488102598158527745e-03 1.827323223555840925e-01 -1.000000000000000000e+00 -3.291257571527415604e-01 5.302234171899945780e-02 5.269993943626251516e-03 -1.430160110608447166e-02 -1.000000000000000000e+00
-1.978516647257464681e-03 -8.373985517959434480e-03 -5.487279416366723506e-03 -8.073599867761859427e-04 -1.565793847433296498e-02 3.331066435963160599e-02 4.611215722255283811e-02 -3.047961058157400843e-03 1.451612685867399895e-02 -4.419529871837426203e-03
-1.893026320210606031e-02 6.186593400235111673e-02 -8.178925533858865185e-03 4.505621965123611516e-02 -1.160812481659853927e-03 -7.538421863891567321e-02 1.630933613554045106e-02 4.403377606498648164e-03 6.989418937088267073e-03 2.664662531986105708e-03
5.997674864380087706e-02 -1.249616414614509660e-02 4.218813911363979152e-03 -5.267871858684220442e-03 1.278279142814353342e-01 5.299803924812426792e-02 2.576465186632886373e-01 1.685482424882844138e-02 -4.826642417214514064e-02 -1.906730011331153607e-02
3.993522780454641236e-02 1.748936537023724948e-03 5.670217834086742131e-04 -2.298449202159130733e-02 -1.935343384458155028e-02 6.270982342322140024e-02 -6.135159032177504856e-02 1.783275349565871548e-04 1.579449796859094812e-02 -2.699005560250480537e-04
9.735365308946326846e-02 1.967107388144829702e-02 1.471967568904388457e-01 -4.676853966567860732e-02 -4.506343014258120533e-02 -6.385541486345315543e-02 -5.287825454546089127e-02 -2.059170793388354348e-01 1.586997562159320760e-03 -5.189344140986032125e-03
2.370711783076160858e-02 -8.755067094654978010e-02 4.088585959990185918e-03 2.479214295966584991e-01 -1.289724310206925018e-01 -8.297687781891367742e-02 -1.352553167368544416e-03 -1.251222344226396270e-03 -1.074218390747959731e-02 -8.148166795288609709e-02
2.907512160670052692e-01 8.840425413840561492e-03 -1.537878958350752216e-02 -3.490273024686421088e-01 -4.100172874469108775e-02 -1.660965307221213064e-02 7.291141880219180471e-02 8.697500236959773354e-03 5.252110882994308338e-02 5.106797694286581944e-03
2.226946042169409418e-02 5.966844658290751564e-03 -2.456686406755145477e-02 -1.651853617697330856e-01 -6.332266209722103856e-02 -4.073909557192221392e-02 -3.159709381639811548e-02 6.674474521372564251e-01 -9.010875755538820531e-03 6.440674480274586333e-01
-1.283506070057952291e-03 5.450329923220013527e-04 -9.547635596972219117e-04 2.838164922545865013e-02 2.149388335224035177e-04 -4.716514726681852055e-04 4.606100356441079034e-03 4.090414628463051355e-04 -2.099084465606168776e-04 7.280210131933242826e-04
-2.761511958366435482e-01 2.228357980454415133e-02 -6.989888495310478400e-02 -3.400919840905171632e-01 2.173461224176950757e-02 1.108817765656289894e-02 7.157854446533778656e-03 -5.932435523725077681e-02 -7.650232804463520664e-02 1.161367736815342548e-02
-6.814194134423056000e-03 1.572519737430154788e-02 7.312625197606621014e-05 1.476334078169392050e-01 2.600407880922431247e-03 -4.492878752302216679e-03 -1.162843200062323862e-01 -1.585740075391074699e-02 1.313453993322269073e-03 2.859919933713542944e-02
-6.646267041221501012e-03 2.891969083469278501e-02 9.595116490835604688e-04 1.015260785264171794e-01 1.254105247336099148e-02 1.350412722748145456e-03 -1.629859907412070652e-02 -1.066990934237164838e-02 -4.800892957510414366e-02 -2.895720178617938387e-02
-3.730086003525206681e-03 1.695939910278512208e-01 -2.372576418936061561e-03 -3.264119704434615549e-02 -1.248302576205887957e-02 6.859887161634993513e-02 -1.859554125689714954e-02 -7.153496206605309974e-04 -4.193839864447190813e-02 -4.855196463776964740e-03
2.249578481192265542e-02 -2.763917483017641272e-02 3.253236250102560789e-01 1.544630034502495197e-01 -4.241020148221824604e-02 1.600452015296737710e-04 7.198191394387754710e-03 2.301588815608326608e-02 -1.147742728923176019e-02 2.122641754217387527e-03
-3.103249198764060704e-02 -3.930344825281705499e-03 -1.241253282046145788e-02 -6.545400393624141444e-02 4.061386869071341096e-03 1.124833777642290783e-01 -1.120807429223043966e-01 5.150375219151966111e-03 -6.994298241868690362e-04 -7.432970512314016846e-04
-7.674204182358430881e-02 -7.367406644838472504e-03 -1.647783008147739314e-02 8.791182753672827088e-03 -1.081880015850970617e-03 -1.327617297605827688e-02 -4.691452434245745734e-02 -1.085085632153622997e-04 -5.955708313428861519e-04 -6.254293861609414203e-03
5.564354019339887852e-02 -7.757979710628035153e-02 1.642145479445556236e-02 -5.453415105945012831e-02 -2.604858440486194221e-02 -1.111573663198069844e-03 -7.309296263900437809e-03 9.919900715677139671e-03 -8.017388958182250502e-02 2.569569012015711622e-03
7.555632492401291589e-02 1.154177539464344877e-02 9.608002606413666713e-02 -2.929999845544959403e-01 -8.279183158179210036e-03 6.896611159737299490e-02 2.245584970456075691e-02 2.914483643693908943e-02 -8.348892607985630709e-02 1.523565700983152416e-02
-7.577465163884640476e-02 -2.144256594417793399e-02 -5.717023147966622532e-02 -1.000000000000000000e+00 -8.489125323497187514e-02 -2.341339072979881086e-02 5.825417438218622596e-02 8.672592172810300593e-02 1.258706391509445063e-02 -3.871761335384566599e-02
5.060609998210276184e-02 1.430774177201347697e-01 1.243836684590337444e-01 -9.875336806682073754e-03 7.645426096067366173e-04 2.328450016671676330e-03 1.908041238449625920e-01 2.126698821082494487e-02 -1.582371619455844383e-02 -5.187473227929574604e-02
-1.589334985066083580e-03 1.580729681099436387e-02 5.237921360688842709e-04 7.405311368702677255e-02 2.827351690717115271e-02 1.917691498325964361e-02 2.886344899989438332e-03 -4.831925242416357756e-03 1.096732309730390729e-02 7.347216762296489984e-03
-3.432872402828250902e-01 4.138792250659969335e-02 2.481033014428442873e-01 -1.662197067130273265e-01 2.250860471444724176e-01 2.644841345211842304e-02 -4.210318747376117221e-01 1.112635605317268545e-02 -4.004704492559825191e-01 -1.980044124515352999e-01
-7.283066035813759442e-02 7.773733705713898028e-04 3.280989085720675564e-03 -1.173116657982167799e-01 5.348379915017861808e-02 1.575539632908480939e-02 3.098132432778340564e-02 9.415514292696299317e-04 -5.771392870942975047e-03 5.329905481908231435e-04
-1.244314139691484744e-01 3.978906098698010985e-02 -5.164268403858395251e-01 7.098861010740835642e-01 1.098465973721503541e-04 -9.090706509837102878e-02 -1.820372296145769675e-02 5.370915015467932034e-04 1.065404124254686058e-02 1.224181411494044969e-02
-1.456326993862729416e-02 -5.975355967043607421e-03 -6.338282839268416513e-02 5.401793431243309129e-01 1.051106420311681078e-03 -1.364482603967754693e-03 -1.678224385514192479e-02 -1.945229985634258293e-02 -1.641867353429871113e-02 1.671629080934336486e-03
9.396780559841621389e-03 -4.641799772753858353e-04 1.997357098705091361e-03 -2.447794593013414427e-02 -6.821086527608752337e-03 4.594085438673937288e-02 -2.428405433523711868e-02 4.797370485744538579e-04 1.048072975168578592e-02 2.036216478631892347e-03
-6.301978401190928836e-02 -3.135202707125131581e-03 4.522631130643785767e-03 -4.055007039100548827e-01 5.225567077131862068e-03 -1.337279248262280423e-02 -1.112831103075231053e-02 -1.280358077250381759e-03 -1.739777256241426678e-02 -1.267504480413983144e-03
5.594161800170164428e-02 -2.382672712622642408e-02 4.610164775320674778e-03 3.417525839621989026e-02 -3.888880944290043669e-03 2.546084307694991555e-02 9.957516478633673951e-02 -1.030986310827014177e-04 1.037679922353892947e-02 -2.695831787611693408e-03
-5.410274085062245081e-02 -1.876896027273487061e-02 8.463690674950072670e-03 2.473559231159218330e-01 -2.410896697079357720e-01 7.976863483458920953e-04 1.094503244867085605e-02 1.450868774838478051e-02 3.439595228141886091e-02 1.653224421885584466e-02
3.563557266068908408e-02 -2.220859818687046655e-02 7.984665666824970753e-02 -2.784666679556842273e-02 -1.126233679389316428e-03 -1.829312401773078300e-02 -6.277462338145435583e-02 -2.157578259655847878e-03 1.830557523265228387e-02 -1.064553912668464962e-02
3.162707241556981380e-02 -8.819275612705885711e-03 -7.774910921464256788e-03 1.146171574036354557e-03 -1.917974709631264235e-02 -7.259973773719424761e-02 4.307387741601762660e-02 -6.662910493925958697e-04 -7.333822327341367811e-03 1.524714516365557448e-03
3.259279831966261417e-03 1.242752066377119692e-02 -6.889366547742876989e-02 -1.388602263021568306e-01 -1.109766716551110893e-01 -1.817769933215838919e-03 8.897040889193816304e-02 -1.077540140982933973e-03 4.678299329662755773e-03 -3.947975403354982982e-01
2.466924836069776133e-04 -3.620481878847781748e-02 7.419259913456510182e-04 -6.805707705313768230e-01 -1.146621688918396517e-03 5.431289847912903253e-04 7.293279291145148523e-03 -8.392745869240051532e-04 2.445411260504021765e-03 6.929790359034280513e-04
-1.927711414693445303e-03 1.972383189024395564e-02 -1.552994947617324616e-02 -9.886687159467448700e-04 2.753189164398439637e-02 6.003378542894390220e-03 7.545853686144891881e-02 3.991383512374336792e-03 2.330946246113834146e-03 1.601605661848439638e-02
-1.426811022655531669e-01 4.748600038990224981e-01 1.530161235214642056e-02 -7.744332710748638715e-02 5.552407786361037573e-02 3.316811446544032371e-02 2.651987654844388254e-01 -9.283148755944693742e-03 -3.819239979509947858e-03 6.264359457021115990e-03
2.266393845229671689e-01 1.008599683003570946e-01 -1.040315703417045712e-01 -3.113016323999149258e-03 -2.322233752347768188e-01 1.963688837429634557e-02 -3.003993268970663322e-01 4.938220044500342132e-01 -1.033204905476283950e-02 -3.154340870060919344e-01
6.552610446129416774e-03 -1.469209772834050541e-02 -2.591822064180096270e-03 -3.202769787654716899e-03 2.855462319293981463e-02 -6.840448357644034888e-03 -6.671512941630931837e-02 -4.217310669569060075e-03 7.380048762671300409e-04 -4.665402705154335881e-03
3.422086074372941798e-03 -2.560487893451831361e-03 -8.801979283285523651e-04 2.567812062829038892e-03 -3.304525743444106795e-02 -1.665975464258636837e-02 -3.298914124615550530e-02 1.082679134672282460e-03 -1.138195527978668950e-02 -1.311657092675931960e-03
-1.067898095511545659e-01 -2.084315815637860780e-01 -2.189021361507306491e-03 2.267900773028425909e-01 -3.335720258244388573e-04 1.224772005161246374e-01 -7.553987145480849097e-02 -3.962806265506138015e-01 -2.405038415107115315e-02 7.274383252509029896e-02
-1.976151712502117845e-03 2.484797049722826620e-04 3.251836276889156217e-05 -1.071513137733604536e-02 7.043973939142277214e-03 -1.555828892705861388e-02 -1.410757037984583517e-02 8.524897761341477306e-04 -5.250028564042056450e-03 6.811986845016282767e-04
-1.414907345498875313e-01 -2.562439749682255408e-01 -4.073340876007800621e-02 -4.366091595313942864e-01 -2.907104199412198844e-02 4.646543524517238394e-04 -2.235833203254027415e-02 9.266190133942922569e-02 9.498557602866187013e-03 -1.572248439693089929e-03
5.039620357781260385e-02 -1.256342202427698437e-02 -1.943143207863716124e-02 -2.204887206665840510e-02 4.588668753220610796e-02 -5.043692865742903375e-03 5.318139034377518393e-02 -5.260889245200773244e-03 -1.144004155296237182e-02 -1.171843846807498202e-01
-2.233278804969598130e-01 -6.151651796533724043e-02 1.361660640594274108e-01 -9.210132296182940714e-02 -6.957483719110557630e-02 3.266727139438111577e-02 3.537457836534542432e-02 1.325160568368189892e-03 1.960115658437982036e-02 1.914886705521203977e-02
2.244224307592766754e-02 -2.894905384168365223e-02 1.223686600712039010e-02 -9.262706786926706848e-02 -1.215537761426822849e-02 4.280453837711525877e-02 -2.294930949569315079e-02 -2.142619335057939197e-04 -3.991664661031373712e-02 3.159069432350258919e-03
-2.531980158806382275e-02 2.712058489169656694e-02 1.304402791670150738e-03 -1.512996984369571751e-02 2.166504070030209408e-02 -8.639107077154417613e-02 1.288927499787027560e-03 2.998546368287237883e-03 -1.772700339639368336e-02 2.416836050011401602e-03
2.175282440657796690e-01 -1.673796029510201538e-02 3.635801574370256355e-03 -1.431208735377659594e-03 -9.671032721022532891e-03 1.602444731859670179e-02 -1.882551655710984094e-04 -1.666827353622109958e-03 2.858606708465037042e-04 -2.789711259935378617e-03
-4.006832215624560323e-02 -8.489997411253507806e-03 4.908170821445781949e-03 3.593382511473688368e-01 1.262461046340579152e-01 3.110256607651642330e-02 5.077863170338477172e-02 2.258284507389927281e-02 -2.118180255531731948e-02 6.168301393823977935e-03
5.368403634922352258e-02 4.634642751401638061e-02 -2.532025710203627752e-02 -2.024366025645061018e-01 -1.612101943808308749e-02 -7.742515421061658965e-02 1.857312619079837940e-02 -4.429385515326864607e-03 -4.176144068528129909e-03 -4.596941572135034015e-02
-1.088608201069194087e-03 6.311361663087097090e-03 -2.358037754530410268e-03 4.058574054053154523e-02 -2.723920618129363133e-02 2.515993573362154418e-03 1.660852728399987155e-01 3.816199586144874653e-04 -7.282335243840473010e-03 -7.015527601742814132e-03
-5.815870327628622476e-04 -8.909901325310493406e-03 8.994565452473774966e-03 -1.882451125860746532e-01 -5.931656753969066082e-02 -1.609001913286693328e-02 -1.043561431615493834e-01 -7.757541413063565733e-03 1.878223324832778082e-02 1.679524186259746532e-01
1.786034143845347533e-01 -4.840620770661697991e-03 -1.870220288516374766e-03 1.262613521172240572e-01 -8.325327476613577152e-03 6.346876256133495917e-03 7.478454329105236383e-04 -2.089685008435075101e-03 3.348241984221248836e-03 4.062635958118922079e-03
1.000000000000000000e+00 8.668650176898978765e-02 3.964088394485487110e-01 -1.079077203841185273e-01 2.248563272876853425e-01 3.759806091872911708e-03 -4.410464786402618076e-01 -1.472755753678841304e-04 -5.257332279356560084e-02 -2.547670582776812628e-03
-3.605680664721383488e-02 3.644986870179568739e-02 3.434529129487756856e-03 -2.930040451378129185e-01 1.036021834033127448e-02 3.275969276289290052e-04 2.503311627797921365e-02 -8.663639651868332639e-03 -2.256615355047830729e-02 9.009610994331676819e-04
-2.105471342786964864e-02 3.001596817859999641e-02 3.645258992084685415e-03 -1.957221097594413206e-01 2.240521574600619348e-01 -1.166058511696488852e-02 3.850254751540875542e-02 2.303407844586643355e-02 -3.410921562172419819e-02 3.228694096611922637e-02
-2.936116839999088849e-03 2.173591241527379585e-03 1.746360545186971883e-02 -2.124286138713757464e-03 2.155661179016187673e-02 -3.711380368543083438e-03 -8.346988291504547561e-03 7.659536210977859849e-05 2.584430199166855291e-03 1.114395221877346369e-03
2.153890619917225580e-01 2.141331301587423575e-02 -4.413387105414647849e-01 -1.303865099552695972e-01 9.818746405894195062e-02 3.001863621705241902e-02 1.171773155451452837e-02 -9.010902312376292689e-02 -4.499893110312504912e-02 3.693831955434560832e-02
-2.810955148124104075e-01 1.188251989889989729e-01 2.558522779863869542e-02 -5.357430566163341734e-02 6.429831490898862967e-01 8.607874742265585188e-02 -3.964211725561350014e-02 2.122568029495497735e-02 -4.205222649934473728e-02 -1.448172016491581365e-02
-1.569807402817836317e-01 4.227969518603658973e-03 -2.986587945519060799e-03 -4.881121331741136021e-02 -1.900042330618787606e-02 1.032410065786343312e-01 1.144756144367466005e-01 7.926220661831566427e-03 4.056721923538934675e-03 -2.885062089480420686e-02
-6.018268849762104661e-02 -1.377673767803492821e-01 -2.797609381078020735e-02 -1.657666051242126515e-02 4.774251224683848105e-02 1.850621462526529093e-01 -8.420665088463683001e-02 1.176848445726315015e-02 3.218142968811779723e-03 -6.194218387080163007e-02
3.880112198927897910e-02 4.415530036787647774e-04 2.702010330754421250e-02 -9.767151032324917007e-03 -1.889606907712627611e-04 1.056678993929513824e-02 -6.825859093048342041e-02 -4.502751557096683170e-03 2.866656261372309191e-03 -2.819298795203844035e-02
1.732283580363043821e-02 -4.969736370766823091e-02 3.084067005075584109e-02 4.551717425193410049e-01 4.146404785640486930e-03 1.568616906012806067e-01 3.758589284416159054e-02 3.092365995322954829e-03 -5.570692933344389280e-02 -1.788979206681826778e-02
-9.592296126784490007e-02 1.267688561888054011e-01 -5.646851201198844518e-03 -1.822286658090365163e-01 3.685182721415601603e-02 2.300511466783248388e-02 4.555429175587248636e-02 1.857383948828756010e-03 -1.330156100216161041e-01 -1.198501455250357978e-02
