1.364167757288541116e+00 3.150243810895319574e-01 3.273620454038872474e-02 7.338940693652484804e-01 1.719696489333797929e-01 8.251044849135440451e-01 5.574974432196971863e-01 8.764053729120644398e-01 7.954823932737731251e-01 4.164809539355641688e-01
5.712507841625287242e-01 4.103792659049401159e-01 8.984413096205812188e-02 8.298082862878455312e-01 1.861670449283759632e-01 8.139527788456083490e-01 5.959994826459332762e-01 8.974131538166421063e-01 8.319176766692024660e-01 4.930386808714848912e-01
6.523556546576995130e-01 2.507610559022278585e-01 -2.498886054715655780e-02 4.431120649204067230e-01 2.010174066554050176e-01 6.819225544886814427e-01 2.981798785030564947e-01 1.071631041260760364e+00 6.869365969542524653e-01 5.560908635664386646e-01
4.057729287263693863e-01 3.698043358656872281e-01 1.126869797345720625e-01 7.501772741495840169e-01 2.630320687978775496e-01 8.373029929529802740e-01 5.966839380746106203e-01 9.183353620720173804e-01 8.119355206051920293e-01 3.135412721267323843e-01
3.313806194116708514e-01 3.170222088741234123e-01 1.197626447290217055e-01 5.174823536990305062e-01 1.944235945969136070e-01 7.790900024103902810e-01 5.431550512651197593e-01 8.921427893153440758e-01 8.295442652500405467e-01 4.464369979719654546e-01
4.487675323596093113e-01 2.540549058441062824e-01 1.001819554434071058e-01 5.243163661084814242e-01 1.783122416963919266e-01 4.367454837965252801e-01 5.745088559240288939e-01 8.867887162830004888e-01 8.915764178524233641e-01 4.520154521896820876e-01
8.970308925156069702e-01 3.670280953604870278e-01 9.448559508624460035e-02 4.060408996694618855e-01 6.531438843410168893e-01 9.194045211071885104e-01 6.419046888012502894e-01 8.448772827631525484e-01 7.669959855618400102e-01 4.422684060259428618e-01
9.435118770283743572e-01 2.974322774129383173e-01 1.299065712502547321e-01 7.023674494997566020e-01 9.721856739938211645e-02 6.648953462060602781e-01 6.232743078511444601e-01 3.981440660774834273e-01 8.910737922551684731e-01 3.413913329654689743e-01
1.479567915049395443e+00 4.304210232968894156e-01 9.895999235077251877e-02 3.518205214186773677e-01 2.020506899255984645e-01 8.232063232297930355e-01 6.291427838416114859e-01 8.695518794822608699e-01 8.641072018576160252e-01 2.816345156309013054e-01
4.904157605446079482e-01 2.737981590366027618e-01 1.161382994785401662e-01 2.604972599692345625e-01 1.964019186865645084e-01 8.310333010799584308e-01 5.741707748196450689e-01 8.972952983418608364e-01 8.234929032578649499e-01 4.208628130102809450e-01
1.874416449154033826e-01 3.009441087266115922e-01 1.095387066870894127e-01 5.484202993435869367e-01 5.265829355073412543e-01 9.624334808329435553e-01 5.552159524184860917e-01 8.564798452977023802e-01 8.122975065989900267e-01 4.315694292889719064e-01
2.368260259243842869e-01 2.236917042223785235e-01 7.622630706715709525e-01 4.630379366682504383e-01 3.676058258443347382e-02 4.477961764343167950e-01 5.760874177916145422e-01 9.105400302561270642e-01 8.205527572758259947e-01 3.524506400197940370e-01
5.375848821247328768e-01 2.597636898078847789e-01 1.698690161908581742e-01 4.744241498141212876e-01 3.050800116376225501e-01 8.158834988407411837e-01 5.456087010687953320e-01 9.086126186714409414e-01 8.257358024034585631e-01 3.815757435152211663e-01
2.756706114286866516e-01 2.229547085975462917e-01 1.017967504229993353e-01 7.014952714678651668e-01 2.739091222046096119e-01 9.210075897816908386e-01 5.850809901269868885e-01 8.989149140847896291e-01 8.242433723552922142e-01 3.947416421353994731e-01
3.846645610433223617e-01 4.684403882770150629e-01 1.128624279865588081e-01 8.143677392791199843e-01 6.620533715190931590e-01 6.814004446065830001e-01 7.579538316109509788e-01 8.856180721052965277e-01 7.997190912093774529e-01 4.111773303422771031e-01
3.657127905354101705e-01 2.848091301231408523e-01 1.010045621250071773e-01 1.519529391091467563e-01 2.196707506619167416e-01 7.781062244477084944e-01 5.872386555854198775e-01 8.924087068447272841e-01 8.358254587382283329e-01 3.566562945234489912e-01
4.107448527461852184e-01 2.276209787286002928e-01 8.708390444779537387e-02 4.831384584596888354e-01 2.515501362209144887e-01 7.728052620855371257e-01 4.320690066580775701e-01 8.705674430209219272e-01 7.335135236903470579e-01 5.598705502464920158e-01
7.917208208257016100e-01 2.535134892906902859e-01 1.514370977262751439e-01 5.623161477791505103e-01 1.780632329711849537e-01 7.692746793933842309e-01 6.004685482304891186e-01 8.962066336995658800e-01 8.504212346497598274e-01 4.013828309997495292e-01
6.111298439477059752e-01 2.409145504759967471e-01 1.340739129223494364e-01 8.645800700272348038e-01 2.278765022618170488e-01 8.010427837442068988e-01 5.828425569230093473e-01 8.085240497477131916e-01 8.499237015549809815e-01 4.219565347629507523e-01
3.664362284173752204e-01 3.003952230049505845e-01 1.018390729829581759e-01 7.249431184834045361e-01 2.028145758920157915e-01 7.158440588802316151e-01 5.684752809966328035e-01 8.973043768510740037e-01 8.864467479807317529e-01 4.294189905932302431e-01
8.531507969365178523e-01 3.160237763765794683e-01 1.028632765409952243e-01 8.025895348311815614e-01 2.435130168860481781e-01 8.670853237343686404e-01 5.221497866413380429e-01 9.445306611202582969e-01 9.768037379107956664e-01 -9.775856798000137626e-02
7.100918161941660589e-01 3.123293098381686450e-01 1.350038473749626822e-01 6.191288639143334160e-01 2.093400971588478265e-01 6.060035426767326205e-01 5.493290162410225941e-01 8.985648090604807514e-01 8.602951740076473230e-01 3.834973364617199065e-01
6.109559300137626936e-01 2.593496838278640526e-01 1.494165869739083885e-01 3.706698420337797284e-01 2.770151166814026622e-01 8.504398726780818540e-01 5.892005373984023908e-01 8.493701804315280102e-01 7.930589931431512030e-01 5.051246752602202017e-01
8.861340309820429084e-01 2.737471317509748148e-01 1.892752621807431979e-01 4.246148626955487115e-01 2.456674113975022000e-01 8.640724115257575333e-01 5.800535304808083215e-01 9.187978828971048451e-01 8.693458125032385020e-01 4.139088727966974135e-01
1.075265473696246143e+00 2.271614215729577946e-01 1.903375070858084328e-01 5.828692392154308788e-01 2.266774458670838821e-01 8.030277144287621960e-01 5.512701154358741196e-01 9.010107035522796348e-01 8.124820891650466059e-01 4.622847467956696654e-01
5.236938271566400349e-01 2.489545490087390900e-01 3.551996340648409800e-02 6.468670121479251911e-01 2.071265329560918467e-01 5.234017066613074753e-01 5.753953206479283100e-01 8.818305601081266598e-01 7.402076102800571045e-01 4.480908899734974415e-01
3.931980755007112860e-01 3.138493213742969967e-01 1.562791672791346564e-01 3.682122480070611492e-01 1.306302293949283821e-01 8.178627373811619972e-01 5.633523258665421585e-01 9.004637739398619889e-01 7.946406894514334018e-01 4.522793971915561317e-01
7.330149761583814039e-01 2.411566509357846444e-01 6.126854996321287605e-02 3.793055531967676752e-01 3.489058216840218440e-02 8.123703278670071359e-01 5.620796786891016916e-01 9.051479557374740859e-01 8.074086041543374614e-01 4.516087683896462535e-01
3.162083878893051647e-01 2.408581138997811788e-01 -3.618164286782749040e-02 4.313225315974070218e-01 2.056313736616527943e-01 9.044092410549500194e-01 5.403177333253833536e-01 8.204992931981417437e-01 7.897907652876742235e-01 4.536185882090629784e-01
-2.149593903832294761e-01 2.995579626451946309e-01 8.107705376679356923e-02 8.998914584771153802e-01 2.462546054344352531e-01 7.825303337845903595e-01 5.741446133088973225e-01 9.015555198580806895e-01 8.336300719012910143e-01 4.473800891495079424e-01
5.024307003947541261e-01 2.508614849766160337e-01 1.360739420366327002e-01 7.685587391995811757e-01 1.655932548391660653e-01 5.512857580018686310e-01 5.501686708052353492e-01 8.610805854996997910e-01 8.019754540847747748e-01 5.293488011648923575e-01
1.444974649102310327e+00 2.745601140968161324e-01 4.509995607735505230e-01 1.277045710285447111e-01 1.031203564360139824e+00 4.634676952158698349e-01 5.904793519110642652e-01 7.975622669878265070e-01 8.376459554007043007e-01 4.177486595584465889e-01
9.927621150442148545e-01 2.454884583076019089e-01 1.076897420159372426e-01 1.337464822479199622e-01 2.213117761998507627e-01 8.106497944111834553e-01 5.911809297402517149e-01 9.088453810237044905e-01 8.227854606715004904e-01 3.216145853137387101e-01
8.838622837980191216e-01 2.717143654468914260e-01 9.064700770010961084e-02 6.559046614707201295e-01 1.970556731815047147e-01 7.829731220091133981e-01 5.636328298760022726e-01 9.034321458733175492e-01 8.245894169797876039e-01 4.329293007518899561e-01
8.093874237215219480e-01 2.459496984656921181e-01 5.363149555881782660e-02 5.957757833915516832e-01 2.014111638404343096e-01 6.504737579269673775e-01 5.930057867732507759e-01 8.970891144972308329e-01 1.148785548931110956e+00 3.851955939081800340e-01
5.057906060052911323e-01 2.001981928574413372e-01 1.209587218759956839e-01 2.224755528487926404e-01 2.140938250554156597e-01 7.989393128345363415e-01 5.692396665596463068e-01 9.112722978272939089e-01 8.368735382600553940e-01 4.615504817781411195e-01
7.730855843210653333e-01 3.457943604828166984e-01 3.309121126198846796e-02 7.109189374202862233e-01 2.847821987232710406e-01 5.081720973356829152e-01 5.744888102594079005e-01 9.133810547236435040e-01 8.350825313116000403e-01 4.255692240988045993e-01
4.160623671162899662e-01 3.493195535542480967e-01 1.231264203753599240e-01 6.452237713990220946e-01 6.090953809274397557e-01 8.407788546014119957e-01 5.559530183939237480e-01 8.914798341941194693e-01 5.930476915629806500e-01 7.371710171435901238e-01
7.304785199271577323e-01 2.811241356023480020e-01 1.221076435328179582e-01 1.526713250601609839e-01 3.963038482279359065e-01 7.244036632723341862e-01 5.568478764358029132e-01 8.960892053849665029e-01 8.295676040502997228e-01 4.188648201955950112e-01
6.365905332684876905e-01 3.986617838691040028e-01 1.721828206633883585e-01 9.268437963515125944e-01 1.974632506939845711e-01 8.120118342032693892e-01 5.792653377688762317e-01 7.341694621868510851e-01 7.986028455779621282e-01 4.189485308500687788e-01
9.805548999694496670e-01 2.245859669933117919e-01 1.289037004658194763e-01 1.384617848255327854e-01 7.351779388303538720e-01 6.742823515683177282e-01 6.850822973822789930e-02 1.068158525419396598e+00 8.224121348533448561e-01 4.905303226096166536e-01
5.966699255480102382e-01 1.234888404862939937e-01 1.835301117943315685e-01 9.656471455755366584e-01 2.164099660645112111e-01 8.075090766979687862e-01 5.678724734735409729e-01 8.859731105863699607e-01 8.113688896406022755e-01 3.671431736188065509e-01
5.055018432954783147e-01 3.098566008028310059e-01 2.096441297121082181e-02 7.103781945487309679e-01 1.101385439012945444e-01 8.068366765548156128e-01 5.452710497652045740e-01 9.333374054182954627e-01 8.152461081752624406e-01 4.386802073623790044e-01
7.616405865759929839e-01 9.793661145528290146e-02 1.599934377858122092e-01 8.904331818041527624e-01 3.407749566404472130e-01 7.313152698164179233e-01 5.518176747825600525e-01 8.749926962141564291e-01 9.959149775408723260e-01 4.166968586958958443e-01
8.634685016375442945e-01 1.949104795565458070e-01 1.075743228519357719e-01 5.622906624861768732e-01 1.952240019466711940e-01 6.942336187487674337e-01 5.778048246965865609e-01 8.999559778148481515e-01 7.981267390838017173e-01 4.194345465705906495e-01
6.987872818911933237e-01 2.989823292714823832e-01 2.627103746295183367e-02 8.340484519001045705e-01 1.817888640521783117e-01 1.080974147945975794e+00 5.549128626373381890e-01 8.072755447635716619e-01 7.364377733341878063e-01 6.999881321496377318e-01
9.745019807330994599e-01 4.077082382898037927e-01 1.169880425918483485e-01 7.392805216875228957e-01 2.043311981430748769e-01 6.307362990567776384e-01 5.339936925300892145e-01 8.980206905142782414e-01 8.315904647428802310e-01 3.339244148890425645e-01
3.411782926567161756e-01 1.961512254941168709e-01 1.203916164890206364e-01 7.889061014482541268e-01 2.286104971371523686e-01 9.465713307100394047e-01 5.941894051919456299e-01 8.317050862457668892e-01 8.471232049249129981e-01 3.971707973790723489e-01
5.747075223671280764e-01 2.492628670690072434e-01 4.741255815195266621e-02 1.965476568295155824e-01 2.309406759927477570e-01 7.465798692268708070e-01 5.630320315748591486e-01 8.919678079725993358e-01 8.335019974577311253e-01 4.146655819072999627e-01
1.010839496449954522e+00 2.336967791558848817e-01 7.464339931256470939e-02 6.512783067667362591e-01 8.408037955209264336e-01 8.171372764820833412e-01 5.951324022469625108e-01 5.797907742770573858e-01 8.623092380333503559e-01 2.934032101204200327e-01
7.997047682378535249e-01 2.550717661112515966e-01 1.151749935890652304e-01 7.670588309938946026e-01 2.255738713724776134e-01 8.543041247120264359e-01 5.622458497126798793e-01 8.975990244232073811e-01 8.246858189884558321e-01 4.393719866908126215e-01
3.391703962252978766e-01 2.941309692452953040e-01 1.116145076150514281e-01 6.082823184858041632e-01 3.138947163314776967e-01 7.322568110443007372e-01 5.720446133103248565e-01 9.211232025042905835e-01 8.030295462512405669e-01 4.127478365108392944e-01
5.094868730920393274e-01 3.191299525167619056e-01 4.433334098021342040e-01 3.196764701881418258e-01 2.526136629982248527e-01 4.807989851050270547e-01 5.713173979499630573e-01 8.961561645325060166e-01 7.790385450769148346e-01 4.072765462553984417e-01
6.244089536148479391e-01 2.665410166951960313e-01 5.595691538255199299e-02 4.632337147166653568e-01 2.562030100296105450e-01 8.078457760409666344e-01 5.429956215492423022e-01 9.061415586052827820e-01 8.284284366793213117e-01 4.248771456377757882e-01
6.741568836446456547e-01 4.196548406035734979e-01 9.359471270685004729e-02 8.348532888488469084e-01 2.014356938407492192e-01 1.068858575621975282e+00 5.509407859690125253e-01 8.967402185166032380e-01 8.225227116181754727e-01 4.347887381438639287e-01
4.069182574733487545e-01 2.852137383628070011e-01 1.512117165397666163e-01 7.120601422523167301e-01 2.349996404881625200e-01 6.612888266908588664e-01 5.705533046953562559e-01 8.989437614046585923e-01 8.153336262376803534e-01 4.152316820563045074e-01
7.773043822333592923e-01 3.047932415917449234e-01 1.317523110778189843e-01 7.221931209932468398e-01 3.019649626667606501e-01 7.630099435837900401e-01 5.785888820625142426e-01 8.806827015986675722e-01 8.590028475030466737e-01 4.014006348396666479e-01
5.593041736996821056e-01 2.788847158160140394e-01 9.099685270615603949e-02 5.852729992218692612e-01 1.932628026515992858e-01 7.633140334539596505e-01 5.729662517740324867e-01 8.927173663737683063e-01 8.093215990004797300e-01 4.277985057133292246e-01
7.285453176284228949e-01 2.320353014556455484e-01 1.120667572790035038e-01 5.451318622260231672e-01 2.025913661920088760e-01 6.342424871671016318e-01 5.808925633001068567e-01 8.963699860607066139e-01 6.462435621155091514e-01 4.079291254799825572e-01
6.198941791016424618e-01 2.929545961387106101e-01 1.151947091133239398e-01 2.949710660277010676e-01 8.302874970934128740e-01 7.181792435009441977e-01 5.767178936099869313e-01 8.979952665328666539e-01 8.809944102392097687e-01 2.953381608032075722e-01
1.242210549227690253e+00 3.826494675545484281e-01 1.357512325296686417e-01 7.058346503400877436e-01 5.764362440441829494e-02 7.753859355659571406e-01 5.298590422756379592e-01 7.883487199909013921e-01 9.354891479892225581e-01 3.120821858835148288e-01
6.396869839521754919e-01 2.557111041585187206e-01 4.776948460849396172e-01 5.723231519866422978e-01 2.201751403802036378e-01 8.838203296003427356e-01 5.534743388653520224e-01 8.192095574749748144e-01 7.736087702856906390e-01 3.517649088495790610e-01
5.205953125171955964e-01 2.931208500072273737e-01 -1.779719878459121163e-02 1.678150036491629638e-01 2.092912755819541504e-01 7.927734007926032778e-01 4.083968645952341658e-01 9.022875537282766256e-01 8.194800479954663652e-01 5.274372678124201741e-01
7.227033483371599898e-01 1.777714361600016002e-01 1.146103405297370509e-01 7.747761280921985350e-01 4.747968947416811858e-01 6.894533675952618790e-01 5.562212002657579424e-01 8.897875407313732277e-01 8.455434067756963934e-01 3.823061591395007230e-01
1.146326597491684529e+00 2.558967105346911519e-01 1.214501046252882410e-01 4.695556827534606570e-01 3.016154237921993553e-01 7.024500728503660918e-01 6.128287150014111173e-01 8.809600979742404636e-01 8.247157175528410100e-01 4.080779749737665774e-01
-9.926194076058864058e-01 3.397149270877070637e-01 1.003786436505492152e-01 4.952500193705980935e-01 2.141670366399894831e-01 1.612346401644604299e+00 5.860588291917547821e-01 9.010694061039447034e-01 8.522545177551399398e-01 3.905972516621418755e-01
7.188246827622913893e-01 2.184995387138542466e-01 9.802935786446713429e-02 3.927788291692619893e-01 7.278911965097878412e-02 8.462144822214189288e-01 5.643640677243927373e-01 8.980267832122978966e-01 8.226308276416169907e-01 6.137870869133685847e-01
8.795121076385605807e-01 2.971618906345213085e-01 6.781007914756587152e-01 -5.098919217100261747e-03 1.457343592926839126e-01 8.577952682060179246e-01 5.705453719463954299e-01 9.281810606762482818e-01 8.541608005921431657e-01 4.375792334077079904e-01
5.911846346715039502e-01 3.286794023331238712e-01 1.068161987706698624e-01 5.534354992593744083e-01 2.681214453567718481e-01 8.552083402241152932e-01 3.739755741956287682e-01 8.963844678474445216e-01 7.926412746411831689e-01 3.300350215078441396e-01
3.906198214676157021e-01 3.630076700927511446e-01 1.285899479605150941e-01 5.689849061617161530e-01 6.088205613364300328e-01 6.205518827928500070e-01 5.827437500808864135e-01 9.024895278470298488e-01 8.166897159733317313e-01 -1.861438915159942531e-01
2.806149337551353540e-01 3.818019982970967119e-01 1.684628793040384709e-01 7.832911970113999311e-01 2.016344814672828278e-01 7.431559938191597547e-01 5.782422795481048095e-01 8.940806876022885374e-01 8.292108769731946216e-01 4.347096612642339930e-01
3.687721104971798392e-01 2.550161619821150749e-01 1.402509899735631949e-01 6.215725560130329619e-01 3.342615341573458854e-01 7.233444969107909461e-01 5.603655287426877463e-01 8.967150698156365340e-01 8.154871502092084778e-01 4.136574550689087193e-01
3.165082692082215043e-01 1.361695280861303092e-01 1.160023882091625880e-01 5.635977325406592575e-01 2.121370147999636635e-01 9.319739169242039489e-01 5.469080693008712135e-01 8.499805248893899101e-01 8.357958689678792741e-01 4.119152551395994788e-01
8.315726097125740734e-01 2.015374939419609102e-01 1.221783215738423967e-01 1.621368126465153048e-01 4.551691307173958423e-01 7.473163294883556906e-01 -1.452658755629187282e-01 5.936355014077445702e-01 7.388128690737267856e-01 6.444642113589941212e-01
7.592567971595994836e-01 1.764557165388323523e-01 1.375231891436975995e-01 5.182242717309839541e-01 5.410063185271471453e-02 8.143997026823091012e-01 5.741963422728147970e-01 8.803127465647165861e-01 8.127080438685179153e-01 4.246105123362514111e-01
3.212021076142939080e-01 3.976768474873847437e-01 8.774264958027218342e-02 4.199639361067021848e-01 6.300762292182526814e-02 4.034278979173894775e-01 5.633354699330325177e-01 9.080474280174714030e-01 6.856269093718347918e-01 4.132357871666305638e-01
3.786579835779825820e-01 3.306022247634472500e-01 1.140167904956082279e-01 2.277170202304732161e-01 2.698325357207519426e-01 7.573301693458269757e-01 5.857335646247244787e-01 6.342559813961901050e-01 5.432833039644171524e-01 4.306703358306351315e-01
6.601469651469713540e-01 2.350765257811094910e-01 1.394608261969765839e-01 -6.097677063938514719e-01 2.721241396321934514e-01 8.759617036727855854e-01 5.342986526110728995e-01 8.954721181283404885e-01 8.918755965185057866e-01 4.237178945238132544e-01
8.525760306018005386e-01 9.320520386965883697e-01 2.870810976896532307e-01 4.313474350442256799e-01 3.071782164734064846e-01 7.832029393495230085e-01 6.248620177957192601e-01 8.223523290936515240e-01 8.215227152030052382e-01 4.429916304831545970e-01
8.623582382374733735e-01 2.775072760758842128e-01 6.293694077580797019e-02 5.554057751782894847e-01 2.183749531717730508e-01 7.618720882868443844e-01 5.716713095668763955e-01 9.159296130158020022e-01 8.164431914866248086e-01 3.725747754166680581e-01
7.779098653025662280e-01 1.475899565244097045e-01 1.570940690230857584e-01 4.470950288692479013e-01 1.951574865483127197e-01 7.759414198769365445e-01 5.704121640631506507e-01 8.951908388480535050e-01 7.840168398295945806e-01 3.815855476008338520e-01
5.631477485088474122e-01 2.448298705970970435e-01 1.345642779001036127e-01 3.876759115175636428e-01 2.001857417569272435e-01 7.743280389065663183e-01 5.617312884420232466e-01 9.001851773510619603e-01 8.349806720611219202e-01 3.806835126572120087e-01
6.696317660630869417e-01 2.755850561279591937e-01 9.599491329805574791e-02 -3.043669841780720364e-02 2.157439105963481762e-01 7.618697802845604272e-01 5.688867618798703063e-01 8.985282682782115282e-01 8.210922219686511703e-01 4.424532676865215453e-01
2.882708299241792949e-01 2.984268268423099224e-01 1.051291299298329207e-01 3.087826092143973744e-01 2.051369070010341245e-01 8.156018857051181570e-01 5.842729163236299872e-01 8.725526290231998550e-01 8.304752060623911136e-01 3.980784332221123378e-01
6.042426637925282229e-01 2.633639809677202903e-01 1.085974413988370080e-01 1.217162530527931885e+00 3.185087669402866806e-01 8.201860270029672773e-01 6.070092624282690252e-01 8.998079081947565339e-01 8.207002410964795436e-01 4.054017988646317905e-01
4.979236472363424149e-02 3.073480976009687060e-01 1.039095921469399830e-01 6.466237673455936807e-01 2.494878464155557696e-01 8.670945128846233585e-01 5.748353700272507139e-01 8.972829162540145731e-01 8.779711295982036701e-01 4.288793113886614772e-01
8.389789823601793151e-01 2.657773640009934435e-01 1.929054390428727450e-01 4.227814847913711205e-01 1.410935387883946179e-01 9.221873373153758324e-01 5.747706841705397807e-01 8.968915899856084728e-01 9.874986305336237447e-01 3.924556756009904834e-01
5.518960573570512729e-01 2.520220367254769056e-01 9.654440303888849051e-02 6.395849187849651507e-01 1.458358281057892114e-01 8.360596566515933192e-01 5.733898012335575389e-01 8.995411535699241456e-01 8.198432180386870938e-01 4.290179173357740461e-01
8.581780279012878321e-01 1.569555194385712227e-01 9.635775476885419244e-02 9.516053982150394219e-01 1.173867905750916041e-01 7.968095117089936119e-01 6.527407575160297792e-01 8.701783065475647838e-01 8.422242925554810355e-01 5.077617221142178838e-01
5.652919022034182950e-01 2.451469210569718615e-01 3.124127802642663321e-01 6.688407141935303057e-01 3.282210600164182646e-01 7.863027791225423169e-01 6.723204813034970861e-01 9.036918028943488057e-01 8.428786851521754553e-01 4.312987041620902628e-01
7.805980900248754573e-01 2.761752915144181086e-01 7.026184100791299514e-02 7.941992035897472713e-01 1.509608173624162053e-01 6.433540094340504112e-01 5.742443111477840700e-01 9.008423505262415087e-01 8.032248579262316612e-01 3.744810522129062846e-01
2.421117063716120010e-01 2.147966634079445658e-01 1.039271452421083874e-01 7.896659578213531816e-01 2.152375009826995311e-01 1.254115830615345262e+00 5.570846479799657081e-01 9.370738687984828674e-01 8.037979557685388521e-01 4.189575497335992216e-01
5.813629406293939761e-01 1.046926097592328075e-01 -8.279308915916724909e-02 3.288972205418164152e-01 2.017957570015934399e-01 7.592609730959289926e-01 5.589053988463389411e-01 9.006793874336699313e-01 8.090951699937566355e-01 4.235263692922451861e-01
1.078916032114016321e+00 2.451128126504255877e-01 6.382758382350319781e-01 7.649194921270832115e-01 2.167525073967097871e-01 8.232473765403601762e-01 5.386994687626018852e-01 8.928091574340788483e-01 7.721246583937448893e-01 4.328392038278168763e-01
7.604519357040073757e-02 1.429111564090700393e-01 1.601982123890395848e-01 6.048189168015070116e-01 1.303099259121052733e-01 6.038566145502058946e-01 8.749691934330068310e-01 8.808220942053748281e-01 8.506067360657868504e-01 1.840756404888856945e-01
8.125425116466605813e-01 2.554234602998565196e-01 1.215675794816641342e-01 6.121899656068958695e-01 2.075221453768609503e-01 6.737524961225652698e-01 5.739520852637255421e-01 8.634853201890773100e-01 8.549257407705507239e-01 4.308456254785328898e-01
5.641877541089022063e-01 4.946896147952451472e-01 3.110685421988876875e-01 2.100910866422026069e-01 2.744903706856103298e-01 5.280613299557920248e-01 4.523659580159922200e-01 1.169370665019956901e+00 8.028619920327193515e-01 4.553237188650089418e-01
4.979519080649676965e-01 3.351858351641995304e-01 9.464355552354744572e-02 4.667879419372531480e-01 2.163525161767728411e-01 6.615837283462852048e-01 5.785154826852418886e-01 9.000246024300919689e-01 8.248804600444296087e-01 4.052987348258577094e-01
6.031625772479874970e-01 1.909009066069299043e-01 1.070733767353594657e-01 7.572541914245706218e-01 1.353590054240308704e-01 8.843152216108339791e-01 5.735810270877526040e-01 8.951259136682948592e-01 8.105906269149318888e-01 4.349978213745132605e-01
4.776650332755371653e-01 2.568459615794960182e-02 9.691821900714030213e-02 5.636300062746968376e-01 2.675608630978509317e-01 8.160889627245152544e-01 5.480816646778345902e-01 8.903965599285578181e-01 8.433998995991781600e-01 4.034060790371069016e-01
