6.195364044365793132e-01 -1.012677782907801978e-02 -5.741426344042857566e-02 -9.652449695486869929e-02 -7.366739974401907698e-02 -5.820969764348004061e-01 -1.086515380360369570e-01 5.514698328412947353e-02 -5.685556012827781835e-03 5.396365891396115444e-02
-3.015173843176454163e-02 3.183746628644270604e-01 -2.261409385108634901e-02 -4.189871233905059084e-02 -9.179381893361069494e-03 -7.115473805896076198e-03 -4.208042012129039472e-02 -1.228606779144813914e-02 -1.307785136281397823e-02 2.178934249570072673e-02
-2.166352575819936385e-02 -2.194436293183465170e-01 2.320784955154545637e-01 -3.272309063522388373e-02 1.986787209009423932e-02 -2.339379206279128542e-01 -6.240545977226130692e-02 2.615437994008542599e-01 4.008527045712183962e-02 1.081233577746003316e-01
6.374712425191979281e-02 5.762400541978189572e-02 1.469755333215950381e-03 7.347957692756952319e-01 1.134525520974182357e-03 5.242693361491787551e-02 -5.046398912150875347e-03 7.420869609984698245e-02 -8.232147229734780580e-02 1.641823745059120196e-02
6.378827642708136125e-02 -1.375348207023299220e-02 -2.506450580297996111e-02 1.981959208076894408e-01 -3.425662798528891773e-02 1.382140187968993079e-02 -9.447282471867227355e-04 -1.689980357749382850e-03 -1.554295329863038082e-02 1.147009001345034584e-01
4.476450341225358953e-02 -3.270730206023118175e-02 -3.003288572845947205e-02 6.798821785372829996e-02 -6.360359766286657890e-02 -1.118455122608639773e-01 1.491366839578096327e-02 1.341183464688584239e-04 3.313107681895267886e-02 -1.742100282789212432e-02
3.861802246549463774e-02 -1.955914851484130412e-01 2.902768672239997017e-02 -1.469920396454868772e-01 8.854226333093360990e-02 4.242995989636368093e-02 -5.824307402438839987e-02 3.972226721587822362e-02 -4.438682323240671079e-02 2.974131067071125734e-02
-2.335845881795268753e-01 6.866008919984552261e-02 4.224684879314768299e-02 -5.137551109759389001e-02 -1.456671604776271084e-02 -1.957430180803019226e-01 -1.309474998960886982e-01 -1.000000000000000000e+00 3.134080714117661731e-02 8.622678853024058621e-02
2.533772184477810496e-01 1.323909797740935590e-01 -1.871476478146059247e-02 -1.241366016518221371e-01 7.992080708177773732e-03 1.424832971443061418e-02 -2.525849456872373763e-02 4.855135060452435598e-03 9.000958332366901238e-03 -6.112450208403665819e-01
6.611855336615876655e-02 2.469619823981871170e-03 -3.314207914720528492e-03 2.779033637695987879e-01 -3.010925176268903353e-02 6.345351875794402741e-02 -4.453751465629458839e-02 1.467569624062336478e-03 5.070100752779445330e-02 8.077876053364182324e-03
2.748140757565815107e-01 -1.270253759098308871e-02 -3.653909942047482706e-02 -4.523746798413393055e-02 5.652993822873338958e-01 -5.638402666229246768e-02 3.095943191126877825e-02 -5.339768385054875777e-02 9.840740835856846142e-03 1.153684509462554915e-02
-1.807352064503430222e-01 -2.499518334041005846e-02 -1.000000000000000000e+00 -4.431138312775047272e-02 4.435497856643238340e-02 5.119627823259748078e-01 -9.027912470696883296e-02 -4.422965113065133180e-02 -1.952418796635383563e-02 -8.184014887596358090e-02
-1.363685079122883281e-01 -9.371807427222367953e-03 -5.696469118851696378e-02 -7.120758268605447139e-01 -1.409164610249790013e-02 -2.168269692186605355e-02 -5.930246412986579091e-02 -5.479575339003759510e-03 1.006942313053869886e-01 1.676369415605288848e-02
-3.547716806841422210e-02 -5.021649423597707163e-02 -4.243575858401554997e-03 -3.122979525230170084e-01 -3.293518085801537543e-02 4.443137209310187019e-02 -4.700033312083068404e-02 -1.512529118962057523e-03 -6.379838919273995990e-02 4.177154208141008532e-03
-1.719083808855260131e-01 1.437865112061090522e-01 -8.017824949428001280e-03 1.533541956115977711e-01 4.266732249096737845e-02 -3.488327160309816904e-02 -2.096624381348808144e-02 1.237042958837971697e-02 3.310141853625073183e-01 1.489612344221095258e-02
-6.692453768560596705e-02 2.238787771007701849e-02 -7.705653686078356261e-03 6.338895896936860286e-01 4.656732441967034036e-02 1.575129710595304586e-02 -1.792565922935409131e-02 -9.404056385195974990e-03 -4.912698253129036546e-02 -2.953973296901549195e-02
-5.736864230759696204e-01 5.217367157264136968e-02 8.704207640180718075e-02 1.092252639109921597e-01 -1.285139486680825227e-02 9.461686229923860214e-02 8.917394677080195398e-02 -3.253486883431986471e-02 -6.111492727981136797e-02 1.572396467039954560e-01
-8.445882245461827642e-02 2.202863680543370659e-02 -6.916650359626487499e-02 3.279958880889345396e-01 9.321424450284488544e-03 -3.187357199680228986e-02 -1.328921516783413206e-02 -7.453440019463234388e-03 -1.611305269253560449e-02 2.195686035834987226e-02
3.469320721692821241e-01 4.050017162350537034e-03 2.241364295569502063e-02 5.502292718536938576e-01 -2.437144684791953397e-01 -8.023135078942947307e-02 -2.626017824386383051e-02 6.206386376995255000e-02 3.227022625262861155e-02 2.855506996451962279e-02
1.133838881454172637e-01 8.598948822220078836e-03 9.082267097043987200e-03 -9.206708787834508301e-02 -1.514494896607943009e-02 -1.035608416713303115e-01 -6.329462533188304381e-04 -6.189202045878356220e-03 -1.446021056640436724e-02 3.032177362100904952e-02
-5.166094500751060824e-03 -2.016028441472667021e-03 -2.636714848148608275e-03 -1.767560137271809717e-01 4.842188089435118248e-01 1.545317100335779903e-01 1.139686263372068215e-01 -9.656711704120232286e-04 8.112929745071513488e-02 -2.614358998712406623e-01
8.631808145644516150e-01 4.688867224579645193e-02 -1.618530844622168355e-02 7.986205773919842210e-01 1.048385505852542088e-02 -4.271856638453096211e-02 3.821221614046704795e-02 -4.033597409435901726e-03 -2.783045687458904349e-02 5.758023534778873229e-03
2.797550738738287940e-02 -5.482527550018590629e-03 -8.095672643215829495e-03 6.104335022817176937e-02 3.519479797473876875e-02 7.752346916916846853e-02 -6.604562303606513474e-02 -3.225404376868382800e-02 -3.562248957456650572e-02 -2.273102221404501785e-02
3.209559515995012435e-01 -1.852370602024057053e-02 4.417266446009046610e-02 -1.381072295748048684e-01 -4.510298299624594665e-02 3.003409207210589946e-02 -4.621086985552735199e-02 4.826265277702302542e-02 6.210677212668666049e-03 -4.151053076441215545e-02
6.597105090461011234e-02 -1.744877460289534065e-03 -7.125231621239742907e-02 -3.637553517119895830e-01 -5.375088885815448164e-02 -9.417417732523010454e-02 -2.800833038187725693e-02 5.383199012222388002e-03 -4.327497431800314542e-02 -1.415072428842209518e-02
-1.147054571390573874e-01 8.746371387005420078e-03 -3.455610591181552255e-02 -3.299753505755911309e-01 1.656279272715481879e-02 1.207926797285300557e-01 -4.305570482854612774e-02 -2.582013267476548912e-02 -1.259848547453944478e-01 1.313898154430639953e-02
-3.258747482611665247e-02 1.550882466162938761e-02 -9.561829436861280646e-03 -1.734852227549332215e-01 3.755688482403619910e-02 -8.975271239803289669e-02 -8.824562537581721877e-02 -1.479058476913541916e-04 -1.109450096504762118e-01 1.381531970143295464e-02
2.631511887517470338e-01 -3.744473995770526698e-02 -6.566417945145760875e-03 -1.030188995275033159e-02 9.244692748223048984e-02 -8.317771488891023690e-02 -6.356123538822968863e-03 5.390887059023818408e-03 3.296687264766516405e-03 2.393866661242555899e-02
8.474544401147551809e-02 1.305527825224366521e-02 3.033416729422268032e-01 2.719290979741907921e-01 -1.107746940437836364e-02 3.465569617806169567e-01 8.215559736207007913e-02 -2.251740016888041304e-02 -2.279834423985865194e-02 1.728816047984080458e-03
-2.725671754782547640e-01 2.872876244322238384e-02 -1.463304330474358463e-02 -4.463763459729457872e-01 -2.603048832346442354e-01 2.313541786949000617e-02 3.274986562624360165e-02 -7.566659454265756840e-03 9.047549891570831615e-02 7.391733226184918348e-02
3.737734993114110726e-01 -9.509656140519938633e-05 1.715798664045993169e-02 -4.489033814369625675e-01 -4.646844859485327328e-03 -3.905527273315681502e-01 -6.449299054816549914e-02 5.968395778619412471e-03 -3.147692613242671078e-02 5.358626772472351724e-02
4.687109836023513609e-01 -1.635458644944651294e-04 -8.959993102341005933e-02 -3.860829870065965539e-03 8.642021813527824836e-01 -5.529470858169220626e-02 -1.160522827673692373e-02 -2.100830693227403456e-01 -4.707418355918534247e-02 2.768066865502526869e-02
3.339308468180604006e-01 -3.488228808950701726e-02 -2.268914637628990580e-02 6.271654575283701349e-02 2.414420537895532182e-01 -1.421500037977795616e-01 1.676606161720023414e-02 1.251671052527505816e-02 2.305476474903066578e-02 5.833269474089115142e-02
4.803278887669316100e-01 7.000081148245758562e-04 -1.195685679442371960e-02 1.056961654164093323e-01 -1.068376513035193542e-01 -1.271680245201977678e-02 -4.951147317963917882e-02 -1.978443497704252246e-03 -3.442708010170371369e-02 5.569930089631103948e-02
-2.461637957375633623e-01 6.378783940848969762e-03 1.533021270606350350e-01 3.148126358751026088e-01 -4.533599945356771299e-03 -9.147186834998138893e-02 -7.851166326169033149e-02 -3.193799455134659765e-03 -5.457048805164149696e-02 3.448371919348278830e-02
4.386524732135407140e-02 -5.425887582888595795e-02 -4.307687381493461969e-03 1.447023324330973804e-01 1.568859219957486392e-03 4.217920190996291702e-02 -1.347677310182459134e-02 -7.320299768858984021e-03 -5.255187982076790082e-02 8.764594634132000933e-03
1.773758081262290509e-01 9.943001997547655513e-02 -2.419777657493422107e-01 -1.561252204908041563e-01 4.993491525672642539e-01 -3.032015510050509177e-01 2.269093438836712953e-02 3.904817693576647514e-02 4.118245511229226552e-02 -1.155677790976951530e-01
1.125573449585851316e-01 -1.156817162260109430e-02 -3.738535810320169073e-02 3.624196359357957364e-01 3.862954398435941572e-01 1.698264868860572541e-01 -1.945322821215495282e-02 -4.207368516181677655e-03 9.985597576282197879e-03 -2.731646036644792570e-03
-9.465435977370759146e-02 -2.351490733996286844e-02 -2.844340117701704349e-02 -1.870813637611596081e-01 -1.740900322721943005e-01 2.231662937327745511e-02 -4.920633472330872976e-02 1.761357837807693083e-03 -3.533093434678995920e-02 1.592111782505019682e-02
1.958124011551616028e-01 1.093115455667535534e-02 -1.341726987088679400e-02 -4.886797823463776003e-01 -2.364391918536048673e-02 1.000000000000000000e+00 -4.017019431550034048e-02 -6.611663505277278613e-03 -1.287143795311089522e-02 5.108561754328687365e-03
1.893633818386343537e-01 -8.894827608102522445e-03 -1.054062354750331248e-03 -4.578923675855411934e-01 5.237177863077722151e-01 -6.499751808412881568e-03 -1.853183619017944594e-01 2.582676355121213754e-02 1.915740961023055383e-02 5.285911307237138590e-02
-2.140331388946809243e-01 7.486773047093285560e-02 5.824202542401495791e-02 -7.721651685785559105e-02 6.523490281693154758e-02 -5.540279759815478280e-03 2.326289904519287383e-02 -3.152694683365018700e-04 2.808324624571578026e-02 1.525446817326026050e-03
1.407732897914632797e-01 1.938550644144698687e-02 -2.692840819407061326e-01 -5.630793344229371167e-01 -7.922256722512431570e-02 -2.862353405176188553e-02 -5.616259025870831006e-02 1.723242972999419753e-01 -2.358536808055932896e-02 -4.205108832142030739e-02
-3.509001662522936993e-02 -1.911254086557983567e-01 -5.841093477905370118e-02 -1.271452695397912343e-02 -1.288714163993617545e-01 -7.122807697961284568e-04 -1.219018579371880240e-01 -1.159017909901475813e-03 1.733512978270266847e-01 3.804924047667080679e-03
2.523181618942220150e-01 -6.295843171668411876e-03 1.606780349544552691e-02 -4.229076369039701938e-02 5.005142657033266954e-03 -1.352508598970755260e-01 3.892339344345024932e-02 7.067469020221156181e-03 4.308224152661296186e-02 2.279819405642572253e-02
4.374273775407618858e-01 2.574651170737385364e-02 5.261423582885036559e-02 2.762265299621096681e-01 1.406231971254151836e-01 -1.296161932425112240e-01 -8.435273001142293281e-02 4.296235625352812781e-01 6.704634286376928709e-02 4.072897413666261568e-01
2.338173924633488859e-02 1.900888148724966809e-01 -8.596006000173539788e-03 1.843205821200352146e-01 3.171657180231776587e-03 -1.169410411823267743e-01 -1.326436297695288147e-01 3.110037863355214101e-03 5.244572468096480450e-02 -1.983177294849157706e-03
4.433082575705297734e-01 -8.911088520447335570e-02 1.629184110174180522e-01 -3.819845354262317860e-01 -9.627066326972678195e-03 2.552012727666846600e-02 5.205052792814320213e-03 -2.488579847318663028e-03 3.649359463315370311e-01 6.642229356759343784e-03
4.555330106400200946e-02 -2.207569450608155501e-02 -4.312136459847167036e-02 -3.831196936475349257e-02 9.758494839875542226e-02 6.426737163075158703e-04 -3.320570061120379363e-02 1.922018975417593215e-02 -2.881388034722881172e-02 -5.936476539270774296e-03
-1.142085178075512159e-01 1.721567442369613399e-02 2.562126068111672886e-02 2.044946557522027974e-01 -1.295044471958197441e-01 -8.582259717514560682e-02 -7.368938000599513372e-02 -2.580221768944492289e-01 -3.275045334171226841e-02 -7.636119394067383825e-02
9.198961759728105370e-02 -1.302734874730863621e-02 -4.300296534896094758e-03 1.174176418031149666e-01 -3.335802716612833174e-02 -2.303877543966407256e-03 7.739822234506175958e-02 1.065141703781331828e-02 -1.754787615151486013e-02 6.776585985315649284e-03
-2.771417184788120269e-01 -7.948237878720014211e-04 -1.548108861928205494e-02 2.123836534348159111e-01 1.822430844953021323e-01 2.074907181614596419e-02 -4.665307582365733202e-02 -1.413783346099268656e-03 1.629476520438805087e-02 -1.873716554485665596e-03
-1.733678529997916273e-01 -8.820743437366803177e-03 2.818872870465922720e-01 -1.969173017406227744e-01 4.186268955538573200e-02 -5.153136016242865214e-02 -2.202262630457992726e-02 -4.823571462194669278e-03 -1.152146606008298824e-02 3.260556971479571658e-02
-9.493705725176868060e-02 1.334615169647047558e-02 -4.329740672598792091e-03 6.609131303577676919e-02 1.218601026827120931e-01 1.914417753868785654e-02 -7.335990122453568685e-03 1.689910457748553885e-03 2.676726338889772946e-02 3.112724680105642336e-02
4.895942899738573439e-01 7.007987353072296643e-02 -2.086165390556695993e-03 2.536588751517783735e-01 -5.503909851969484950e-03 -8.144474522034355485e-03 -5.714713485249859476e-02 -5.155808841378930725e-04 -6.022169363452460795e-03 4.557862833687980827e-03
-1.185792449584944022e-02 6.908937248778690768e-03 1.579735678392994030e-02 8.932875189367526225e-01 6.959221324140550148e-03 -5.683862383040968330e-02 -1.899045772340276703e-02 -3.636931471904333250e-03 -5.997698862413036736e-02 1.016412709572264705e-01
-4.097691137114354842e-01 -2.469850657097016552e-02 4.974028633044440262e-02 4.290944879205470519e-01 -2.385850630724134502e-01 -3.549625484161740563e-02 -1.696576755767638389e-02 -1.279672503422255719e-02 1.841207139853958535e-02 1.209472083177838032e-02
1.130636060571349050e-01 6.145788533982494278e-02 -5.841809741498434766e-02 6.399447028133385951e-01 -2.014086387192822597e-02 -1.717716375495515618e-02 -2.061950254636463198e-02 -2.807410986198367181e-02 5.237593869113379985e-02 3.792648342145926200e-03
5.638296086491156184e-02 -2.134371899470159303e-02 -1.627199819217844609e-02 7.667494258078695613e-02 -2.406049160213293014e-02 -1.901002125405024112e-01 -4.130971578996612409e-02 -1.845482273138740210e-03 -3.912197460612913680e-02 -1.699374327572846649e-02
-1.184149704721712687e-01 -4.210554137161594615e-03 -3.760591850669042779e-02 -2.279006642473021260e-01 -1.129629871484661152e-01 -1.707690667575365584e-01 -3.100907173013514942e-02 -8.437348256148537173e-03 -3.378165029583777429e-02 -5.285370403500019854e-02
8.557187450913494864e-02 3.342719662444368356e-02 -7.463627642367141879e-02 2.072923477074964105e-01 5.481129011189843636e-01 6.471306499584190963e-02 4.310686341421540030e-02 -7.770650782284135860e-02 -3.135154725342047949e-03 9.219914139743198844e-03
4.068087916893201733e-03 -2.434068661654859023e-02 1.435592040389717661e-01 -4.989952128904127648e-01 -7.324570233938125507e-02 2.937222334922249406e-02 -1.153434692824560973e-02 9.176116753825423744e-03 -1.246848359003042278e-01 -2.548362073810930828e-01
6.933484056576590115e-02 -2.906838155769145109e-03 -4.627918767750082568e-02 -2.682499922582953777e-01 4.008127800425933217e-03 -7.215037788382960143e-03 -1.374886000867213409e-01 1.022090999307032760e-02 9.106834307435078546e-03 -1.257320458702849628e-02
7.929931474732250518e-02 3.106312418158203512e-02 -1.319802862620115744e-02 -2.628154009594644291e-01 -8.394273274058219880e-02 -2.451092657728384805e-02 -1.224055073049704623e-01 -5.895418659293755366e-03 5.088870758969481212e-02 7.871611890152054036e-02
1.785884266136442966e-01 -6.069947071828067815e-03 3.731913593652259886e-02 -3.492269496547190794e-02 -8.050603908271587728e-02 1.252072496181523553e-01 -7.341186866565722891e-02 2.066977406599883327e-03 -8.959499570720044770e-02 -5.424370887638617529e-03
1.082932610577097415e-01 6.662569204074369512e-03 2.717301296998331922e-02 -2.038304815988881136e-01 9.842405599527197235e-03 3.378898159610912444e-01 6.097136114313465166e-02 -1.744215350805260190e-02 -1.784998529866409916e-02 7.711155282061859899e-03
3.565667873456063730e-01 -1.179891446109215120e-02 4.985013265422512906e-03 8.297991033922520743e-02 1.756161090111211520e-01 -3.468262838486601413e-02 -5.778649646858494832e-02 -3.023226947272368223e-02 -7.984186087412541155e-02 2.166995409614487778e-01
6.323578684400493755e-02 -5.401826694361477367e-03 -1.563622256353922046e-01 -4.480069535915823936e-02 -2.114518079562860073e-02 -6.698968524496466681e-02 1.194685736903461221e-01 5.763531593372213380e-02 1.687251534063438640e-02 -3.516421557471097747e-01
7.002762236303790820e-03 1.104404630377083252e-01 1.677547668318111942e-03 3.474878024214460015e-01 1.877573526209391427e-02 -3.824527278276192155e-02 -7.018166601450673281e-02 -9.401868009656359120e-04 1.491759358599132213e-03 -6.168353132963898472e-04
-9.748911389184079790e-02 -1.215762270065717243e-01 -7.663443085070997807e-02 2.062008434493253772e-01 3.940581525026174425e-01 -2.312721255869998604e-01 -8.258219305180862155e-04 8.715978948436941057e-03 4.944613453522968272e-02 4.324008688095432040e-02
-1.014792492153179654e-01 7.219179220841077937e-02 -3.385217437087877090e-02 3.117664210550636361e-01 -1.044770255539630328e-02 2.115159845591877974e-01 -6.610085467268705939e-02 8.561528826529263975e-03 2.500082711510854400e-03 6.045113929956478539e-03
-4.471824720596239700e-01 -6.870772050850035284e-02 -1.023010683438041642e-02 4.659136667614382499e-01 -4.457679921166681630e-02 3.498292970339409586e-02 -1.539822462845070461e-01 -6.132016608994041509e-03 -3.115564907923997276e-02 -7.222576352098182724e-03
2.920073223472510193e-01 -7.975124107551891106e-03 9.316465311598595353e-03 6.376694351607491845e-03 -1.056808501340732453e-01 1.317453755428631690e-01 -1.306531776286457558e-01 -5.631740592564612492e-03 -1.444315571396870973e-02 -2.189080873148058562e-03
-2.077219779708421032e-01 4.752113183324545298e-03 -2.813820499900371863e-01 1.569227054644847241e-01 -6.950690480849323893e-02 6.357127541151889535e-03 -2.934984639699467907e-02 1.143454615120926693e-01 -7.983921313343799175e-01 -1.880921459247072713e-01
1.151313136374948615e-01 1.031800268699808176e-01 -7.285351208057992689e-02 4.703859384460726267e-02 -1.121923441487018974e-01 4.755422949854846981e-02 -8.945158400642744256e-02 -1.524932426499397975e-02 2.055862827043678995e-02 7.302999125672685922e-03
4.808232983090515028e-02 7.952218134336794253e-02 2.013865070404221094e-02 1.010955393268159370e-02 -1.657561131557161449e-01 -2.898822426835712465e-02 6.829538627715912857e-02 4.285353642820715486e-03 -1.502635988329951433e-01 8.693257720600310046e-02
1.099050104130905731e-01 -5.571427112005862270e-01 7.456300572928584473e-04 -1.222755182087664760e-01 8.180927797424521197e-02 4.380796813411910740e-02 -1.349114108730110340e-01 -1.075779827567736602e-01 -1.709933207857735060e-01 -4.969036093858839043e-02
-2.623034567746598822e-02 -1.463626206718798319e-02 6.037608392372346977e-02 -1.000000000000000000e+00 1.183490235711897459e-02 2.959225451816060309e-02 -1.171201553036236853e-01 3.841005385046461929e-03 3.902235591779654178e-02 1.269688445776560350e-02
3.720425268351054138e-01 2.657035459444012093e-01 -3.007823203094996123e-02 -5.993794142870302322e-01 -9.639053593509418552e-03 2.561245413157283712e-01 -1.285475517291568247e-02 3.132586806118119183e-02 1.199498141928590812e-02 2.520789715997449540e-02
-4.555192547253995861e-02 2.550294967061943543e-02 -1.043817623426923358e-01 -1.225134859660494679e-01 -1.950448191184359081e-02 -6.481856808642776080e-02 -3.891360464279823572e-02 1.660685107986199435e-02 -5.143852876425682175e-02 8.360670625883585838e-02
2.895680496964330719e-01 2.660753470041946848e-03 4.635850243178969710e-02 -8.972836811229310816e-02 -1.172737674095675024e-02 -3.242340279450673345e-03 1.735513634301684427e-02 -2.833830473486656423e-03 -8.496358312354320222e-03 9.159178515305000517e-03
-1.434480407204852259e-01 -3.403867320681653458e-02 -5.090246487371056366e-02 1.847599843600162550e-01 -5.348898289400789291e-03 1.943947610555891645e-02 8.861426539065002383e-02 -1.692477309977066325e-03 5.684419476747872707e-02 -9.868875584329935176e-04
-1.162110979340194306e-01 -5.650832759362811597e-02 9.950217053143183346e-03 -3.940286354771430632e-01 8.790361255145798594e-03 6.317139437921416578e-02 -1.520483837671001738e-02 3.007336116780645694e-03 -3.823662871088980703e-02 1.036379413430698060e-01
-1.818702229410961435e-01 -2.096917420642994620e-02 7.082191330496881432e-03 -4.453298377215663545e-02 -3.173559805162078779e-03 -2.942848511853165053e-02 -3.155816425801434566e-02 1.761330667292818411e-03 1.037126185660799949e-02 5.248329867733800974e-03
-3.177684866954475496e-01 -1.062984654878359157e-02 1.680762037691454353e-02 -8.454861787450771438e-01 -4.583297878132479297e-02 -9.790505374326886889e-02 6.898328806648870715e-02 1.747179738357737761e-03 -5.912061724097977811e-02 -6.505030228957033034e-02
7.315531850384341395e-01 2.465874348813332922e-02 -1.705836871218731343e-02 1.225087841219830026e-01 2.254815524449644767e-02 1.821776813224104674e-01 1.255048896621424777e-02 -3.086023357816752594e-03 1.131759875861036574e-01 1.748962431943645868e-02
2.277539328381167349e-01 -9.363624764123441857e-02 -2.424513388182490160e-03 -1.410193224303561421e-01 1.008747045867733338e-01 5.568027300259721646e-02 -1.228130613254940356e-01 -1.962570945527958993e-02 1.773769876832176351e-01 -2.620760944528875355e-02
-1.448377634504994238e-01 3.460093448068347899e-02 3.952375744884428169e-04 -4.545231056409792386e-02 -6.949467363202026238e-02 5.507465651062389000e-02 1.016083735209620358e-02 5.594355786515827584e-04 -4.618864697075184683e-02 4.447454129365977123e-03
5.729373639291426290e-01 -4.253057817626351156e-01 -1.838721689829549838e-02 -2.337063982266376627e-01 -2.999365202564459043e-01 -2.954268549590716164e-02 -2.096194216163232427e-01 -3.278118046556728615e-02 -4.393792535935982235e-02 8.758903769966865094e-02
-2.238365483487670116e-01 -1.591282690274070100e-01 -3.818742990930479864e-01 1.999538785275168096e-01 1.019517188399138123e-02 -8.188941409096961443e-02 1.045584608097077373e-01 -3.545403350111156482e-01 -4.990099326528438933e-02 -4.320736294262478468e-03
-5.644680021894758789e-06 1.088593811034099150e-03 -1.748036323218914168e-02 1.186702832861374207e-01 6.869455685977310377e-02 -3.122299644225974558e-02 4.033247093334007410e-02 -5.874125403500148231e-03 4.477392529885411768e-03 -4.706441718589002982e-02
3.213957623505456912e-02 -6.593281386782375020e-02 1.060788339218639159e-01 5.953011168840922629e-01 -3.475956268861426710e-03 3.898480078442088242e-02 1.340843656646301119e-02 1.781328455339416250e-02 -9.115677636330019040e-02 -1.162750638760735172e-02
1.255932485088521455e-01 -8.776110680814816142e-03 -2.172434154729323552e-01 -2.593559666685388287e-02 -2.304092151509201311e-02 -1.218937877325058754e-02 3.864419713216080132e-02 -8.383622578351649854e-03 9.726811103812665199e-03 -1.791622710710761082e-02
2.150093014474407649e-01 1.634914661230441827e-03 5.558353276094509798e-01 2.758808362102817546e-01 -4.371548227587610663e-02 -1.004026721863768568e-01 -8.693161435727046055e-03 7.592695985393571600e-02 1.287392882212285983e-01 1.909519996292112498e-01
8.615102688024119937e-01 -9.632357263337607001e-02 -8.611596407262370190e-02 -2.762081059747610312e-01 3.010093059140294541e-02 -7.043766330427507494e-02 6.858145421994310542e-03 9.107971259232260086e-03 -1.440382197084587833e-02 7.782853633777432611e-02
-1.681141788705220186e-01 -8.098947710053741589e-02 -5.090837942201733440e-02 -1.855581668638205672e-01 -4.383108766137189943e-02 -3.799573140993774134e-02 -1.053009388566455151e-01 4.377411603137309516e-03 -6.794852648039145793e-02 -1.196509245914029011e-02
-1.098082531404302037e-02 3.677024465029973821e-02 2.304721784580102406e-01 6.631288215769887140e-02 3.292190787747154360e-03 -3.942651589183478467e-01 -1.376883850901778339e-01 2.576164412264671522e-01 1.293500258682077440e-03 8.656610252317852028e-02
-2.261244698695136501e-01 -1.970055078917620078e-02 6.443238822217511874e-02 -4.453494852372318347e-01 6.977577027065730297e-02 -4.646733392528908102e-02 -6.107760414741898736e-02 3.670895742317845621e-03 -2.264448342631376551e-02 3.257431823851977132e-02
-1.250203380975937854e-02 -3.314339111143638911e-02 -4.779325740631422577e-03 8.490973908224037636e-01 -1.213527660779309542e-01 2.489672359103030364e-02 -6.634032793372878455e-03 1.322406693701600649e-03 -4.926436934483396923e-02 -4.489646228873747126e-03
-6.485490381954019945e-01 -3.617085582647729947e-01 -1.420043802761188773e-02 7.073733039665672240e-02 -5.814905744805173166e-02 -9.754156734841376922e-03 -4.238529984482253266e-02 -8.192780605058393780e-04 4.504609824774576804e-02 8.572602893567069643e-03
