1.324104478751621794e-01 1.002609330834098103e-02 2.392537891533222730e-02 2.874782499711522887e-01 6.855763822370956884e-02 -1.896580720797761410e-01 1.333836519887147687e-01 1.048144430419186606e-03 1.847851250941612723e-03 -2.965013311701418866e-02
-1.207571620793351438e-02 1.742527037368480358e-01 7.595362183987568704e-03 3.269557200512752115e-01 -5.625520577868312402e-03 -2.514325215262106731e-03 8.074588838404311852e-02 -2.615345204266053113e-03 2.010223998868355001e-03 1.494281125577459754e-03
-1.347535164451830157e-02 -1.292167413120672292e-01 -1.399669428552195206e-02 3.629412058837574451e-01 1.072001750788122675e-02 -9.401324921996759287e-02 -1.338386579325899972e-03 3.469123901654173892e-02 7.930584802529448349e-03 -1.181658343582437237e-01
-8.874480010866556481e-03 -1.795982217852266222e-02 6.039024175143360706e-02 -1.903210499615527185e-01 2.803432362477132136e-02 4.385621544853665794e-03 -8.970060647071381732e-02 8.317693100048005606e-02 9.029602579098502946e-02 -2.447623987142747912e-02
-2.059585883925477839e-02 5.069846827795880528e-02 7.353218600822103782e-03 -4.229059497629654718e-01 3.773510063756355115e-02 2.787564152568445738e-02 -3.554473953709005873e-02 -2.882752106372818684e-03 -1.283151399260828301e-02 5.547938966215446716e-02
-1.590617581901414279e-01 -4.460958304232420790e-02 6.325466324195866950e-05 4.794254282238659681e-01 6.978631133749597926e-02 2.037875797040256676e-01 1.709836141582271318e-01 -1.526420476176282987e-02 -4.887832310840554972e-02 -3.529199389085289820e-03
-4.351410816193915926e-02 -1.645851607138155426e-01 -2.629774990643337501e-02 5.000979343842875124e-01 3.533787074279417517e-01 -2.152885063722672840e-02 3.689340946805073629e-01 -8.447618363024740618e-02 1.616914089665219892e-02 2.984719397482075640e-02
-8.527707988410242190e-02 -6.759124105358534432e-03 -3.277243516626760639e-02 -2.217887622259953340e-01 -3.587278140165954810e-01 1.078317744567578763e-02 1.535361054333984343e-01 -5.245121586803780378e-01 -3.136814782756752046e-02 -1.998346820831819678e-02
-9.042020485925605922e-01 -3.807879069023254598e-02 4.579325177918504297e-02 -1.486739117361521659e-02 -1.075069541483930358e-01 4.456703319221642229e-02 -3.994299311059134466e-02 -5.096372061481230925e-02 1.615844736547375829e-02 7.085081103210053577e-01
-6.657436053191577441e-02 2.858252554820648553e-03 -8.945354867837101639e-03 -3.699094103006434486e-01 7.496744237781667250e-03 1.154767188434257102e-01 2.260141894105265406e-02 -1.969068137664380796e-04 -1.334789981115724368e-02 -2.290700475734876521e-03
-3.434643694889116250e-01 -3.767040831668459072e-02 2.773021971836282969e-03 3.144076928046056207e-01 -7.764042681937001200e-01 9.474793411298519652e-02 5.317422241151365664e-02 -7.046617385208841199e-03 6.444969175149192764e-02 -6.370136564432056850e-03
1.846665525200345270e-01 5.625273677607788014e-02 -1.000000000000000000e+00 4.257792099448743928e-01 2.161024979301118254e-02 -1.159304600503634625e-01 -2.923412867295362497e-02 -4.530018830775025401e-02 -2.774226364527091621e-02 -3.494544091683946530e-01
-2.498541038354160082e-01 1.889994879780537013e-02 -8.631048273611476029e-02 -2.058952193368523698e-01 -5.829478209583166537e-02 6.306896289559896229e-02 4.261256133093171278e-02 2.715305190947360676e-03 -1.422913153769310261e-02 6.692076430246725327e-03
3.927364024894253181e-02 -1.629036173798186979e-02 1.933411700377096927e-03 1.911747031219048765e-01 -6.656816432664558469e-02 1.516584373845480116e-01 7.399346221585705041e-02 -5.391594148890387420e-03 5.234296603947800886e-02 -7.125692209996729864e-02
1.098220042661001428e-01 -2.145338740059916649e-01 1.172746895077301431e-04 -1.735680604956613970e-01 3.855115642759980310e-01 3.012497437689043694e-03 2.864257434301109573e-01 1.464570370423232300e-02 1.453213977247424238e-01 -6.146618055794161872e-02
-1.374701733103920465e-01 -4.078884714438590388e-03 -5.713341270531774319e-03 -1.267077114971317253e-01 -2.290315930939403402e-02 1.272588177309202928e-02 6.836591240057476870e-02 -3.137193618337148771e-03 2.593395982137391281e-02 -4.260025544054934360e-02
8.225243363067397118e-02 3.882107171909153498e-02 -5.784321300071399580e-02 -5.738372811001685170e-02 1.507998853829411179e-01 -1.060464547272305519e-01 -3.914185854831064848e-02 -2.531893553851739462e-02 -5.494893943631016381e-02 7.946387731753984732e-03
4.597955414168613392e-02 1.362304967596926486e-02 -4.331154732724321749e-02 5.295203209067959049e-01 -1.148260559393613107e-02 -3.730450687425744538e-02 -4.336765046901977505e-02 9.265716518328168810e-03 6.468009327153795285e-02 -2.479124042684446774e-03
-3.286579408581678519e-01 2.295257313541598093e-02 3.903438633722050577e-02 -1.894695284843332106e-01 2.064350291185926278e-01 -1.308541233131063370e-03 2.287789516485211894e-01 -1.698565755743396966e-01 8.881306234895854079e-02 -4.126601821045192131e-02
-4.168289521810920363e-03 1.942971657540450191e-03 -9.194252220575179629e-03 4.658273419121303216e-01 2.267173361757226710e-02 1.387366754340165487e-01 -5.248496118766573897e-03 -2.605098293365442144e-02 1.395943382022418189e-01 8.376879912554084651e-03
2.767772858058314411e-01 -3.459023279558564971e-03 -1.027186215322531231e-02 -1.291521232065371248e-02 4.252234703790520598e-01 1.139621583316204612e-01 2.039936969192986810e-02 -7.040478272479492282e-03 6.370667730542539653e-02 -1.815202075791797209e-01
-2.799202839709276636e-01 -3.440912076514535817e-02 3.454910543852502541e-02 2.344920539011418059e-01 -8.710722576401191269e-03 -2.743440762306982930e-02 1.155654630282797468e-01 2.367376586234096886e-03 -1.003302392083847347e-02 -1.026522904690747341e-02
-6.751713503990403563e-03 2.428748825039651719e-03 4.982544368587336903e-02 1.000000000000000000e+00 -8.692566205650741756e-03 4.520491448485285655e-04 -1.116969085763998629e-02 1.151052585357064013e-02 3.506855598941010371e-02 4.882632111952619515e-03
-5.290050307303654220e-01 -5.106550163488876581e-02 -3.578177605008418527e-01 2.035944454386649227e-01 -4.597196569247199993e-02 7.333019616435208776e-02 3.285809425874568201e-02 2.806685149475137558e-02 -2.976157075970574384e-02 -1.148577750620194821e-01
7.047613907623184737e-02 3.655465446360177222e-03 -2.393691010413477940e-02 9.424008485227787224e-01 -5.130550900306967560e-02 4.899725959641924866e-02 -5.321500342728931188e-02 -4.358493041719863417e-03 1.112381908402343272e-01 2.434685941167802348e-02
-3.740186827060954650e-02 3.022533241712104662e-02 -1.475446047864387156e-02 1.000000000000000000e+00 4.886862555085687287e-02 -1.760066585002650896e-01 3.185350790191112530e-02 3.770281659067742982e-03 4.390419394632341654e-02 4.161452628550586785e-02
8.488188795987532120e-02 -6.851416340637426182e-03 8.422170621752879741e-03 1.000000000000000000e+00 -1.492118896581147262e-02 -3.829983945914518240e-02 -4.589106897211575609e-02 -1.728159894183664558e-03 9.707269288842000632e-02 2.105807417547496483e-03
-4.237733950541369699e-01 1.069782356207851434e-02 -1.955043318419275727e-02 7.869013774543740999e-03 4.226547161854081469e-02 4.092746440062947078e-02 9.631872142529429581e-02 2.013024488803412393e-02 -1.261959917611567283e-02 -2.265633318686199882e-02
-9.548497909536954320e-02 -2.311150799000088324e-02 -3.589379887847785056e-02 -1.344063334020572098e-01 -9.570793749864501404e-03 4.180411270310472882e-01 -8.247465055037447867e-02 6.375675876048202129e-02 -1.649506186065977532e-03 7.857048545286948737e-02
3.155936182477640517e-01 -3.305877266432487999e-02 -5.174118737447131605e-02 -1.464207914801435861e-01 4.691501735868254530e-02 -7.510578501439589029e-03 5.638223156274007469e-02 -3.028415500293002438e-02 2.879260808449127240e-02 3.655576187624744178e-02
-6.752077648489622497e-02 -3.159286752232471490e-02 2.785943463255415291e-03 1.002385685555428341e-01 2.214139521185017750e-02 1.049993007196406980e-01 1.358966046496992430e-01 -3.503107249647013227e-02 2.870640795907138110e-02 5.304582450728166643e-02
-6.494837280545094904e-01 -5.659639948119684271e-04 -9.616399580019828475e-02 2.681580072774638057e-01 -6.744052871043156039e-02 3.900848533207290081e-01 7.171365527163784705e-03 -6.703343773542785877e-02 -4.858855020938308150e-02 2.973230005663909589e-02
2.297945621944242831e-02 3.005199297057264615e-02 -7.342369826244885510e-03 9.051660515461892875e-02 -2.600855535032403076e-01 9.027560826543797046e-02 -2.995702997502308271e-02 -6.102516571909514208e-04 6.246176088018464551e-02 -7.877241142698415688e-03
1.027812546597155485e-01 -1.416685805703945828e-03 2.545349145520529530e-02 9.614701215806806256e-02 1.024463063754179060e-01 2.178169305656265167e-02 1.491795659759909435e-03 -2.443759538934746432e-03 -5.123197544939619985e-02 2.736252623336386954e-04
-4.242178904959358759e-02 8.721065065270769759e-03 -2.004570916257114588e-01 7.144931238540446206e-01 3.588003619019146037e-03 1.613680336343426558e-01 -1.425520227968992424e-03 2.564627226146798042e-02 6.856571507522024600e-02 5.786496322656940750e-02
1.776299987204683906e-01 4.909749374400322608e-02 -7.983114929924253408e-03 3.953984222766374623e-01 -1.229525992620518655e-02 -9.430315906647532970e-03 2.406590594570034297e-02 7.573295176131878900e-03 4.883527955671368437e-02 -1.034292548260016105e-04
-1.436324550060245342e-01 -1.542041757013632997e-01 -1.061169387829505040e-01 -3.472587288144238227e-01 -2.507919374985485006e-01 5.034975786844715362e-01 1.127057142419600651e-02 -1.799086761569016618e-02 -1.742601141582466109e-02 1.557670550064112480e-01
-3.668324106331744688e-02 5.743394310585004520e-02 4.928033678432846426e-02 3.408090685342400339e-01 -7.822395853564871604e-02 1.595862862802743254e-01 7.428040249236785020e-02 1.683923730004680333e-04 -2.950606859167091700e-02 3.782099604201315524e-01
7.163587811390764726e-02 -1.597715969880252398e-02 2.781697075303863134e-02 2.302041274683534200e-01 7.476373084107325317e-02 7.604553876028620485e-02 -1.950187208519886528e-02 1.188042778211375293e-02 1.268981616448404924e-02 -2.785872483462886046e-02
-6.371282262342903291e-02 -1.133514620806907458e-01 6.997016055158614654e-03 2.038383064473260897e-01 -1.263940341008980284e-02 3.417211016887764519e-01 -3.635740709455127090e-02 1.004174122004360820e-02 6.025945795706291047e-02 3.082798099009624940e-02
-6.516497341348163053e-01 -5.156541133792851700e-02 2.800843055687843308e-02 4.354845017145352881e-01 -2.349906480765233396e-01 1.751448294115298329e-02 1.219454906707050923e-01 -4.596205155999249017e-03 1.361400076498869849e-02 1.189005861479197207e-01
-1.745743859948540866e-01 5.664529102937513466e-02 -2.752617920313374725e-03 -4.020855064361635728e-02 -1.607427251419466796e-01 -7.026583412783200810e-02 -4.507691365167083158e-02 1.415436945329616837e-03 -4.973089496548611238e-02 -2.597311129463633281e-02
-1.568222612607411137e-01 8.734914427398035239e-03 -2.895338689428086365e-01 2.648308005963606049e-01 3.493641727826366644e-02 1.901329070508035735e-02 -1.386346394702973883e-01 -4.488287065274981086e-02 5.080116882530380518e-02 8.427390782754754991e-03
-3.564680688492104232e-02 2.266321589782755719e-01 1.302977997105896762e-02 -3.531772726240700044e-01 3.880851074434039233e-02 -1.757469114411507605e-01 5.500167773948982236e-02 -2.397583247020989173e-03 -1.655109537409159282e-01 8.184781719198759922e-03
-7.728872707714569412e-02 -3.484396536726782484e-02 1.710000051540801549e-02 -2.295733523311540014e-01 4.670594480502339441e-03 -7.867110963069256363e-03 3.172588731536268164e-02 9.211375475862315643e-03 5.584586382132517707e-02 -9.700673532096052917e-03
-8.325661543559133293e-03 1.320712962885950761e-02 -5.488287340223698546e-02 2.166689349226269545e-01 -2.041562931079426713e-01 1.128773089747345387e-01 9.835360835282239145e-02 4.037924627375993336e-01 -2.069709195576773519e-01 -4.262888891634202260e-01
3.758853856630629819e-02 1.905376361324212162e-02 4.560731498485189918e-03 2.427630116854693522e-03 6.813385533856959608e-02 -1.754209160688366756e-02 2.937826786424698744e-01 3.405602787996713974e-04 3.525854010521986548e-02 1.393232447695885842e-04
1.676144221651398314e-01 6.822902877918878006e-02 -1.217777718962666580e-02 -7.056420620251951936e-02 -2.840221140383064960e-03 1.310407858277128079e-01 -1.406462800603356170e-02 -6.605481959407931425e-02 -1.069498331839250360e-01 1.063068690082266156e-02
-6.309762226145577690e-01 1.396155833436420017e-02 7.004684717297633700e-02 2.059017888719756884e-01 1.454763811536834150e-01 1.535962871118819011e-02 -5.837036560168633315e-02 -4.336501553854972546e-02 1.066507840069312249e-02 -2.431100551273243995e-02
-7.307121041153290253e-02 3.001749354226246596e-03 -1.929691528077204666e-03 -4.948140158492954077e-01 4.119406132606677207e-01 1.161096567922520993e-02 -3.424077051913645281e-02 3.608138081115865731e-02 -8.706408468631188224e-03 5.399388753933753726e-02
5.246414129814113564e-02 1.820641724262812844e-02 1.818467791917802862e-02 1.772028960789442387e-01 -7.806580834311938576e-03 4.609663321974127870e-02 2.854155427736661255e-02 2.166617065408913551e-03 -1.737943639608696689e-02 -4.857221340223804446e-02
5.044053873861308046e-02 -1.672593861486431147e-02 -2.558251709295543842e-03 -5.539098947502054671e-01 -1.160555025692847353e-01 1.594065877995269262e-02 5.578352099228347724e-03 2.800673176484227631e-02 -1.069708412143647279e-02 -3.127593008821077675e-03
-1.112899356107798082e-01 9.685711914716666621e-03 1.471818046090403453e-01 -5.653926628901170121e-02 -7.730330117072361021e-03 3.820464374068710534e-01 -2.148883562245002821e-01 2.078502893411580260e-02 2.669519477114266556e-02 -2.054608359910755841e-02
-1.117282869154730650e-02 4.081936544016501189e-02 2.880720237674095491e-02 2.600174963572175479e-01 -4.781665766688410896e-02 -1.136832636006304860e-02 1.197074353059381507e-01 -4.604873934317048854e-03 -2.448899275187032057e-03 -6.783692132969100508e-02
-3.227499451489919680e-01 6.561316101971524650e-02 1.546775065786341538e-02 2.534360480364021284e-01 -4.123445280020775205e-02 1.367890434246752697e-02 4.594372324342949759e-02 -4.119551728522690033e-03 1.446999112544310531e-02 1.982929373107307838e-02
-5.181906837051416526e-01 -5.922047133710907525e-03 -4.913504769282244639e-02 -3.029337801471182479e-01 -2.820877694165816948e-02 -2.029298329532338435e-02 1.211508660016828763e-03 2.583549350633743483e-02 3.276245015762303467e-03 -6.534988277515454969e-02
-1.967320706267156882e-01 2.433466598402008949e-02 3.372391527731966043e-02 4.379042413984022275e-01 2.111241152624349082e-01 1.507713580017580046e-01 -3.326801825199704465e-02 -2.933367332898309185e-02 -3.274061792942206672e-04 -3.300967317603698686e-02
6.794543833453581261e-02 -3.569056201845463572e-01 -2.316913640551761591e-02 -5.139164274024987655e-01 -4.894294145530954897e-03 3.183896034755948762e-02 7.676783211676412033e-02 -1.326828925953700382e-02 3.440258081570565091e-02 -1.855663979283676823e-02
-1.041535941941645754e-01 7.063076364472059901e-03 -3.478929118751544151e-03 -4.884221758134157931e-01 -3.935544056157109366e-03 3.475091509941020118e-01 1.067495707367704938e-02 8.496364992301294258e-04 3.586662633431798343e-03 -8.058016665217210620e-03
-1.047187397719261635e-02 7.140364513515948253e-03 3.462373836197051719e-02 -2.931474240445126056e-01 -2.050450720203690347e-01 3.855487954464513756e-01 -2.383839234326438211e-02 -1.564025512499934295e-02 3.313007473975839584e-02 -2.897960512390988438e-02
-5.406375289479234958e-01 9.596406579020892030e-03 8.901157601267129654e-03 6.087932406761052684e-02 -8.367052666445673470e-01 9.221028419090236683e-02 -1.175447766977761321e-01 1.784192977052243695e-02 6.297193597779786323e-02 4.912462643754376967e-02
-2.236707508806940609e-02 -3.764245259336995025e-02 3.206276287414475124e-01 1.402152819330685363e-01 1.876510175542327741e-01 -6.086370137306505029e-02 8.268808522407820882e-02 1.906525169229360619e-02 1.366823101528604791e-02 -7.970858859536127106e-02
1.333434295342016780e-03 -3.655073190993855282e-03 -7.370631740023054004e-03 -2.778344852781646224e-01 -3.501919973548683201e-02 -5.232526447381799506e-02 7.837929890873947258e-02 7.235273914362526197e-03 -5.117420777556446615e-02 8.874073592240976430e-03
-1.754183769348540700e-01 3.454834287832102974e-02 -7.305063267528966522e-03 1.694487140982054718e-01 -3.943359441409878541e-02 1.302807811016819528e-01 7.428058886270841321e-02 9.925611530168567884e-03 2.949472785058495500e-02 -7.386528241625235289e-03
-4.038264010046306307e-01 1.145577095937254028e-02 2.551037927477778355e-02 -1.036641290953158739e-01 5.895426370064234950e-02 1.696927329036008320e-02 1.649231731184279681e-01 -2.626102238919073364e-02 2.160655844724996069e-02 -4.882885361703848300e-03
-1.707719321017670544e-01 -2.819958218708281672e-01 -1.281294922080170040e-02 2.724018776322272850e-01 -4.465897454098931990e-02 4.337091335352973864e-01 -1.710360637431078759e-02 -4.072008117856678526e-04 3.150873194056950932e-02 -3.052809470981292239e-03
-4.359075037014333853e-01 -7.346993359902417343e-03 -2.358253195336441205e-02 1.995473033083026149e-01 -4.529194110032963572e-02 3.223528635761864491e-02 -6.428133986364856223e-02 9.214921791509973065e-03 -8.797092359220807026e-03 -1.925477120022273114e-01
2.649573000956657598e-01 3.846210217811622551e-03 9.046407732103993113e-03 -9.391689537578795655e-03 1.028918906599644162e-02 -8.111608035117617854e-02 1.002326372531417778e-02 -5.571361465549721365e-02 5.448810317710271744e-02 -1.156232709557130645e-01
2.833171935292115671e-03 1.935087125204152173e-02 -3.966587100869554613e-03 -4.898947546251770091e-01 -9.598952394469828552e-04 -9.097384119143016659e-03 4.312334403686627904e-01 -2.459958386756132265e-03 -6.982009796075628770e-04 -1.577109062211118351e-02
-6.175250526983396340e-03 6.112886978445056935e-02 -2.246563138898880277e-02 -1.556455831887835761e-01 -3.220019745275776168e-01 2.336993286451928466e-03 2.161241986795744627e-02 -9.287863856710846730e-03 -6.431057651733475267e-02 3.173490954959710120e-01
4.026211655880601592e-02 -4.811153070967148782e-02 -2.139322698948678547e-02 5.751499849869515790e-01 -4.686301541760165557e-02 3.182836402793868397e-02 1.032583836454592160e-02 -4.602011449038238377e-04 8.387012500586793484e-03 1.961037250997227019e-03
5.457808306877606763e-02 1.578735940090994841e-02 3.615990609849030132e-03 3.792167267228264693e-01 7.603261762413456026e-02 -2.805922506989375065e-02 4.332403515129396587e-01 3.953381941015811016e-03 8.994375426024518380e-03 -1.870619731483153317e-02
-4.497900502791895572e-01 -3.938785705067169435e-02 -2.104240963877654705e-02 5.139666999433219197e-02 -1.666837877515611466e-01 3.268730198095693568e-02 3.284700667940857605e-02 -1.192855371668469222e-02 4.471084411016150971e-03 -5.235778496221973194e-02
1.673215692772130059e-01 1.029395387582678345e-01 -5.177052781400615089e-02 2.736317108080079108e-01 -3.604732273422345257e-01 5.465821865371294636e-03 1.893340228648980883e-01 2.110591019870516338e-01 1.000000000000000000e+00 3.124887088316601891e-01
9.566835948143813384e-02 7.808593899690551010e-02 4.199884310617840733e-02 -5.961995004644163321e-02 -2.490163807484574443e-02 -9.224967319676349864e-02 -3.667399731686721981e-02 -2.967634886913892572e-02 3.375156565211046185e-03 -7.076354129377597155e-03
-6.579513858331761944e-02 -2.712457756513407259e-01 -1.125924203609704466e-02 5.806362187131085262e-02 2.399445940417553949e-02 4.526552049073880035e-02 -9.058287558588515439e-04 2.477537837616239531e-03 2.772570342183104941e-01 -6.781383577128159701e-02
4.574628654239503572e-02 4.946172952616746388e-01 -8.472613323677906025e-03 -3.186975842882374017e-03 -9.202092634737707097e-03 1.444917225315858755e-01 2.506043929204390328e-02 -7.408238322069447823e-02 1.007101842569631603e-02 -8.301825535794184717e-04
8.377690706413011557e-02 -4.449053483153785765e-03 -2.049479671606061013e-03 -7.335037202324261596e-01 1.573181042620285224e-03 6.426203438099342517e-03 7.235396492139550828e-02 -4.244176325196745946e-03 2.345142127741673896e-02 7.596078698936462991e-04
-4.343897467130392737e-02 3.505976153247909038e-02 1.000000000000000000e+00 -5.556918444932559126e-02 -1.199238278235348620e-01 -1.086126207391315407e-01 4.560502753585519986e-02 4.314783203391339694e-02 -8.573546779955034183e-03 8.385122706692367880e-03
3.218092897777002914e-02 2.784727450413300703e-03 2.963328268288001940e-03 1.516741594677010752e-01 2.750216693803875928e-02 3.390059020408316831e-02 3.610420678325461374e-02 1.986750874839670819e-02 -3.698536368750329068e-02 -1.201216435664227353e-02
2.419574825099713444e-01 4.797015252351413683e-02 -2.703839969296080448e-02 2.660711771314617780e-01 -2.219907588888574493e-02 -1.542101738662907812e-02 -4.526774899056253826e-02 -5.365542614310426367e-03 2.482135434345449435e-02 5.052069840402889644e-02
1.788179109880756457e-01 -4.839789778295226774e-02 -5.103420707139053047e-02 2.785327342240118131e-01 3.006981524664786593e-03 -7.401791916311854964e-03 -7.286569984577109804e-02 -5.576780480906622615e-03 -1.325478027168937659e-02 8.909608724775110221e-04
-1.900499847121808750e-02 1.214878336918549665e-03 -3.667108213952256172e-03 -2.673961251331864741e-02 -6.530136673294660229e-03 -1.677391599797679045e-01 6.180886224329502909e-02 3.922889666986643909e-04 9.446498525551479120e-02 -6.432560200484847834e-02
2.038138117013147399e-01 -9.423559281505031193e-02 4.214555433851922134e-02 -1.104317942938200792e-01 3.627623403006901420e-02 1.682073442231201213e-02 -8.571206633338684933e-03 -7.528085989789381864e-03 6.231292351205565752e-03 -7.230901587539533600e-04
1.760266339818226666e-01 -1.609043496652877436e-02 -1.117094759075853636e-02 1.538642885995059328e-01 6.506702712115822185e-02 -4.133053818337279611e-02 -1.613873924415760346e-03 7.067054641740254384e-03 1.194275816394332369e-02 6.709630839413007483e-04
-3.518954166135135897e-01 3.557180090253270199e-04 -1.384891319023464403e-03 -2.550334236253958275e-01 -8.058330933774682237e-02 4.892161895551423723e-02 6.501802404287490567e-02 -5.414588468339537851e-03 5.093351156632490266e-03 -9.705470234499293794e-04
8.510946141311392932e-02 6.268067597613931341e-02 1.094679629146865819e-02 -4.040171881493927197e-02 -4.686587215023687442e-02 -1.374593117496650807e-01 5.006624970125832519e-01 7.122238943578959027e-04 -1.920438277406483762e-01 -1.639416332479849345e-02
-3.755225657314618937e-02 -2.338395873295850622e-02 -2.423235204973629795e-03 4.357082644405441130e-02 2.936499966682408133e-02 8.246259356555524223e-02 -3.284827501869534705e-02 1.311234886947636007e-02 -1.738796347245114005e-02 -2.669267520085644857e-02
-4.206294608701763860e-01 1.529045520258303648e-01 2.097562665644616547e-02 1.537613043996630957e-01 4.752880268053281260e-02 -1.497982400143840591e-02 9.895005472970880289e-02 -3.469665608063440560e-03 -3.213794590960004222e-02 1.951032803170060781e-02
-1.983369206902778070e-01 6.044797612596675834e-02 7.825725701194926609e-01 -1.000000000000000000e+00 -4.965993516682485481e-02 -4.490532121173487073e-02 4.465689741425864917e-02 8.718843858360514343e-02 5.865694694430127754e-02 5.110839611962841346e-03
-1.238745404223170164e-02 -2.100103315556900094e-02 1.597734574187072848e-02 -7.714289197024694344e-02 -2.112695950560935718e-02 1.341152052253994677e-02 -1.235677616226233261e-01 1.728692725106965172e-02 -2.456769136558058231e-02 1.668542301959019883e-02
9.547851567861496969e-02 1.374519253551552585e-02 7.719778367505484868e-05 -1.355142939702730712e-02 1.466936589665751578e-01 -1.802480000198806720e-01 -5.687870677957993643e-02 -7.515398719374247194e-03 -2.748580959703017610e-03 -2.704198241750912363e-02
7.380943231961861230e-03 3.441127665421352122e-02 -9.872938304908172868e-02 1.172576618776089152e-01 2.676985683551278208e-02 1.746009064482399176e-01 2.233517232080792225e-01 6.176931192430961878e-03 -1.518931129791585045e-02 2.003963401147122042e-02
-5.935429236695303201e-01 -4.324021619026991581e-05 9.084195041358293643e-02 1.550811487689250645e-02 8.571662090238679754e-02 1.380338853602642302e-01 1.035895203390883694e-02 5.246356718655126317e-02 -1.804235965044219958e-01 1.317413248134888804e-01
1.758024481426940788e-01 -8.942182597520331733e-02 1.103835140637009354e-01 8.497866466225777182e-02 -4.502617183375066945e-02 -3.678432187237823392e-02 -2.243058448734702448e-01 -5.888079896800507695e-02 -1.656226010851702748e-02 -7.058856253556478055e-02
1.298940071243426427e-02 -8.027237446962928041e-03 4.609131077620306355e-02 3.139649917376682170e-02 1.308802522929027601e-01 2.316731066242983667e-02 -5.286788518897204275e-02 5.296104373673565444e-03 1.130700533842972887e-02 2.557638052800353945e-02
1.049302253643746574e-01 -3.536997508600443485e-01 -7.733969412111536823e-02 -1.876483884089435311e-02 5.290777747836596795e-02 9.244364481099034969e-02 -2.143639681168713895e-01 -1.264614395804132818e-01 1.540302143073791867e-02 -5.072607827419995524e-02
-1.007004155222897684e-01 1.167699019562709779e-02 5.012987916749815642e-02 9.933032161680840910e-02 -3.213742338815684524e-02 1.105797567701915889e-02 3.984173824651979778e-01 -1.531379018726443039e-02 -1.678137877307881234e-02 2.801432583625542913e-02
-2.993562283690163334e-02 -2.148937243344663586e-02 -6.400604856161633618e-03 -2.221711794947593133e-01 2.067168931465593676e-02 -1.091964762624886287e-01 -9.779448070484379751e-02 3.177153800744755060e-03 -4.739095818961714009e-03 -5.901755425806463201e-02
4.971891290925274376e-01 2.073894511508069249e-01 3.925546228784138059e-02 4.921125906600929412e-01 9.976083841751758746e-03 4.172787619425547684e-02 -4.231640019841689804e-02 -1.716658776275240841e-04 -4.149468038859248364e-02 -1.445397629543334478e-02
