3.666110018852825059e-01 3.143347416167298625e-01 2.039506899165826337e-01 2.393594657099507583e-01 6.822860933729670008e-02 8.672655886293504368e-01 4.235864059849798191e-01 8.848967991845180237e-01 7.727238985869278043e-01 3.966252670257456314e-01
5.611808714571077106e-01 3.197852236928651060e-01 1.088984279267407179e-01 4.034935600046409276e-01 1.476458509264457486e-01 7.346230495887453582e-01 4.610747500544347677e-01 9.060238431749620958e-01 7.748654549977452843e-01 3.850064990833105272e-01
5.870855472363969429e-01 3.312026274382314228e-01 1.516019089192782443e-01 4.852534697529407581e-01 1.543894072491580061e-01 4.405122548395020710e-01 4.375142882861287053e-01 8.976265811047983156e-01 7.578976028262727205e-01 3.544361519061937638e-01
9.178865727136190644e-01 3.374505204500109490e-01 1.513612516044086365e-01 4.256408898261966334e-01 2.313477508802533056e-01 7.621256135556284672e-01 5.791524127211994388e-01 9.406497342982012011e-01 8.271292944138401992e-01 2.172889274237455037e-01
3.313806194116708514e-01 3.170222088741234123e-01 1.197626447290217055e-01 5.174823536990305062e-01 1.944235945969136070e-01 7.790900024103902810e-01 5.431550512651197593e-01 8.921427893153440758e-01 8.295442652500405467e-01 4.464369979719654546e-01
7.436715656173467082e-01 2.114315144221721732e-01 1.634439428258792626e-01 3.306823735651763796e-01 2.470199853351625618e-01 8.871950718659115109e-01 5.629231623241552906e-01 8.796738500253719062e-01 7.183854004774744562e-01 4.149053945178184932e-01
7.639506339112974720e-01 4.482680897230721384e-01 1.090855595687852259e-01 4.346679891293968589e-01 1.103509119405925443e-01 8.356117527827472413e-01 2.624638903340131835e-01 9.030304849384963584e-01 7.713488170396096688e-01 3.197454474207550579e-01
4.818729103547138015e-01 3.211603362241434168e-01 2.860528540612837234e-01 6.817129456257338127e-01 8.764135592889241710e-01 6.682972553693857787e-01 4.540296810439040653e-01 8.329879335274400498e-01 7.484443690144578776e-01 3.066273693267057010e-01
9.753811633257903901e-01 5.619965665357096185e-01 1.464844648395183246e-01 5.965240253553475425e-01 5.524860819087995534e-01 8.529115862096253720e-01 6.399331300358951369e-01 9.564378834699296394e-01 8.971539249289881557e-01 4.029954832209259319e-02
4.827254125455545664e-01 2.777408346372898240e-01 1.223724981098039677e-01 2.977276164027051752e-01 1.919181988865175936e-01 8.188858759800354825e-01 5.751369748593744280e-01 9.070571272325922418e-01 8.210329671511760186e-01 3.835157433665135063e-01
4.029826963629359882e-01 3.348387387787466474e-01 9.758074335041314051e-02 2.504295819982327309e-01 2.426833525015534843e-01 6.100584835344551315e-01 5.204371655436169641e-01 9.092048532795061755e-01 8.340713550069249749e-01 3.932830778543502936e-01
3.866997026353087841e-01 5.180884285453569715e-01 6.538729037121477905e-01 8.829588405399677598e-01 1.259770111285521688e-01 4.630093196972444591e-01 5.880230724911239548e-01 6.647100668461615181e-01 8.236441079106420204e-01 7.346929245992670499e-01
6.055508829659721481e-01 2.388282575064315794e-01 1.500151046249842690e-01 9.976119660138196843e-02 1.581265672661309740e-01 7.728126795985564845e-01 5.447614362032139335e-01 9.041277687687625519e-01 7.914296491766739106e-01 3.720681733174545647e-01
6.525821947182010030e-01 3.372164084685838059e-01 1.006380335762432215e-01 6.278862167784193815e-01 2.708727555680484622e-01 8.658559039340062435e-01 5.893656496977868198e-01 8.980777032305974350e-01 8.252980031381365045e-01 3.971968381498329204e-01
5.068895936470447783e-01 2.992666919186892094e-01 9.497249753578484999e-02 3.934887307783363486e-01 1.781000130874249576e-01 6.939253369856889231e-01 5.421913686028301260e-01 9.107570671626719072e-01 7.595590834759567977e-01 3.989522124891516364e-01
5.249771333373499660e-01 3.075015835708668765e-01 1.193615858982010336e-01 2.133682732829043083e-01 1.618282026034812693e-01 7.041666778598280052e-01 6.028256289510036670e-01 9.164539827361094515e-01 7.648757466296793872e-01 3.600287199798023474e-01
4.683438800937459456e-01 5.645673582474585173e-01 3.030464954203747618e-01 6.579371807553636708e-01 2.359301632296434414e-01 8.606263065794442779e-01 5.723398853435224254e-01 8.548560237421138908e-01 7.808628120790070959e-01 4.231406597013356308e-01
4.329685406696807681e-01 3.113110023264871185e-01 1.545889646274030693e-01 2.044785547473660370e-01 1.444654393137605741e-01 7.622393556329888353e-01 5.695653021993644094e-01 9.092659887116963935e-01 9.126963261242955205e-01 3.656898519756131005e-01
8.654025628907326961e-01 3.210556658143211006e-01 1.644189504583295491e-01 3.308222807211505523e-01 3.280846354644278429e-01 8.469779065885758573e-01 5.878053266511494845e-01 8.660378268205987107e-01 8.504350856724949281e-01 4.413016834533066146e-01
4.773764048550487304e-01 2.693318558744005053e-01 1.148250178566300045e-01 2.896271574809400340e-01 1.702121016818935184e-01 7.482484400453343065e-01 6.163463222942853204e-01 9.185136607938705344e-01 7.841175581036536890e-01 3.562837332954174041e-01
5.616479193848638030e-01 2.614116047810179366e-01 1.005852032754663700e-01 1.025367682612203929e-01 6.761007180554374774e-01 7.267171869390417482e-01 4.920874058896949066e-01 9.082301377108218388e-01 7.719347555681301820e-01 2.202228905117053492e-01
7.456381176999913318e-01 3.355110522054506883e-01 1.349389223238020297e-01 7.836735214015810858e-02 2.036723207523773449e-01 6.768380264719490169e-01 5.524965513291945074e-01 9.069489479281567235e-01 7.834770931746408706e-01 3.685923711641680423e-01
5.934354278629139223e-01 2.825693162382148516e-01 1.033952705204916889e-01 3.921903558073457363e-01 2.061222814384345015e-01 7.305503466165944593e-01 4.826924339830940824e-01 9.108219847947105485e-01 7.564555212822061669e-01 3.765602546305801268e-01
5.524665471004215345e-01 3.301078777201316150e-01 1.668134886032553166e-01 1.633303444627593470e-01 1.496754192375803205e-01 8.734807061620333268e-01 5.407783717414186286e-01 8.980115496255433039e-01 8.379538400672250642e-01 3.776228285014834318e-01
4.619626982926233749e-01 2.840873676223847344e-01 1.189255020409266395e-01 2.095665645617173223e-01 2.573573533305329453e-01 6.645790975531304934e-01 6.514465498976296232e-01 9.080979415322933956e-01 7.701857677832618654e-01 3.880855093020239566e-01
5.027004255559894830e-01 2.852690665666567371e-01 9.020523501781263498e-02 6.722705452585272523e-01 2.113637371491506045e-01 5.528887964153473833e-01 4.385282953554650587e-01 9.044916933137724380e-01 8.159944242060113151e-01 3.954655707393721076e-01
7.025623039663667635e-01 2.406284952184213066e-01 1.438785191699737676e-01 1.949235777533624425e-01 1.385950659810324948e-01 7.257489429446564166e-01 5.966866566864200694e-01 9.020100314886573267e-01 7.975419410207532644e-01 3.800078175099148026e-01
6.520321304320630951e-01 2.847813477633361345e-01 1.543106508483322314e-01 2.529020504073841574e-02 6.867410874269155863e-02 9.831201074331736844e-01 5.713086381418596149e-01 8.922854275621404652e-01 8.791618619189277561e-01 3.875860841141376967e-01
6.545345635021619923e-01 2.723292512250604647e-01 1.692936923926374737e-01 2.365904214058448252e-01 1.433469762713318885e-01 6.882225477557194493e-01 4.997237616901094581e-01 8.952037170941383737e-01 7.858428923049053383e-01 3.847252355470667795e-01
8.153494082703235390e-01 3.374399584025690180e-01 1.825773526716663597e-01 4.440729513499244163e-01 3.041973007840956811e-01 7.800751315007841136e-01 5.504628785551780590e-01 8.828618584153100635e-01 7.407840744192444316e-01 3.929246451815111008e-01
8.086439262453374299e-01 2.593854481511204124e-01 1.360984538476346373e-01 6.355032337375116080e-01 1.628320337105593762e-01 7.973339539564849865e-01 5.615824545895691244e-01 8.728690283012267015e-01 7.998059860733661708e-01 4.559393476498140307e-01
9.696358690526821755e-01 2.808218967116180020e-01 6.925241167457403257e-01 1.645794587996058378e-01 5.968804345545817291e-01 3.998450502381174498e-01 4.567478303200291911e-01 6.524323448257347557e-01 8.325330371644173999e-01 4.286570479451806692e-01
3.898900160199730291e-01 2.700524475801310276e-01 1.342534955175209155e-01 4.184031780615289631e-02 3.029965369207249237e-02 7.698101877725544995e-01 6.070601625672471524e-01 9.175739805548855932e-01 8.019915960403480870e-01 3.626794292714158319e-01
2.947299774420865659e-01 2.837135739923325461e-01 1.451746997962058694e-01 2.880741348218133213e-01 1.960421051873481313e-01 7.935316683915554226e-01 5.698499461219860285e-01 9.107505755247964352e-01 8.364861555363848344e-01 3.686696740562910857e-01
8.410492471471018305e-01 2.942323373006222043e-01 2.601008140040032002e-01 7.166545878443052464e-01 1.868065105646767032e-01 6.002838378760240179e-01 6.042374779545617303e-01 8.952346198371474717e-01 9.041743904888038807e-01 3.047078694377137187e-01
7.034464001877270833e-01 2.669349965840545069e-01 1.022031220277814650e-01 3.030479100350494948e-01 2.261162074470620398e-01 9.282835738097700018e-01 5.209426141658181075e-01 9.001651302451891823e-01 7.999924461829790445e-01 3.795636398140590506e-01
5.905234913902203120e-01 3.700515646719351182e-01 1.407891442895346512e-01 1.399914503574229974e-01 3.322736518573033981e-01 5.638352698629306436e-01 4.324614451974755913e-01 8.975500685144307544e-01 7.679361433260536440e-01 3.722552172817557570e-01
5.935855666270799524e-01 3.461052270242798157e-01 1.450602044541483560e-01 3.717812472428984605e-01 7.953004185173857543e-01 5.130708387433822182e-01 4.974508603528727813e-01 9.045583435756160418e-01 7.477376261422882253e-01 1.488340913728199433e-01
5.185813090557288563e-01 2.925798807395168510e-01 9.747165396346119115e-02 5.222137245918580944e-02 1.472262073980449282e-01 7.922822703077717632e-01 4.832952394567532339e-01 9.103510395398466404e-01 7.707567074986152456e-01 3.825697499783202726e-01
4.492327187939866850e-01 3.089682416486641547e-01 1.202046835988164752e-01 2.601545544655466946e-01 1.461484356529614559e-01 8.914966501304135704e-01 4.786497437213131922e-01 9.020768063570182571e-01 8.142816649841851939e-01 3.892750474207832267e-01
8.432031134754796042e-01 2.766931741109225351e-01 1.261075726409272568e-01 7.175379946171303591e-02 4.272215050094410049e-01 7.524781972179954703e-01 5.893032233423275423e-01 8.854114074308880866e-01 8.033508631463786021e-01 4.095741286561092043e-01
5.446191356008186490e-01 3.905968515753556747e-01 1.014418249786856324e-01 7.527742217871009889e-03 1.467397688959369284e-01 7.940271522953152861e-01 4.832944692193643088e-01 9.077524819909440490e-01 7.776195146227551369e-01 3.819399308262260151e-01
5.211489471309966870e-01 2.844231143095639069e-01 5.021835513113130922e-01 2.386650516008911316e-01 9.848080059753443194e-02 7.956737526132935390e-01 5.083360514307457834e-01 7.904424933082913052e-01 7.555023224649798363e-01 4.020236968933659227e-01
3.602132147084998182e-01 5.053223785282632274e-01 7.108318308126256035e-02 7.178895905931408361e-01 2.660040339554888278e-01 9.063727840973703209e-01 6.354713216012238819e-01 8.957960580736210598e-01 6.482301584652032655e-01 4.448410202018605042e-01
8.049166251872995614e-01 3.127818368649253888e-01 1.313503392972857065e-01 6.939153554781414268e-01 1.397084793914668555e-01 6.906439505721445604e-01 5.935936302017409405e-01 8.994490524148947008e-01 8.005212346197884132e-01 3.909529763684537751e-01
8.455129783393645626e-01 3.049354073359940576e-01 1.566619377681703895e-01 5.331005175612051339e-01 6.992200555525684980e-01 8.427421578108413858e-01 5.255713011403114754e-01 6.955461506992105525e-01 7.199638457815961123e-01 7.421297028868889534e-01
5.751887638271717673e-01 2.979602779532264933e-01 1.053196166060271638e-01 6.616290113206624302e-02 1.353547170582418968e-01 8.024172058543578290e-01 5.161436069193328091e-01 9.091962428546070951e-01 7.720242183409704584e-01 3.806579701952216843e-01
9.386774793783323467e-01 2.596776295346706620e-01 2.706907972593036171e-01 5.586918599706925948e-01 1.332295065849831150e-01 5.455583064733776633e-01 6.015652912196328694e-01 8.346628062441772133e-01 8.828922149939869568e-01 4.367608277468219558e-01
5.562754552086039972e-01 2.544471677209937943e-01 1.544941677166038752e-01 2.512292597403003591e-01 9.272495854517855129e-02 7.495020520702806444e-01 5.588191691751578372e-01 8.893002289823654927e-01 7.523102465223501234e-01 4.191227976337071337e-01
5.387267391692439622e-01 2.931924682955245332e-01 1.103822010751404625e-01 7.360659196371709401e-01 6.749263525293407451e-01 8.434113861251071320e-01 4.523615845841001404e-01 8.931906442048515027e-01 7.751456282229527428e-01 3.393053708025646209e-01
7.528138674293998189e-01 2.743022190266942162e-01 1.130098229567420565e-01 6.066826026799558846e-01 2.330995535943980457e-01 7.598446835904180130e-01 5.683852180778888874e-01 8.971445140696349130e-01 8.198628367465358169e-01 4.035988863177076280e-01
6.452084127810295833e-01 2.796206262872368287e-01 1.359253415003525145e-01 3.857222436981504465e-01 2.505060512508555104e-01 7.126037943215650650e-01 4.779512938737736638e-01 8.988544439400808495e-01 8.134360419703769995e-01 3.860679400493634006e-01
6.558647503183911986e-01 3.039609150702128892e-01 5.103411111715638881e-03 1.450279392663840206e-01 1.475265361768265393e-01 4.238681362470804737e-01 5.751442741794471347e-01 8.869374038637795055e-01 7.698766863615837952e-01 3.864411482148806809e-01
5.731843407875043539e-01 2.911748876173487766e-01 1.007921374563912620e-01 1.159370435162239144e-01 1.707293147724094351e-01 7.329576098029039199e-01 4.564846312217294422e-01 9.080870146528625675e-01 7.608377409959671267e-01 3.759654462627666782e-01
7.947175649516236007e-01 3.733994721856061516e-01 1.108500872889519040e-01 8.704951837187278052e-01 2.023404646637906590e-01 7.738611683101798144e-01 5.826470167839060688e-01 8.949550600761817520e-01 8.365716391867326074e-01 4.102260024094990798e-01
8.522032361955507174e-01 2.978527299833508835e-01 1.617843195618891838e-01 2.355436386575873176e-01 1.937309141587141847e-01 6.838963771257968727e-01 5.778829152398751168e-01 8.814724187266205213e-01 8.407493706950185386e-01 4.227137190972052316e-01
9.035144417503692127e-01 3.013582297908570795e-01 1.981101852710291655e-01 3.263924693573966307e-01 3.252103137342242101e-01 7.863287933157769860e-01 5.666859349158537285e-01 8.718824573903084518e-01 7.865650968246390429e-01 4.029650620434583885e-01
7.456220321637001547e-01 5.007336227221912406e-01 1.677107883540924216e-01 1.558329176259687643e-01 1.184866100790483434e-01 7.134066972882007196e-01 5.854494625530960450e-01 8.856440536053179491e-01 8.273768342190860325e-01 4.295968697244501033e-01
6.106379085833042453e-01 2.580185193139810096e-01 9.131707780854851630e-02 3.205481317753610115e-01 1.746626225581666414e-01 8.690474774052330265e-01 4.643526105531698422e-01 9.050818619459586323e-01 7.707133027956326599e-01 3.892889271737119405e-01
7.379246076440548752e-01 3.078992778076288794e-01 1.649218928043690580e-01 8.857138539735908145e-01 5.990365981234136994e-01 6.836820663327812797e-01 5.766216669197083977e-01 8.902702291381775490e-01 8.894440202117710470e-01 3.473795535238435872e-01
7.954969743071242938e-01 2.703416839821353723e-01 1.152522654460539919e-01 3.039446364788204735e-01 6.311557720310356778e-01 6.424433765803534424e-01 5.352167057265179162e-01 8.497493436081809959e-01 8.448116851605227406e-01 3.357616739641434145e-01
6.396869839521754919e-01 2.557111041585187206e-01 4.776948460849396172e-01 5.723231519866422978e-01 2.201751403802036378e-01 8.838203296003427356e-01 5.534743388653520224e-01 8.192095574749748144e-01 7.736087702856906390e-01 3.517649088495790610e-01
5.247829815505165030e-01 3.012012749404012202e-01 1.763462890018843154e-01 5.845848311665677866e-01 1.720181350533494524e-01 7.723852908341003465e-01 5.306190084845607835e-01 8.971909155636007549e-01 7.977325651696119957e-01 3.796159226068183679e-01
5.757218139598168083e-01 2.930513068496625739e-01 9.431043838625237374e-02 2.367074229129631779e-01 1.390864224000229465e-01 8.268171030078185213e-01 4.696864658640484969e-01 9.087528123233526989e-01 7.865285465268816445e-01 3.805963786093798373e-01
6.455779622610683388e-01 2.901905090046230096e-01 1.010271125834900086e-01 6.318541729142009844e-01 1.399085574989190062e-01 7.400219206816832651e-01 5.705525911028825892e-01 9.085618049018041598e-01 7.774582638646830857e-01 3.902312847698636289e-01
5.870155355997348501e-01 4.552965292320629992e-02 9.089971670490312738e-02 3.946965868973549563e-03 1.337474227761320800e-01 8.329922174751006603e-01 4.798503026669182492e-01 9.091125233939576500e-01 7.651341028349059048e-01 3.821489496212173154e-01
9.796468289600646084e-01 2.736562822127387995e-01 1.461574950977940768e-01 3.715684017902967096e-01 5.403135229923543559e-01 7.304490620561592262e-01 5.645837408352927245e-01 8.918498555989643473e-01 8.711299734800578287e-01 3.418564932000708878e-01
4.410763260336156844e-01 2.861927721484726073e-01 3.742598301075525380e-01 9.710388602593721108e-02 1.360524191242913628e-01 6.952844970013917214e-01 5.954137951431908160e-01 8.528914949530252976e-01 8.486651640089897253e-01 4.110637933935237243e-01
5.567333862010557244e-01 2.965322359772706862e-01 1.025298592939680453e-01 3.163700874813402120e-02 1.410168442668473521e-01 7.506840160437482368e-01 4.927902320722816754e-01 9.082632279452184099e-01 7.719552701690627350e-01 3.869542181139684622e-01
5.391096919218650863e-01 4.781040563652846909e-01 2.352088103491391524e-01 3.248998411126816643e-01 8.562658824934255009e-01 6.593696876347054925e-01 5.432937082502946602e-01 9.065715833505557653e-01 7.804535016622351495e-01 1.626520984260514391e-01
5.678816468040603915e-01 3.811369050123160074e-01 1.066183458093396402e-01 3.694910312465895519e-01 1.247685977274939906e-01 7.201999202377199483e-01 4.706915192365657141e-01 9.082683458559331902e-01 7.657173241212564818e-01 3.809394884382681923e-01
5.970468373453232669e-01 2.857513799894607631e-01 1.330272706007256389e-01 5.051309291573785609e-02 1.019221460113142741e-01 7.807315820276603535e-01 5.992766545791349264e-01 9.029332579432853834e-01 7.745548453401276401e-01 3.986308912355535639e-01
7.902735296912691831e-01 4.286491147745677410e-01 7.311568506816107371e-02 3.700199261746972557e-03 3.940655152711638465e-01 2.558411935331397213e-01 6.145134066490445246e-01 8.390230048917334260e-01 8.115665440017209020e-01 3.677621831945111497e-01
8.391918638867661429e-01 1.711748521361475817e-01 4.066079027789347711e-01 1.807812722230407732e-01 3.715106825463324602e-01 7.170330856597781910e-01 9.047976749979200206e-02 4.772319060858624118e-01 4.838101261940763176e-01 7.373509711032102398e-01
6.769991482851952513e-01 2.657581394164513222e-01 1.031233264622171547e-01 1.908602421645144986e-01 7.210430225315210551e-02 7.644242592155258142e-01 4.610245348446329605e-01 8.888582589106903686e-01 7.594848567277789897e-01 4.301705318357575969e-01
5.677800190265085423e-01 2.791298255488519064e-01 1.085953596102777335e-01 1.430127954481459907e-01 1.678944358190538610e-01 5.666110566168544027e-01 6.267117670312857269e-01 9.083059839338784025e-01 7.822811795995917583e-01 3.828508190869527317e-01
7.794512374710209635e-01 4.389687705574242815e-01 1.562382017681802071e-01 1.460829972682156086e-01 1.466703281073012122e-01 6.524006044454998543e-01 3.245014260515842741e-01 6.399417094109227655e-01 8.008388190804873741e-01 4.315838340762172542e-01
5.165216071559377564e-01 2.550661251182522737e-01 9.755384075721371118e-02 2.907814291999155643e-02 1.615072052424063598e-01 7.236764730534148704e-01 4.041943727329148639e-01 9.065790055345277487e-01 8.074714878571117582e-01 3.785926929766661453e-01
4.305035100884077592e-01 6.486545256758499134e-01 4.750972973636821139e-01 2.121312606795687783e-01 7.044011916003170559e-02 8.631260017784819771e-01 4.066277985727185795e-01 7.813763084899241207e-01 7.718536015483055124e-01 3.923505250458336757e-01
6.086610397901426328e-01 2.861370652646199608e-01 1.262620492197364386e-01 6.354053494241257427e-02 2.207752399281700528e-01 7.662137152915932115e-01 5.999609482549723705e-01 9.303347951840811314e-01 7.476146125955600574e-01 2.886335042075387491e-01
9.005927055752108168e-02 2.186699083681140354e-01 1.539597645158092831e-01 2.947198500571476254e-01 1.947197898008167227e-01 8.403707682839703930e-01 5.750290214021567259e-01 8.955507858300425506e-01 8.215132119471787453e-01 4.221443758776999289e-01
4.696572079011964718e-01 1.935984273062626992e-01 1.235634943059003843e-01 3.441027936558519462e-01 1.786270165661529852e-01 7.612496809623876537e-01 5.435151386879968349e-01 9.063128757411412773e-01 7.655715892069400175e-01 3.898434833510823205e-01
6.442820201916562572e-01 3.204479499564912293e-01 1.042290490650300966e-01 7.245112280472304489e-02 1.196994721404348039e-01 9.203059646016833462e-01 5.301070135229393188e-01 9.059505197736533733e-01 7.904885210148290264e-01 3.793758510392151728e-01
3.944011416535986858e-01 2.974984181832762697e-01 1.277954434080922352e-01 2.853425124526867696e-03 1.471316637038166397e-01 7.881284622468965884e-01 5.968261716935963079e-01 9.095492790523385107e-01 7.721226352325900599e-01 3.805477434330037934e-01
7.288351068511873532e-01 2.661655912035190141e-01 1.331880072344166777e-01 9.659221036180583031e-01 2.632470853213512152e-01 7.886906840671354946e-01 5.997517203874626057e-01 8.995789285858645234e-01 8.230845285221188856e-01 3.808557334879549838e-01
7.511910309966951527e-01 3.073622625067566339e-01 1.327756404800976286e-01 3.003548907840235538e-01 1.956557700162283031e-01 7.935827856128527813e-01 5.765618529830869310e-01 8.911456506607684513e-01 7.609887352874262767e-01 4.188568467671626161e-01
4.963941073903428425e-01 3.544297822562790801e-01 1.825689278915868796e-01 4.618216666867518139e-02 1.481141433007485408e-01 8.415578227413802459e-01 6.447769104674225815e-01 9.086671627264377715e-01 8.224581727634985295e-01 3.457217238786930991e-01
4.174436697560202081e-01 2.526650386260037018e-01 9.896674147285917933e-02 5.356774106724357942e-01 2.043498382726516849e-01 8.149307465977779774e-01 5.757784586781935499e-01 8.991484167778853731e-01 8.200244350335832433e-01 4.296415713775589840e-01
8.719230099639142528e-01 1.285167234039264195e-01 1.489602139708548489e-01 4.077455195497367568e-01 6.909579373623000453e-01 7.298280578493001602e-01 7.491679889464818443e-01 9.018328122435945726e-01 8.484991864868649536e-01 2.848566892455561828e-01
9.143018432368783532e-01 1.022138957436349305e-01 5.815224225076951470e-01 2.288462505842077110e-01 3.000280037058045135e-01 7.820582893947275460e-01 7.671814411852176940e-01 7.876627335543072705e-01 8.737234322068457848e-01 3.778608128325594007e-01
5.538243358114400827e-01 3.045444474281019942e-01 7.857288248065152914e-02 3.657396763850275234e-01 1.539992667664364379e-01 7.809693428308384089e-01 4.692944612615860822e-01 9.085015052696276960e-01 7.876439375264087106e-01 3.958678533478095507e-01
5.117815608627579449e-01 4.192967430620506697e-01 7.437705616098108652e-02 6.452993604235823799e-02 4.775987188593642241e-01 7.392212636553431304e-01 4.869070427253628930e-01 8.843936305894121164e-01 7.967502521397070714e-01 4.342028612119543940e-01
5.886022710765994592e-01 2.532635904371192681e-01 1.099016156593144444e-01 2.297829634933351017e-01 1.738168540899480974e-01 7.198617374739245678e-01 5.230470751096567561e-01 9.091695259341365798e-01 7.762658659019172624e-01 3.749628436282214095e-01
9.645868512015369767e-01 2.898757601998516176e-01 6.719648099927484353e-01 4.307257904071747912e-01 2.858172839026147383e-01 8.702037422671872191e-01 5.478292406147071691e-01 7.475399002120447500e-01 7.075818439832138873e-01 2.815925470043931789e-01
8.255810931786535800e-01 1.855324171504784125e-01 4.210853795175219932e-02 1.068562935373186806e-01 5.291949375452210669e-01 6.954686644605873047e-01 3.630753026180503773e-01 8.556252815509520770e-01 8.216341397554786097e-01 3.292695369917694181e-01
6.767847730378062643e-01 3.275896497543130947e-01 1.079808472662734525e-01 1.337325095341730941e-01 2.045998142688270349e-01 6.246745425127516738e-01 5.841952701682565641e-01 9.018439417447795536e-01 7.981167895746735796e-01 4.114196549002727132e-01
5.614094956377989609e-01 6.353225263925750266e-01 2.213603854511242697e-01 1.335560493439592322e-01 8.586032577481933492e-02 4.561689304700087266e-01 4.097766776427596569e-01 8.210877469636207460e-01 7.589444660265696196e-01 5.239705096561247943e-01
8.483664583024442818e-01 3.525938698826427964e-01 1.554252214146490674e-01 1.035163646183796526e-01 2.289238995610222704e-01 6.766855588076032824e-01 5.942267466649263641e-01 8.916521503266692239e-01 8.073782039378595288e-01 4.047113580052315585e-01
4.436654266770017618e-01 2.255045336727497240e-01 1.221550447452083715e-01 4.884354430442117700e-01 1.382377422901907016e-01 8.586175255470555046e-01 5.812038760562441286e-01 8.966586005917294155e-01 8.245890532872591772e-01 4.195761458974503477e-01
2.481701296074829699e-01 6.382968082332701742e-02 9.962056815796276055e-02 4.585373399045502008e-01 2.044301104093290689e-01 8.013649868803159881e-01 5.278144160382715055e-01 9.033650101407373345e-01 8.372533799346140171e-01 4.207818230201954557e-01
