-2.260759943232441282e-01 2.731568270894327299e-02 -9.504760807078906082e-02 -1.492532194863371332e-02 -6.240552529059553710e-02 4.873007510892778116e-02 2.790430517125259968e-02 3.449220073472804033e-03 -8.868141487397866382e-04 -2.263355334565723270e-02
2.073033711238926949e-02 -6.297275575165418859e-02 6.360553634656277745e-03 -4.613331356396409288e-02 -5.794145100596932371e-03 1.438725428736760577e-02 -1.074612814471407989e-02 9.755619440846206533e-05 3.160122337063649839e-02 -8.275420648043709318e-03
-1.535351358425092808e-02 5.013954060431916569e-03 9.320410994517259670e-03 1.441362879832534805e-01 -1.430179573559371697e-02 2.817281978374487281e-02 -2.479837290812043210e-02 -2.486964932052035740e-03 3.616790935296390185e-03 6.920259699663917907e-02
3.105206060881644525e-01 1.184282382070870991e-02 7.436839180473363287e-02 -1.678000176902128340e-02 2.272732845677779764e-02 -9.129559196382586173e-03 1.975748886713180053e-01 -5.227790300315731005e-03 -4.206033605512344772e-03 -6.372352898558503176e-02
1.014378031161617122e-01 -1.849287587294315416e-02 3.184173540496882705e-03 -2.506147575730040544e-01 -3.228568028042431894e-03 3.102254220458977585e-02 6.919307000052705992e-02 2.120845529285843648e-02 1.748570969730258232e-02 -7.801090586476505662e-02
2.001701446923629113e-01 -1.446343500601364462e-02 -6.354312255812456789e-02 -7.937462260867746977e-01 -3.155287515036905854e-02 -7.182548896874429989e-02 -2.248496156078520769e-02 4.315889719472998376e-03 -4.061675828365834268e-02 -9.917111385014535166e-03
-1.927052374883321539e-01 1.916756245978162021e-01 1.070520389604571673e-02 2.890177880526927923e-01 -2.881381778573602892e-01 3.848283008037796382e-02 1.770418208309529062e-01 3.047542107726395385e-03 1.196518274021067703e-02 3.596881545735707182e-03
-5.430625446541812590e-02 -1.284209416782233250e-02 1.475488865877853106e-01 -5.701641758837273921e-02 -2.238128761857968718e-02 -1.147442942440117693e-02 -2.292903855758542109e-02 -8.617842894433355716e-02 -2.121730322655008237e-03 4.108890859086740399e-02
-1.000000000000000000e+00 1.601639829797708381e-03 2.392796070544973147e-02 -2.577498510114455410e-01 1.168539375401291165e-02 2.063571737852741908e-02 -1.222992995845230968e-01 6.054691141504892765e-02 -1.565732546732626074e-01 -2.271065235444361952e-01
-2.828385500912296985e-03 -1.263033345293753697e-02 -4.375140670671595622e-02 -2.130393282663214927e-01 -2.150281650152126300e-02 1.521313411234510027e-01 -9.007262319804387740e-01 1.244072182372313144e-03 2.968312477406562493e-03 1.131439352197925220e-02
-1.363581097428875205e-02 -2.337945491033748338e-02 -3.921287605241606695e-03 9.480667280991372792e-02 -1.427880131545753717e-01 6.205019913791551267e-02 3.333716513700378265e-03 -2.925718268040835516e-03 5.537323687608702166e-02 -2.199817840379392556e-03
4.095704651047894773e-02 1.514997169170277658e-01 2.879132752570094933e-01 1.000000000000000000e+00 -2.573918350851589140e-02 3.679463652770543769e-01 1.226948070819973563e-01 -1.046230324708606885e-01 -1.279964316706233562e-02 3.060216252441924079e-01
-8.241286802503097753e-02 7.304900238785379252e-02 2.591091008746807325e-02 1.213501436070158271e-02 -1.323438709934197932e-02 3.522142825946100037e-02 3.079317048413858504e-02 3.117383836796716167e-03 -7.602881511683937978e-03 -1.308792143716766207e-02
-1.729842382967671649e-02 -4.903704659432854551e-02 4.584450315758440558e-03 -8.543680159094563242e-02 7.964258732887152803e-02 -1.330770097836568404e-02 6.743946517365027871e-02 4.461559166106079770e-03 -5.324810818853151217e-03 1.269159126707092690e-03
3.719683014375232879e-03 -6.252547726654110460e-02 3.976606373699470391e-03 7.484226103780564077e-02 1.454424909427931289e-01 9.832524196356305646e-02 -5.410035120276336651e-02 -5.125214512049652144e-03 -1.352224961484614456e-02 2.261624901412176945e-03
-7.628285425672341746e-02 3.736475670836428287e-02 -4.108506164522400528e-02 1.933787565567904876e-01 4.852725078142715309e-02 3.954987552676687834e-02 5.957270507548417110e-02 -4.879998268067850010e-03 -2.332122109180470495e-03 2.116371056138342116e-02
1.152729003600526519e-01 -6.245201458566925767e-01 -1.789497519733570519e-01 -6.242594007819902702e-01 3.811099533806375922e-02 -1.140957534146057883e-01 -2.030480087137269060e-02 1.732146478783672464e-02 2.126189935441263890e-02 9.437210269197039356e-03
5.610865506176404560e-02 1.684489009377785479e-02 4.469109421197425130e-02 -1.518644916182928205e-02 -2.803812034272967421e-03 2.079101621984745865e-02 2.342848919943610678e-03 7.436776706336587286e-04 -6.488538316011957345e-03 -5.582938982916940511e-03
9.079364171458187416e-03 -1.655779197644258183e-01 1.458709569377796347e-02 2.091361897666592917e-01 5.736972500163056710e-01 5.324088894316715559e-02 8.976084329136203854e-02 7.639192157057461685e-02 3.535915998896408952e-01 2.373310360899351726e-02
-4.897083502766279555e-04 4.548454847930138989e-02 -1.425829083688731104e-02 1.867484700591193203e-01 9.331318467603343103e-03 4.587321820724950955e-02 -2.788667502217959809e-02 -1.625497407435589443e-03 -2.840841943992451248e-03 1.301543168750446053e-02
-2.716203586726848376e-02 -5.975147187833938084e-02 2.609800037228544693e-03 -3.338934221488249615e-03 -1.963231263903474910e-01 -7.471221527085635666e-03 -1.097308384302169738e-02 6.016596741170637591e-04 1.800817128331030567e-02 6.163005957807952268e-02
-1.993700566228359672e-01 -2.493158001727450741e-03 -7.899628122240549832e-03 -5.126969426307310673e-01 -1.310870094546382099e-02 -1.027618615342902331e-01 3.172646697949372402e-02 -4.152168062848779484e-03 -7.757824955232918776e-03 5.388747953288736299e-03
3.383392654277173495e-04 1.478127163334719621e-02 -1.444606212794287642e-04 4.695570922976186057e-02 -1.285770535445348584e-01 4.850725350338243314e-02 1.569356479435285445e-02 -1.017125635394901390e-05 6.967340728752118018e-02 -9.082524275966972170e-04
-2.102282260108506023e-02 -2.172727069242866640e-02 -4.492838011218312777e-02 8.079444273591894488e-02 1.127240377983496598e-02 9.837945740086068147e-02 -5.260696462810092455e-02 5.395958009786203276e-03 1.186842789446463341e-02 3.344241479092718849e-02
1.348039522165876171e-02 -2.840334233592065397e-02 -3.453337954757884523e-04 -3.656328146353050867e-02 -2.331410462965741517e-02 7.511020854502336328e-05 1.081650111150256749e-01 -3.972964069253718698e-04 -8.539936737327948621e-04 5.559956008252608245e-03
-3.936025779873205538e-02 1.615659392575638162e-02 -6.912026353025610415e-02 -3.468884296608937268e-01 -1.154812716742622744e-02 3.106280240197965004e-01 -1.547501026331595496e-02 -2.257971632314802191e-03 -4.409376756970149330e-02 -2.591887005613436549e-03
-4.239752446042271972e-02 -5.001633254979180495e-05 1.274726614081771008e-02 6.077788725061370467e-01 1.018170916968648816e-04 -4.965086895765029491e-03 1.192370847582722576e-01 3.082372363836939199e-04 2.728379323498223222e-02 1.119114923132333642e-03
-6.311187277942903462e-02 2.832419006232269124e-02 2.533433642018928164e-02 2.487643686797645290e-02 -1.436926061709901392e-01 -6.176709110400535607e-02 -1.922277099755186763e-02 3.319256847693838764e-03 -1.323931888343154138e-02 1.660084152943582317e-02
2.213299826077272728e-02 8.703615656888661137e-03 -4.674573815496774198e-02 -1.758497512927369166e-02 -1.148700387179511263e-02 1.586669010821724901e-01 2.096492385840419484e-02 5.726494944048799579e-02 -2.813119126452199095e-02 1.226258578578559230e-03
-1.026281547255061266e-01 1.507056934056964044e-03 -2.118382219067015126e-02 -2.234866488107149218e-01 8.503803131833907736e-02 -1.977497636425115234e-03 -9.541858465396412664e-03 -2.834092378720773700e-02 2.452678665815053935e-02 7.913214522424526828e-04
5.213465821599513883e-02 -2.894863526875703346e-03 3.879317482346134049e-02 5.132139114766850474e-01 -7.868548455970498720e-03 -4.450496584024137003e-02 1.097788631561719963e-01 2.015517587496903212e-02 2.194478999997967472e-02 9.256407347397119234e-02
-6.195909392159210799e-02 -1.241862254921760719e-04 2.804074382546940525e-01 -9.218294132623526538e-02 3.513190677196003642e-01 3.627877097594108813e-01 4.740594530019601877e-02 -2.430441182514877230e-01 3.036115102121021009e-02 -3.540050823713431979e-03
8.754915432699575395e-02 4.273922518742691995e-02 -2.509863132274017892e-03 1.668211462994708934e-03 -4.073648875762865551e-02 1.497584508659145601e-02 -8.662635785924652221e-02 4.409309396062275352e-04 -1.088476454125441306e-01 -5.160582881065229818e-03
1.214222449534103493e-01 -1.352900998506656287e-02 2.120128306189804183e-03 1.469703101153403413e-01 -5.711857568654168243e-02 1.359481682824882458e-02 1.062458440615236810e-02 -3.058054986267971093e-04 7.999996068560883203e-03 3.062846105208704914e-02
-1.243025760884799019e-01 3.744648680382292594e-02 3.487616919836473706e-01 9.776297624204950409e-01 9.034992124889094922e-02 9.013232797140907637e-02 -1.144621768077846158e-01 1.543321410001037217e-02 -6.117637475440264837e-03 -4.451887340531898024e-02
-1.068148601688962002e-01 6.999421853756022938e-03 1.371910479576884338e-03 2.693550496751939138e-01 1.473076943719087151e-02 -5.764851743977483789e-02 4.828765814326415468e-02 2.322541903362798990e-02 -2.755555986139935493e-02 1.972364152116461242e-03
2.520733052556568474e-02 2.892234501320260082e-02 -1.005111674975706360e-01 -7.978596592243532293e-02 2.767017214526663604e-01 5.219457924560325646e-01 1.250246796048400111e-01 -1.270424288522312151e-02 1.692258755364268313e-02 5.968789922329646204e-03
7.369342389115932090e-02 -1.409807606176347906e-02 1.031076912519495181e-01 4.997416765283489437e-01 -2.206080589780591225e-02 1.959704742291116242e-01 -1.220579198469192404e-02 1.048142688868804011e-02 1.802011738302368438e-02 -1.997609787200006759e-01
-1.942617477295382035e-03 -1.644332875757145013e-02 5.843663612893284544e-03 -1.032350426315595086e-02 -8.201315702442897940e-03 -4.386875472963239903e-03 1.131649918432026114e-02 4.869080718417991189e-05 -1.518312412793464301e-02 -4.143413626255635328e-03
5.058914370527337750e-02 2.650116245618710370e-02 5.183754455430781422e-02 -1.898164657457224735e-01 1.187071414719420050e-02 1.827226168199776735e-01 1.123120892233256049e-03 -2.209314044207749423e-03 -5.679333658144510022e-02 -2.516395019475716876e-03
-2.261260378345669644e-03 4.297306684708911834e-03 -1.892617791832255578e-02 7.210799302431906282e-03 -2.201454301136388791e-01 -4.860543233139205666e-02 1.741176448624368392e-02 -1.768882337753725775e-02 -1.052006419313362973e-01 -6.036876852689889578e-02
-3.391283504852898173e-02 -3.888886370036437074e-03 -6.920144409818832984e-03 1.008601496435096619e-03 -1.688738298895286691e-02 3.381490275755470037e-02 2.164400353716001979e-02 -2.283973998239868276e-04 9.365314132551257748e-03 1.138064350278395094e-03
-2.810393513200731830e-02 3.116607791671450588e-03 4.314346957674383143e-01 3.288663653173756196e-01 -5.972401978963626928e-02 3.597304030176343148e-02 1.049851732682685196e-01 1.523346435056461244e-02 8.472653662613704485e-04 -7.570307578205932864e-03
-3.951218871928325466e-02 1.461441030707901767e-01 7.329400115736197339e-03 -7.101632179801343758e-01 -9.460643867654124073e-02 6.543013811053410844e-02 3.265572290212806483e-02 -4.317154559325990168e-03 6.952217033416507874e-02 8.664832537313807426e-02
-1.267471130641002475e-01 1.424262684242371714e-02 2.789301563294996691e-02 5.484723664513376784e-01 1.054090548143470432e-02 3.678196189228364471e-02 -2.319853600260765245e-02 9.733916327497822707e-03 -2.269278788138299682e-02 -1.267541706938725247e-02
2.091014186122411300e-02 1.231142548532291464e-02 3.500182054781784957e-02 1.000000000000000000e+00 8.620148042264114130e-02 3.536314289074333084e-03 1.518875165505509210e-02 -2.582095349397409700e-01 -1.730724781351750466e-02 -1.900895928772892984e-02
-7.105252872488788951e-03 3.789096341868010073e-03 -3.574207292245977236e-03 -7.792374315940679697e-02 3.166106293156693385e-04 4.611749281636676710e-03 -1.264022605575095687e-02 1.550155155519765632e-04 1.280175513203704509e-03 4.017936640477362716e-03
-4.392562763740027187e-01 2.800566791849678355e-02 2.066572342823386199e-01 1.463445798525673525e-01 -8.867471088581392602e-02 3.590977559686415188e-01 -4.635927707170687216e-03 7.703050687226485616e-02 -8.921444605900326341e-02 3.863502136153001282e-02
1.970141855206975628e-02 3.200162124960518467e-02 -2.018151938502971490e-02 6.381403033673564706e-02 -1.043615650952883223e-01 2.405820443823710342e-03 2.150367191283942270e-01 -2.589767217395975984e-02 -6.388925550204493237e-03 -3.555725759576042894e-02
4.021335503294760916e-03 -1.611469980193544135e-02 4.509784591795161675e-03 -2.291914675857445183e-01 2.296313824678610990e-02 3.437073663143720616e-03 1.148448027463510462e-02 3.284093567385276431e-03 -6.138064517346363685e-02 3.681013412201648155e-02
5.246396203505464956e-02 1.065327028317968050e-02 -2.409953353271102744e-03 8.542162850777296201e-02 -3.731015327806744969e-02 -9.835306377045263670e-02 -2.418993972388560135e-02 1.300832822652656616e-02 2.025486272095555762e-02 -1.020201573152520851e-02
7.901033244714684989e-02 1.861761361632955844e-02 -9.335855627102575272e-02 2.614010131481766530e-01 3.187644368575194564e-02 3.893986099167814907e-02 -3.281083476573533331e-02 -9.946614144015951398e-03 5.053898834939023893e-02 3.710077293556851129e-03
9.005090791792300098e-02 -1.808440425567393178e-02 -9.587301767392565621e-04 7.158165772835813068e-02 -1.519262609821821382e-02 1.121635789610305189e-01 5.345843837395171383e-02 -7.622579173283231500e-03 1.335080808841238769e-03 4.379394559565444214e-04
-1.113916094710825158e-02 -5.421510161634230350e-03 2.594842783778822533e-04 5.995680265862440850e-02 3.585914841195037180e-03 -5.430798674182275160e-02 6.496681367137044361e-02 8.688134058858078647e-05 2.726760863810025540e-02 7.406028391845538052e-03
2.826909137228841851e-03 -2.597726123873884269e-02 -3.252940582100341538e-02 2.025641120835299236e-01 2.668006431145261009e-02 9.815212722361027139e-03 4.735564489634398050e-02 -1.023300091996612359e-03 3.622128156229384444e-02 -3.575697363799919520e-03
-4.018396066596995886e-01 -1.605344650391758027e-02 7.941495432575740310e-02 -9.749819196925477160e-02 2.691020858640935307e-02 -3.544470118656802698e-02 3.826945346622032812e-02 1.826659122267301413e-02 2.546547896809858366e-02 3.817922793336120391e-02
8.045965587927328411e-01 -1.990568947596344299e-02 1.879030223186511916e-02 2.963395540857295951e-01 -9.061674151621176149e-03 1.843247355223687212e-02 -2.925557755235408397e-02 -1.353366398563002060e-01 -1.110748827015063667e-02 -1.684833475323933155e-03
1.565662001658739144e-01 4.859625412208617989e-02 7.880000199995519997e-04 1.363980643683966425e-02 -3.635929578311368482e-02 5.935349943586256359e-03 -6.873904856197037005e-02 5.411496084443510879e-02 -2.333775790978164302e-02 -6.829363080668682251e-02
-1.070624877286673465e-01 -2.605562340616333818e-03 -8.056757652800634135e-05 1.394832125738943926e-02 -4.270131923053257367e-02 -2.897214473933236792e-02 1.190003328598540546e-03 -1.123701612558047208e-03 -1.050028756702519120e-02 -1.153419480869832380e-03
-1.040002103697642843e-01 -2.757010234596755059e-03 1.750779702757247758e-02 1.000000000000000000e+00 1.392817152256193569e-01 -5.238302773618897651e-02 2.298640754770875927e-01 -9.750712516072962063e-03 8.213534275471738935e-03 3.163327167751002200e-01
-1.769695610689164984e-03 -1.243023525706739426e-03 -1.957927376001224445e-03 1.227947211799918364e-01 -9.055632742424218895e-02 -5.296509474726456522e-03 -6.068528355094311710e-02 1.768972157017921400e-03 3.664630039712717807e-03 -5.153206167807520069e-03
-4.073266861260870647e-02 -7.988153436011547620e-03 3.996071037552659244e-02 -4.445245095345294883e-01 -1.007015179347770101e-01 -1.702352549561522432e-01 -3.200321262620542395e-03 7.575476810801821947e-02 3.224624447465442023e-02 -4.030893171292767099e-03
-1.043773641320038317e-02 -1.158927631930311251e-02 -2.437820319641129801e-02 4.337818218363839184e-01 -9.385770110259276304e-05 1.252239649532851419e-02 8.030041025280786060e-03 5.954078741636489175e-02 -2.185994724330306629e-02 9.933339620189142460e-03
-8.392506138616698252e-02 4.904508100806464002e-03 -2.216571421962279000e-03 4.124332236949843078e-02 1.249404627527829319e-02 -1.046675784282438161e-02 1.641037857842057510e-02 -4.969731304813524483e-04 -1.687188222254403652e-02 -1.646433382472870096e-03
3.306923619112224766e-01 1.762806987790717719e-02 -3.022330663232991252e-02 1.484997147563415776e-01 -1.412911332512838646e-02 1.614652892739895738e-03 1.023251431709343434e-01 -1.443555569987168934e-02 -9.738754039147371616e-03 -2.232834061826048568e-03
4.382094443893715108e-02 8.738368106755163567e-02 -3.032015470983530706e-03 -2.545005935006822151e-02 -8.070488841127229076e-04 -7.134511502382449508e-03 -1.733374027216932575e-04 5.104048874503371762e-04 3.435704979142196070e-03 1.376111612924486730e-03
-7.104413548946324208e-02 -3.798995745502461996e-02 -1.698977184900902007e-02 -1.269005438959656673e-01 4.668802003992754135e-01 1.630968612039739030e-02 -4.248672344564925762e-02 -1.194461228545944977e-02 2.257328893161071950e-02 -3.236542809807028964e-02
-7.266295791913181257e-02 1.472465728472637132e-02 -1.619533855601792416e-01 2.302375382664102743e-02 5.517593110736625228e-02 3.739121270681192155e-02 2.896790010716019173e-02 2.382012611217397893e-02 2.609536956337788621e-02 5.464246785302768333e-02
8.235865146909457368e-02 -2.207731779679146381e-04 -9.131264918904667682e-03 1.090567186785622745e-03 3.823057368980109418e-03 6.015433260891263345e-02 -4.766196780058246096e-02 3.924050665404104509e-05 -5.748530140985324416e-02 5.565348506155143316e-03
-6.670220788698470391e-03 -1.032560122920109930e-01 -1.137064599929162589e-01 -3.081914072373470592e-01 -7.963008066846972710e-01 7.319663532692872142e-03 1.124228235793150489e-02 5.204927109192615054e-04 8.179172918831738304e-03 -1.383338369725218842e-01
1.873733230928777225e-03 9.262237541210707747e-02 -2.307087163457105256e-03 -1.866748362281510087e-01 5.346977919742792497e-03 -1.227954142829963333e-02 2.959512517026465298e-02 -1.069675850626182305e-03 1.087421552515729223e-02 2.991171683210122091e-03
-2.662557399313974366e-02 9.905363056891011361e-03 2.386798098459725140e-02 9.495155200948612872e-02 4.037427931008846088e-02 4.176551197451586900e-03 -1.781093817106038299e-02 -2.346828585893432316e-04 4.233362674803468374e-03 4.527844232963729523e-03
2.031514899754897907e-01 -6.454791609224767857e-02 -2.884932555882231946e-03 3.975471003984622047e-03 3.734768501406789398e-01 3.355243704124015180e-01 -5.187068951241351200e-02 -2.502066345484961658e-03 3.913127578030261428e-03 -1.535225266724969890e-03
-4.700883323331746244e-02 1.242474579866144208e-01 -1.125574663972078449e-01 -9.455795383765511208e-02 -7.779766204273230734e-03 -1.942266981622357619e-03 -1.631314036419445612e-02 -6.419082903723141165e-01 -3.368465470083569779e-01 -3.976230384648007932e-01
-2.682311094852870073e-03 2.038253253568820741e-02 -6.286606758895902855e-03 -2.903328609755414028e-02 -4.057272332925117818e-03 -4.053644406754900592e-02 7.449807580271108204e-03 1.731555407004273586e-02 6.279123551639643856e-03 -3.304777920225475396e-02
-2.873843724911375255e-02 1.611099798462588273e-02 -3.688122787988727062e-03 -2.679728869217118392e-02 -1.374286887834431231e-02 2.921381892667037142e-02 -5.812091084363336241e-02 -2.635098056803535180e-03 5.389639583604207383e-03 3.239089035668334289e-03
6.899263818764413136e-02 9.325086427265409927e-01 -1.318835905346207350e-02 1.297077190702432825e-01 4.374374410322388364e-03 -4.313415836677999549e-01 -2.618718162455149073e-02 4.692265904743045946e-01 1.123905984146822551e-01 6.215310271763770794e-02
1.902693776876988527e-03 -2.796497855884244908e-05 3.227341606359060292e-04 -1.965812507396946796e-02 -1.555746149946431525e-02 -2.783403168329404154e-02 2.753189348418369140e-02 -7.374243273421008868e-04 1.457388908434835949e-02 5.386581646130600046e-05
1.133222877731501210e-01 1.308600612195627566e-01 2.274609603266279090e-01 5.070590222756100607e-01 -4.641629997926962833e-03 5.697862272104819992e-02 5.496376796395224806e-02 2.024498221907052031e-01 -3.469605920654373656e-04 3.830642210112875437e-03
1.466239406735780626e-01 2.018936003473494750e-02 5.231506844008078361e-02 -6.023282731537942664e-03 -1.624255707446799549e-02 8.508151548689273092e-03 1.615034771979415376e-02 -2.303076152749633509e-02 3.231093798247999110e-02 7.534336365444824213e-02
1.612372502417938058e-01 4.447843014143012391e-02 4.555818348226123998e-02 -1.747439603135756414e-01 3.179717605277704133e-03 3.734429673576297043e-02 -2.271903964606949641e-02 2.273298841818434390e-03 6.812198568886204675e-02 8.702744815587616645e-03
3.954326026498808377e-02 5.711486206805388433e-02 -1.473606937122882684e-03 7.672715269577382036e-02 -1.026173186323936851e-02 6.948055246458582565e-03 -1.010932428768616421e-02 -5.990950790385027487e-04 1.751774263219855673e-02 3.324250013898365479e-03
9.107581985431899285e-02 -4.591482440249645275e-02 1.374037094850723674e-03 -3.088881534497466171e-03 -3.878141018067165352e-02 8.380810443761577133e-02 -1.089686574686202364e-01 2.327079249978715372e-03 3.896105710706758603e-03 1.640978774379394994e-03
-9.675737252274071998e-02 8.577859985883281441e-03 -1.529394474858710839e-03 -5.932678566115473333e-03 1.563215976764976978e-02 4.093220831432385458e-03 -2.575105368989688559e-02 1.487431633860962195e-03 -1.144226650540154482e-02 -1.522011258478508759e-03
3.650584912290722600e-02 9.547637493077115040e-03 -4.677553621755103919e-02 -4.812351043025163422e-02 -4.788791454150456706e-02 -7.000245080223238200e-03 1.911716590843444141e-01 -3.969833237245593005e-02 8.718487325958118594e-03 -3.204605333013580814e-03
8.424730095198318391e-02 -5.974321673755348533e-02 3.066842992964479916e-02 5.962284490617981991e-02 6.396356629318536435e-02 2.497172797987284171e-02 2.723180673703738397e-01 8.371343019959639684e-03 2.150171142236782015e-03 -6.107591588529238252e-03
3.137951605508031670e-03 8.528597145014535710e-03 -1.192972714042757863e-02 5.488820655283919298e-03 3.497806407049795351e-03 3.970797985409877523e-02 -1.349774605360731239e-01 -4.704243278227642627e-04 -4.020692537635636721e-02 2.106409023123277310e-02
6.837536209011003951e-02 5.804909692092561670e-03 4.640063629315822370e-03 1.000000000000000000e+00 1.815908665332405802e-01 -3.104762412801940000e-02 1.905461853422326934e-01 1.213993178964254717e-02 -5.673839057244405015e-02 -1.464737244175134401e-01
-2.668206044064839189e-01 8.301985202830966873e-03 4.163447219460402610e-02 -1.298595662563598319e-01 -1.378521572174616280e-02 2.087083713308070937e-02 3.951787906925464423e-03 3.879592694972251905e-03 -1.231120919753593557e-02 -3.451636485403036889e-03
-2.812360575767592907e-01 -1.055353656856135216e-03 -4.815519400392798133e-01 4.399866186409626123e-02 -1.346294243179342598e-01 1.573765008665985177e-01 -4.719663040643010121e-01 -9.685501023777161669e-03 2.200838155744510860e-01 5.756910381332972643e-03
-4.238125997212436463e-02 -1.626088537105909587e-02 7.778461393885541773e-03 4.837402911943371464e-01 -6.610139121275743039e-03 3.006943269116355011e-02 -6.043388487888257804e-03 1.764662603413658104e-02 2.299228026755942896e-03 -6.706170962164822655e-03
2.615037477169383437e-02 1.744407272075778059e-01 2.196320459596544025e-02 7.959598989941570057e-02 -3.269273141679816808e-02 4.516638753901242032e-02 9.599925948878944640e-03 -1.791774838719518287e-02 -1.410596261869203824e-02 4.483296482165419206e-02
-2.309638398634049350e-02 6.665869102270641222e-04 -5.534626574272070304e-02 -1.293782364090705073e-01 -8.903439963671704038e-03 2.786770241256530251e-02 -1.581230322273993391e-02 -1.002417787690406412e-03 4.476935673470822108e-03 2.483765573445112333e-03
-1.179565864932565072e-01 1.456570392969261905e-02 3.033103378435955677e-01 3.051376270149881997e-01 -1.816487160644074958e-03 6.292740457912002205e-02 -2.365296984027216026e-02 2.560752888466770183e-01 6.317475932032103059e-02 -1.747909862248638035e-01
2.773900615307424711e-01 -6.907821902322156850e-03 -6.121018286859549601e-02 2.420881755432797988e-02 -1.430464380731036600e-01 -1.054664790030943912e-02 1.596357165550051430e-02 -4.739334378804832548e-02 -9.353687276953799590e-03 4.075985808313836722e-02
2.623773974333578618e-01 -1.145945608982644991e-02 1.151156082537330670e-02 4.215385021007072019e-01 -8.874545865501017386e-03 -2.762686916868263565e-02 -6.663135873186429303e-02 5.285694466751957032e-03 1.414039145004566955e-01 2.848628208903971823e-02
-6.659045308124009188e-02 -1.164411924834156120e-01 -1.854290234484968006e-02 -7.106880608803385624e-02 5.692749536052550685e-02 3.388265390130885679e-01 -2.584409580588221123e-01 -6.821097813659558751e-02 -1.867776871368749536e-02 -3.172305551141113011e-01
6.792257018895431209e-02 4.814657152138198531e-02 1.884841231288937255e-02 -9.870158530138875910e-03 8.242097192107930353e-04 9.319729283525433894e-02 7.246013439650794696e-02 5.422446900858290779e-04 2.349112891601025377e-02 9.622295265928150487e-02
8.189050000555171682e-02 -1.010107110695239972e-02 3.878764673291212883e-02 3.811602889138350214e-01 2.402407767976922834e-02 8.964464374124040888e-03 -4.727215820458838778e-03 -1.662386301036438904e-02 -2.281763407525590898e-02 -2.578323041898583981e-02
-2.294223982026455944e-01 -1.570829598464799082e-01 -3.313888171837804045e-03 -1.375048189375082108e-01 2.092564038226312970e-02 1.345310374050228547e-02 -3.123988685440592591e-02 8.252059548377163947e-03 -1.160823328702295307e-02 2.953863481520424897e-02
