nan
nan
nan
nan
nan
nan
2.353186177903148629e-02
2.970118237910150394e-01
nan
4.030282815961884479e-02
4.347783854134131820e-01
nan
nan
nan
nan
nan
9.147501345134013973e-02
nan
nan
nan
3.914661897522711542e-02
4.313368938248313134e-02
nan
1.792016836174156746e-02
4.075266422821387235e-02
nan
4.156376330811817343e-02
nan
nan
nan
1.205665762651024348e-01
nan
nan
4.327847147953126777e-02
nan
nan
nan
nan
nan
nan
nan
nan
3.279558537143448249e-01
4.599068440669893953e-01
1.515747284034519270e-02
7.206008265339639007e-02
nan
nan
nan
nan
nan
4.257548680238819327e-02
1.795325718200376508e-01
nan
nan
2.456728736630624244e-01
3.117140949929661162e-02
nan
1.926954805707083440e-01
nan
nan
8.209952762572862717e-02
nan
1.203365080774022045e-01
nan
nan
nan
nan
nan
3.048173890754321547e-02
nan
nan
nan
6.583455417407430010e-02
nan
nan
nan
nan
nan
5.705530801933038354e-02
nan
7.368237565311359927e-02
3.570702935143951762e-01
nan
3.473205775001682316e-02
nan
nan
4.240277499826876351e-02
nan
3.917812108613981381e-02
nan
nan
nan
1.582182866537565347e-01
2.165624801178173131e-02
nan
nan
nan
4.340638323479538430e-02
2.071943253722644818e-01
