nan
nan
1.035892506754149123e-01
3.996438983092203689e-01
4.174256099988439550e-02
nan
nan
nan
nan
5.211914932111319509e-02
3.102919044894567047e-01
nan
nan
nan
nan
nan
4.439230038039439219e-02
1.793117463020117014e-02
4.223638232838087259e-01
1.680687568141051025e-02
nan
2.520773781657186241e-01
4.312393135397671329e-01
2.163919489305093091e-01
2.045974384481984987e-01
nan
1.360905981161763742e-02
2.408880870028230065e-02
nan
1.771273699478207453e-01
3.039433898555528035e-01
nan
2.825823065228787456e-01
1.911558588692710905e-02
nan
4.329587595450037213e-02
2.698105675137680431e-02
nan
2.536199847925947326e-01
2.435924899567683266e-01
nan
3.916979406717691764e-02
2.932317022440475082e-02
1.866958212029563857e-01
1.091161070973861204e-02
nan
nan
nan
3.985984956676366098e-01
nan
1.371094192531717437e-01
5.578888500103099807e-02
nan
5.170988918143079593e-02
1.380862352225797028e-02
2.159666448858015841e-01
nan
3.028913832467832953e-02
1.960748173958940660e-02
nan
8.815036721899720262e-02
4.316874219097820986e-01
4.300516082559125569e-02
4.538467714010228915e-02
4.164651600377929780e-02
nan
4.325763912996216654e-02
4.190543380951274044e-02
1.319753338228769370e-02
nan
nan
1.713289654322605604e-02
4.023351844653207804e-02
nan
4.069126459616889679e-02
nan
nan
nan
nan
4.284377096093330839e-01
1.552043764123489308e-02
1.346536869492860090e-02
4.002537673406736385e-02
2.216274982522740272e-02
9.055174331939226662e-02
3.976064756430448821e-02
3.700722709282293077e-01
2.054632464563441174e-02
nan
4.960496971356871676e-02
1.625163433775895228e-01
4.154207929893385942e-01
4.830388918813860455e-02
nan
nan
3.458462075753931386e-01
nan
2.396421921864483676e-02
2.321276357837454354e-02
2.473336421207996544e-02
