3.825540901807412963e-02
3.604367164864365203e-02
nan
4.283053276053647163e-01
1.801546040769505877e-02
nan
nan
nan
3.847395539882546012e-01
1.295956133075801958e-02
1.429824543816829267e-02
nan
3.025790100242382180e-02
1.991819496241556409e-02
nan
nan
nan
1.068644437030463572e-02
nan
3.232810676501160496e-02
4.142304132445931431e-02
nan
nan
1.365810042279243242e-02
1.059747205883235580e-02
8.352280820421659202e-02
1.190800106765923898e-02
2.256331298290192508e-02
nan
1.384449672312474192e-02
nan
nan
1.077532062380180157e-02
4.238914489933789248e-02
nan
3.946297613052643927e-01
2.399476700631082704e-01
nan
8.209119348196189728e-03
3.811451787066783004e-02
1.660658756581159801e-01
8.944917506443368291e-03
4.201587941729670317e-02
2.258530868739174260e-02
nan
nan
1.196349356072085555e-02
nan
2.905775360208174285e-01
1.218848195457346295e-02
9.999274791700013543e-03
1.090866989098751398e-02
1.301111969130478753e-02
nan
1.645945969113825624e-01
nan
4.184090668754688602e-01
4.196899392671223777e-02
3.742325434386163663e-02
4.667174653622042230e-02
nan
nan
3.382848107200343152e-02
1.022822512322056100e-02
4.011595862446606930e-01
8.739718172812004776e-03
nan
1.632753143917460223e-02
8.646868373556458598e-03
1.512344677764112903e-02
nan
2.035376216682010381e-02
4.175589359974431897e-02
nan
8.952633905373890214e-03
1.369211770275537664e-02
nan
1.085680794885555966e-02
nan
4.321222698751563951e-01
4.060012033257536790e-01
1.935172260042950648e-02
3.619646018230345680e-02
1.051524565782135760e-02
4.260610341707407600e-01
3.933502855538688336e-02
9.881661358432649797e-03
nan
2.056872365987053725e-02
nan
2.233043611909019469e-02
nan
1.887387951670544892e-02
nan
2.195058948484934769e-01
5.560554896607571712e-02
4.331722428204959896e-01
4.132692154654214745e-02
nan
nan
