3.371748585659660735e-01 4.521497883203321466e-01 5.871390994029718202e-01 5.831188884661975269e-01 1.325957220070407283e-01
5.649714050807977950e-01 9.215811174537266171e-01 9.200964042519190755e-01 9.645832883133330649e-01 3.408318160468879476e-01
5.578150692945390565e-01 4.459347137548146378e-01 7.401684700481011570e-01 4.160366375460666788e-01 1.812064570568596711e-01
2.660725415649913828e-01 7.031298140127707486e-01 2.809406160399838814e-01 6.914998121607908166e-01 9.097987284642585770e-01
1.904181569690073239e-01 4.875058867054592460e-01 8.127521521094908108e-01 6.667427294669787674e-01 3.688923924128133525e-01
6.755432542850111632e-01 5.217370504375935525e-01 4.191634876166515644e-01 2.018490938423780356e-01 7.090481773224633910e-01
9.708446857883445968e-02 1.977037834623960322e-01 4.677917980193934122e-01 3.216201372063800523e-01 9.563922493018836013e-01
4.250870666314510160e-02 9.445885430316531828e-01 8.326104507600973204e-01 6.019038615126829361e-01 1.531669192205942220e-02
6.546188414473608219e-02 8.610469846463356669e-01 1.799489865798343802e-01 6.232221607718269052e-01 6.217356936905432674e-01
2.756659023714314039e-01 5.376504256394006864e-01 2.765316951616222374e-01 4.926800786166749546e-01 5.948707754269844106e-01
1.420727926202782765e-01 2.111339826552338650e-01 3.515575335767142651e-01 1.338200170762360308e-02 2.362806705535214213e-02
8.468772429678121938e-01 5.808749334611700288e-01 9.385447323938139741e-01 9.897626239276734461e-01 5.001730004392229700e-01
1.474726619431940833e-01 2.107612177491029470e-01 9.024597496939926744e-01 9.774022967764260938e-01 2.744272380744864348e-01
8.922647477459999532e-02 3.165210441447938727e-01 4.972869497571807962e-03 6.043479309529812271e-01 7.330073190742801836e-01
7.853981884631976440e-01 8.634826681896456968e-01 1.935783700661914963e-01 2.278581288182182085e-01 9.830285347822580455e-01
2.326771223451318260e-02 9.072294086158118054e-01 6.574171558480117472e-01 5.218070580962276273e-01 2.922074515437848019e-01
8.909012244819958237e-02 9.419960339779247516e-01 2.803752303998036099e-01 8.961438081340706852e-01 1.868160564062684159e-01
3.203171092360475036e-01 9.421998950436469844e-01 5.122344529000180113e-01 1.228722289988052330e-01 1.582368112805828675e-01
3.084694520266836326e-01 1.961491725166926159e-01 5.023183746391155502e-01 1.309724744196538726e-01 8.469987452810634476e-01
3.951511823683048208e-01 4.273450976684739500e-01 4.044644296705526276e-01 6.289389891265544374e-01 2.317959148739946462e-01
6.445979148993273844e-01 2.084341286774046287e-01 9.725728232104269289e-03 6.136757663028753473e-01 8.549264801194672581e-01
2.738915585843949563e-01 3.236894844438241714e-01 7.170178489911260833e-01 8.930256485299448155e-02 9.966268109438719547e-01
7.892952640767446626e-01 5.449876482539172118e-01 3.877505224794863814e-01 8.952718690115409883e-01 4.726123589955493198e-01
6.199778277382080871e-01 1.623151770669982730e-01 9.905676095449895691e-01 5.538287056554360710e-01 1.937612275909547099e-01
4.776837612108756348e-01 5.558489775035937441e-01 7.583913687338547094e-01 6.752154319224918932e-01 7.079990414446997171e-01
3.845101848549475898e-01 4.870884433178250816e-01 8.988135908576181388e-01 2.731825713469965278e-01 4.178120022103612996e-01
4.216993734375628078e-01 9.027595081059647253e-02 5.156661345593025469e-01 2.605591488094572972e-01 4.698662345139964502e-01
8.066665705413977872e-01 6.175502029697241824e-01 8.275374589188582153e-01 6.521006460146322459e-01 7.340364993946991712e-01
7.290068497947229664e-01 5.104223802016318867e-01 9.635105806240611415e-01 1.032996053248642632e-01 8.134651280531479678e-02
8.345318987172724023e-01 2.846132719105604059e-01 1.395382049198019558e-01 1.096808063852487969e-01 3.947754219349864924e-01
2.704050483267992355e-01 2.574815115850142000e-01 5.908020976273276048e-01 8.470309716978905445e-01 5.087695109801360083e-02
6.612163038257611314e-01 7.811243518617982939e-01 2.804419793052806975e-01 1.616133286183397688e-01 6.536575263592748763e-01
5.664872626060455385e-01 2.633783010956971538e-01 4.487823694810972874e-01 3.522385159098929686e-01 6.784386847973431500e-01
4.378661860911085002e-01 3.745643635923926462e-01 7.073078887461841102e-01 6.793055879760762084e-01 1.913781000875730554e-01
7.213303802847237378e-01 7.569963516298592321e-01 6.502809135818694575e-01 9.894085857544879792e-01 2.115117156471888471e-01
4.508627429555117638e-01 7.729978687331108267e-01 2.429436671200513320e-02 3.592716102091785269e-01 7.888378059182327151e-01
4.075362912634937773e-01 9.391372757176099650e-01 2.077956767629821622e-01 1.025734475804944701e-01 6.648790936869877211e-01
6.164005926081264075e-01 8.381692316147105748e-01 2.909895641564037572e-01 5.867864724259183040e-01 5.366920009906115396e-01
9.405103491362920565e-01 8.275408974665997563e-01 5.939064560137786719e-01 2.470448356681315127e-01 6.861657101720715080e-01
1.756531447750570019e-01 5.309380974658254315e-01 9.911003222940392154e-01 1.679207024227123979e-01 1.346588864694764354e-02
2.151517052876410485e-01 7.496455476791648032e-01 1.577243345922975104e-01 7.727755565090851375e-01 1.631146091375481610e-01
6.717259443139741437e-01 3.688767170621020108e-01 7.062900042106079468e-02 8.263062570803468843e-01 1.314964471676687285e-01
8.047737595912365371e-01 9.133603231539246803e-01 5.810308409510445138e-02 8.638324274042434858e-01 1.812666890665369790e-01
8.885001858613058578e-01 9.144156844820416907e-02 7.614532162794841463e-01 3.101330893864306937e-02 7.306821357412224271e-01
4.153992209736437902e-01 2.982338505980132171e-01 5.797508502140383824e-01 8.240175799481797014e-02 4.619121771300038759e-02
8.121603201824478813e-01 2.377632647127330134e-01 4.399140822071815338e-01 7.878589920328419316e-01 6.763904931680532195e-01
7.255409835516437589e-01 6.979800720115847401e-02 4.376370597457955869e-01 1.008314716212486140e-01 7.401319090553355462e-01
9.491912796357104831e-01 2.417065725612197458e-01 5.139255408548859538e-02 5.946157931247383344e-01 3.896008601883176325e-01
8.237133211378597775e-01 1.889432649640582218e-01 6.972632815311596843e-01 3.593437777176154979e-01 6.877437694273886848e-01
9.030943196997613942e-01 7.697213278449382967e-01 7.894213363231261660e-01 1.366196298698965084e-01 1.176524351038427119e-01
6.563308691803404482e-02 8.755720590663840230e-02 9.256881233938591969e-01 3.854874443557332331e-01 4.338126652271577788e-01
8.973317080487542841e-01 2.022051253970315043e-01 2.436069112101121314e-01 7.353507016558104015e-01 9.578980423088254703e-01
9.034066760002514851e-01 6.000863537585303664e-01 1.152463694150993589e-01 8.558353463038778086e-01 5.532007508447401856e-01
4.956740565689758959e-01 4.304694323985891469e-02 6.676873819725622772e-01 5.357066257725965341e-01 3.680904684124831627e-01
4.370799332888356536e-01 6.820301910467181372e-01 1.242275995713644221e-01 2.371666886237672189e-01 9.267950460591407591e-01
4.715358753291225558e-01 8.219789504728346463e-01 6.432938938858113742e-01 8.047289260314935966e-01 6.588543049841975030e-01
6.078366569101819605e-01 9.682014528023336064e-01 7.955800282876531737e-01 7.647374278231091616e-01 6.429648155635974138e-01
6.132242479648664091e-02 7.334130201866582155e-01 4.028272014593639039e-01 2.630567155000976820e-01 1.479282106026783561e-01
1.957225508607755016e-01 2.900243712735141033e-01 2.763135746393425851e-01 8.756104901158193732e-01 9.863704212939048421e-01
6.345678582943978796e-01 7.710427117036958711e-01 4.835332130937032291e-01 3.208352045139226671e-01 9.475033720109754531e-01
8.409625088689106631e-01 6.065251627155290315e-01 4.529248141291578600e-01 4.536613210235834748e-01 2.338281539227552441e-01
6.359054245797919336e-01 6.181135893799729608e-01 9.865142598804339524e-01 7.699597863795604180e-01 1.077701745138569533e-01
6.419577235529239090e-02 7.927964289387442465e-01 2.286351202225812562e-01 9.784670598656201035e-01 1.237768875992355522e-01
9.199226772820835452e-01 6.565530448175005418e-02 1.953214146023859454e-01 2.591370555675664988e-02 2.289341571476225523e-01
5.502673301923036719e-01 1.016681425034735575e-01 2.012574894470140485e-01 1.675504993698766487e-01 2.090178990863976738e-01
8.426695800909338452e-01 1.642849790106398755e-01 4.928265592689321517e-01 2.349822126199750949e-01 2.058380453838770663e-01
2.065681230616389641e-02 9.464726297243414299e-01 3.861646722250116071e-01 4.916829225402282733e-01 9.157833116031542930e-01
5.780652368723928625e-01 7.273526919655435297e-01 3.282281386528141942e-01 7.724899821951560774e-01 7.672305842369758766e-01
3.369580455860708978e-01 9.643399736859059601e-01 3.931378254183282017e-01 2.670187214534851528e-01 8.527824310745761860e-01
4.800613381292806459e-01 6.584015950674798612e-01 3.398571317861783792e-01 8.467281110158585422e-01 1.942575562861889038e-01
9.352539124383444369e-01 2.620655505109712458e-01 8.186101517481869649e-01 1.009766746903241197e-01 5.365955945549645278e-01
4.076291264077871457e-01 9.378078039304973412e-01 7.579582481340578770e-01 1.881131365291136559e-01 1.531964252035142859e-01
9.303930667511728370e-01 8.433999110650521880e-01 9.999128049625237713e-01 6.499548366688855383e-01 7.424760196308242133e-01
8.954768579385683491e-01 6.574324464868439577e-01 4.706177804489273253e-01 6.914683407426293060e-01 2.506291618180334080e-02
5.513888736603012042e-02 4.984334136404400262e-01 6.516282504849867374e-01 6.378307481219116504e-01 7.882568004462870981e-01
8.954759085817824982e-01 7.503251896445218838e-01 2.336819128345115626e-01 4.313774957854132897e-01 1.539326575326027680e-02
8.058217704464747388e-01 5.391222118209241243e-01 8.809800296941836528e-01 6.847905691094798852e-01 9.972458672404640456e-01
6.768328107522535442e-01 3.590635119381111462e-01 5.987253188822109218e-01 7.322572760588206275e-01 9.752284998984011022e-01
7.308758009247163789e-01 8.799268222332676803e-01 3.130626084070952109e-01 7.502805638030671798e-01 2.505029065752909512e-01
7.791196449747471720e-01 9.534232702237799284e-02 4.409842899582385733e-01 3.363961686812878549e-01 6.032420461087136809e-01
6.377507160443887102e-01 6.116071345707175810e-01 7.930847304087682570e-01 5.244443945370326210e-01 7.630558341090778463e-01
9.517028385171478755e-01 4.241588850323807502e-01 5.444114316849286705e-01 1.277571481675398024e-01 3.775105323652930833e-01
5.848719258620441730e-01 7.203019894583616578e-01 6.961805577255710809e-01 6.095569569291461320e-01 9.955524352997926485e-01
9.349694329988933461e-02 1.781383112700407612e-02 8.620360944067555486e-01 1.618575231185886976e-01 5.840858911055171188e-01
9.435393046018979435e-01 2.517098668722860255e-01 5.723767935043347910e-01 2.035056288327475871e-01 3.073775266775191639e-02
9.555153469500621277e-02 4.277701938716205188e-02 3.596657981780082558e-01 2.024690791079639673e-01 4.152582255401348066e-01
8.662916381699961033e-01 3.864574196499773739e-01 4.204674895552020786e-01 1.108328203167718851e-01 5.414284694564529543e-01
3.735342569606698859e-01 8.113738037764087752e-01 5.788930339171484141e-01 8.771906751065209340e-01 6.203650571450294304e-01
1.407812106350497805e-01 9.043926543235396576e-01 4.354649388409208566e-01 6.257366083715354410e-01 4.381965110804288965e-01
6.343361553793680496e-01 9.526249413865143234e-01 7.279901404880511073e-01 3.332574614255906509e-01 1.304572255869450581e-01
6.976388955184809060e-02 9.781720223503709288e-02 9.737094470220227782e-01 7.132754754428964894e-01 4.009232638495028311e-01
9.236241921126322474e-01 1.756285359615901154e-01 1.541045476828931671e-01 3.668175492664406123e-01 2.734370580140622620e-01
3.663242283934474708e-01 2.644847875240381452e-01 8.826023785861941695e-01 6.382965367805758516e-01 4.499204809621347723e-01
7.493547416867892830e-01 5.604338178398093895e-02 9.670909596694301502e-01 5.133978973160483461e-01 6.764086006246505800e-01
6.324229781598111888e-01 6.689007894067428017e-01 5.700446686715469058e-01 1.482884988375123836e-01 9.636204506660249747e-01
8.792638390118611147e-01 5.892056676805283999e-01 9.952205085503914583e-01 6.586419609339099202e-01 1.664257552542313112e-01
7.294228845246600867e-01 2.995552929989863111e-01 8.270091572624912457e-01 1.249152064532565998e-01 7.320870116428009888e-01
2.969340176478854065e-01 4.222648532746986483e-02 6.650195916123705642e-01 2.544217285156030739e-01 5.553583167284472655e-01
9.784002495332724259e-01 9.686488812746801846e-01 6.186291152169710594e-01 6.238499218512558731e-01 4.444773106629200665e-01
3.268114092650098446e-01 1.455914574984151777e-02 8.284535855700834173e-01 8.925686701967622261e-01 7.480039917701657437e-01
