9.009816737103939488e-01 3.964524206604383982e-01 5.908450655207622138e-01 1.732618991898384753e-01 8.605322018704277820e-01
6.426977143271711546e-01 1.467349789517110592e-01 2.679397270960027777e-01 3.550937758271043299e-01 7.217052628171338746e-01
3.860255287267214674e-01 4.799669350478823482e-01 3.766432922233855507e-01 5.097561129907568489e-01 8.312861488592063752e-01
1.562668508690384650e-01 5.246436599807665635e-01 7.264804124496790916e-01 5.053026773263010751e-01 9.283221187092688398e-01
4.626995899096477682e-01 2.538187357425685242e-01 8.210903849744402017e-01 2.931826695011523487e-01 9.074177648655270545e-01
1.781957926257862201e-01 6.670101551212967994e-01 5.354147992364222119e-01 6.802384663759093453e-01 5.750940073519663631e-01
3.188214227030370385e-01 2.833095284145090709e-01 5.997015285630232784e-01 4.562527938124139038e-02 7.883512289548102459e-01
8.948060562912960592e-01 9.755971397372023013e-01 9.113373896507347416e-01 9.844575038025903391e-01 6.705927700462132046e-01
6.628834416652473749e-01 5.245501978794253617e-01 2.411364031994733814e-01 9.054015457902174768e-01 9.992192839711373509e-01
2.239145147577766837e-01 7.159341233005351857e-01 2.952233415802427707e-01 7.778507371536969028e-02 1.545947634969112583e-01
9.591571471400894833e-01 5.348059058375495001e-01 7.725308217693409585e-01 8.690534811426172679e-01 5.693371173759882442e-01
4.889129135326683029e-01 5.752867408400837990e-01 7.578691262926834371e-01 6.573928012619689731e-02 4.504078366498864838e-02
6.394565484086049967e-01 6.359901797114774213e-01 1.824121333533309519e-01 4.573408315245565126e-01 6.254495742879717657e-01
2.223235536505370202e-01 4.270824821593880438e-01 8.573496728968059699e-01 8.667420450382060659e-01 7.014719642859214010e-01
3.643302962304961756e-01 5.044871977767763083e-01 3.883064915266360995e-01 5.626224366029661805e-01 5.457244353823739180e-01
7.459581612544541329e-01 9.420958495460114435e-01 5.311667067412230159e-01 9.750441042770943145e-01 9.308664142037603728e-02
6.470646457881530367e-01 2.667204217192898907e-01 8.051836754802291773e-01 9.892774220087134918e-01 1.268490150539414163e-01
1.612008706272696212e-01 4.003029825373991546e-01 6.461020792437369709e-01 1.151794066994690224e-01 9.616400556009817580e-01
6.282085804236988702e-01 3.480797901765694258e-01 4.120117887326137929e-01 8.388668574273392409e-01 7.154963880893152606e-01
7.975344403843168672e-01 5.860116065133520458e-01 6.142505101040374171e-01 6.633962769338822563e-01 9.482226896203106437e-01
5.050841062494545453e-01 1.598269464960169195e-01 5.014642255482543165e-01 8.471505931559357716e-01 3.112855266224132667e-01
8.133104215216352406e-01 7.080315646487553849e-01 5.922227521420686536e-01 6.105020287246837318e-01 1.642374420287787684e-01
8.553422876341998382e-02 3.746181490105098266e-01 9.768295795954546890e-01 2.126567271626550459e-01 6.691140444958169065e-01
4.936571295626612788e-01 5.611059362117924998e-01 5.675101537953364250e-03 5.995860700203046179e-01 1.894700172690233497e-01
5.357550252164910987e-01 4.693362238507239326e-01 6.728128381620123166e-01 2.929540348834659413e-01 7.599589970852941301e-01
8.960291718200968925e-01 4.245830495027483886e-01 5.631155097782052366e-01 1.085142494672720614e-01 5.341123939212967242e-01
9.170299504685186509e-02 8.823149544814954393e-01 8.628931246761468721e-01 8.822603220630139687e-01 6.635533361942846931e-02
8.413637010327248422e-01 9.785424401837539143e-02 8.014818670093963870e-01 4.721625017224670984e-01 5.438448308829547662e-01
2.557454018754112823e-02 7.901850829791087216e-01 8.759902983536190790e-01 5.250044162450202556e-01 3.580245519377577290e-01
9.578776241994406693e-01 3.907316010369139558e-01 6.620997819919544058e-01 6.265599016064956617e-01 9.983829860685178303e-02
2.670085507389765578e-01 2.528231862506936656e-01 6.188069033626651949e-01 9.069736614694934307e-01 7.135427995985063054e-01
2.578711234295055776e-01 7.703970296815791929e-01 7.182796278657015421e-01 5.819260555379894839e-01 2.375023814557920554e-01
3.716622554907661469e-01 7.770645097190086448e-01 2.355027086240072398e-01 9.632477380062006711e-01 1.850178999135241309e-01
1.016154250726224451e-01 1.267986936223232108e-01 4.721173473720683411e-01 5.024537259569625824e-01 4.951208173135563939e-01
6.182610319281339750e-01 6.035984337928590460e-01 9.469083069948517339e-01 6.458222338906607352e-01 1.298691789420214349e-03
2.879531789300165956e-01 6.288265637334360392e-01 2.830050059255049266e-01 3.337966255752905509e-01 1.702464929439270191e-01
6.073212850086684433e-02 4.931670695357769363e-01 4.490509264366250308e-01 9.315622482876769750e-01 8.308119749928415398e-01
6.830260328210280285e-02 4.662072741369975848e-01 9.706203296732341945e-01 7.921102191637435785e-01 3.326176977533371604e-01
2.350797551727363821e-01 5.489973171199173940e-01 7.680880204896622931e-01 7.285676534799946369e-01 1.219244669504745415e-01
9.536102291205753589e-01 8.399751632549514735e-01 1.404459004908997777e-02 7.429821879427425113e-01 1.598365558123125973e-01
6.033950494838571377e-01 2.235956275559076722e-01 7.748286414354654816e-02 4.254797331693860318e-02 2.175819638737187534e-01
9.399865726117662135e-01 4.474171544391302158e-01 2.952945199957003330e-01 8.326111971862880656e-01 9.341394792679427184e-01
2.362002936261560215e-01 2.796682277312620979e-01 7.297337645393914274e-01 2.801224685581982232e-02 1.153401709439737521e-01
6.164238168403206597e-01 2.968187156984649633e-01 4.616583380383322277e-01 8.389121801849904747e-01 9.129223046653064388e-01
1.182594075706844272e-01 3.129223736459202376e-01 1.761606190641650249e-01 9.985121853040909157e-01 2.762713879820820617e-01
1.159976681719677716e-01 5.904382998495152357e-01 2.806023041680167918e-01 5.341266338110218781e-01 4.623933055240736500e-02
5.652170318306888319e-01 4.578151730267907560e-01 3.695299155127992341e-01 1.142952402874173323e-01 9.824717438920792523e-01
6.950110373207505354e-01 9.285730586035838563e-01 4.389666147811204233e-01 7.271575006337793745e-03 4.090387289130401616e-01
2.551925145214470891e-01 1.749574577363599559e-02 1.421759336320549405e-01 7.034256054584134832e-01 9.742907778629102955e-01
1.784424747608313044e-01 3.124335716614374814e-01 9.996174479222732501e-01 3.814946487444058620e-01 9.733236643468031746e-01
1.849908377914150082e-01 9.140015146668145629e-02 4.340336863384185451e-01 3.484389762897123211e-01 6.495654984817351707e-01
1.155483200411284717e-01 5.099572138728870607e-01 8.654623917974924030e-02 6.788038709424648598e-02 8.531364751506544941e-01
8.211448531122799155e-01 6.880185111567792555e-01 1.740532474427002319e-01 4.393845563832847745e-01 4.117438701248926636e-01
7.717651604423677592e-01 5.187171465794587766e-01 6.884104651925071483e-02 7.268548810478936417e-02 2.550268816983816134e-01
2.073637254579631106e-01 8.526618321869002814e-01 7.776324500017847141e-01 5.660271242672539893e-01 9.924429683454648599e-01
1.944488641506978421e-01 5.484500236799143558e-01 5.056976904690424490e-02 2.201664390091665480e-01 6.295335700025675996e-01
6.134053536294329367e-01 8.096404562842142161e-01 7.600635069437409186e-01 1.661721168306252716e-01 8.942571722508773080e-01
7.632721214369754259e-01 2.724701500425333878e-01 1.140504975030419699e-01 5.809416881911063646e-01 8.125269532637531267e-01
7.008019081388450200e-01 5.662194595316820678e-01 3.173644765573737647e-01 1.268227716143228712e-01 9.475728759968344850e-01
8.423471116732184072e-01 7.526811953492241747e-01 9.355184476000147908e-01 5.772650388024117563e-01 4.089266716621828834e-01
8.961492298258028066e-01 2.249033657485923765e-01 7.462054158995491404e-01 1.844689071308535100e-01 4.995683467859756144e-01
8.127810070309581247e-01 9.464979845677378156e-01 7.827626325174129596e-01 3.392432174689464786e-01 3.000214337410700427e-02
2.915604615386329090e-01 3.315154069959524996e-02 2.498165071668786430e-01 1.450644888862915316e-01 3.339587231074281348e-01
5.004882327848021450e-01 8.335725073924399320e-01 9.006943917376890596e-01 4.400121451223271141e-01 2.626725293348897150e-01
9.610269916682000479e-01 3.590792058788346841e-01 9.608755293906626749e-01 1.260846783497865387e-01 7.863871595996088093e-01
6.612531222823126997e-01 5.791541765330465719e-02 4.967514776525476794e-01 8.003838308987628603e-01 6.095039646867967953e-01
5.747029214137167052e-02 8.049013635744703965e-01 5.637674818772188123e-01 6.755915015442538474e-01 1.176159489584328588e-01
4.665086136799161398e-01 5.218514567483715227e-01 7.030470409789082442e-01 2.716509516737790619e-01 2.467426691430510965e-01
4.376687052682614043e-01 8.234965556771517425e-01 4.135047091762521498e-01 6.067068233133965371e-01 2.334446139459316338e-01
3.260099185739313565e-01 2.389769239627173025e-01 9.737832164019686321e-01 9.022212180729525244e-01 3.570475083077759848e-01
7.606944548188505628e-01 8.035962982866173832e-02 9.384419882208838715e-02 3.521202870367046156e-02 2.080190282183986827e-01
4.936653474197524316e-01 7.756936208216558271e-01 1.328652597723479767e-01 3.903529273044609171e-01 9.582888957572202049e-01
5.872919011631037023e-01 8.276701011317721957e-03 7.700876046243644302e-01 1.139279265995218893e-01 1.200759281726705430e-01
6.224843185134930623e-01 7.469242110685188063e-01 7.617951803137500422e-01 2.436068982961255847e-01 7.130689300092127869e-01
8.563470747689124751e-01 4.905031219860849223e-01 7.825969711472513524e-02 3.451460864383495419e-01 5.364854599841240024e-02
9.354185016465755842e-01 1.162148378144253202e-01 4.782623692172524033e-01 8.617707336347747438e-01 4.416302127075355521e-02
5.014267789660220576e-01 9.885282968194363251e-01 3.406747313558229351e-01 7.975978903614909798e-01 2.577244349596581330e-01
5.368701180114325844e-01 5.500973089040641639e-01 2.079209106155388564e-01 5.076838804333958510e-01 4.445973625003396545e-01
5.795600862957025479e-01 7.080558602413170588e-01 7.197821709543994473e-01 3.784949356088496142e-02 7.862571091037927618e-01
3.176704020066275502e-01 8.888239655604825984e-01 1.519919440769341712e-01 5.127935911339024377e-01 9.011152989217641185e-01
5.608144511978432334e-01 5.448324841289379217e-01 1.806993457315146934e-01 8.007422442681018104e-01 5.359087637022716955e-01
4.440937993682254614e-01 2.489728523523658810e-01 7.791849594892807929e-02 8.505911094863558564e-01 4.634420442654714201e-01
7.615485626966448374e-01 6.434441091901623722e-01 1.978975771810220774e-01 7.046392733910390449e-01 4.607125383847475719e-01
2.923686362522970317e-02 5.926745114586479124e-01 8.294610929505112917e-01 7.283870181588957271e-01 4.476556526018453663e-01
3.209250864977047923e-01 7.591634087250670460e-01 8.540510298377708143e-01 8.608029256262017537e-02 2.063994797342735277e-01
8.692651710882316474e-01 1.794711770896390002e-01 4.229470903124076253e-01 6.426341610514496594e-01 6.473543976323202775e-01
3.004391247223059391e-02 7.393374070250756658e-01 1.827108839713940114e-01 2.770419187685279061e-01 6.643162378233326004e-01
7.884659991221536490e-01 2.522690870467082513e-01 5.284519292749518815e-01 6.006293643854241360e-01 3.310256501400857809e-01
2.064397433042697294e-02 5.165346256730282137e-01 1.828066163027179947e-01 4.048124471940721669e-01 2.106493861773125476e-01
6.531784033192997718e-01 8.662996890616092571e-01 7.963315004835901378e-01 8.409677326810204301e-01 9.465645565318703269e-02
9.289062677352807329e-01 2.548599281544686734e-01 5.098175128579363058e-02 4.092727467248792328e-01 6.602445932861235045e-01
1.339701479859727318e-01 6.694526403771985379e-01 2.213354425371560907e-02 2.126110689288699396e-01 3.064017083356336268e-01
6.101952722712580268e-01 4.161580477308368664e-02 2.447765980391085616e-01 8.354561705921026427e-01 7.254691577792997670e-01
9.099310452000137772e-01 3.615501549419473104e-01 3.065344461979420121e-01 8.853800422731195052e-02 7.064940030225820289e-01
2.320244067446441960e-01 8.983858682955303543e-01 3.352053718102013802e-01 2.911865461393144949e-01 3.104838490321789601e-01
3.260391025069808713e-02 8.488036701741696888e-01 8.774509234198288876e-01 1.673602734637500422e-01 1.144529707495650639e-01
8.397524992893110607e-01 7.652767882951077016e-01 6.774191678160235153e-02 9.040783572713320115e-01 7.890409920155299073e-01
7.139066883799614072e-01 4.668166372624591443e-01 3.493392525914585933e-01 6.795393891617088622e-01 5.864845570409688014e-01
6.979627712444159693e-01 1.731341475523615614e-01 5.552576308709633590e-01 8.926290631006836840e-01 7.079639254639539248e-01
2.767260882720967707e-02 3.755371758088407175e-01 1.354183463898650519e-02 3.571953012449281539e-01 2.844548720803474762e-02
