-9.890998829114046320e-02 6.534116546135632086e-01 -1.775897807465729589e-02 -1.101867642357567817e-01 3.152219912115540312e-01 -5.276391444118985752e-02
3.909914811876772367e-01 -2.462660882902914516e-01 9.799999999999999822e-01 -4.763691262932618492e-02 -5.929589648199621310e-01 -3.544789166036145800e-01
1.706361211312522885e-01 2.802005699236546077e-01 4.149171130523663376e-01 5.006100576435415506e-02 -2.924402829008747040e-01 6.267410517475033305e-02
1.592567585813111641e-01 1.661818140931181076e-01 -9.342785363094957551e-02 1.650128936952690445e-02 -2.337394530290125005e-01 1.000000000000000000e+00
1.056182817014819503e-01 -3.876687398894576586e-01 -1.709334036570554494e-01 -6.942279587514231798e-01 -5.216912275927194920e-02 1.225294792277044770e-01
-2.021205300380218839e-03 6.486681670180423354e-02 -5.641879597564346260e-02 4.462379344753721888e-01 -9.355654869763450066e-01 6.167001037528951901e-01
4.754866287316927287e-01 4.143052179940248103e-01 2.160060701782828829e-01 -1.243332801880641693e-02 4.913686963189645672e-03 -9.270453457203842174e-02
1.256321919652643448e-01 -3.169977441172767696e-01 -2.981948926322522397e-01 1.199383494497573317e-02 -6.569944408689151749e-02 -7.739568606384610548e-03
-3.434398143588930918e-01 -3.324723379048896699e-02 -8.668515023322773128e-02 -7.846972026583935722e-02 -5.658491612690403905e-01 -6.655799390057963727e-01
1.013713718314880469e-01 3.985122152147158037e-01 -4.944400694643079353e-02 -1.209245420746930984e-02 -4.842967177197898820e-01 3.359266394031582004e-02
6.079445997829356907e-01 -1.904729121098530098e-01 3.124540856511629494e-01 -1.433995129530978574e-01 -4.576883320673253430e-01 -2.129858103413194703e-01
-6.465342933345719079e-01 4.519241742447397403e-01 2.171525008510608590e-01 3.446094667081225221e-02 -5.850616800543173568e-01 -8.547877659405900275e-01
4.213620878275167736e-02 3.024574837255782356e-01 9.799999999999999822e-01 2.300632149332719825e-02 9.799999999999999822e-01 -3.990324531578952338e-02
-2.657151217021724854e-01 6.247891963966680645e-02 1.989117527987996348e-01 -8.286111627862065288e-02 1.437749818118927991e-01 -1.177311464112568706e-01
-6.836552490106068136e-02 3.320763802144660048e-01 -3.985237925021103411e-01 -5.854218829609748598e-01 5.931960910982434498e-01 1.000000000000000000e+00
2.768363735340382270e-01 -4.644042209294135248e-01 -1.112786915518784586e-01 5.844821661606043432e-03 -2.435851378751659468e-01 3.450496420703338951e-01
6.274681786197899847e-02 1.205598170514490947e-01 2.177146041018811207e-01 -3.314740993114044243e-01 -2.746900830419175543e-01 3.832772518418113283e-01
9.364282517016797591e-02 1.637791647114389681e-01 -7.542240799726897260e-02 -2.623335206226169725e-02 -5.297359181555885005e-02 -1.167844170852993385e-02
9.469567110284463074e-02 -3.729867715993860910e-01 -2.635485303641068033e-01 -1.921948130117555886e-01 -4.703724215825770272e-01 7.448910172499333404e-01
5.096502743346822406e-01 -5.782940967573089314e-02 8.805853743435256009e-02 -6.493894720527276787e-02 3.513429117639054189e-01 1.000000000000000000e+00
6.556080338817164149e-03 2.119475310212871541e-02 -5.730695666260243737e-01 -6.770209932783234630e-02 1.082367395163431022e-02 -6.572714861184315582e-01
8.953165038730058131e-03 9.100122117237766095e-02 -6.087747893166159940e-01 -2.927599437517094949e-02 -1.292481484987853362e-02 -5.625863289062511124e-02
1.902469374323564888e-02 2.072607193726182517e-01 -5.634054356301444466e-01 8.637489883443963401e-02 2.880987012610358722e-01 2.916274778892857713e-03
-3.726907455020758708e-01 5.724186619661293662e-02 6.591502996870911568e-01 2.602756183811691382e-01 -2.711159659784024289e-01 -8.816175864998225531e-02
5.181392297443819517e-02 2.363674712651523402e-01 -3.222032235035325598e-02 6.469633302150103182e-02 -1.931083414602802542e-02 -1.981098546548094586e-01
1.609871327737710800e-01 -4.881610282695329067e-02 -6.470563920326952712e-01 -1.376321700950489113e-01 1.759898726939465863e-01 -9.302560616861298426e-01
4.693159163677058932e-02 7.520377754406331050e-01 -5.397192759902345177e-02 3.715497721744576154e-01 -2.056066072896379771e-01 -1.000000000000000000e+00
1.248673625925811326e-02 7.113335274299356636e-02 -3.053850536130696680e-01 -7.972741947084285297e-01 -1.625152615728705507e-01 8.849774343029362944e-01
6.635514594212128803e-02 -3.652929321768130788e-01 9.221355381330648138e-01 -1.246903409238792476e-01 -3.571491826898494648e-01 -4.712200017484972914e-02
-9.152164015734529090e-02 3.245496914085631290e-02 1.735456228309251725e-01 -1.348404522400789562e-01 5.924020698948078145e-01 -2.199482472589585902e-01
-1.385620239757957145e-02 1.341966316256073752e-02 2.757061093207661129e-01 -5.722475196610648379e-02 -9.629017153466104539e-02 -2.322422195653608534e-03
5.981697186904857411e-01 3.189025210343749972e-01 9.573882010277270926e-02 -4.599941185277930389e-01 -7.230405237923602790e-01 2.134186696264695482e-01
-6.514912202636448726e-03 2.400531911061521140e-01 -5.735694275552986054e-01 -2.393929386934106618e-01 -6.519283099176140239e-02 5.348997167612536130e-02
1.669321719230497936e-01 6.747916419933772669e-01 4.473772429628492531e-01 4.143418990806901347e-01 2.828410859798216603e-01 3.509141685276120914e-02
-2.371073036242374570e-03 1.827407759838419465e-01 2.491979726851622362e-03 -4.982976451317071009e-01 -2.096959203893156067e-03 1.375501466666478323e-01
9.362721567072589124e-02 2.428594622787635104e-01 -5.852721851312320256e-02 -2.799461426300595829e-02 -7.802822832863954838e-01 -5.561815423410643860e-02
2.515647398512759619e-02 8.023032558719045415e-01 -2.338245532451233011e-02 3.438070305190912140e-02 -2.577738088251229839e-02 -1.862824488551570179e-01
-3.857995502200152749e-01 8.668528176956762366e-01 -5.803982157755872839e-02 9.737114641255017675e-03 -1.760811804112869805e-01 4.115106565292159235e-02
-4.363667713367010148e-02 5.941175547014136971e-01 9.404757637897963596e-01 3.439051879133239176e-01 -9.161904490185774907e-01 -3.369587731459608437e-01
8.902461410370857142e-02 7.980011031991820492e-01 1.143483121878480641e-01 8.906031036665019995e-02 7.351169388674748395e-02 9.681443640886394641e-01
8.462259922402506906e-02 2.032084204316464415e-01 3.900799539457051601e-01 -6.921287920078521283e-02 2.248418907176860659e-02 2.464159680063076341e-01
-2.443754860704221432e-01 2.264775886031668850e-01 9.799999999999999822e-01 1.678977025159358524e-02 -2.048210659066749539e-01 2.917216211145430838e-01
1.901373002077323127e-01 9.799999999999999822e-01 2.845173989718715601e-01 -6.536679826095490586e-01 -9.472495239237785011e-03 -6.454354127931404006e-02
-2.349347564278038772e-02 2.956673769759061710e-01 2.811939718817669243e-01 -2.835230522993978722e-02 -2.631115205307656968e-01 7.533446419856527632e-01
-1.651069660087109980e-01 -1.997562775484152536e-02 -2.267733871112041083e-02 4.367545532886824566e-01 2.826286654275426136e-01 9.517662102703634830e-02
1.145625655426073114e-01 3.952516881031677420e-01 -2.041948163338117017e-01 -5.590264540586094011e-01 4.408982136838346944e-01 -6.508389339664534257e-01
1.301139740001388823e-01 9.861909300636283182e-02 -9.218308678069651874e-02 -4.113880637204133106e-01 2.432354877855449071e-01 3.738518643605862612e-01
-5.138991273559832124e-02 9.799999999999999822e-01 2.785014479556792155e-01 -1.905604110417951080e-01 -1.755608013794270617e-01 -7.932618996971608771e-01
1.773444394074386726e-02 1.294779252608870279e-01 1.136944230619395951e-02 -1.984847483658948655e-02 -4.350711033491939245e-02 -1.845316671036205114e-01
7.197353987230126204e-02 -7.937376099870745161e-02 5.097067746801914323e-02 -1.265703587843526046e-01 7.592109569135641056e-02 6.448304957708642648e-01
3.657867468334679573e-01 -1.990983627223993635e-01 3.060696379278619594e-01 -3.159506380615430265e-02 2.650974695463799782e-02 5.298611084442262920e-01
-3.983339743427881385e-02 -1.220063283553334960e-01 1.356768350883868490e-01 -3.180295714193313861e-02 9.387379144065694653e-03 3.120718909209323558e-02
5.533750016256784310e-01 9.799999999999999822e-01 -7.315009736251669725e-01 -3.646122506147723291e-02 -2.173154123976503427e-01 -6.261942879842055110e-01
6.017655028716551585e-02 5.160883769121112769e-02 -4.259560720804998063e-02 9.659053353184209045e-02 -1.245827050061360571e-03 -1.249054804151716186e-02
-5.036908073594359436e-01 -3.549840482497879646e-01 -9.533620363643089193e-03 3.475545964268497018e-02 4.300182420242153886e-02 -5.178226980095062583e-03
1.025963677936871238e-01 1.307289567557387011e-01 3.584216919220682973e-01 -1.734543211882276781e-01 -1.568680156992244279e-01 2.360514211795259054e-01
-4.803554508014283297e-01 8.792208536108588879e-01 9.799999999999999822e-01 -2.625032449781184996e-01 6.268977176748383728e-01 -2.940786123275988539e-01
-3.546048174592423829e-01 9.145485586925844457e-01 1.332460938517188859e-02 -5.341092051785750749e-01 -1.831933355019217391e-01 -3.079645372582091589e-01
1.692199287597677751e-02 2.727162337425195204e-01 -2.980288354344972079e-01 -1.270129663459455480e-02 -9.327994976798565929e-01 -3.366415795369812614e-01
-3.125744922484970795e-02 -1.851335296827225085e-01 3.867294703038084286e-02 1.805060581885082824e-02 -3.428660836414361146e-01 -2.803442587485781290e-02
-6.744510777653049960e-01 5.021501557648928582e-01 6.475529453272652614e-01 -2.755959719888207426e-01 -5.034910776272642774e-02 -6.991577288303399418e-02
-1.080747372973859220e-02 2.926026624373810336e-01 3.583087120118113034e-01 3.258604298095539586e-02 1.366492362658774939e-01 5.733204901810037141e-02
-2.770276277418675104e-01 1.153898457830367791e-01 1.198748019479483756e-01 2.077313302035098119e-01 2.717755687704268008e-01 -4.527019581663003223e-01
6.769195331004947969e-01 -1.575657525372809245e-02 -9.799999999999999822e-01 -4.329248633200596247e-02 -9.799999999999999822e-01 -4.788578895510998135e-01
3.538576184819777204e-01 1.096739685108981677e-01 3.689885669575546871e-03 -3.407227715592565237e-02 -7.969484309470212247e-02 -4.984253304933981832e-02
-8.059194629285842612e-03 1.016239471401516464e-02 -5.120044638619337257e-02 -1.717422313041211748e-02 7.726556981980492456e-03 6.851651421885285309e-02
-8.000000000000000444e-01 6.495061315835758131e-02 3.334931066955872936e-01 -3.896854212889167002e-01 -2.701953083437003134e-02 -6.153365478261672017e-01
1.261149194182032141e-01 -1.217023756575247723e-01 -8.779293102434528040e-02 -1.114427528575864107e-01 6.570242379052904091e-02 -1.103792371491487401e-01
1.212484505383482417e-02 5.683820958587735284e-01 1.206352925092274292e-01 -3.176721645239460184e-02 4.920145221471647345e-02 4.145217991909896926e-01
-9.580937063556255184e-02 5.166595655397938913e-02 -2.466320536584596101e-01 -9.899999999999999911e-01 5.952206133735652577e-02 -4.170664875680600570e-02
-3.045157036353416391e-01 1.189601792398145425e-01 -1.074404613633763404e-02 2.031270565714817303e-02 -5.974789709018988454e-02 -1.593249034786414428e-02
2.514896585352441316e-02 1.670558600516132142e-01 -2.479714927214395626e-01 6.762201948837855137e-02 -5.436524092209139569e-01 7.083458101962490927e-01
-3.524219934770261853e-02 7.239325207687451469e-01 4.219363811945599230e-02 -5.787423184465538828e-01 -9.799999999999999822e-01 8.351365832178121451e-01
-1.664741602800757780e-01 -5.327438157109001121e-02 9.799999999999999822e-01 -3.048219684187922912e-03 2.833221041464115686e-01 4.760289934893656150e-01
5.242764087684425034e-01 2.898014859669519883e-01 1.625198051209184313e-01 -5.827852883648826365e-01 -5.282591246759440334e-02 9.164088231664487827e-01
-1.753797863034106397e-01 -2.002961892694644919e-01 -9.881057357687554610e-02 -2.336450078938897765e-02 1.718377833362339999e-02 -1.029053182043956037e-02
3.157083364486443222e-01 3.413354494696784203e-01 3.886780538761815118e-02 -9.243980017910652380e-02 -1.811321919947571912e-01 -2.810435500220968483e-02
-3.426211424605461742e-02 -7.829450050123794025e-01 1.367997577716060786e-01 9.412667543455958130e-01 -3.149195559766356789e-01 6.234946725507561904e-01
8.198159604403683354e-02 -9.799999999999999822e-01 -9.799999999999999822e-01 5.618514137996693386e-02 -7.377945743567416725e-01 7.040861300178988258e-02
1.011021099968200804e-01 1.339811697091653764e-01 -4.920120618607056601e-02 -2.331287412287941507e-01 8.261077098825746201e-02 -6.007948148573400982e-01
-3.540647334348012709e-01 6.311273665842831448e-01 6.038065509401795428e-01 -1.505058798468000281e-01 -6.189256687622798903e-02 1.526141286121149299e-01
4.128364655068885586e-02 1.324868075322793715e-01 -1.255700109753486449e-01 -1.401077594343013433e-01 -3.334608718336563582e-01 -1.325486951980131278e-01
8.609930121833332672e-02 -4.764684368117986790e-01 -4.601087841099370246e-02 2.211667089320704452e-02 -4.080259086732199690e-03 -5.787834219291596721e-02
1.320689266531892003e-01 -4.542859976005781397e-01 -1.014388684451867327e-02 -2.716745531502249081e-02 4.720177754364466294e-01 -5.798712258398288633e-01
-4.173972874407864131e-01 7.628729738807761562e-02 3.191735179304647785e-01 -4.816508900224272111e-02 8.254222651317272286e-02 3.568953265969974920e-02
6.801795918895585380e-02 -9.411669045241004630e-03 2.504784531554714033e-01 -3.371011578404242010e-02 -1.340563813956844631e-02 8.749214270835943552e-02
1.457794156611731118e-01 1.155740117689046526e-01 -3.741057688606432285e-01 9.899999999999999911e-01 -3.716973970352480811e-02 1.948988484730219406e-01
8.662164410301674555e-02 -7.689576816254450886e-01 -5.433551849078815943e-01 9.698668002361189588e-02 7.355635449518255209e-01 -1.959794749059732277e-01
-1.362740160017178181e-01 3.306627475749748246e-01 9.799999999999999822e-01 2.041356967609057604e-01 -3.862356346751828484e-01 -1.000000000000000000e+00
1.655076733517900009e-02 -3.436768767657180090e-01 3.858918484802181716e-03 -2.073348786295717838e-01 -1.355198993199201174e-01 -9.421662635390921914e-02
-1.549524535509768375e-01 1.609239771063002977e-01 4.458562945917588505e-01 3.387801777331013453e-02 -8.708197330017246607e-01 -5.312046509693731794e-02
8.406219812225849963e-02 -2.937458776534798352e-02 3.392404296552946341e-02 -3.121956450833106578e-01 -2.420994500275850184e-02 2.959314118442682440e-01
3.255644707093205970e-01 -4.190123835526298607e-02 9.799999999999999822e-01 -3.358992581641989106e-01 1.412191848017714246e-01 -8.186881140148993818e-01
-1.066285401980524572e-01 2.221952911869516101e-01 5.307081296089275479e-01 -8.297186676831726226e-02 5.027199078436059843e-01 4.782129867348754865e-02
8.844517827874784355e-02 2.130024481564769534e-01 -1.006516703615324276e-01 -2.052429365364893260e-02 3.182344449814453746e-01 -1.928185639184567396e-02
1.918200290181051870e-01 -1.006504557829109442e-01 9.799999999999999822e-01 6.513776244319446906e-02 -1.237707586606091315e-01 -6.817870682252432646e-01
-1.343042776256306858e-01 2.918279354529267899e-01 -1.375744503155888476e-01 -4.923421792913943440e-01 -2.291417621330290033e-01 -3.964375550784070973e-02
-2.057967768370545791e-02 -6.351962999769499296e-01 -8.733132408189436813e-01 -7.688912894489407894e-03 3.921892333611284864e-02 1.000000000000000000e+00
3.057308399246302152e-03 9.799999999999999822e-01 -9.799999999999999822e-01 -3.442541556547437098e-01 -5.975805454494809849e-02 -2.373484989179054996e-02
1.148147098002003652e-01 4.108684000642202072e-01 9.340224643254943504e-02 5.888222696393880309e-03 2.728903125447535993e-01 3.855239137803280758e-01
