8.662353820542215699e-01 1.713895591902032112e-01 2.676890947012101618e-01 4.289583715517688578e-01 6.754476181411857016e-01 9.243378839760659771e-01
1.455582882642934561e-01 3.892944038866993917e-01 1.150194110047909835e+00 5.967935107143814699e-01 1.883710000300528598e-01 4.243747259493341195e-01
5.112192063027096722e-01 2.068395261387543649e-01 1.748405377259466764e+00 5.213584404851570042e-01 4.315072635652288380e-01 6.869898985084506027e-01
6.212838158070781436e-01 7.278997471769284022e-01 -5.801416710200946181e-02 5.808613485291366230e-01 7.267002297856638426e-01 -1.140118757156868279e-01
7.264604682019319970e-01 6.191873367202958001e-01 -1.280143383780282251e-01 3.973191336423927966e-01 5.450359832130542426e-01 9.664331073723944066e-01
6.167484422461849691e-01 4.822303030353821685e-01 2.618304596609158374e-02 8.256448460978753623e-01 1.879987559626892235e-01 1.128621145234317558e+00
-1.040042597594788010e-01 2.576063054117861406e-01 6.353982106848558020e-01 6.108091816661394002e-01 -2.825558282023098999e-01 4.521210571056598626e-01
8.163089423353961926e-01 6.261449203367825955e-01 3.343503644605586023e-01 6.962249966551997682e-01 9.933490468311076960e-01 7.404246964216906202e-01
-5.606568573165591207e-01 1.279261156659993459e-01 1.041339786929932065e-01 3.660683615328569895e-01 -1.411526364067106631e-01 -1.789012725842049623e-01
7.767442413990154337e-01 4.716922128129561465e-01 6.962990955986689268e-02 5.679508860958318861e-01 7.114918794700745286e-01 1.238524169995002477e+00
6.807354350324562597e-01 1.042130500382137281e+00 9.501605727620860975e-01 6.747577448342475526e-01 5.621117368630508260e-01 5.756580124184847991e-01
2.582160041023726649e-01 1.841622727815371841e-01 2.271763800515212983e-01 7.697110058192455639e-01 -3.520542929335432891e-01 7.169448654051910896e-01
6.772763606657149493e-01 4.559821220564716504e-01 8.355674454894581604e-01 5.880275891727370086e-01 5.184157871860610722e-01 8.747505227451212173e-01
7.062931629261728350e-01 1.632914134341554302e-01 2.100464170795764418e-01 8.107304435780445795e-01 7.339387302582734973e-01 3.643170911341213625e-01
3.962517174267468634e-01 8.577209154578867567e-01 1.453568729925812653e+00 4.973888547548792616e-01 5.533672961090327913e-01 4.329041531114081742e-01
6.328052199865640270e-01 7.707898564639326100e-01 3.319282677482472410e-01 6.443812920157353519e-01 7.213038414514726382e-01 1.093158271121036584e+00
6.779450916908172919e-01 2.204554873766659817e-01 -9.984205014569347281e-02 7.416446604097902684e-01 5.100871997793352541e-01 9.388344836852108299e-01
6.956830548531631742e-01 1.357797430793318272e-01 2.423962960535775910e-02 6.166088776548587225e-01 7.429784106721909476e-01 9.512643520575632117e-01
7.713926505379311571e-01 8.101209011117663228e-02 2.113122220048061495e-01 5.715833135569927670e-01 6.082408471957929663e-01 1.162600542087178113e+00
8.860509311447881675e-01 4.052770746234026222e-01 9.629139989337366368e-01 6.220224355649465187e-01 -5.655244889129247277e-01 2.491421096985033667e-01
7.969086378898853074e-01 5.818239321369960138e-01 6.284591908123557946e-01 3.507944718801356276e-01 7.438840722703367048e-01 1.160048277878000356e+00
6.925851387191308550e-01 1.622297276289156598e-01 -4.381746452012222348e-02 6.088893151148176974e-01 7.767942479237894826e-01 9.743851661073804626e-01
8.127711776891533013e-01 2.676471837942622223e-01 -5.424124212789960264e-02 6.372938619507695357e-01 2.809762928995397369e-01 1.588962074900145960e-01
5.905392017798730686e-01 -8.576897007114281379e-03 7.181645910059724081e-01 4.353914261811324682e-01 2.150387357956990986e-01 6.305280636034091835e-01
6.863350866842228282e-01 1.071966294870000391e-01 4.055695875824412433e-02 6.958592172654848307e-01 8.045760791629112951e-01 1.368738992248785813e+00
1.167703959929331070e+00 1.562129682691017485e-01 2.720411038341526977e-01 6.565137318941639544e-01 4.978819146110836646e-01 8.862317172246003683e-01
3.916081852751267522e-01 9.175420944915440025e-01 7.545313447597387646e-02 7.316086295588002386e-01 5.927087768752440367e-01 1.139232429993427331e+00
8.369391966989309095e-01 4.416196448155437770e-01 -8.418082343805524670e-02 5.799356977096965515e-01 4.782411871064781161e-01 6.449635540371065900e-01
7.827683983239334120e-01 7.161869493888994853e-01 8.442415160663387930e-01 6.865713109003220849e-01 4.900144581865634175e-01 5.198554274601498992e-01
8.269892774698635041e-01 2.044620560026549905e-01 5.330011680451645084e-01 5.307964189942006028e-01 4.933910801276575331e-01 8.727561309030044123e-01
6.308424231536218230e-01 7.637782785954466691e-02 2.914844082740231102e-03 8.814175935287413832e-01 7.267685796822829225e-01 8.532754877109902658e-01
8.573803523235582480e-01 1.272156901949548224e-01 3.315981939804917289e-01 1.083793028032060124e-01 2.269427954260495039e-01 7.271312491807983003e-01
6.653409783058833460e-01 8.589715784938725673e-02 6.401506866929809192e-01 6.628791722081238680e-01 8.108105458442448343e-01 1.008973797495707148e+00
3.191877919330894930e-01 4.113168097125372569e-01 1.856315563896763221e-01 8.002368278552013381e-01 5.319317499332528731e-01 8.648941006883918980e-01
7.156576367260244487e-01 1.407198150495960198e-01 2.350038484370559622e-01 2.833479598524967225e-01 4.540435208256504707e-01 5.822363207834893029e-01
7.095686845885537108e-01 3.891203874110063521e-01 1.022379908581443619e-01 6.157421908312470382e-01 3.461930986863200888e-01 9.176161422282470559e-01
4.330595777947990888e-01 1.017142662549922250e+00 -7.986436838954662221e-03 5.343551043132476197e-01 7.422941382690838585e-01 6.518275800709374401e-01
3.193339777070495211e-01 2.163474325306953827e-01 2.805869088063215472e-02 6.121898700782983926e-01 6.763622157092525899e-01 1.103070721496843820e+00
5.083010705481548763e-01 6.955736421475274822e-01 3.989659789544959256e-01 5.577945958656199688e-01 5.213099514138050949e-01 1.651640955195679272e-01
-4.392304679489048014e-01 4.381124480464857474e-01 1.939836504294444597e-01 7.660824034561103391e-01 6.539249861527099972e-01 8.082631405165083827e-01
6.834257331433281069e-01 8.027100321404408989e-01 1.341243765404663613e+00 7.060432445410084190e-01 6.453339338847613460e-01 8.942568344364458799e-01
5.807607955867233329e-01 2.876348389906348002e-01 3.288502347644500778e-01 3.939856967182662206e-01 7.853983996903942666e-01 4.740199890451123887e-01
4.053895200079379313e-01 9.195908971402870780e-01 8.662870251202570149e-02 5.322610581300749044e-02 7.424684756370246719e-01 4.440004109247880359e-01
6.305609794211891606e-01 3.222539613458647589e-01 2.185324286064155852e-01 6.781668622531766832e-01 7.981197901564646147e-01 7.563786467572720662e-01
6.418981251572164481e-01 3.245589593927675764e-01 3.517660292420791979e-02 8.051949592730092142e-01 7.963391555869754335e-01 6.646244350041705662e-01
6.944786387558634644e-01 3.221109960090989821e-02 9.022303535737898894e-01 1.246633644228565707e+00 2.793319423905689103e-01 -9.502901446149365772e-02
8.421933908407432945e-01 2.346182916621092074e-01 4.463059372582933726e-01 1.066932573220546132e+00 5.355143096465088126e-01 5.701636099286158110e-01
6.782052879751260255e-01 7.587166978808025375e-01 1.359647161290435058e+00 4.796694718405558611e-01 6.360920481257851256e-01 4.541199979079783566e-01
6.098234596850287126e-01 1.364702238839829718e-01 1.668608689336305018e-01 6.397430002087962642e-01 6.627226141825817152e-01 9.250286184243770027e-01
6.268563306705831062e-01 1.371354143048811869e-01 9.047698721781157749e-01 5.281241239113471098e-01 3.797539621063459325e-01 4.760523588913537774e-01
-5.876388343645154722e-01 5.552324866185751606e-01 6.785354713739312205e-01 5.517014061989673479e-01 7.812486496210928610e-01 3.794676452627038232e-01
7.466947074024482545e-01 1.369525339654751317e-01 1.022720228932429143e-01 5.811877325216272538e-01 6.082716896659845496e-01 9.054623121221483384e-01
7.014497075666233927e-01 1.435931406835461721e-01 -1.890936768287110603e-01 6.212363789928191382e-01 6.196242801762802399e-01 1.073158807541700455e+00
6.979501260721637790e-01 1.671276655907283637e-01 5.578182769426849597e-02 5.948780440124921132e-01 8.910041765256586643e-01 8.658391997070111756e-01
6.736382638141630297e-02 6.035333797390864952e-01 3.068869448890108181e-02 4.987526595625018100e-01 8.366453846339002576e-01 9.013613056557221448e-01
6.892276591655553952e-01 3.011525029726980218e-01 3.608324371740623260e-01 3.156324520676705436e-01 7.704009985786284265e-01 1.718871921474987019e-01
4.299822614422178502e-01 1.164732945182453960e-01 1.106325777878394145e+00 4.162949690398787261e-01 3.538692463180934666e-01 6.508935818010133656e-02
5.394867373798266641e-01 1.009571528833861587e+00 6.291265734467859083e-01 9.985712134818217622e-01 7.571991868111934698e-01 3.882781025231826777e-01
2.606891918229179428e-01 6.171404785963272577e-01 -1.321922651653055225e-01 6.053053929503300346e-01 1.355562499521155706e-01 7.408614243369212593e-01
6.227514404820480021e-01 5.650949312406504665e-01 5.320322872224978600e-03 6.386302472137371788e-01 7.449171276752900583e-01 9.942982041018240125e-01
1.319791780163489525e-01 4.365465984753448270e-01 2.918378816137066067e-01 4.658445818086350831e-01 8.372004129139870576e-01 7.861275101352118710e-01
7.153870298155523555e-01 6.641594961159597021e-03 1.149887393380890188e+00 8.779630384371492902e-01 -3.239548048534267033e-01 -2.108170393716802815e-01
3.381162423619130664e-01 1.114193115201670858e+00 7.583391728170101320e-01 8.157748761704618490e-01 7.874433119874225673e-01 8.916563196032877281e-01
7.263679990911345863e-01 2.791579844849357839e-01 1.622030450873835905e+00 4.938506782677022366e-01 4.233425369442123110e-01 1.150490177513203927e+00
2.828734701375857918e-01 1.768059426613923235e-01 6.437763992759383269e-01 6.924586482490279193e-01 8.525919692766265046e-01 1.153064499953223437e-01
6.641074165544298413e-01 3.983495712291298396e-01 3.718723072114005213e-01 5.129567555038034854e-01 7.200085149633476123e-01 9.450390200273807162e-01
5.170058272835079682e-01 2.786477584901317361e-01 1.955088966957435614e-01 4.680038573475014951e-01 5.488519024948050884e-01 3.436290011930557275e-01
4.868314575166937663e-01 1.240127922731144861e-01 1.242613267352933315e+00 9.687261149870898258e-01 2.972588611002174863e-01 7.724088427044788485e-01
5.317316472305231301e-01 5.281473400936242957e-01 1.152792499935793719e-01 6.135774265625313362e-01 4.651739185838390522e-01 1.070024433854254831e+00
5.522298990816045805e-01 2.730510115083238931e-01 2.466098011836165282e-01 5.570049888591730447e-01 7.956098405597680223e-01 9.456472819167837107e-01
1.846421676783898125e-01 3.364952499807358777e-01 8.187866333252900863e-02 5.222650799423208534e-01 7.664958643530090932e-01 8.769229946007643939e-01
7.279971791958335103e-01 3.462878217052387519e-01 9.107089876522280747e-01 7.577269147786004355e-01 5.578178177981696351e-02 4.399664365438890057e-01
7.077223395662870509e-01 3.429014922428206269e-01 9.594995398379994878e-02 3.254936717450397365e-01 -3.003478933940394446e-01 8.362391177399434161e-01
6.456524158597879426e-01 1.233116269714424479e-01 6.418628987549916953e-01 6.021772698930940582e-01 1.105150672372976040e+00 8.769605362594768971e-01
-2.275203747963575607e-01 1.889210016426595695e-01 5.964140324686377503e-02 2.119829564715959291e-01 2.909974127868644733e-01 2.183576581077075751e-01
6.323176421442516792e-02 3.355246229151886972e-01 1.818287778047569803e-01 6.715837458698750151e-01 7.900199339957416633e-01 8.637877287980507690e-01
7.639895700419785385e-01 4.927883548983670314e-01 1.657832945061701591e-01 8.959032452822044412e-01 6.043767383184101005e-01 6.707324192018948583e-01
6.328812309887160703e-01 1.110761335503024583e+00 4.755132877114531254e-01 1.260721419876832172e+00 1.361097970864081907e-01 9.044667558838390686e-01
4.865441919112951652e-01 2.458797180856335807e-01 6.078760648596510663e-01 6.759215312484069260e-01 1.278695448575787319e-01 8.560917290450640316e-01
8.102174465389434532e-01 1.322655314032435414e-01 8.952581767782961941e-02 4.629487528684554931e-01 8.868768321239784980e-01 1.838177600151877644e-01
2.814079760746620584e-01 5.685748259310763331e-01 4.737533934866860474e-01 1.694953934310214905e-01 6.935357481788115841e-01 7.302698519174641301e-02
4.866446378844084264e-01 1.118333181022132805e-01 2.717560849322810945e-01 -4.558984864131976344e-02 7.393110240812549305e-01 6.163162868154864471e-01
2.797525811314248712e-01 5.877285842001371829e-01 1.319083887881408734e-02 6.154154764359879293e-01 6.824113512001102055e-01 8.943097624409086510e-01
7.750029519129894018e-01 2.850663588565096607e-01 2.367435059094618599e-01 8.382220397590719463e-01 1.636566944931112655e-01 3.431994285121938160e-01
3.121857126724084108e-01 1.912308398380183072e-02 3.536291491516783125e-01 4.264197368859691251e-01 7.737005691955758380e-01 8.236395930022990530e-01
3.377874039975302667e-01 1.881506753301450396e-01 4.893081067042340804e-01 5.576689336495523897e-01 7.441547947638942340e-01 9.014492216371438049e-01
7.218069055382717591e-01 6.301107349229895238e-02 4.081551047295747803e-02 5.709495941081785819e-01 7.403124102753492197e-01 7.004407350585930558e-01
7.051770668193996228e-01 1.712254751555265520e-01 2.258615485461948069e-01 3.807030164011159235e-01 -8.520048204829994143e-02 5.693310955923578387e-01
6.887315249782252069e-01 2.447686131215463523e-01 8.440610157577626005e-01 1.321654499028887653e+00 8.274782189361502560e-01 2.685150885399227860e-01
8.186613113368748085e-01 5.189572302588558728e-01 5.942713994479613404e-02 9.498918252544108487e-02 2.351142870443248822e-01 7.579398175279673522e-01
9.003705146631211242e-01 3.711140038303180066e-01 8.739217403882628687e-01 6.725256406237145601e-01 4.884223433222190103e-01 6.352297242884955564e-01
5.355953887349538256e-01 1.323061917168096846e-01 3.293763485456753237e-01 2.164181402964959200e-01 6.865638235866091676e-01 -9.505789891720273221e-02
7.888880657681633934e-01 1.917864733749928829e-01 4.942860631536847293e-01 5.986029145605626933e-01 4.839511390820945280e-01 -4.741348836004837253e-01
7.017743254330914837e-01 3.877845821292812134e-02 8.375116938348992068e-01 3.536632760432090183e-02 8.928235275690804551e-02 9.849031994996391148e-01
6.486240123665835133e-01 8.691104699425848679e-02 1.262497718495034504e-01 5.186805191688489414e-01 2.818331781736251873e-01 9.426773568486631616e-01
2.481929130581913001e-01 2.889346991728543590e-01 -2.206022786970901484e-02 5.669653715314668663e-01 9.473404451151669070e-01 5.698917231592213195e-01
6.069568840331203141e-01 7.886984114071626806e-02 1.971182566228043276e-01 2.531281344838531844e-01 7.650866254152705048e-01 7.980460845626210498e-01
6.455841012484918595e-01 1.013406232319042921e+00 2.802049424667538702e-01 3.923413286818666634e-01 5.212316354899564352e-01 5.819624268330232386e-01
6.256707058764708895e-01 5.874369012550353375e-01 1.149577319786385221e+00 4.237389736048543520e-01 -4.976321072546179280e-01 9.315078021061967695e-01
7.311075152768802266e-01 1.343254565759758323e-01 1.968236396338326755e-01 4.085801143026841498e-01 7.228458790963226965e-01 9.945060531918405999e-01
