1.046937108466997925e-02 2.164458307131995884e-01 1.648004301603922528e-01 2.385229746844728937e-01 -6.553941109639062346e-02 -5.911714308420376041e-01 1.899970222538739595e+00
-1.795667962024290187e-02 -4.421846182796451002e-02 -3.190867104541344340e-02 5.455039860331971358e-02 4.087905944639912137e-02 5.750545767472704101e-02 2.718715581780930535e-01
-8.772965541232245756e-02 -1.499848049555498226e-02 -4.605141744031979352e-03 1.349629560704302678e-01 3.341927240264425669e-01 -8.904555980911330049e-02 3.012399983535145598e+00
-3.261045184939784583e-03 2.185049050740216214e-02 -2.027892074249724660e-02 7.726837105964783070e-02 -2.582389775241610841e-01 3.920210187955200918e-04 -1.573077570015128490e+00
-2.521821011592828565e-02 -8.700510033349471983e-02 -2.850571112424474807e-01 6.496932980360176253e-03 -5.429880929112684135e-02 2.622128147060062697e-02 9.379598700767590724e-01
1.279579344933524238e-02 -5.448110135171503610e-02 -6.164375797238664800e-01 -4.968029241381204109e-02 -3.528540281934575140e-01 9.831847914487867272e-04 3.355299111388693745e-01
-2.454424811358373038e-03 -2.413441232623394356e-02 2.942701986018694035e-03 1.098022414887710463e-01 -3.081677095034639213e-02 2.308049600929235612e-01 2.344330374440000697e-01
-3.537564250360561990e-01 -1.170337185527250273e-01 -1.978354413893505803e-02 3.658860196167736112e-02 6.937581042997350428e-03 7.499201217839909783e-02 -2.471761356650009622e-01
-7.343862674740428940e-03 7.470823367576798213e-02 -1.327586872997803605e-02 4.915383495003541187e-02 -1.104749098416591274e-01 1.807572238345736548e-02 -5.408354736145485120e+00
-8.091015751497904196e-02 -6.473187554120130027e-02 -1.646611253173256573e-01 5.066698720401890260e-02 -5.581114630825488587e-02 3.091534626840219610e-02 1.351169882265216948e+00
2.201205366228784193e-03 -1.791673238795156720e-01 -5.348689310081347625e-02 7.878073582080981352e-02 -1.751488889971060947e-01 7.883312880645941545e-03 5.638655605154299977e+00
5.494495779253744105e-02 -1.007260017890844184e-01 1.768031662782164060e-01 1.212662065444693460e-01 -1.004123119052911968e-02 1.388109260622061025e-01 2.621237505314031463e-02
7.621645783497634635e-03 -8.003005405345618717e-02 5.376349480237883199e-04 4.713963463640900853e-02 -1.077123706855520474e-01 5.529166046761730194e-03 -2.894139736828363896e-01
2.317683715911192377e-03 -1.312203431563628390e-02 -5.004406590468372853e-04 -2.076895370516883277e-02 4.596084804389838352e-02 2.777256029795462447e-02 7.205278693638586529e-02
-1.480984460800572472e-03 -2.043647127093009205e-02 -1.265980315386470156e-01 3.098639866801475851e-01 -4.753699577245488195e-01 -4.333904341322459414e-03 -1.728308730146922156e-01
5.613596323513065506e-03 -8.188100783083190892e-02 2.628174100630491575e-02 1.289696503853826060e-01 -1.084939874270764298e-01 -8.696395205425140813e-06 4.908728696467068442e-01
5.124413605483689460e-02 -4.702202829705669218e-02 9.658151096832009661e-03 3.028506525191381957e-03 -1.076663740012396703e-01 6.679881404812436363e-02 -2.912239635396686732e-01
4.954463845842792258e-02 3.579725289580483472e-02 2.094542269903068923e-02 -4.365747260838728772e-02 9.191567466273509179e-02 1.242849692725341432e-01 2.726942671785486549e+00
5.374902881368852879e-03 -9.528991820228353837e-02 -3.250233929964222584e-02 -6.318174454632420611e-02 3.071986512664486024e-02 -1.928464717224948879e-03 5.062718066791792593e-01
1.023016531638602233e-01 -9.927490496075246085e-02 -2.612758924767674511e-04 6.605818315434683341e-02 8.076125988923130855e-03 3.738812819304374122e-03 -4.056013647791318344e-01
-1.997339653936409942e-02 4.496733761275317071e-02 -6.158913288089973986e-03 -1.296278169812570547e-01 7.108350522903357505e-02 -1.247312644830800450e-04 2.683158394475305963e-02
3.667243223674448473e-03 -8.676479986287006022e-03 -5.660849993452380172e-03 -1.752906723011047052e-01 2.991711742051443856e-01 -1.973377868074087729e-02 -6.643462395150063760e-01
1.580060489916550737e-01 -1.161873268036029000e-01 3.121256900928642830e-02 6.551299092388068734e-01 -5.373783693257531136e-01 3.796786802020027992e-03 -4.257182240471334977e-01
5.055803500814485402e-02 -1.048127274368155504e-01 -1.265284986702574707e-02 4.205614149600724327e-01 -4.113994994655484905e-01 -1.165720323638818195e-01 2.730253599843391665e+00
3.001170285002655383e-02 -2.758325464154638418e-01 2.205994969621270178e-03 2.155406172807056986e-01 -9.254860509912557487e-02 2.388983941739254366e-02 -4.175243416512435246e-01
-9.646801972668490877e-03 1.055127900346908114e-02 1.546251264017870809e-02 -6.106128045831448609e-02 2.060476912868883792e-01 -2.467863103196679120e-01 2.838421898950884259e+00
6.728498053633723622e-03 2.691461236626920689e-02 1.249916153398768302e-03 -1.500608707417152854e-01 1.578777728628303623e-01 -1.709111593571274951e-03 9.975937705764049979e-02
-5.270731921746213411e-02 -9.888021294063671640e-02 1.004343350533334379e-02 -6.115623139568223537e-02 1.920842495494497898e-02 2.048428090226585285e-02 1.450229619069710152e+00
5.951538831066439765e-03 -1.727542742913671658e-01 -3.248879935928601095e-04 -5.380674764213332073e-02 5.970490641320332081e-02 -2.566943025176075116e-03 1.047170154015965304e-01
-1.871315541127005488e-02 -4.681666912417688231e-02 -3.879080927008058885e-03 2.122584628581337396e-01 4.983620713518492791e-03 4.669405451324829676e-03 -7.683218637224449310e-01
-2.772186120470537026e-03 -3.319136474340108611e-01 4.383814159004108951e-02 3.664561167504586797e-02 -4.680461599479693868e-01 -1.018729070937325343e-01 2.462372739189978343e+00
1.931355585549694373e-02 -1.092245409956995039e-01 3.777207088839788264e-03 -1.706921449224898801e-01 -3.330936388694967776e-01 2.626289589439840047e-02 2.499680806597499583e+00
8.215939479833948844e-03 2.179821152523632455e-02 2.063290422911136582e-02 6.201688958541274471e-02 1.390721528624431214e-01 3.594777484549395441e-02 3.304670123316045816e-01
6.747362656834756528e-03 1.085361184015913028e-01 -2.178009284608864796e-02 2.915417073387335800e-01 -5.256177000607748645e-02 -2.119151073209745995e-01 -1.738488486290737489e+00
7.218166398772127117e-03 1.779475746502654637e-02 -2.778927232392492189e-02 1.150489344041645268e-01 -3.673404145657375997e-02 -1.287561974605954014e-02 1.947458211460552535e+00
-1.792252068525127450e-03 -3.564818479067580204e-01 -3.533456325988710775e-03 -5.798035037984429485e-02 5.483515406447724005e-02 1.348514957620273102e-03 2.684573865465412698e-02
-1.726566231738539995e-04 2.946105408260979441e-01 2.572132816833047619e-02 -7.787699060845237886e-02 -1.175832784915698762e-03 1.797813809159364007e-02 3.646379803354435012e+00
1.056819766736714775e-03 -1.185707739307235303e-01 1.242019931118931858e-01 1.095445927932425789e-01 -2.756303575553253893e-01 -3.164409316469827399e-02 -5.677202374107494232e-02
7.448378425630530764e-02 -1.022831877492426100e-01 -9.024294975384363968e-03 1.252416208459375957e-01 -1.599252145456580773e-02 7.018891548056048757e-01 2.417382543111614712e+00
-2.188626600369316104e-04 5.266556265434437813e-03 6.187474003256625971e-02 -1.170355707766707748e-01 -2.999298122748482107e-02 4.262031055020033821e-02 4.605506485436621666e+00
-3.907246872518841806e-05 2.434518357607761904e-02 -3.947041518755657896e-01 5.937474504479146875e-02 9.164264344577537080e-02 6.105461407492634995e-02 -6.603882751857743649e+00
5.593236426656668370e-02 -6.274924722528747723e-02 7.669966798987114254e-02 -1.459185504254717769e-01 -1.760982543915297904e-01 -4.678011047696761238e-01 8.083320834569258651e+00
8.619073244966145297e-02 6.657715335577889249e-02 2.271852185194822293e-01 1.283263064041201551e-01 2.950197855903523292e-02 -2.263310591572626103e-03 4.249349794839948125e+00
3.829951014956169825e-02 -7.591799432493931410e-02 5.598637905451104430e-02 -1.524969020045727208e-02 -9.495626806836143796e-02 4.121707693206604350e-01 -3.785120188043300082e+00
-2.094898496509506672e-02 4.203293493068352982e-01 1.616783698777867762e-01 -6.448979646438487978e-02 -1.592236176547155435e-01 8.223416576523985555e-02 3.607163790902385259e+00
1.775603239144849313e-02 1.057101972809363494e-01 -4.436485803521186128e-02 6.551703223959376432e-02 -2.021920896325798689e-01 -1.480028206150486858e-02 1.522251957549566193e+01
-2.773547291944438928e-02 1.637246386355668132e-02 1.797063604934010309e-02 1.478845943777929717e-01 -2.549373215619484823e-01 -1.795241796108261456e-01 -7.551560278547323257e+00
-1.049389273537306919e-03 -9.033019398388276999e-02 6.618427295779126746e-04 -1.310026734791477632e-01 4.069656186182695617e-02 8.187651170646232171e-03 1.003830090654772023e-01
1.251249200011486651e-02 -2.180616632094264234e-02 -3.629748651732064152e-02 2.189128654151327111e-03 -8.287286639064939120e-02 -7.331089223404856081e-02 -1.667383132401835943e-01
1.059467620974193294e-02 1.408977470849940572e-01 -2.465270531153781683e-02 -3.504662194645431078e-02 -3.449701961285024376e-01 3.838773364041631660e-03 5.486784336624601632e-01
2.414894228532823983e-02 -1.267917799534986345e-01 -1.051417654997985167e-02 6.012185789246247275e-02 -9.624063554218316441e-02 9.946193028155619897e-02 -1.307880266985944395e+00
-8.325705171958705172e-03 1.469720130907704037e-01 -1.301666412775111280e-04 -6.710411778197032315e-04 1.271023502113847736e-01 1.428583731650315400e-03 7.344085482861870476e-03
-4.527560605170793603e-03 7.246624578455327162e-03 -6.661469951595698491e-02 5.828661183539314561e-02 -1.651685007075812950e-01 -4.725662146515672256e-03 6.278060501642652134e-03
5.036985133129085780e-04 -4.301453013225137872e-02 2.685341701734393193e-03 2.251409697212922861e-02 -1.561030250202304626e-01 -4.424115282469863854e-04 -1.397274727162646779e-01
-1.292313377157948764e-02 2.855137592121026469e-02 -3.531333254392908538e-04 1.469471202857916825e-01 -2.460276919770799653e-01 3.296795841178156144e-03 -3.209457616140069525e-01
1.328064039321293251e-02 -1.904215796875578792e-02 1.344542983515168710e-01 2.031351704539772762e-01 1.516095366972077148e-02 2.405288459161301212e-02 3.148156299442598449e+00
2.885353401735477573e-03 3.500953371967076289e-02 -6.046415456409605718e-03 1.269378404477596589e-01 -2.630477298694608446e-01 1.184461895411869359e-01 -1.866702961323445153e+00
9.999787142585881902e-03 -7.808456817578787734e-02 2.489074376316937620e-01 3.612261379512094351e-03 2.550263940521436123e-01 -1.798778385375276404e-03 -4.359651512441939936e-01
4.346954173459499464e-03 -9.858896019888736817e-02 -2.808676791224019864e-02 8.575362269446265215e-03 -5.936759354916738840e-02 -5.172277990955938265e-02 3.415276336520196854e-02
6.682859849043220474e-03 -2.115281468442854751e-02 2.014492401149660383e-02 -1.774807497528615302e-02 2.006678699611830763e-01 -3.393480229236650863e-03 2.193005312774996551e-01
1.402608341031738072e-03 -9.228577995810052781e-02 -1.348353050874068247e-03 9.022161765608277539e-02 -9.765178722590110716e-02 1.888010203525165550e-03 -1.571447896920068893e-02
1.681718795467929822e-02 3.664492803737877998e-03 4.578986396740769016e-01 -4.887652164248500360e-03 -6.479081940170518250e-02 3.112835488058761715e-02 -1.042271977253080156e-01
5.083646000726238338e-03 7.804451424600117662e-03 4.178133989373180278e-03 1.151998137607709999e-01 -9.850646581783921441e-02 2.404558182569224364e-02 4.036646235456919918e-01
2.198531911760771634e-04 -1.541532583018769519e-02 -5.675180281462269445e-03 1.303146428712943783e-02 -7.227162822143246013e-02 9.591108951384168246e-02 1.976331325250202942e-01
-5.122563770640168983e-03 -1.951275629712000831e-02 4.262917421172959798e-02 -4.609934168634544083e-02 4.304227945492419272e-01 -5.398418296950175527e-02 2.280493343307357090e-01
2.191399085181435814e-03 4.204851960319079367e-03 -4.107132737173607197e-03 1.294236728669671266e-01 1.270196197247643044e-01 -5.717713510918130855e-03 4.675735157092656413e-01
1.047280223190082300e-02 -2.490441316205682654e-02 3.903666428773053167e-03 7.855259852601020887e-02 -3.744528811217807118e-01 -1.486274875595215629e-04 -2.790061154485652672e-02
-6.484918969348043780e-03 -5.895679990178971652e-02 -2.291137605955409148e-02 -1.493770052396768411e-01 -4.566837722363725066e-02 3.109782023173703579e-03 1.696444365428508760e+01
1.431836927775881861e-02 -5.690859948310784261e-02 -2.873701680443565762e-02 1.256704145885056134e-01 1.773143547390129415e-01 -5.620661777621385052e-02 -2.574784251759780485e-02
-1.514853207407087718e-02 -9.113481561714965873e-02 -2.669591916238442733e-02 -1.671950341786729646e-02 8.327417635458907869e-03 -6.144172945365687644e-02 1.099222112767047843e+00
-2.296636615832521437e-04 1.155319600787397261e-01 2.152733526224914484e-01 -1.663843631390925781e-01 -6.312857633866929003e-06 -1.867499258393771205e-02 -4.425785487273172336e+00
-4.156618925897053417e-03 7.503048692101402239e-02 9.518544689220664878e-02 -6.140709273858473149e-02 -8.357289270304410489e-02 1.158259445556380444e-03 -2.545424356076432471e+00
-7.492961026543426550e-03 -9.295000821071894292e-02 1.244758744734179162e-02 6.072338377302503171e-02 -1.225023848732586101e-01 9.523104270817792788e-03 4.243441816708938830e-01
-1.225698406574763982e-03 -5.215717674849804086e-02 -2.544866871567093899e-03 -6.477639218607764149e-02 -5.880003921247738824e-02 -1.069556856529598338e-01 -7.912698941971964273e-02
3.356615239476865020e-01 5.027944606229747815e-02 2.038714101774856402e-02 1.194803462354479678e-01 -1.720530603010228185e-02 -2.144004439992166968e-03 9.378217909060451718e-02
8.613005610827447617e-03 -6.219596873992754016e-02 1.699159708608756758e-01 -2.414480368376174454e-02 8.864438955687543517e-03 -1.023595260121013331e-02 -2.146923317383508112e-01
-9.821476428384096416e-03 -6.103890556521831406e-02 -2.631583767631711854e-02 -3.322633155757088314e-02 1.090613988993571898e-01 1.662453507733854807e-02 -1.246497433238450858e+00
-5.389508747642480363e-03 9.334787240520281415e-02 -1.563470881472062840e-02 -3.746671828259621334e-02 -1.045500036963780688e-01 5.953804292673930965e-02 -6.022977547562668121e+00
-2.119565102854251062e-03 -3.716195832371018554e-02 -4.687095936705649524e-04 -1.352458772783121099e-01 8.343201018937790314e-03 -4.384373801929726186e-03 5.983876640841495273e-03
4.496180402604044515e-03 3.823062699665293052e-02 -8.949919675882111970e-04 -5.288747748134022507e-03 -5.509232526093719301e-02 3.827711992219534533e-03 -1.476813494823783074e-02
-5.862490010448202131e-04 -2.854869180137585213e-02 2.347288976566386243e-02 -1.563545725315281243e-01 -2.802545075083860346e-02 3.447011141124721456e-02 -9.108897319922626412e-02
2.214804528056764019e-03 -5.544453795691194758e-03 -3.348123772230278405e-02 1.287058759570957056e-01 -4.557952946701769592e-02 9.165926832580849337e-03 -6.085871981897688493e-02
4.672946116023013116e-03 -7.077786677049738295e-02 9.845811546625253194e-03 7.160153536463525342e-03 6.551665082996664669e-02 4.028228569818100013e-02 7.368835735581705793e-01
-6.495883335567043809e-03 2.373427703684730279e-03 -7.121084764840207582e-02 -1.192796882499215227e-01 4.363613243712996526e-02 -2.696025765566743143e-03 -1.783817967590278109e+00
8.833992458730337283e-04 -2.604939533264672216e-02 4.458727910177400465e-03 1.095654565479968201e-01 -1.093223533604970182e-01 3.686569023576674684e-03 9.981472237771801814e-02
-1.475927240095619430e-01 1.702782426738838400e-03 2.442073688408306076e-01 -8.928742517706711457e-02 1.509695229881546363e-01 2.040317057935444461e-02 -2.668130695415339915e+01
-7.477900848658435191e-03 -1.266449465980112599e-01 -4.229813923475730583e-03 7.619750180519654914e-02 -1.171595725214585049e-01 -4.391460653732210534e-03 -9.677235749014492317e-04
6.977606008948730731e-02 1.605331966579480116e-02 9.570134421490117393e-02 4.993876032313816493e-01 -4.551638604202058042e-02 1.230708768197113882e-02 9.086324263807791013e+00
3.525423053723212262e-03 -6.885342797961641059e-02 3.617797772369767129e-02 -4.610677673631187745e-01 -2.779794675047793026e-02 -3.617964706228045651e-03 9.970535278915986233e-01
3.097739274994779947e-03 -5.233591377714181397e-02 2.551556006174528191e-04 2.565822449208941120e-02 -3.412035588213558346e-01 -6.528797961309147115e-03 -1.859936824677338799e-02
2.078400910911973321e-02 -1.150914693465604210e-01 -3.375756026092822937e-03 -1.491602942233468121e-01 -6.704137937356226262e-02 3.072159178020625239e-03 7.926238555149608955e-03
3.791566171833760102e-02 1.979880582321926971e-02 -2.048577562426710449e-02 -4.463788064888742774e-02 -1.894908012630107941e-01 -1.212354466251964243e-03 6.028615913435532159e-01
1.935976372906744042e-02 1.083999662611583644e-03 6.383825063182799187e-02 1.880495128083354839e-01 -4.763841698610128406e-01 3.798292965964782941e-01 -7.957000252321595746e-02
-5.732456963638898201e-02 -5.695895096008904424e-02 7.551385617792272936e-03 5.927484535232013102e-02 -4.729424748140671764e-02 8.488308351523972395e-02 -1.087608389984735968e+00
-4.795284360827859263e-03 5.148740399781302074e-02 -2.945049582366454470e-03 5.610854664582591578e-02 -3.948553245726037220e-02 1.629457020678575993e-02 3.648356796625963572e+00
1.810379566630987425e-02 -3.330386782100305809e-02 3.834619114898532577e-02 1.595564700178030149e-01 -3.283891170241520080e-02 7.881950625217103157e-02 -8.941436129447632997e-01
3.698439374623962300e-02 -1.036471287886187587e-01 -6.422939356358806084e-02 -8.056986261926353532e-02 -9.142341583318933096e-02 4.693413023250029951e-04 -1.973219631231128979e-01
3.139996058383368819e-03 -8.930495880308622972e-03 -4.103513400219252363e-05 6.791909293398180891e-02 -3.930514610401072972e-02 1.082483696269532884e-03 2.223165949474425682e-02
2.216938407521852339e-01 9.923420188734166647e-02 8.684115836286435131e-02 -3.475991472728826720e-02 2.468587269445191718e-02 -2.787670773946184823e-03 2.505805267593128605e-01
-2.755416421862145679e-02 -2.688754347892106586e-02 -2.471204270066400255e-02 -1.432440690050423848e-01 1.095074375681036882e-01 1.945425636723695506e-01 3.711334611536700745e+00
