2.469367316447085205e-03 4.264924244445575559e-03 5.262344313561732045e-01 2.362619551523147815e-02 1.753082008489705579e-01 -1.175347821724066349e-01 3.690769062239135923e-01
-1.803851570537170384e-04 4.424010085529153646e-01 -6.356233755161812271e-02 -3.466905646264207413e-02 1.481540835578489153e-02 -3.563059212631015105e-01 3.182638893984122974e-02
2.193362953527591003e-02 -1.402684272032579393e-01 2.292916207302651138e-02 -9.412140107651874310e-02 2.406372189833673181e-01 -1.553996523319919609e-01 1.214008832022144269e+00
-9.180682553618686736e-02 -8.170849573978018754e-02 -1.076600072339823633e-01 -1.116909466215747909e-02 3.300763262956150634e-01 -9.013225983844554146e-02 -1.078114077325699749e-01
-1.750559648143842073e-01 -3.457588348745386023e-03 -5.046621527743402891e-02 3.930645726524938932e-01 2.860306484418337000e-02 2.291626030479866349e-01 8.041242447382573877e-02
-3.364965576658431046e-02 -1.173971408993397803e-01 4.166038433204590774e-01 -4.450840753534532693e-03 -4.244189526311510641e-02 -1.321505268265141808e-01 4.473135333974888155e-03
6.028148703425664605e-03 -2.483680852329486766e-01 -7.422641546419683767e-02 -1.907986333051253647e-02 4.737796448386624726e-02 -3.543138669622141190e-01 -6.488636065014810050e-01
2.756247404316287675e-01 -1.213444472998784912e-01 -3.466392590570191445e-02 -8.161510945952213381e-02 -1.748882994007233682e-02 2.458571715700819671e-01 -4.355402961142678109e-01
-8.637639829919083884e-03 1.546087898365676623e-02 -4.114551537031144179e-02 1.094244558592868122e-01 -1.655912542088455340e-03 -3.080073489273953968e-01 3.881573308480507301e+00
-2.604048705754772874e-01 5.698425958406496544e-02 4.240251803576040868e-02 -7.288039876010650453e-02 -2.388198701273826913e-02 1.597585022555337853e-01 -8.174866503781591520e-01
-1.251216337569668359e-02 -1.157547209506394753e-01 -1.949074110501139781e-02 2.560117746643623265e-02 -2.106375491433565283e-01 3.896708200479002786e-03 5.447507759763062118e+00
1.709735469280456166e-01 -1.683078779095926458e-01 2.743598275734703273e-01 3.886192649902139602e-03 -1.994263653537584058e-01 1.295910735499909150e-01 2.515266162595870547e-01
6.073747792132815071e-03 -3.488609360088146816e-01 -2.801794670153239138e-03 -9.877711955698498247e-02 7.770761797874190489e-03 -1.027162525603757398e-01 -7.022590558165141550e-01
9.328569590926668806e-03 -2.083888413927923178e-01 2.298730408233809301e-03 -1.404811890135175545e-01 -2.816424700692997732e-02 -1.636916227625791198e-01 -3.241906938503241742e-01
1.266508364819716277e-03 1.092476342130843797e-01 -4.820624988422760049e-02 -6.627181626101928680e-02 -1.032593514886571834e-01 9.571995538398243852e-02 -1.032511959380620903e+00
3.485331958844810341e-02 1.323747393089527991e-01 1.387892596448516607e-03 3.219392900403532654e-01 1.067591511983839031e-02 -4.408002172487531650e-02 3.209868849348006314e+00
-2.431608509246039607e-01 -1.258886867991660941e-01 2.832523687241367966e-02 -4.525969272347740713e-02 1.928278295782264173e-01 3.131384498292013596e-01 -1.709758557319097871e+00
-9.794834307333841195e-02 -1.318813692467975807e-01 -3.060017079051369129e-03 5.139508489937693811e-04 9.632358529262894514e-03 3.035524858530445069e-01 -2.886462649269286196e+00
-5.495154077036769683e-03 -1.993420020281127525e-01 1.252491809543927574e-02 -2.477754179626881492e-02 -5.619703504430897389e-01 5.021576622170426801e-02 6.583480823539503146e-02
-1.075722241783020998e-02 3.231813295616040027e-01 2.599715377473886622e-03 -8.508242281376120209e-02 2.411588106602484058e-02 5.720396447552689168e-02 5.723508217287707339e-02
-6.821836529384616397e-03 -2.588543143728859186e-01 2.515482777144355687e-03 -6.399198845654892331e-02 2.160277403162713938e-01 5.921232830375457168e-02 8.297172604899666348e-01
-6.098948664714113482e-03 -6.751498122399288149e-02 -1.541557425261174405e-03 4.125927890628423161e-02 -6.980266414440842171e-01 9.718042948164394568e-02 4.204773328038136082e-01
9.679631690155135471e-03 -8.803385328380615438e-02 1.865105942478382031e-02 -6.537817858300346008e-02 4.153002824440008012e-01 -1.808190306806312375e-01 -7.940875031705189047e-01
3.273462182809693671e-02 1.967060445586747419e-01 2.631678003321729492e-02 6.780614867643332266e-02 3.327863764059003082e-01 1.291911452367076329e-01 -1.084676289926204618e+01
2.254449543441864462e-02 -4.256812848330747412e-02 -7.635707629427692517e-03 2.026354557090829719e-02 2.314655242707650551e-01 -3.426708996936581042e-02 -4.317113698640610009e-01
2.935494483678218868e-03 1.861456294853401361e-01 7.521980458229939829e-04 1.819029942151832724e-02 1.083895430393439080e-01 3.081733156380349614e-01 -2.862142709771999805e-01
-1.458881262697229488e-02 -2.507812112284255601e-01 -5.985519741433672450e-06 -2.885619103065345525e-02 2.569820798450803828e-02 -7.573338677230581628e-02 -1.161708216127522952e+00
-1.462873753145442317e-02 9.867624153182207036e-02 7.825273981435790921e-03 -5.511907652214881326e-02 -2.612871503888943014e-02 -1.675998196789345307e-01 9.902590907905429729e-01
-2.459578897999263256e-02 2.626112262907441888e-02 3.992189249687446220e-03 -5.952412782010963604e-02 8.332077261756294650e-02 -1.350069281783061043e-02 1.259989941756712306e-01
4.640565126573496617e-03 -3.000961390912673110e-01 3.075501130840005773e-02 1.995746664709902862e-01 -5.064875596926336765e-02 -1.891913233262170618e-02 6.951139661329515107e-01
-7.788671491938853331e-02 -2.910247008793312440e-01 -3.914605966294851247e-02 -5.416724632307232806e-02 5.398520690739728404e-04 9.147971456631641407e-02 -6.860436629563777977e+00
-5.656417193602446963e-03 -4.912250592342361222e-02 -8.174401013959850179e-03 2.203752180591772580e-01 4.347461725972880803e-02 -4.513987370448778458e-02 -5.043596966826159322e-01
1.573829080985628473e-02 1.734071839977717380e-03 -5.442266785591065581e-03 1.372333966878556705e-03 1.266935039351474099e-02 -1.553376060913151113e-01 6.732216519001290797e-03
1.946331058895268626e-02 -1.496430596738030361e-01 1.657862089170867789e-02 3.993180803943133239e-02 2.374027358120132589e-02 4.051995433504879673e-01 -4.838753621439564334e+00
2.645096803313164158e-02 3.213203941156966836e-02 -2.141380046444885804e-02 -1.407171627513629508e-01 4.740426274989880534e-03 4.314761664168881988e-02 -2.685572313107223774e+00
-6.237990462028799232e-04 -1.062549319442065848e-01 -1.115413342145599797e-04 -2.750142267533360885e-01 3.079923351509329318e-02 -2.054043821102653766e-02 -1.929429317417892031e+00
-1.984367192320300732e-02 -2.573513618336067954e-02 3.050985780933218247e-03 -2.164256101122898346e-01 7.894874819277226952e-02 5.581823836654929705e-02 2.227634470990183413e+00
-1.498142345000159636e-01 1.261139815043127443e-01 5.180323658952654120e-02 2.912429577449915721e-02 1.120496604515176381e-01 1.738132078584060380e-01 6.296739150611507796e-01
2.970494715658122606e-02 2.938061641570449169e-03 -9.216665360043681905e-04 -3.613285200981874307e-03 -4.233487339039981173e-02 -1.123801644439279407e-01 -1.132833030162615717e+00
-5.219170033902766417e-03 3.584951097280230509e-02 -8.955984340159527102e-02 1.083379451199873306e-01 -2.697963555284270225e-03 -5.046455076918394435e-03 1.032272277293610685e+01
6.826673443335473266e-04 -5.084135106223041101e-01 -3.191768181979079411e-01 5.815730227773614758e-02 -3.623658628344481741e-02 1.822644155717983439e-01 3.728626831326516733e+00
2.764373070650758338e-02 8.262932434433956216e-04 7.483473685624396354e-02 2.856137343360535749e-02 -2.264970593193181836e-01 -2.282877103493226867e-01 -9.017979189208174873e+00
-5.553053660471737180e-02 -2.547529746364001202e-01 4.127316195107595675e-02 -7.943763004350824775e-03 2.797565753933863725e-02 -1.117445686003926547e-01 2.207787421727606780e+00
-4.891302418185782264e-01 -4.667104659718543935e-01 -4.309617157296150025e-02 -5.549172607879046537e-02 9.937429121634160090e-02 -4.226343084084774882e-01 -2.143773128316736720e+00
1.938642630951972409e-02 4.779222651932055199e-02 -8.169795474859915807e-03 -8.956838316866194694e-02 2.275354777752899016e-01 2.727259896425855978e-01 5.993018052523513717e+00
1.294105241618727711e-02 -9.954251093274708861e-02 5.874522135603669343e-02 -2.230463608452273316e-01 -1.689209732927335617e-01 -1.121521415532819727e-01 9.319966079921467861e-01
-2.582650945409052309e-02 -5.347864822562570231e-01 -2.872131032325339964e-02 6.775093586805733259e-02 -1.360842271284188471e-02 -8.127113198769317925e-01 -3.636766693529523309e+00
-2.048667936664177319e-03 -7.791863351503267032e-02 4.022160686947610225e-03 -8.375067423915064091e-02 -4.359393171339022433e-02 -1.844862832084868121e-01 -9.366071687392515943e-02
3.882229225964035912e-02 -6.494847923781202348e-02 8.244523576038659610e-03 -1.766894597141442924e-01 7.571861971654285373e-02 -6.284567514037715796e-02 7.789149139428627189e-01
-3.445239981908404959e-03 -2.841844520937551397e-03 1.122905972936071549e-02 3.590811163317743360e-02 1.390074170061146586e-02 2.678255095281764642e-01 -1.059641738263292637e-01
4.609774826043784232e-03 6.955037416982301490e-02 -1.519582797388282017e-02 4.746468443795265335e-02 2.519503294027090629e-03 1.259649031885596848e-01 1.403739165818216894e-01
1.377378235025516866e-02 -1.312649273683217099e-01 6.172845702649132067e-05 2.617412367090662245e-02 -1.412172941598706377e-01 -1.450084048171713380e-01 -3.767686635090686242e-01
1.786715916159109865e-02 1.111828775055157398e-01 1.106986484711113550e-01 -1.423126567329132883e-02 9.601405756065947705e-02 -5.822202333591319778e-02 4.844693477895508638e-01
-1.993370136528474848e-02 -1.190647860692282262e-01 3.090581644309030405e-03 -9.560289662788981277e-03 1.738179650143147625e-01 -1.000000000000000000e+00 9.256810782133577664e-01
7.639347599494075366e-03 2.991182892613335892e-02 -3.625220215470560409e-03 -1.391668902318878714e-02 1.224937166201688207e-03 -1.938235572267315299e-01 2.032779072707784906e-01
3.312343421505820301e-04 -3.040344966578079622e-01 -2.067825667373822118e-01 -5.409581004461400805e-02 4.571296334356325652e-02 -4.726879178010283122e-01 1.870316677567569918e+00
-7.934961773066816215e-03 -3.109557848478920403e-02 7.538824718712094138e-04 -1.100134648480250027e-01 -7.364831353793394042e-02 -5.180764865363618465e-02 -3.146703565147807691e+00
3.864482512215507344e-04 9.950491797233087382e-03 4.207093206902921129e-02 5.002576317317973878e-03 -1.476700945628855732e-01 -8.451423166556770727e-02 4.346187355791789053e-01
2.363653271224146288e-03 7.634750618705743452e-01 2.287583029912897939e-04 2.708389034873067217e-02 5.258362590009266202e-02 2.004208127887479318e-01 1.884320242666134293e-01
-1.520746769095964734e-01 -4.203601320477265424e-01 -1.557302808519399687e-02 -3.838359122094513881e-02 1.266768973532239086e-02 -4.893666074102273611e-02 -9.886214018718720853e-01
2.356762069673360490e-03 -8.261367478028937283e-02 -1.416821678000616092e-05 -3.027050312947126079e-02 -1.586875279751099417e-03 -4.136420274025713606e-02 7.993028365714176242e-02
-3.562451616001410803e-02 7.465852259657444756e-02 4.218922605110660973e-01 -4.295172308981090592e-03 -2.067653734143861874e-02 -7.332440516563575733e-03 -7.024418502610278725e-02
-7.271395878405963143e-04 -2.802865961919147678e-02 1.789343229787619368e-03 1.296335003808110967e-02 5.685498731117698268e-02 1.689739692065053700e-01 4.910315089187663462e-01
-1.232218062638693913e-03 -1.178810609858367379e-02 -8.962013130623934856e-03 -4.406569203512479549e-02 -2.277744353675170141e-01 -2.117452788049140056e-02 -4.826799693932332103e-01
1.749223626479284085e-03 9.864245420865311309e-02 -5.129176307434258480e-02 -2.661217943118635715e-02 1.325238991619281242e-02 -3.114451724327938625e-02 -2.533603116573185376e-01
1.047648527297891617e-02 -8.000000000000000444e-01 -8.047409703153494140e-04 1.676699149392488555e-02 -5.604493419745651406e-02 8.547477446715233407e-02 -2.912845833795353556e+00
2.015463825411190676e-03 -1.630998707254568969e-01 -4.445192570884562541e-04 -6.714926910831259255e-02 -1.718963094774621225e-01 8.440849630773721024e-02 2.139305636007179934e-01
-8.710093308057257136e-03 1.395745659653848114e-01 -3.568615958523005394e-02 -3.368787123762549685e-02 1.903828773986653289e-01 3.393796669024110590e-01 -7.980083908584664765e-02
4.464334556692152456e-02 7.827017875070081676e-02 5.472583495256855973e-03 3.415689338775920042e-02 1.312753822815806160e-01 2.072157848564650240e-01 -1.408546176493804758e+00
2.879428675353074528e-03 -1.244007292109339524e-01 2.309441990071346013e-02 1.539006234131624351e-01 -3.312437211938982218e-01 -1.502944727618684417e-01 -1.458450431194354913e+00
-2.299519564150901557e-02 2.474679195585163249e-01 -6.234527612374723970e-03 1.132335772998927237e-01 -2.764745915146141764e-01 -1.301026133636263848e-01 4.413240318484389135e+00
8.345066183472665822e-03 -2.395762379978661205e-01 2.923473067833424338e-02 -1.753390226817025388e-02 2.918180238422389272e-01 4.070787577314399774e-02 -1.771670686915898463e+00
-9.995146770406901793e-04 -1.035875836023575358e-02 -1.406347473269232247e-03 -3.580818493067729896e-02 2.898852818646813212e-01 3.724600442551003199e-01 7.064703287403717447e-02
-5.169317265580143693e-04 -1.373251081346365220e-02 -7.469813374596249479e-03 -5.041239531262885990e-04 -1.988308310720441133e-02 2.274580880422903337e-02 -2.863351366760605657e-02
-2.151960743848363722e-01 2.015916389601998537e-01 -2.440984773611586112e-02 6.876351512777183206e-02 3.734354404829535318e-02 1.029030981477677686e-01 3.233031828365762750e-01
1.278660949824861615e-01 1.621880093630514164e-01 -2.245796678463632678e-01 1.293376387934109528e-01 -9.968813645398638679e-02 -1.239928805270246459e-01 -6.475818877767596238e-01
-2.067905239251003214e-03 3.343015058839739900e-02 -4.455460398492684382e-01 3.324720418985334380e-02 2.317792730225650202e-02 3.007044805039659208e-01 1.330247637779237602e+00
-1.511511035934825775e-01 -1.465271935101066514e-01 2.717604203949203212e-02 -1.126175028029280205e-02 3.047311939897547062e-02 1.383139333276243998e-01 1.124810556349196966e-01
7.349864808573864337e-03 -1.707500534771296541e-01 2.070885186615225237e-04 1.209152471632650994e-01 5.506996306832343535e-01 2.930072374968283877e-01 9.557314019455538656e-02
1.299013978924071742e-02 -4.681219016678569295e-02 -3.010549666244510358e-04 7.583892384240041584e-02 -2.558603486625979362e-01 -4.349484351152107381e-02 1.704834237323343826e-01
9.946284061023148021e-03 -2.531142195994632860e-01 1.964289120862290367e-03 -2.904672837725733037e-01 -8.905392647311592691e-02 1.160898533767473761e-01 -3.557296996371328568e-01
-1.038289441491671225e-02 2.434088613608129947e-01 -3.845284144620161187e-02 8.328843267642196957e-02 5.200021162407384573e-02 2.294536154689680030e-01 -5.829675828599763854e+00
1.981185906004836583e-03 -2.874876283523331577e-01 3.198867768426679262e-03 2.798822481893645589e-02 8.194904556391063855e-02 2.738620947717153031e-01 1.544081109492641657e+00
6.647834678243405267e-04 -2.318692512520848237e-01 6.761599542844368496e-03 -3.976450037163511975e-02 6.116490100170420691e-02 6.719214201720540014e-02 -3.232399309394904524e-02
-4.950243370867457408e-03 -3.193187970683823429e-01 7.479979021627316572e-03 -2.820888447683080752e-02 6.943089052067062845e-03 4.189730336978528258e-01 -1.034206432820353516e+00
1.254806237687141335e-01 2.545155876894725222e-01 -9.799999999999999822e-01 -1.456164875959456706e-01 -8.158750925114144348e-01 -4.964321833376543758e-01 9.286849465055805553e+00
2.521052433735480013e-03 -5.677345120501144093e-03 6.439116839717715438e-03 1.624954679549719394e-01 1.215118020965416379e-01 -2.573149040123027739e-02 5.227344653605862090e-01
-1.097115696108011927e-02 -2.114990059213401885e-01 -1.608307889819429737e-01 3.334889320203840990e-01 -1.360171162284343760e-01 8.137362953483083527e-02 6.404528981559026057e+00
-1.607496131358147895e-02 -2.573850312864597173e-02 9.601470911007474506e-04 5.867570075248970674e-02 3.913778005117044684e-02 1.602003863421894159e-01 4.783878282678274196e+00
-8.498496416651058621e-03 3.005250222428061946e-01 -1.658165955068560118e-04 -8.307739609631044353e-02 6.970232970752562873e-02 -5.469509239794839023e-02 4.875890895874286368e-01
3.721675172307416929e-02 -8.161955016333567736e-02 5.282499576490949991e-03 -2.030872551113942215e-01 1.994618623954590511e-02 1.918742148768408651e-01 2.476483820110704503e-02
-4.922500411736798961e-03 -6.865879864646078079e-02 1.044279895530368235e-01 -5.559721981872996210e-02 -9.217524716784956940e-02 1.000000000000000000e+00 -8.148315128565671861e-01
-2.345715271320653744e-02 -2.495190885738595224e-02 1.454207010636163503e-03 7.466328034051308848e-02 9.799999999999999822e-01 6.623455199322070275e-02 1.531515419255192523e+00
8.336050327950919603e-02 9.694539804280589979e-02 1.125501110450027736e-01 2.703637711808479227e-01 2.596156921612120805e-02 4.232075636204703506e-01 1.660012335339835499e+00
2.780575904994222656e-04 -3.522950411869919529e-01 -2.289927933981083640e-03 -1.615953971381965670e-02 7.698764505302287120e-02 8.343977606466879138e-02 1.063905520669090166e+00
-2.361129574748858928e-02 3.059117999480739578e-02 3.250720032972549732e-04 -3.423899615793583873e-02 -2.211623948531644124e-01 1.248559732306993436e-01 -3.283210976827311261e-03
6.826584060972987417e-04 1.778567285154288302e-01 7.788206973405008282e-03 7.450859158117993652e-02 9.316214274524387343e-03 3.586317034576943508e-01 -1.913575226920261052e+00
9.958036097847838310e-04 -7.743386182835261533e-02 -3.428051779300033406e-05 6.425377003755464167e-02 2.715389951179437295e-02 -1.298745341177843515e-01 -1.423990758397164269e+00
-6.819339083346508124e-02 -6.462407305723245898e-02 3.197773217796798934e-02 2.441424539049683318e-01 -1.348845888008911621e-02 -3.781131002787452289e-02 -6.103623893265084366e-01
3.165893184077248589e-03 -1.419264298736584995e-01 -6.074521929392932146e-02 5.498206126231769408e-02 3.079600196615877444e-02 3.010911380948775862e-01 8.622362983531373093e-01
