8.183493190171413971e+02
nan
1.199055688845515988e+03
nan
nan
5.193879934467521480e+02
5.981381062235519721e+02
4.625562801547838490e+02
1.028141735602819608e+03
4.622855267581101657e+02
7.669855488737391624e+02
8.298024879863507977e+02
9.944045125420386739e+02
7.185875143564959444e+02
1.114315493792494863e+03
nan
9.330484655940949779e+02
nan
5.079252393129643224e+02
9.163283824561773372e+02
4.579515862147799226e+02
6.378643302260112478e+02
nan
6.530564373491012020e+02
nan
nan
4.937819525875063391e+02
1.081350496107952267e+03
4.581633188477468934e+02
1.386352529412682998e+03
nan
nan
nan
6.933546861651633435e+02
nan
4.579652193443307056e+02
8.998065890243385638e+02
6.736178302548897818e+02
5.021092170887452539e+02
nan
nan
nan
1.124083373797580634e+03
nan
nan
nan
nan
4.637401289476682678e+02
1.341949763592237559e+03
4.959255938263418670e+02
1.321484659696808876e+03
4.578795336876603983e+02
4.648967275331448832e+02
5.330872160891346994e+02
4.722352736805904669e+02
nan
7.163706347315643370e+02
6.450430098881356571e+02
4.611018526520134060e+02
6.049272507456892072e+02
7.241034329530461946e+02
4.714772336629674214e+02
4.592638352354205722e+02
4.581955089282747622e+02
nan
5.377690004366412495e+02
4.578347032392491656e+02
nan
5.177079457257397053e+02
7.499903248847358554e+02
1.443687532847093962e+03
nan
5.145801549292906429e+02
4.718322093814820164e+02
4.579705913919377167e+02
nan
1.033621937362970584e+03
1.024807325860797391e+03
nan
4.584081594555142374e+02
4.693521947736231255e+02
nan
6.351616356652507420e+02
4.777359184380463830e+02
4.741928046400867629e+02
nan
4.590253887278786920e+02
nan
nan
4.577930184180178230e+02
5.102408910183056605e+02
nan
nan
nan
1.311545599621829069e+03
6.014210641348980744e+02
nan
4.694085425431552494e+02
6.391511244431155774e+02
nan
