1.666066378810312776e-01 1.278607557851617060e-01 2.704037032574068689e-01 5.040871906239335204e-02 6.534692285501600972e-01
3.211911074493092322e-01 2.056884305025880877e-01 1.357948060054300909e-01 5.062766502127970247e-02 5.664755437439067398e-01
1.917738095578101765e-01 5.602123884647610685e-01 4.026706649862261678e-01 1.050840817441804492e-01 5.448199538628285543e-01
2.393097419417365146e-01 1.608003252326004051e-01 2.907997057904853078e-01 5.900775512059361350e-02 6.761821467048485523e-01
1.190276186867493535e-01 8.532595828838496210e-02 2.178805428577209879e-01 3.867903760086315035e-02 6.680427389310034103e-01
4.776344566476521947e-01 2.362582097470878328e-01 1.992476763255522088e-01 4.034153432449528315e-02 7.430390064613200396e-01
1.778703797572496192e-01 2.894496081983177760e-01 2.747768571127504056e-01 4.224974238162196305e-02 7.158304587498895977e-01
1.646583320152018859e-01 1.117536228506378904e-01 2.770772126068353214e-01 4.515997286654249709e-02 6.233449827868099424e-01
2.249131583315375216e-01 1.952512434188487800e-01 4.301946063132677245e-01 5.923102164145664650e-02 6.195891400609141453e-01
3.037736969377733409e-01 1.363571052065411238e-01 2.690645659958288416e-01 1.116375653239967403e-01 7.382716060161820248e-01
1.955199662644259151e-01 1.134910848646789039e-02 3.032326043862133558e-01 7.010364464486318337e-02 7.541669183035617507e-01
2.075714947789684128e-01 5.347969483087066100e-01 4.748081632152928999e-01 -9.510278244491288113e-02 3.977167187617854927e-01
1.198345306852267034e-01 1.810459354572864499e-01 -3.809566641706596535e-02 1.301815373312067980e-01 7.547049602994867490e-01
8.385045870216900621e-02 2.773255290598218223e-02 1.591732930859025841e-01 1.059243121287829908e-01 6.204355596344519608e-01
1.612296747870782809e-01 1.353460453236322858e-01 4.094743550433682655e-01 5.457803138136020638e-02 6.887197967743687865e-01
1.568306867124050485e-01 1.276388448627834571e-01 2.833639987073751643e-01 4.672985930224740625e-02 6.906991472681360822e-01
1.746856179335983250e-01 7.525613365220681916e-02 2.276321656404561022e-01 4.411651799424249482e-02 5.730664290194787958e-01
2.051834198707254697e-01 4.789807038698196129e-02 2.620894252204674646e-01 4.059216693558171524e-02 6.581935255207393975e-01
1.957029746525870972e-01 1.104994318529803482e-01 4.061287520757261849e-01 1.121187035896119705e-01 6.957256504036564149e-01
2.319128797594292024e-01 1.058268738517662289e-01 2.155448296276437081e-01 2.645984637100768852e-02 8.339146463216950966e-01
1.965729263272311955e-01 1.232566285346855806e-01 2.275946661116506620e-01 4.187648099815633601e-02 5.901069564838820058e-01
1.389871100848178997e-01 1.077052984947487607e-01 2.271123694111017999e-01 4.628242924030202127e-02 7.692214545110825918e-01
1.375681059150849761e-01 1.074170538247882084e-01 2.543857014196269084e-01 4.034995014487025716e-02 6.593545613130855632e-01
1.437474677890813179e-01 1.508259391771310520e-02 1.841317096432489031e-01 3.382201038454409059e-02 6.720515107549567269e-01
1.963980393647166145e-01 8.995977693216773707e-02 2.632486744398329637e-01 4.162664352030919640e-02 6.505163427433995338e-01
1.669333134926760109e-01 1.761639673653807581e-01 -3.798193970084021154e-02 3.102976277854205267e-03 1.254085889477658089e+00
3.934060117305298032e-01 1.816322361144326603e-01 2.580607366538399394e-01 2.413145061079141965e-02 7.070664137628537294e-01
1.682127182311979885e-01 3.890166381060389256e-02 2.392390813631756485e-01 2.271404789450137685e-02 6.903946663827329466e-01
1.808694781189150169e-01 6.607376661510197535e-02 2.653184194988189581e-01 4.453264266177783121e-02 6.714877708036777193e-01
1.658925508992520892e-01 1.404173727369379676e-01 2.746051695077664778e-01 4.260397466207654915e-02 5.770234722444013142e-01
1.652596666732320529e-01 1.248171152307190473e-01 2.547866456690988102e-01 4.474712272026643012e-02 7.631145890769268636e-01
2.056656807280317634e-01 4.514139373466730110e-02 3.472987369079280628e-01 4.931679263656352230e-02 5.482409457187102930e-01
5.082318171102808702e-01 -1.040098603508906594e-01 8.986562419591970219e-01 -2.077758765210605540e-01 6.694699987849223044e-01
1.577386242308290165e-01 9.372385781314300501e-02 2.606376782101278433e-01 5.334352848365864208e-02 6.019803469442062127e-01
8.450598393354963322e-02 2.758682700680142874e-02 2.697396548346973066e-01 1.795867165468410798e-02 6.499608824137480534e-01
1.172525073135858159e-01 2.408039443928001733e-01 2.537233716457941712e-01 1.226687548102407266e-01 5.997860224821703889e-01
1.656428413812825184e-01 7.370099866405915856e-02 2.642518015173748180e-01 5.100014792852521073e-02 6.134449317325119111e-01
1.801056467144987183e-01 1.391271043083142367e-01 2.622675272416227221e-01 1.716353623861605060e-02 7.510662407214001579e-01
1.728621418537775734e-01 1.015794857979735455e-01 2.585184105129582632e-01 4.492589273667058070e-02 6.657721380839286551e-01
1.507416490174436352e-01 1.328669614261242804e-01 2.931859685375591273e-01 4.341046791612897249e-02 6.354671711298014447e-01
2.082409179659344967e-01 1.058565187998147528e-01 2.553272428588337362e-01 4.569393016796082646e-02 9.208181439521841982e-01
1.639411707177898525e-01 1.405207065643256925e-01 2.714597028717989913e-01 4.070203696735125165e-02 6.773313958840733173e-01
1.762011793447287311e-01 2.246230725574078768e-01 2.687010135515777165e-01 4.297834441952550627e-02 6.751662073947295450e-01
3.178547253758436941e-01 3.984264329463053089e-01 3.509946736161104752e-01 4.210055397038233588e-02 1.094862654815244918e+00
1.587009835903872568e-01 1.151242028774257520e-01 2.549733131475296344e-01 4.568350475104102082e-02 6.139150453589717893e-01
1.809760802866770546e-01 6.448097538631323289e-01 2.558238707149336766e-01 2.681531600366585111e-02 7.522303163244099533e-01
1.367025405826310935e-01 5.104268111266460073e-01 2.956913108232679388e-01 5.906529148671574997e-02 8.515313864816176359e-01
1.953848161207615008e-01 8.477184273722300489e-02 2.591884402329584502e-01 4.546731393530432236e-02 6.178814893562668553e-01
2.044964226540840757e-01 2.063051128191542571e-02 2.812092906199196718e-01 4.886719089807704808e-02 6.745486079355895725e-01
1.541017946048932608e-01 3.629160250497125428e-01 1.742954709212174436e-01 3.956429006400989656e-02 4.372260794879223589e-01
1.765969561893297735e-01 1.402671660829695188e-01 2.572259682453904572e-01 4.574634652152091696e-02 7.115563462532294992e-01
1.918318399564324095e-01 -6.188153581993668939e-02 2.710565760154604598e-01 4.525266980073548717e-02 6.145353122923877809e-01
1.431306883746456537e-01 9.774553858906419312e-02 2.774174405847829039e-01 4.889134025940052031e-02 3.849298676027622657e-01
1.412794058740347025e-01 8.964586110994636481e-02 6.950341834094022619e-01 7.844014804082201364e-02 5.932245936854246837e-01
2.631283385631682514e-01 3.188127151707985663e-01 5.124895002654783482e-01 1.746249179551823683e-01 7.556779954224898121e-01
2.084268241778074460e-01 1.960714734608635101e-01 3.838328962436075575e-01 4.210640604471443948e-02 7.221048287983695690e-01
1.814633111940441024e-01 1.002704137616005076e-01 2.575164423688100501e-01 4.561338332613747160e-02 5.820933707372273336e-01
1.378397171106816588e-01 9.055510077582225315e-02 2.680780902329413240e-01 3.577594477627982217e-02 7.230269708624323943e-01
1.467269054636845815e-01 2.174724442602957997e-01 3.539390183729502759e-01 9.557946689043918254e-02 7.444722031910684379e-01
1.369994991874661228e-01 9.854353822112377204e-02 2.771501604384203343e-01 4.227475700865572505e-02 6.786808628945268929e-01
2.134218388912434428e-01 1.963873495348544274e-01 2.226582984428033818e-01 1.343127957508842563e-02 6.987440269636535639e-01
1.657013202465492385e-01 1.323949659311903782e-01 2.671188988091202088e-01 3.790970826490751983e-02 7.450433677445609248e-01
1.945441794548466441e-01 2.822691395523858546e-02 2.934569545994205608e-01 3.054521836813713781e-02 6.168335352795798476e-01
2.529832355667289701e-01 6.114601683802383530e-02 2.404146001087031082e-01 4.241497722196068548e-02 6.991353053200821677e-01
2.345101030947957521e-01 1.853211149077029773e-01 5.672390968547426082e-01 4.770144963716090036e-02 1.042098286508090776e+00
2.440118117652189944e-01 1.133216188520253936e-01 3.446527453542793107e-01 9.166574320024621636e-02 6.491578528566667172e-01
1.452639003113116445e-01 9.773411122947253671e-02 2.678552402385713238e-01 4.296707661335682354e-02 6.383631133356358900e-01
1.233806331626682573e-01 -3.073814730410625098e-02 2.404022367964330220e-01 1.118143143855135357e-02 7.882053938566916385e-01
2.701239253743503710e-01 4.766138724707894569e-01 2.976956304711513845e-01 2.854649227859068841e-02 6.711114477100210696e-01
1.517196378908118315e-01 1.403285243031699436e-01 2.803254949352498304e-01 4.483911961280139663e-02 6.579969753637244789e-01
2.254849484872152587e-01 1.925006948649704008e-01 1.839419232359162382e-01 3.219472711969632861e-02 6.765033705144622989e-01
1.748493300260937910e-01 1.187171537203688260e-01 3.587335579757924831e-01 4.055988887816068533e-02 6.648426953346280310e-01
2.728885450918352995e-01 1.701248225276596471e-01 3.423284985015622728e-01 4.470350382284804525e-02 6.180405323488928904e-01
1.748750166198929923e-01 6.470947525253661903e-02 2.623825654663535789e-01 4.292227341542329683e-02 6.407404655071085031e-01
1.234343844499790621e-01 8.558886652558293784e-02 2.669698103982839910e-01 4.445317239223860878e-02 6.208631463271531148e-01
3.663006373802379367e-01 -9.492615840567089625e-02 2.248163833808823064e-01 3.227923841829900831e-02 7.505940381189407651e-01
-1.824292710281872898e-01 6.164590419418388562e-02 2.670353456942721193e-01 3.454070261160769456e-02 6.283463760635695783e-01
1.842741554096233580e-01 1.196667139102738781e-01 2.707788823256718769e-01 6.918226989030071272e-02 7.651341741947244035e-01
1.160100991188658948e-01 1.794775351901408966e-01 2.330733097549336774e-01 -5.782315550143746208e-03 6.398980843002537444e-01
2.640347402758645989e-01 1.369186670397762873e-01 2.348066618938580430e-01 4.425376670954385416e-02 6.457454353567260164e-01
2.076025081851728127e-01 6.205318829737712510e-02 2.678630513011904801e-01 2.735937302527220727e-02 1.103315432158423981e+00
7.430680615171876557e-02 2.622280384088431782e-01 2.891150064888272087e-01 1.913751719897799353e-02 7.468349875385933423e-01
1.525410231406524597e-01 1.192123167023117214e-01 2.318456144085007387e-01 4.806550437283476501e-02 6.698589237455090384e-01
2.260864187743893416e-01 8.783041180334635878e-02 2.927017638717109294e-01 3.854208416170632617e-02 6.449275101665441490e-01
1.785630934602420727e-01 3.035215202623301467e-01 2.740758880022078903e-01 5.619389658680500575e-03 5.867032768638920093e-01
2.235294547707726287e-01 7.735099424039501570e-02 3.968618996009692923e-01 4.213380002180493189e-02 6.131608291486332352e-01
1.699025173630178132e-01 1.145814031085886642e-01 5.514236468607895958e-01 9.093586570537359748e-02 6.546640080151828744e-01
2.195830441966318547e-01 1.062659089559257752e-01 2.877245446730938849e-01 4.210737324860992087e-02 7.619686254342479259e-01
1.674744622924021487e-01 1.137414235636468318e-01 2.563954295416196461e-01 5.631902489561851216e-02 7.061109702749913675e-01
2.255197921208906831e-01 1.551359923803508345e-01 2.511977303568040942e-01 4.567856368946170836e-02 6.634880795037769730e-01
1.794320710815148767e-01 1.019940440792953817e-01 2.616468711327141761e-01 3.041437705563787910e-02 6.533326092093733051e-01
2.335910523719791909e-01 4.142871483250633591e-01 2.740304251154351833e-01 4.174178785086233440e-02 8.563351971937998020e-01
2.698228234143577597e-01 7.121577487049031430e-02 2.646637012355265717e-01 -2.474631840721086551e-02 6.882294184828490202e-01
1.269869298292939652e-01 4.723236381575792731e-01 2.625716378117491923e-01 7.126002136649878249e-02 7.745684941559870529e-01
2.151746541581631977e-01 1.163874296369636074e-01 1.900422362372793106e-01 -1.949679523031017103e-04 7.677679960081165156e-01
1.456164356355950651e-01 9.947413370622149031e-02 2.619070195271536727e-01 2.238601951286065331e-02 6.209709330882897671e-01
2.023874810154869808e-01 2.963400700224745332e-01 3.176871783967128438e-01 7.485590905570507769e-02 7.183916682661082298e-01
1.750874770665611369e-01 5.479890709045660141e-02 1.737046543270745758e-01 4.686630202463105965e-02 6.763787867958717115e-01
2.486162084017952134e-01 1.028157697950105726e-01 -8.999567584903800377e-02 1.052887535287466425e-01 1.106016295879649336e+00
4.393808004796075084e-02 2.126701197960702283e-01 1.848465656623746178e-01 2.376578764548584188e-02 7.930048240589880892e-01
