-1.480021824146609286e-04 1.355547520062196856e-05 1.190121787274621564e-04 -5.138327758961972087e-04 4.782296607024350173e-03
-2.353503032182551174e-03 2.706928028063689657e-05 1.244763941246897177e-04 4.148209767457060066e-05 7.889308277241059361e-03
-3.576452231341350086e-03 3.639324753620210278e-03 -6.048470812179408381e-04 -6.397286556119582968e-03 1.066741947900536752e-02
1.347517887716663809e-01 8.184378514810644600e-03 -5.774535200113400935e-02 1.024411750427689782e-01 2.378717775879403765e-02
-6.643500113498297882e-04 -3.134313617202354879e-02 2.838132143892922038e-03 -4.131599910381934240e-04 2.639448439148132236e-02
8.569340801641915639e-02 9.773302863277218144e-03 -3.187302223245909536e-04 -1.274920584044332561e-02 1.006815965047433009e-01
-1.592405019867212772e-03 2.111702611495914692e-02 -2.411571833222643871e-04 -1.610173643887630873e-02 1.548414138544959226e-02
-5.716718123463967972e-04 2.475172552829035030e-03 1.404940134612822330e-04 5.015188142468838444e-04 7.489550660262508062e-04
7.123832548847459922e-02 -1.791999729220631818e-02 5.977010420383955126e-04 3.883470058103788577e-04 2.529575187035525488e-02
6.118835633859735085e-02 -8.782745198984606358e-03 -1.344508604607607891e-02 -1.159557698810030797e-02 -4.342009779448134654e-02
-1.622572452358671605e-02 3.335389661501254877e-02 1.191970818482463541e-03 -2.990354422122316457e-03 5.675983486891079260e-02
-1.695793458881087179e-01 -3.026727938793152481e-02 -1.012415025252690753e-02 -7.191333638719617401e-03 1.076005840218850623e-01
1.397263848076925052e-01 3.555406320015959132e-01 2.201152890591692030e-02 5.353623574713925817e-03 4.404587945893746054e-02
-8.000000000000000444e-01 -9.650042473104626650e-02 2.246742464817647403e-02 2.281485142187639897e-03 1.369290248989928072e-02
9.106731168955722530e-03 -1.057305282526958129e-02 7.407451855671671331e-03 -3.997552239080789591e-03 -6.314385172199011610e-03
7.859977369253242870e-05 -9.988328012467797071e-04 8.035349848860324920e-04 -1.116130880803208264e-03 3.237870600667274064e-03
2.455053383676266982e-03 1.242908351375134968e-04 -1.146071077855716040e-03 -1.691622953360249300e-03 -9.226455966925591057e-02
3.349915297746610537e-02 1.367632597636217473e-02 -3.096116791944217121e-03 -1.198157729549837770e-02 9.804424441396688249e-04
3.841100505133641582e-03 -1.896102554136339883e-03 1.922021963913488627e-03 -4.586813273808972480e-04 -1.274796311793738313e-01
-1.020149732901191320e-01 -1.563857453768404456e-03 -3.218402374694164653e-02 1.948552455246757228e-02 2.906810869446039072e-02
3.406244172722845117e-05 -5.886390261869503537e-04 -7.844841033979745146e-05 -1.243551177850739961e-04 4.049127362104440638e-03
2.022489146886444938e-04 -1.217588322394298067e-02 -4.620914012419619966e-05 4.073140679671761414e-04 -1.917448216527646056e-03
-9.613294395450727812e-04 4.135874079976340867e-04 1.210694689507665000e-04 -2.562443982090395630e-04 1.162459629025051682e-03
-2.210159478818276863e-03 -1.219398090561041488e-02 2.667411859975154717e-02 6.012464376758080813e-03 7.710273065500653639e-04
5.880727584167476200e-03 -2.973541629913973965e-04 3.483487545361801246e-03 2.252474693672893834e-03 -2.794796160697967866e-02
-8.483902981079437938e-03 -1.834005261792119763e-04 -3.459655927815382965e-03 1.825098906902623483e-02 2.414519772258332756e-03
-2.257450495644595587e-02 -8.674988673375502723e-03 5.447788438987887991e-03 -1.805645672606338934e-03 4.883009923986022030e-03
-5.165761777130729177e-04 1.856189155568990085e-02 3.662822798688146909e-03 3.140751553736653538e-04 -3.899140865345741835e-02
-1.696679745006841140e-03 1.147457572398172644e-03 2.106058355795828625e-03 -3.115366716664501128e-04 -8.074174029048472329e-04
-1.951571530311274529e-03 3.269023785617960250e-03 -3.366200809753196101e-03 1.314408160619029561e-03 1.225686681682782624e-03
6.655943604504124811e-03 -1.574654746712776318e-02 7.766398420644364704e-03 1.324333831909711929e-04 2.747784304362032616e-03
-5.996083973137562861e-03 7.940596547387319487e-06 -6.159104628683229055e-03 5.789652784565035664e-05 -1.007414618665171705e-03
1.399542584699370665e-02 1.697290134251252802e-01 3.576923005627730134e-02 -7.333837336812872683e-04 -2.788655573226437364e-03
4.236283691482970034e-04 1.826594349112489692e-05 8.318902715322558329e-05 -3.734273794437351817e-04 -1.123707819442590350e-02
3.744702521308405918e-02 8.993159406631577590e-02 1.783553553331680393e-03 -2.564952726530883749e-03 -7.538160564755632363e-03
1.590149394387789517e-02 -1.292893282512321950e-03 6.316394532653155852e-06 2.145951688278396083e-04 3.145591250629764003e-03
-6.550760132991205811e-04 -2.168132676182881260e-02 3.010057718389848487e-03 -2.735059497612590644e-04 -9.961561427733064966e-03
-2.169761590731329932e-04 -2.408740625178769790e-03 -5.648774158570415115e-03 -3.222670867341006920e-04 1.126033748440790141e-02
2.537506736984430217e-04 4.595488074783237765e-03 1.075328394679584846e-04 -5.940907977959439170e-04 1.630665763897002404e-03
-8.501886005219377179e-03 2.463690741431294115e-03 -1.518519642772169130e-05 7.679700312722990757e-04 8.246526063399034620e-04
1.043307921720169895e-02 -9.704856299137740172e-04 -1.969441374990002751e-03 -4.991285276900132091e-05 7.603691628912695455e-03
-1.234388510875321018e-02 2.341351606320475794e-03 -1.606669334453428993e-02 -9.430052673142434554e-04 3.373847658854207260e-02
1.368094167629249711e-03 -1.864016009506597182e-02 6.571143318266232372e-04 -3.812751619352264427e-03 3.027555668767990815e-02
1.674132194027678740e-03 -7.521088183868132084e-03 1.391104771161744483e-03 -1.652458045094961931e-04 1.348855823713523755e-04
-2.264417295764707119e-04 4.928086361971583925e-04 6.036515295969229269e-04 7.476800889950575499e-04 -4.805057166465310885e-03
1.979167576193516503e-03 4.184897139327169516e-03 1.725687849121995687e-02 -4.649223142982313126e-04 -1.407789904797068607e-02
-5.088496491232293636e-04 2.876723162280937253e-03 3.978070394335349639e-04 -2.153926113373795179e-03 -2.191368469591378168e-04
-3.234056850134335343e-04 -2.306359059981556627e-03 2.308919013969070681e-03 -7.742755268121262642e-03 8.920166039323813509e-03
1.585958203652869467e-03 4.418912550861281928e-04 1.600524882079585622e-04 6.145272082723883425e-05 -1.804919600447516947e-04
1.061456715356942420e-03 8.319944377487162313e-03 -1.653015977229452445e-04 -2.056372558189850566e-03 -9.130787262481148163e-04
8.286239774055627469e-04 9.348424356610772739e-04 -7.130207926696197486e-05 -3.175617694305237480e-04 7.499197650881982841e-03
2.988242837105990648e-04 3.387183091489907546e-04 1.432416182686109367e-02 -2.530966249170789415e-03 1.914066077083350845e-03
-2.908665110573131979e-04 -4.117197651404732304e-04 -7.625368217461864911e-03 3.494317637351289406e-04 -4.159142520725138252e-04
8.144282466137484815e-04 -1.438353561221142850e-02 4.929552289581369540e-03 -3.491851598517563271e-02 1.928902805867514780e-01
-1.113433958403963787e-02 -5.665320220546281316e-02 -3.926919883992714411e-01 1.254992447796012510e-02 -9.042620051610122944e-02
4.656583438681225406e-04 1.768563462123994359e-02 -2.242370840052454220e-05 2.626608241889700872e-03 5.450553815641158255e-04
6.081000742579307323e-04 6.393961913186274083e-03 1.372714296971883205e-03 -2.098670891401912316e-03 -1.022257797700508236e-03
8.815401168089787368e-03 6.036582958354024149e-03 2.425795465292038093e-03 -1.323637846378627851e-02 1.871877163951066181e-02
-1.539914085148848125e-03 2.327928538802409748e-03 4.692477560774640372e-02 5.686045265423374066e-04 2.033139440658912264e-02
3.721589635407933057e-04 3.102723341288961441e-03 -9.843909589792928388e-05 -1.235276701525934344e-03 7.097736471612685859e-03
6.371501664853775060e-02 7.177654516810465235e-02 -2.625930172818314104e-02 2.262739318855543080e-02 4.893614137395141395e-02
4.407900207236801907e-04 2.211335875055084202e-04 -2.169735649409507399e-03 1.160297654145416458e-03 -6.209720678477369943e-03
8.628761892699672587e-02 1.248612478925476606e-03 -3.298730742336876409e-02 -2.580260918185173745e-03 4.404962283860517670e-03
-1.844432221986058674e-03 -5.790700149865546782e-05 1.417478254136923755e-03 5.977295421653748737e-05 3.190428479182564649e-03
4.489485824596689198e-03 -8.889278120096360397e-03 6.126609134057992880e-03 3.190679688099916974e-03 -1.146900763771734576e-02
-2.167258685414169550e-02 -9.969186859662705277e-03 6.170704773005835503e-04 1.156216958434183638e-03 2.039995533369912822e-02
9.357817918208238383e-05 2.874586342057579465e-03 1.284409192020025830e-04 6.274905567502781206e-04 3.942903092998868036e-04
-3.562135851060880642e-04 -2.805137519526332626e-03 -2.675823008686565273e-04 1.231066438616404109e-03 1.382503683984119764e-03
-4.303146574456643593e-03 -7.724568556984658108e-02 9.387840268398931279e-03 -2.938186148835029987e-04 -1.458607343200566276e-03
2.035710350460817521e-04 2.134121903277302890e-03 -4.957985723386159824e-03 -1.454029629038208749e-04 -3.228183427320457152e-03
-1.418474029442072515e-02 9.322323544575530051e-04 1.030411457336153714e-03 -3.626146778405464773e-04 8.997919637806315739e-05
7.170391829956913442e-04 2.232285746330957624e-02 2.365418688244634235e-03 -6.952487329593451740e-03 2.134504259467954329e-02
1.422781954187693780e-04 -2.178291916271478564e-04 5.261195876974267705e-04 -3.915137538946561924e-04 1.042797550130689435e-02
-2.207459645551620997e-03 -7.073951106554423468e-03 3.143120493519307133e-04 -4.640446416677697881e-03 3.421011238673886054e-03
-8.531025540082096473e-04 -7.471022189443243984e-04 2.124438439188219895e-04 2.495601092760238775e-06 -6.780767723517469071e-04
-5.838432802458728109e-03 3.689701738435168139e-03 3.828016914783146860e-03 7.923671595102598029e-04 6.800959396604980278e-03
-1.063385425787376042e-02 -3.114272472861278826e-02 -8.061661936808840051e-03 1.153036465117373080e-03 -1.075893691134155276e-02
-2.037146709305110402e-03 -1.574814101434877543e-03 5.962045605317838840e-04 1.754398605876071160e-04 -5.200585651082460055e-04
-8.560875480910489291e-03 2.267951559969893626e-03 -3.749384453861207694e-02 2.315104388495141038e-02 -9.165431298851427905e-03
-6.673430214933641358e-03 -5.434856863759797256e-03 5.536475879114395766e-03 3.301991467642972087e-04 -2.759204367525929305e-02
2.317877336689146920e-05 1.710305078085962898e-03 -3.090652370446400979e-05 5.644396283219473356e-04 2.055637484259543318e-02
-1.618852183141262016e-02 1.696747428692128856e-02 3.636296653006577430e-03 1.587891921461174853e-03 -6.428258459329949572e-04
1.976632151551847329e-03 -2.223528226078056726e-04 1.313551227859873372e-03 2.361775994842278150e-04 7.362229519352950051e-03
-2.414694593781720189e-02 -8.212808488419673023e-03 -5.520241337524645200e-05 2.059268174915764374e-02 -4.954650644854079536e-03
2.109589399304067836e-05 -1.506368584981984465e-04 -2.263997789970486911e-06 -5.802208338343103395e-05 -2.355423538145877838e-03
1.522690136250401047e-02 -2.589411405923688209e-02 2.356623779196807822e-02 -1.446000135479319731e-04 -2.672802998154910625e-02
3.292743340713814686e-03 2.453326347719259016e-04 1.632139660962983029e-03 -5.834182442090242492e-04 4.756673090635238355e-03
4.913151472418210604e-03 2.323317960782276311e-03 1.682628564075777438e-03 -4.772068154031957270e-05 2.761032554922543403e-02
1.010571750846472015e-02 -1.026408736452347550e-02 -1.755492551782372387e-02 1.132578916005850048e-02 6.029442294482172809e-02
-2.319700700439141297e-02 1.049890861823094164e-02 -2.498661617595286655e-03 2.897560094464404594e-03 1.612468596047346436e-02
-2.645699136634779717e-04 2.118999662260901817e-03 6.528345746638022527e-05 -1.905354094838016888e-04 6.490402598718239633e-04
2.639066939936008521e-02 5.552747278470764698e-04 -2.000495425610667507e-03 9.981649123590728354e-03 3.361131929829307974e-01
-5.373565006741240230e-05 5.244403364292805035e-03 -1.110293770964822382e-04 -6.885210150001486824e-04 -1.047025065952525381e-03
1.461504268795865962e-03 1.475770700036670852e-02 -1.681350477842410572e-04 1.271078929112437732e-03 2.197253785560622768e-03
-1.981422945219563254e-03 -1.033486941608007187e-03 8.880109559641998287e-03 -2.651276471026077020e-04 -8.516510255164599225e-03
-5.763185890913114645e-03 -2.759722947287947606e-02 -7.607829779846418325e-04 1.822599356164929089e-04 -8.485381694825683274e-03
1.704865520942081642e-03 5.044756986689884204e-02 -9.268556371379277001e-03 -1.219501685306118369e-02 5.300060458219974652e-02
6.535168932294341390e-04 -1.283903692967263517e-03 -1.197041346683242911e-03 4.949754330399275487e-05 -1.584965443967674718e-03
4.982970369362879452e-03 -1.897030578275051178e-03 3.268352915713679772e-03 -7.237880311473912556e-04 -1.279005135519360042e-02
4.301135724761976655e-04 -2.582181618919686568e-03 -1.092609297065622129e-03 4.647479345518088452e-06 -8.170171053439322095e-02
