2.521966444303408439e-01 5.277704391823854202e-01 7.379834540299012868e-01 3.355712828287230054e-02 1.027771363164348362e+00
3.685840809937345197e-01 -2.454605441145851774e-02 -1.156432497910860890e-01 9.042626448402291128e-02 6.417294661381042209e-01
2.758757327846587115e-01 2.045400723258007092e-01 3.189037684169283016e-01 -1.331868447968668767e-01 6.955566861545798840e-01
4.022043700937903976e-01 1.810330641269852769e-01 3.020957166489020018e-01 -1.901215506481532258e-02 7.558588848711284003e-01
5.982584293362832595e-01 1.223420959369021510e-01 -3.142320590971735550e-01 2.107219119722172351e-01 8.645747371349193910e-01
8.029787190999079782e-02 -2.272241725876334995e-01 1.650491667922709960e-01 5.820255992281923862e-02 8.162736893221284040e-01
2.625834282991316715e-01 1.712085054831498643e-01 2.354912964982110446e-01 -1.680305383018073639e-01 6.491984295259245474e-01
2.568468777449344764e-01 6.724549896477499678e-02 4.045873081221516565e-01 1.903471789827626270e-01 6.533400926892080074e-01
2.461131296712801286e-01 3.963275871897861125e-01 5.428281649379333995e-01 2.173308521453025943e-01 2.771265101360236849e-01
5.172597898907872471e-01 -4.342104940034716698e-01 2.360543092941329024e-01 4.737987876874750759e-01 4.082010301186800305e-01
2.295958805270012504e-01 2.891307575482210956e-01 3.096351192258364193e-01 2.961909405844312948e-01 6.288420905309435316e-01
3.188672819945075898e-01 4.593619718136015551e-01 7.125911769751508418e-02 2.101510776847283490e-01 1.135628440184791588e-01
5.467423216718561019e-01 1.869283838048818036e-01 4.222592417924057040e-01 7.497168373757109316e-01 6.046492294252758803e-01
4.609765145859928692e-01 2.749516838346385272e-01 2.660542962586044946e-01 -2.098103545596490538e-01 1.100667337621396680e+00
1.068852968210488030e-01 -3.546204720434342761e-02 4.968854193043280576e-01 -3.967582508024158905e-01 9.050375205119416400e-01
1.334918985703949512e-01 6.131087484454330605e-01 2.039082605513762303e-01 1.546080799954576146e-01 6.085417456548966042e-01
2.231115702371336273e-01 4.144760250302826909e-01 4.393900497484262702e-01 3.700467216511814650e-01 7.377915521580044045e-01
2.697289033410722459e-01 2.135144719737717134e-01 2.165747417965595278e-01 9.833357367959814910e-02 6.187545817541149074e-01
2.878960014285093516e-01 -3.919152336213148624e-01 4.544832432665208977e-01 -4.965789409274313781e-01 7.031509222714913410e-01
1.736002435740087169e-01 2.306337277084112569e-01 1.859275994497245899e-01 3.265327598221571259e-01 4.554639201153696249e-01
2.480656853677523643e-01 9.445970358383981580e-02 1.574371711772153959e-01 1.301104515713214782e-01 7.685294910197808527e-01
8.206735524273664484e-02 1.840449617762900114e-01 4.280960759793217552e-02 1.935198946250104302e-01 7.082236418845955228e-01
2.369007598220878308e-01 1.211298355027216889e-01 2.507500006994232145e-01 1.822397703425976748e-02 8.404029276301587803e-01
1.181993673118618068e-02 3.951995448179388970e-01 3.114357468939387141e-01 8.071895127780316648e-02 6.244803440066573064e-01
3.753973452485396822e-01 1.698532554952376650e-01 2.311812333818779597e-01 1.035846196194710744e-01 7.512617822925873323e-01
1.944844828518277891e-01 -1.036615379659482361e-01 -1.066745484364374219e-01 7.681347717988704082e-02 -4.392975960881563280e-01
9.875463355089958428e-02 6.376159760135516885e-01 3.271636246744900611e-01 4.002039430702813982e-02 7.033328386029119583e-01
2.916151289047007600e-01 8.733561683422813582e-02 3.396723210536289894e-01 6.959595633005455362e-02 3.615235499713821965e-01
2.194327785511248630e-01 -1.621205299836465386e-01 2.863041717678833087e-01 5.095607760632167027e-01 5.473668938368855263e-01
2.003470606919345864e-01 -1.236906547896288178e-01 4.454278376981914978e-01 -1.962514477558141013e-01 7.118917894230529786e-01
2.419644678087082557e-01 3.753587963511007541e-01 2.548332259591278848e-01 3.249316365404724544e-02 6.260310894073772836e-01
3.369928041552037734e-01 -1.079931993042694272e-01 8.216532975133317152e-02 1.345035575153977092e+00 2.062073392678201722e-01
7.307283001226103636e-01 9.198112672728120387e-02 4.217388657021561849e-01 3.659162602739625125e-01 4.590574324301578413e-01
2.561883528765930840e-01 2.438510197248409395e-01 3.148512097226897066e-01 5.098482001334346536e-02 1.356976839028865900e+00
2.358747442940251349e-01 3.654506465377915236e-01 3.325541366137597654e-01 2.642539724612372187e-01 4.665462602573579032e-01
4.097024559792429299e-01 3.724318763920619890e-01 2.108138104933700019e-01 1.139686837292018806e-01 7.501730693293704455e-01
1.931759263838899177e-01 3.410792445725753241e-01 3.174179969432165960e-01 5.259166178264414182e-02 6.908277964602010934e-01
2.757925358762746693e-01 2.037470720057406592e-01 3.716938206286645174e-01 9.732840962955940922e-01 7.528932330202968704e-01
2.306713027865805732e-01 2.848584367979757892e-01 3.102529152922334221e-01 7.486651453219300700e-02 8.578694716558600275e-01
6.184928992148557292e-01 -1.000101640503049949e-01 1.483442672032642129e-01 -2.425000228892554635e-02 9.147023977286465879e-01
1.373847722376368707e-01 -2.541669331739880300e-01 1.499637088883355174e-01 -7.882528036201488786e-02 4.590587710845933644e-01
2.763443332474209146e-01 3.163834074794364959e-01 1.670943678937247823e-01 -3.334307748576261637e-02 6.304886377941181230e-01
2.350154650846837390e-01 -2.086108354536758414e-01 2.339500380215420727e-01 1.373863117308382342e-01 7.622919673954438036e-01
5.297433517703538097e-01 4.795672529446075028e-01 4.436734909666177895e-01 4.401706843674366154e-02 8.635489794906432426e-01
3.319793650774497951e-01 4.031359293864561488e-02 2.655539433350741496e-01 3.441207149093829243e-02 9.159938988166852480e-01
1.506278024147381378e-01 -5.139768630493712909e-02 6.230452963267722050e-02 5.846785732594789869e-02 6.240317243802748770e-01
5.547948284280597164e-01 -2.552907594510389622e-01 2.741798931111997240e-01 1.363437350171115559e-01 6.289824423562939693e-01
1.559535582425313482e-01 -1.278454980424097998e-01 2.767879002437579339e-01 5.063912855538872659e-03 4.994053822817775545e-01
3.250494329949670247e-01 1.424587887144789788e-01 5.946701149770047823e-02 -1.758655328884514008e-02 4.200944499366305318e-01
2.744546110801384664e-01 3.801631584547661147e-01 2.102549794180546272e-01 1.478822711884400509e-01 6.245473449656172571e-01
7.926491580076229226e-01 1.411191395226538692e-01 4.501422075153868052e-01 1.105514419354152941e-02 2.924203716829397726e-01
7.216436904054523982e-02 1.711922217448225425e-01 2.203148479236138602e-01 5.230369428510586727e-02 7.963719261902610924e-01
2.434316144290797901e-01 -3.779261218932225552e-02 6.078631909531473365e-02 8.758896907683144661e-02 1.364883509109308113e+00
2.397077322283621137e-01 1.222062275570698076e-01 2.973742536192503505e-01 1.685949748632791234e-01 6.633690506622827998e-01
2.479419374467653758e-01 1.493297434739244700e-01 6.143220632296207961e-01 1.089885463188498549e-01 7.136460640721982163e-01
3.827356844699670302e-01 5.142006883407279627e-02 1.440000689181875626e-01 1.530406696669640160e-02 1.531457814802320794e+00
3.369255089588187868e-01 1.176196872994244996e-01 6.419024458553775903e-01 1.138463779638857615e-02 1.212712596349603045e+00
2.615643132031185147e-01 4.120012672197075898e-01 1.972718250000176088e-01 1.606586393363716725e-03 8.150555209377048360e-01
3.502058476654382746e-01 3.890846607600844109e-01 1.720795148771485927e-01 -1.770433845494797098e-01 6.149225642648729062e-01
2.926550315085495457e-01 1.207571642180185201e-01 3.085850675581112146e-01 4.812529212344032054e-02 5.489618830723448362e-01
3.224017165950571195e-01 -3.384090849799968326e-01 9.814098108704086276e-02 4.049122722522723039e-02 8.785028674928390124e-01
5.422420734490998040e-01 1.495870353616262638e-01 3.351299912811488979e-01 7.458959126157818642e-02 6.894011019845671662e-01
2.533524155792016286e-01 3.450405128229179219e-01 2.641018574093657589e-01 3.207045484213703057e-01 5.690085056124584151e-01
2.446416617620044143e-01 -6.341415751148071767e-02 4.306990224925915101e-01 7.247986169155208602e-03 6.709047168110073844e-01
2.465735407610473717e-01 1.980517568822924013e-01 3.358059708768389440e-01 3.311647680196024707e-02 8.983691599188230459e-01
2.241364258390187436e-01 3.219122452194482786e-01 1.717488481951146007e-01 -1.259806720908790700e-01 5.241834103005833523e-01
1.944411620744048719e-01 1.802180112258617017e-01 2.022943912345277206e-01 -5.462138032492318274e-02 6.686344404637519778e-01
2.646399008816685550e-01 1.824411646322415259e-01 2.457722403114138421e-01 4.594010266662644226e-01 1.160798823750833764e-01
2.596040986628016523e-01 -9.326501923271737771e-02 8.090241845622098138e-02 1.456287351666918917e-01 1.538422148708192827e-01
3.051517773370179265e-01 7.732428982410000096e-03 -6.625570493519150617e-02 8.546421567412057496e-02 4.176728238100613777e-01
3.279861442962298534e-01 1.782113964615177071e-01 1.776724794779394601e-01 2.621531475704655736e-02 8.235665898836719290e-01
2.877598084574264359e-01 2.253837357115081041e-01 -1.128306124175506575e-01 4.413553741329235836e-01 1.535304428102153285e-01
-3.463391991316326912e-01 4.202530192518938446e-01 9.809066651214379817e-01 -4.044521921743363668e-01 6.481656508277136020e-01
2.151948164883450421e-01 2.691505948866029230e-01 2.307171340556470884e-01 4.567175420986166468e-02 7.173836506942904423e-01
2.094627675319162552e-01 1.568855611040865239e-01 4.280054975822764618e-01 8.491820812487944903e-02 7.595190920378090960e-01
-3.234235560419161937e-01 -1.887550901294266503e-01 1.085749305578607160e-01 6.418480371548683505e-02 4.669426089260612645e-01
-3.552509138805243771e-01 2.829945966457108608e-01 1.865357258011181574e-01 1.810130981452077736e-01 6.981330276868833451e-01
1.989362207815139061e-01 9.159919936275184860e-04 2.642509131520436316e-01 2.161843299688337439e-02 6.345036053535372256e-01
3.615802390479685435e-01 -4.110126144421717698e-02 2.526401022669325647e-01 5.687671312929220013e-01 3.410061794283510972e-01
2.979634365346692793e-01 -2.149414016175421605e-02 3.839025176993880462e-01 3.634797063225887748e-02 5.927637802978900083e-01
3.161918664175762950e-01 4.508228280674796418e-01 5.698353811361844823e-01 -1.200775081411829814e-01 3.404982733139389484e-01
2.109171772416052748e-01 3.011445482780044508e-02 9.018923942723508502e-02 8.498401810204310181e-01 4.541792620182799611e-01
1.908052405989124622e-01 -9.070596274967934747e-02 1.734153856108094915e-01 5.633163260050962073e-02 8.437662056990875570e-01
3.360361248013279400e-01 3.981175888965913789e-01 2.574563733314504943e-01 2.660703528612080523e-02 8.506282253347006161e-01
2.604983291567145032e-01 1.207510937366831627e-01 1.088393447563904826e-01 -9.539103050874710166e-02 5.866783746794745902e-01
2.226274121402188888e-01 5.318096607594718916e-01 3.658684145313887970e-01 4.641972422486206201e-02 4.877438720281821460e-01
3.267810296936407566e-01 -1.038276397824057229e-01 2.759704438495221845e-01 1.133035769907271978e-01 4.747324420178775095e-01
1.107870947858985433e-01 1.370968175982130444e-01 1.501666473225690135e-01 -1.723591497677195994e-02 8.896644069098493812e-01
3.839615387097811139e-01 1.395396187233340912e-01 2.417202771817467954e-01 1.545074659693917996e-03 3.210728953971783151e-01
8.474203854317041706e-02 1.658766862765708450e-01 1.935793046687047381e-01 1.158844257621561083e-02 1.480071805736757895e+00
2.892294289725355627e-01 -1.425637561279741727e-01 3.818328086206899119e-01 2.999820052414002569e-02 8.091789485275824312e-01
1.519236088865450474e-01 -1.317785991723577355e-02 2.820523285554584203e-01 4.462647668977825360e-02 5.300455926524907380e-01
4.285695148105856944e-01 2.052321142275208565e-01 3.838331846303938422e-01 1.662631137345080279e-02 4.212168782828641378e-01
2.467690754802905617e-01 -1.829578367383918047e-01 3.924708430685678318e-01 2.241569005829095185e-01 7.192809111296750713e-01
2.713544895184676342e-01 4.511744816093201660e-01 3.906158591325686880e-01 1.799806133902727978e-01 5.619786310268322094e-01
2.276252620223083445e-01 -3.862315567983537479e-01 3.480644335698523384e-01 -2.903816888886948666e-01 7.187219207138846322e-01
3.073334388447406806e-01 -7.981697705338203219e-02 6.074881391760029725e-01 3.093407759627593290e-01 4.082488258283535343e-01
4.573015783447398341e-01 4.561727682194033906e-01 3.784322337653097668e-01 4.237652038343317495e-02 7.521459903632263799e-01
4.477475245247315994e-01 2.197978761450699592e-01 6.003188081474221116e-01 9.894286614006939651e-01 4.307264372064548708e-01
3.070116964895535094e-01 -1.423588532353231573e-02 6.159006706626461991e-01 2.463128502957141752e-01 7.092390605950832372e-01
