4.560462526845432962e-01
4.560499904843816066e-01
nan
nan
nan
4.563038534123429191e-01
nan
nan
4.569042099631037690e-01
4.591929420290220554e-01
nan
4.619554568422580831e-01
nan
4.658895334075383032e-01
4.569035806076569006e-01
nan
4.560615030653089041e-01
nan
4.714103004480211245e-01
4.911012083862767441e-01
4.559048173175599961e-01
nan
nan
4.596701387802940575e-01
4.570455265479432816e-01
nan
4.564540678512984395e-01
nan
4.559508677043433988e-01
4.559701581510122725e-01
nan
4.559746610812724921e-01
4.740069695188372512e-01
4.559124692462335759e-01
nan
nan
nan
4.560398936277276216e-01
nan
4.559545975202993762e-01
nan
4.562126543483318586e-01
nan
4.567384036219647170e-01
4.565636490791310509e-01
4.567697689653593129e-01
nan
nan
4.559415973624355023e-01
4.559320537911686899e-01
4.559729801388456294e-01
nan
4.559047298583764896e-01
5.250598507951075300e-01
4.565779628959557024e-01
nan
4.581039655720757220e-01
nan
nan
4.560851091307174809e-01
nan
4.560400484730866011e-01
4.579144612886403287e-01
4.559072170453531414e-01
nan
4.565561562994476241e-01
nan
nan
4.560844525936134097e-01
4.559326384793435105e-01
4.563035771748087388e-01
nan
4.561080572077852446e-01
nan
4.559070598724664913e-01
nan
4.572948019388335950e-01
nan
nan
4.573475861945854315e-01
nan
4.572867871097705539e-01
4.559514987665756469e-01
4.742322339894214922e-01
4.559111868351318764e-01
4.562295811959334868e-01
4.559399321168967623e-01
4.559846716437560010e-01
4.952180840426439468e-01
nan
nan
4.591575304129440482e-01
nan
nan
4.565337015917866337e-01
4.565205719812130414e-01
4.652501705430743262e-01
4.564233209816855874e-01
4.563653733833750725e-01
4.576095986313925001e-01
