1.361169604012995915e+00 6.517844849701665000e-01 4.508463654083816330e-02 5.644746869114951604e-01 3.658467162085192736e-01 1.331204884899391594e+00
6.457103054566141198e-01 5.174541320483224682e-01 -9.350156878980753206e-01 6.458477703843031881e-01 8.615462532063608014e-01 1.097681415422530282e+00
5.274740385943512688e-01 5.540852610738289385e-01 2.312918221943071617e-01 5.268031449479473327e-01 6.604571559295472349e-01 4.444567696432972781e-01
5.845795648244354048e-01 7.637982199982853437e-01 3.306774017760460982e-01 1.241413162560123240e+00 1.000760924160571941e+00 -9.455414122255689779e-02
6.600665230427029684e-01 1.524567580168777248e+00 7.368662471740461406e-02 4.850711417714690388e-01 8.506224126885634229e-01 1.159938254522895340e+00
8.086612061848653665e-01 1.964311583924882032e-01 1.061683387133072753e-01 3.502437387303733995e-01 1.116891454700870590e+00 6.005823233961004037e-01
9.694174824070135310e-01 4.573359867875873563e-01 5.113356594992454936e-03 6.564616164294385658e-01 4.077991366957018915e-01 6.105319875296799648e-02
7.984627741133754064e-01 2.457292236654365913e-01 -1.530062713385012541e-01 6.664259273046873044e-01 1.064676491042959361e+00 9.153185407661408313e-01
1.520201834864985946e-01 1.751050973511589781e-01 7.226267563518888604e-02 8.781291218511182439e-01 8.993360387384258248e-01 1.368846659616802963e+00
6.400546769949391201e-01 4.357055603790672693e-01 5.876271593899209944e-02 5.609891879748549748e-01 7.336304092885076455e-01 6.099882820501592029e-01
4.005207962584755865e-01 -2.929887680537793249e-01 3.768820937188402387e-02 6.453502797684870229e-01 1.201786943644288064e+00 6.421369177862511490e-01
1.328414598440942562e+00 2.778192337820184488e-01 1.324310247211439584e-02 5.957129319252417732e-01 1.222037910057333310e+00 4.817319299813970224e-01
7.783377634037196291e-01 2.604329274436490427e-01 1.179218612117680642e-01 5.848869865268416790e-01 5.963479780132160402e-01 6.263845524355757810e-01
8.995326353898984717e-01 1.967782674888959582e-01 -1.419542341746680147e-01 9.111649742935447049e-01 7.166018127506323943e-01 7.987406833373049686e-01
6.611541784584510362e-01 8.107321872546804364e-01 6.586133901170463378e-01 5.374900039242584970e-01 9.124366098188825269e-01 4.817050691792310047e-01
7.711464846754716440e-01 6.471208436617388315e-01 1.041720271954887922e-01 7.279607555588658574e-01 8.491192175572143119e-01 9.872397736023537096e-01
5.887580718494980214e-01 -2.699672720372465751e-01 -4.195200985695525797e-01 6.565767260405173111e-01 8.511445451981012322e-01 1.082207134260557257e+00
8.650710119117399621e-01 1.365715924864619457e-01 9.185437683491101679e-02 6.527646625815027859e-01 8.321721410034274014e-01 9.484625320590677200e-01
4.846047114154555246e-01 3.913922836610108091e-01 1.261963507066088841e+00 6.554248133258422371e-01 1.076392387361664760e+00 6.465101825344224951e-01
9.269308273364389450e-01 7.138455371334686550e-01 4.050715246676647729e-02 7.310594661462335164e-01 2.592830279635256474e-01 1.045279174625805219e+00
9.234464877454022780e-01 2.684384193481119119e-01 4.786906266214908667e-01 6.439336567104881892e-01 1.030308127262524742e+00 9.314277836652631315e-01
7.220951358515762530e-01 5.383654763211359606e-02 1.128879785770305066e-01 6.536722362212384896e-01 7.979840984414157123e-01 1.001305420161111570e+00
6.651476112606987678e-01 5.531706649110881280e-01 3.901617147581828426e-01 5.958136950607662019e-01 9.680445364474521419e-01 3.777601396719475479e-01
3.352115177667657209e-01 3.375779979467347092e-01 -5.131950830554208309e-01 9.137310440718757754e-01 1.246203200942073153e+00 1.012930664660365299e+00
7.712188031228547347e-01 6.533486657668585718e-02 -4.094078173821631694e-02 6.544099457693082211e-01 8.569055930664666310e-01 8.015695996405812762e-01
4.916122310727196187e-01 1.663805541667937316e-01 4.346420224239707641e-01 5.711845326253564004e-01 4.178047890489819394e-01 1.229015870590451476e+00
7.725235504253680219e-01 8.826306206709688684e-02 1.495867658703266823e-01 5.878550294888404970e-01 8.261460214207763109e-01 9.324499575469493706e-01
4.137845091631988659e-01 3.468406980028494457e-01 -1.166899813069314229e-01 4.131925346350704409e-01 1.009684531163381749e+00 2.089028003584214588e-01
5.433745796030938768e-01 5.587331805700679332e-01 4.039769049848820903e-02 7.117506591668385507e-01 1.116736109801564680e+00 1.059810922812574052e+00
2.038690809749595378e-01 1.871137992570951480e-01 -5.070913500050903966e-02 -7.144964203581560813e-02 5.056554268986620526e-01 1.110541186749249176e+00
1.016096508569453771e+00 -5.775564058019871938e-02 -3.081177719924875213e-01 5.648224695416121932e-01 8.153448190157419617e-01 9.480829929437583070e-01
1.028731582943523071e+00 1.079074317153416951e+00 8.152395072534322773e-02 1.234284532586440220e+00 6.173571519725350454e-01 8.226974847281725012e-01
6.932182324954996311e-01 4.218309290051182048e-01 3.994029357350568077e-01 5.576968295069751891e-01 8.130532679389130823e-01 6.947671215666710864e-01
7.547772832707784207e-01 3.491978203876176523e-01 -3.818354015051356187e-01 2.124602415643774833e-01 -1.456614734775383280e-01 8.319837409279291496e-01
8.477690668335924329e-01 1.565642112379074802e-01 1.726332318129592536e-01 8.550744810913157856e-01 5.248122715427681051e-01 5.841580168060729328e-01
8.138380124159856344e-01 3.335556311929995243e-01 1.545480196362855330e-01 7.255779726550464215e-01 8.228474648294030747e-01 9.924776675350704958e-01
8.896319849344264119e-01 5.439208369005151811e-01 4.368107556992618656e-01 5.699793655219894672e-01 7.423374978991998940e-01 9.122248129726271415e-01
7.316389070826144758e-01 6.263401081503070511e-01 7.573200314621081342e-02 7.291360193474475393e-01 1.015454075950086743e+00 9.121501247618245545e-01
8.857088101593778573e-01 -1.451350642309028882e-01 2.528093367777705103e-01 6.560848157980224693e-01 1.011797194076983653e+00 9.715302092643403054e-01
6.684053397637059746e-01 7.146315192539626215e-01 -5.846735696293445250e-02 5.623831780403872882e-01 8.341958671474947185e-01 7.737215836055680862e-01
6.668252834715124866e-01 9.750418584834791291e-02 -6.000590702123926867e-01 4.767212030581675086e-01 9.556376429806709982e-01 1.277233850032371443e+00
1.104550539498956319e-01 1.208081362704154671e+00 6.804665661643063412e-01 5.212093288009920222e-01 7.526586269883971392e-01 8.687595416226998601e-01
1.083223119944149548e+00 1.896718685944155380e-01 -3.875019564190146371e-01 7.130683373451082163e-01 8.794165961129057907e-01 1.189868068501150677e+00
2.471306153214056778e-01 -2.916685134002177104e-01 -4.703297261896024484e-01 6.688089759512353405e-01 1.583577236990232340e+00 1.407160030181089372e+00
1.526759425569444772e+00 7.545093867841905499e-01 7.313170783492840832e-02 6.397528112631912789e-01 8.366128324582901010e-01 7.268671420669232663e-01
7.510414209679865394e-01 -3.770697163425827947e-01 9.338984153494601648e-01 1.258423287039077687e-01 4.461865708243134554e-01 8.106986778758125123e-01
6.759477232393620305e-01 2.144883603414872164e-01 3.020031616446787748e-01 3.173362891962475674e-01 7.504534327134223526e-01 6.921161583434853881e-02
1.037114928497955280e+00 -2.655713300835497725e-01 -2.652909460908925432e-01 5.034836892341080228e-01 2.167906772838792850e+00 7.571718372360123350e-01
5.790839709999602292e-01 5.038852903117155280e-02 3.254349023542632002e-01 6.488070457061955176e-01 6.254764099136361777e-01 9.858131810579000565e-01
5.096402087259241931e-01 5.380272583606526826e-01 8.123391573926555531e-02 7.351854903372215810e-01 1.216640599951129165e+00 6.088324062381356150e-01
-5.997049573496843200e-01 2.776058143728006855e-01 1.152222376021175831e-01 6.326919382378926038e-01 8.444983102556744559e-01 -4.911972792725640691e-01
1.019801053237476385e+00 3.216188952653986632e-01 -3.073552943328296955e-02 5.638763917299965955e-01 5.464699495034591736e-01 9.167998794061665846e-01
8.510262056349047199e-01 -8.513904419121193223e-02 4.930348408297259288e-01 7.031785893687708677e-01 6.924312447266902648e-01 1.119486197430080043e+00
7.887033942193424352e-01 3.491181934412872501e-01 9.886490310943560345e-02 1.007637447396828312e-01 1.455920474182877289e+00 9.600786684401799720e-01
1.448079738151584195e+00 6.269403001600490910e-01 2.030409076750042119e-02 7.096644324508398771e-01 8.606170312990841786e-01 1.037464580491860300e+00
6.759261853534755948e-01 2.702237881739614767e-01 -7.880513491741166776e-01 6.118963687046935496e-01 1.158695586768503594e+00 9.690578984379972782e-01
1.137115885989183894e+00 5.983432757917972467e-01 -3.116402169740811745e-01 7.728149887305887367e-01 8.770785758094538920e-02 6.473724763804138416e-01
3.824607796783109359e-01 1.247549088642376791e+00 -8.116328795965266352e-02 7.137864732294845194e-01 8.403566528150524517e-01 8.074977189290438728e-01
7.336722331067401237e-01 -6.351763010454632985e-01 -7.885945314802386696e-02 6.395548951698573070e-01 9.523753608938320125e-01 7.460858484301183813e-01
9.623263872860703394e-01 6.938436533708511877e-01 1.073748215137498574e-01 6.165614376006232078e-01 1.121909154949602083e+00 8.276295060247783608e-01
3.140600503450554637e-01 -3.523946349334284855e-01 1.152540553048932437e-01 9.936589480909741035e-01 9.146583295476184983e-01 9.055917568560709618e-01
9.026772127787445754e-01 1.869280300873210066e-01 -2.029504765348923156e-02 7.588069281829701307e-01 7.512104060645015124e-01 9.108794858046116438e-01
-9.492223082217599028e-02 4.674914514230039675e-01 4.442717817577714889e-01 5.388736696585130215e-01 9.789908390939681126e-01 2.602541357072030159e-01
9.847846523657647344e-01 2.310757070407267189e-01 2.509103986730279456e-01 3.970748742718082092e-01 5.748725784978127029e-01 7.614159756984892891e-01
5.041499143105139247e-01 1.634475399016002140e-01 1.806753742712150779e-01 6.351853270835871035e-01 8.776415305281425328e-01 9.367410958239643648e-01
8.372042905354846187e-01 2.030882012790027613e-01 3.061476370322703255e-01 6.168208923491613760e-01 5.451547861320451549e-01 9.009022351891574631e-01
-7.613383131240278323e-02 1.150441005728707611e-01 -1.244853273679575739e-01 8.474939151522692393e-02 6.373608978089639887e-01 1.085362928018020368e+00
7.838294978887854203e-01 4.248760653935723108e-01 1.007766163396282666e+00 6.586129142771803835e-01 -2.038768430165062151e-01 6.528291914545780728e-01
8.569161738548242147e-01 2.902030970346982652e-01 -7.266176360823858871e-02 6.110108916237442234e-01 1.373107871362324317e-01 6.777138915012903553e-02
9.258846941708658296e-01 1.380203794564142106e-01 7.758522270245792329e-01 1.004470349719116751e+00 8.715493455563905201e-01 9.748176748135466418e-01
3.885182211681403874e-01 2.384049713892519851e-01 1.493081072312855972e-01 6.088906895788421814e-01 9.300431869969358889e-01 9.965003882432955651e-01
3.535914851267740744e-01 -1.215587350473444350e-01 2.667640584932611247e-01 6.919009447633969190e-01 -1.000283848267758957e-01 8.220336479187555501e-01
6.128077310846532511e-01 1.609831175903226053e-01 -1.184049362112408466e-01 -2.662791855424399001e-01 2.252601773058742207e+00 9.394548639508879528e-01
7.542790249880695352e-01 1.592700789188112309e-01 -5.220144484715329991e-01 6.672273055841411171e-01 7.231383511809470477e-01 7.558549032432710924e-01
7.984345695836019274e-01 2.354616834991097030e-01 -2.359638828332393662e-02 -1.876886440457217753e-01 7.516208217365156763e-01 5.208350460909436652e-01
1.065921887479730046e+00 5.841008351425366341e-01 7.702448176024123683e-01 6.655105152992667472e-01 6.383081996797139723e-01 9.345467187693418110e-01
8.215645213147427794e-01 6.769730358689546312e-02 -6.075474981874928737e-02 6.950769492146934292e-01 1.090742683072426278e+00 1.060325701178362889e+00
7.359232976796977743e-01 7.123519761378518389e-01 3.759394808218375905e-01 -3.267743663427716272e-01 1.690562189303327134e+00 7.110276619665860665e-01
1.007216293146998565e+00 9.316486664241525606e-01 -1.477115798232507826e-01 6.974957906104432004e-01 1.050733486041083964e+00 8.321467071441061014e-01
4.747084629874845918e-01 1.576352268004139745e-01 1.776993464037773252e-01 6.883813538545890953e-01 8.660792751757372399e-01 7.048711658237034605e-01
6.752077896223184217e-01 1.918645544366328615e-01 1.351904711092256073e-01 4.995223677208208146e-01 7.931343113708086978e-01 3.974862679117360242e-01
5.294735398642078650e-01 2.176408071420020685e-01 2.243786440858792641e-01 7.784971764504442504e-01 1.020338245112796471e+00 6.339478846957875557e-01
5.842353958558734739e-01 5.512814642666259424e-01 2.051511648138423516e-01 6.435874713414363457e-01 8.102852971586488318e-01 9.318560261026448410e-01
6.814096284341851772e-01 9.310439690561602699e-01 8.008446460393292554e-02 6.484107981904575491e-01 7.674676463640236479e-01 6.031747767793620429e-01
1.009077871794680448e+00 1.590008744874426561e-01 -1.742789057988736873e-02 5.221676856685650847e-01 6.442799631215515577e-01 9.364521964269914012e-01
5.562102438617719802e-01 7.340295412833081068e-02 -5.878060035030836794e-02 6.888580299971416299e-01 6.521297873569613657e-01 9.692077117652783125e-01
5.155369691130499143e-01 2.795363395581184074e-01 1.387691814269355894e-01 5.486371457580033750e-01 7.265309381425897328e-01 1.169070020888554939e+00
6.897310602175334981e-01 7.945699252702053128e-01 6.567467829052483497e-01 6.402730214905606454e-01 5.577028965151076267e-01 4.684008884118039950e-01
7.879669593942617567e-01 -2.734551444488336203e-01 5.721204493485299025e-02 8.352797234544201421e-01 1.015771208137602244e+00 1.042996723462382924e+00
8.329743535715778968e-01 1.050869395695745556e+00 2.449298170134974612e-03 1.107992213701957329e+00 9.995285279866878980e-01 9.769544891157355693e-01
7.131261164810844821e-01 -4.355142893239118407e-01 -2.817537916302809697e-01 6.462661205972142220e-01 3.083955846049488692e-01 9.650706601020371256e-01
-3.277550297003188895e-01 2.691609523864689768e-01 7.070764674566392127e-01 3.367414269026242080e-01 7.034256346257135029e-01 7.041341281504787109e-01
5.694995219791327834e-01 -2.257209887622822764e-01 -1.696363583012074905e-01 1.307361398179267775e+00 9.030680829540402854e-01 2.902467912667140437e-01
7.787874754244705766e-01 7.363051906312348960e-01 1.245753458613167858e-01 5.649947619132111853e-01 1.055553958520099922e+00 9.230914821930286118e-01
9.342175288372516206e-01 1.154296195655651336e-01 9.326049645463230231e-02 6.683238481413226184e-01 9.043457462942567915e-01 9.526464379946997241e-01
1.500140604087919938e+00 2.635115401213221631e-01 1.321452800921029791e+00 5.032441214542242580e-01 1.348142074102574250e+00 1.082518077232483389e+00
5.993180882195797698e-01 7.941543993767435916e-02 2.917981086998013840e-01 5.539927317246748917e-01 1.223991818875236115e+00 9.206639967569938410e-01
7.581384672305713224e-01 5.624819302357554340e-01 -5.843025253123262930e-02 7.685331244867569245e-01 5.149091029056300783e-01 9.083045532031914782e-01
6.963617979074199216e-01 -4.158636956682365549e-02 9.694892501513363570e-01 -4.775010845276955185e-01 1.684860303377015422e-01 9.589418451362441420e-01
6.739771542445115449e-01 8.843291147992310419e-01 2.454081736157842086e-01 1.289469337011292627e+00 1.889296380250644058e-01 5.254545556333826140e-01
