1.091104050810258047e-01 2.547908492307945916e-01 2.193982847151174642e-01 -5.988175117250306156e-01 -4.397540420460819277e-01 1.470249479675880822e-01
1.049617558433496023e-01 -6.713824919423809767e-01 7.055877237733562124e-01 -2.227783695351883975e-01 2.410876425170633275e-01 -8.268925493444785613e-02
3.129345817863570800e-01 -1.022882373420097232e-02 -4.521209862210820996e-01 -3.515491799255791583e-01 -1.324793194913900518e-01 3.803228508722711898e-01
-7.165566297883320390e-02 -5.136976223799593066e-01 4.999443268836685772e-01 -3.943103076611301772e-01 1.585886677786089993e-01 1.000000000000000000e+00
8.000000000000000444e-01 -1.810003033106304948e-01 6.758237919439882835e-02 -1.547449745552703648e-01 2.036378864477467743e-01 6.054881901846984604e-01
-1.268422533646638428e-01 -5.349693319109813938e-01 2.852121666640295219e-02 3.426947166660095911e-01 7.083909548819199153e-02 1.461234324044003441e-01
-1.286406273115367205e-01 -3.190378212315513329e-01 -1.178101401275095939e-01 4.721816813019804465e-02 2.402892918192345295e-01 -6.480529910315716569e-01
-1.005275386487779338e-01 -1.999102385203835319e-01 -3.124324567334468283e-01 9.213404671736334650e-02 6.316415453319106366e-01 5.327075102328805017e-02
-3.200353123827743285e-01 3.853966778234352297e-01 6.824333379289380941e-02 3.671683375546878209e-02 3.608531153853258844e-02 3.880057373260328291e-01
3.829034795256840845e-02 1.261441652232293646e-02 1.692279386875398389e-02 1.598632309345786595e-01 -2.970807472478000436e-02 -5.828484161634210625e-02
-5.963210014093350830e-01 -3.740447310752387788e-01 -2.238547305955312650e-01 6.886543537387921354e-01 -9.799999999999999822e-01 -3.356269070560849443e-01
-1.270380333379227469e-02 -3.119986578392658916e-01 -7.507053469048283190e-02 3.213279745877083149e-02 -4.231152642529339980e-01 -2.202538215380796527e-01
7.280060383363798349e-02 -1.481837479161171589e-01 3.292893078442731269e-01 -2.621027530233067115e-01 5.869727969374523013e-01 4.143453762262331308e-01
-3.820404384524255792e-01 8.867814967243480007e-02 -2.378886096183825682e-01 3.430801112075539394e-01 2.002177318243277548e-01 -1.000000000000000000e+00
-5.765200154074738847e-01 9.742135566353343767e-01 6.869465342284419851e-01 2.366450560466960840e-01 -4.248916243390032932e-01 -1.000000000000000000e+00
-3.384490169913113022e-01 -6.315987573789609566e-02 9.565974436431907632e-03 8.506561370704042446e-02 -1.543295361562788681e-01 -7.291612232358571366e-02
5.916720943663397181e-01 8.045967186108063940e-01 8.892560690989856909e-01 1.662277743699815125e-01 -2.713963248542275788e-02 4.169959270914095836e-03
-2.839940476408938097e-01 6.949775693733684090e-02 -7.231654093399848826e-02 -1.369977036369522949e-01 -1.040403671845007844e-01 3.097108390212681070e-03
9.476330490726098121e-02 -2.774569564672024757e-01 -6.993513310219822143e-01 -3.516262568449211590e-01 -1.500083679370368961e-01 6.683134712289573454e-02
-7.638295075340556517e-01 -8.759617953302980542e-01 -9.799999999999999822e-01 1.701488774774103652e-01 -8.536178745824054559e-01 3.460875244155385277e-01
-2.681873503636963973e-01 9.799999999999999822e-01 -2.764327851781436252e-01 4.576546566165797247e-01 -4.098099853553512362e-01 2.333956395619695423e-01
-7.272219424536266463e-02 6.926298255993518227e-02 4.752208317632278245e-02 6.128734936556313739e-01 -9.603021761244166787e-02 -4.823371845059321733e-02
-1.423834925978871915e-02 -2.072178492450911513e-01 -1.873421645502013344e-01 -9.128192477643172487e-02 -7.500694153804463027e-02 1.505873952980776864e-02
-4.175550268507895457e-01 -7.515871569264255536e-02 -9.799999999999999822e-01 -9.328283984634824222e-01 -1.663146228164952001e-01 -5.750999169458193006e-01
-2.632848618497393711e-01 -7.413715826179176349e-02 -1.236759909822514603e-01 4.228409880120692632e-02 8.912178088837656442e-02 -2.123290595230078737e-01
-3.048112239918212563e-01 4.948083764185044753e-02 -4.578662883382454696e-02 1.841524443384068566e-01 6.150956725442746631e-01 -2.014899132949308780e-01
-6.095235526697072304e-02 3.313636980848689295e-01 -4.095750100135567284e-02 2.819256180250228061e-01 -7.152861465267949803e-02 -1.263339592853679298e-02
-8.000000000000000444e-01 -8.845682654357611696e-01 9.799999999999999822e-01 2.818195419305916660e-01 4.716103672584423534e-01 4.780726607977391907e-01
8.000000000000000444e-01 1.360042814205570660e-01 -7.791140001993569764e-02 -4.207856120167530189e-02 -1.779940416751038812e-01 2.017524158576216031e-01
-6.709312441406189986e-01 9.320821764729789183e-02 -3.341306108594709334e-01 5.136356278895876093e-01 -3.485037538941762603e-01 -4.144353421311820496e-01
-5.848699917345411177e-03 1.880057699750484201e-01 -4.036743542423931741e-01 -3.411218419161913262e-01 -3.228531520300813307e-02 2.028820181711702211e-02
2.101176517479018402e-01 -9.799999999999999822e-01 1.560458434525191784e-01 8.842026062847369028e-01 3.461273125165110764e-01 -1.226717367593201796e-02
-2.183734421159443939e-01 1.849509197123648807e-01 3.898630207954848631e-02 1.633568302797117622e-01 1.272970907894623582e-01 -2.458725053990401810e-01
-5.359347505992401173e-01 -9.799999999999999822e-01 2.840670715380632649e-01 1.246882598849397561e-01 5.565246794844055239e-02 -1.025570759570266777e-01
-3.734214113209993191e-01 -1.427742212342219819e-01 7.403532792886609315e-02 3.147375624252888859e-01 -7.759737368213527609e-02 3.110649104485898042e-01
-4.532500903920874680e-02 2.579500757503072942e-04 2.150971514496448703e-02 4.557823319076225593e-02 -7.213535194273790196e-01 1.681211839505664107e-02
1.006593032383421536e-02 4.905860606609221963e-01 7.299148811338689313e-01 3.851019722220557773e-01 3.091081517336938811e-01 1.998968012571292197e-01
-5.723314333279279076e-01 -3.566104212397173123e-01 -6.700307763562383945e-02 1.799863266792991745e-01 2.362744507117811310e-01 -1.537047635550738492e-02
1.718971706484660744e-01 7.880395471372998450e-01 2.636228006707939664e-01 6.777531727773717929e-01 8.610897835514718102e-01 4.087864355601831812e-01
-7.629643285704561517e-01 -2.490929855705670826e-01 -1.407937412459507043e-01 1.176650394701987540e-01 -2.581156555658052909e-01 -4.888521583453760422e-01
-2.186747162551480328e-01 1.544078863479723951e-01 -5.899318441118241163e-02 7.408335635258840313e-01 -1.091293850750902350e-01 -6.399655678030016226e-01
-8.000000000000000444e-01 -4.943359368133214971e-01 9.799999999999999822e-01 3.900586271069265698e-01 -2.978257081974144960e-01 2.617341890060973508e-01
-1.581195263694524511e-01 1.498619056159630203e-01 -3.607193713813836577e-01 9.899999999999999911e-01 -1.486226584064825329e-01 -1.000000000000000000e+00
-2.233515879136829460e-02 5.416735598859110379e-01 3.408641811525885967e-01 5.447829433882076522e-01 2.476091203216836123e-01 1.000000000000000000e+00
-5.901129274702772431e-02 3.966667027432812520e-01 7.797057132585731576e-02 8.722238469836839370e-01 -7.757386220857943882e-02 -1.488832429037658112e-01
-7.185443597593402787e-01 1.369123462768771782e-01 5.365203334321274609e-01 -9.899999999999999911e-01 -9.728564354954382168e-03 -7.326695789424245708e-01
-1.447387133441400409e-01 1.271149114664112123e-02 3.380229055264517557e-01 -9.899999999999999911e-01 -4.073179388410926860e-01 -4.735979879675926707e-01
-6.506409243684809773e-01 3.462371302426348052e-01 -5.324784700133208121e-02 -1.928946685416938200e-01 4.769857166944657112e-01 -4.566672685317948455e-01
-1.357025676415494764e-01 2.816971106269588673e-02 1.058276752817574745e-01 1.154717945386802003e-01 2.207892226552779225e-01 1.307169913470617416e-02
8.000000000000000444e-01 5.810760935389518433e-01 1.601373260326473258e-01 9.616418215796340707e-03 -4.612259203209927994e-01 -1.531913936005538102e-01
4.687523144309322376e-01 9.773204542521632399e-02 2.659954769125963056e-02 2.777624312984040555e-01 -1.374353699074214001e-02 -5.199786645044573996e-02
5.254585687515780368e-01 1.458269489310805300e-01 -5.580681521409723567e-02 -1.241064492754286042e-01 -5.053003083863701755e-02 -5.202542394528823777e-03
-2.186868451037759786e-01 -9.799999999999999822e-01 -9.799999999999999822e-01 2.742526508349568681e-01 -9.349532739420581828e-01 4.328715571453083111e-02
-1.479627052225272466e-01 -1.823337818007179645e-01 -2.433935199087872408e-03 5.492075737714212647e-01 -1.016869733341830562e-01 4.205341645717549509e-02
4.120028404742430705e-01 8.177771093054703178e-01 -3.268669264843640510e-02 -2.601400627394791498e-01 1.138611091017018712e-01 2.339246918142385764e-02
-1.216867670610647933e-01 -5.255329416975865753e-01 2.872634771460718661e-01 -1.025002380931330608e-02 -4.035328490973164040e-01 4.810049858907888831e-01
-2.529462809037342774e-01 -8.244798139137637927e-02 -6.799907870455025316e-01 -2.275958251043555536e-02 -1.189241177305451896e-01 1.000000000000000000e+00
1.798130234397724014e-02 6.862783715418709907e-01 -6.535642641326796509e-01 4.695778093650462282e-01 -4.377358278636991895e-02 1.002541427166982330e-01
-7.210776454143059677e-01 9.799999999999999822e-01 7.593340863621786570e-03 6.522157700847294737e-02 -2.259234527442642304e-01 -7.672057133217745351e-02
3.636890116897821268e-01 -3.851501602894258913e-01 -1.122252925880223677e-02 1.725033038971652277e-01 -1.405039675392733001e-02 3.678393234649349197e-02
9.950941831736712095e-02 4.678632982847921729e-01 3.822106376249862630e-02 -1.485051123146794438e-01 -1.287480265870350749e-01 -1.070912548555498500e-01
-7.002734103870621174e-02 3.326290180860623225e-01 4.117696350918394199e-02 1.873713234095001345e-01 2.546565271899027538e-02 7.854764801357817100e-03
-6.658392042645458475e-02 -1.383665818607479892e-01 4.981287431365818419e-01 -3.382724311857215893e-02 3.289588905729735890e-02 -4.262705016958705517e-01
5.875917262919766459e-01 1.577619263886446965e-01 3.787341756409282056e-01 2.238105883225778234e-02 -9.799999999999999822e-01 1.000000000000000000e+00
3.402899549807075763e-01 3.589948295608292872e-01 -1.469028423307421061e-01 1.201991905357836267e-02 9.799999999999999822e-01 3.043868559561977993e-01
-1.100081328565544053e-01 -9.950854163131142571e-02 1.599297941279102103e-02 9.741102510054998331e-02 7.080499312852908678e-02 -3.300319765546825407e-02
-4.700480520341972224e-02 -1.875242113461879911e-01 2.942441210072356192e-02 -9.899999999999999911e-01 -1.606729894516804868e-01 8.603995667875461439e-01
2.811067991177989001e-01 6.502247937005093403e-01 3.017909420219252459e-01 -3.845076854910017133e-02 -1.249021969369892293e-01 -1.342068567392911416e-01
1.222396026709623440e-01 4.817614872026721590e-02 -1.949783879673000486e-01 3.295815919634942914e-01 -8.417689685419510459e-01 -1.000000000000000000e+00
-7.740749030112346885e-02 5.570215699160238620e-02 8.277412801087367100e-01 -1.568574707140897861e-01 -2.204502824891769741e-01 4.108156975695416435e-02
-4.110853759813262176e-01 -9.283991130980792650e-02 -5.491762668129952785e-02 1.955277486941144616e-01 2.458335855057890984e-01 7.540226676214779877e-02
1.617234022950005470e-02 -3.205857039383407936e-01 -8.417712743284123944e-02 2.574100892767952065e-01 -1.916646975916743156e-01 -2.691127776321129705e-02
-3.484441812566633767e-01 1.673054045219257990e-01 -2.258863512272573371e-01 -2.761963165174506352e-01 -4.665517864514128199e-01 2.175614355780838491e-02
-9.944747578273210875e-02 -1.173193281337627653e-01 5.702606572216009084e-01 -3.036351932987527841e-02 4.345642644670728583e-01 -4.873064038878745230e-02
-7.745119228485307650e-01 -2.670266648161989664e-01 -2.036550423519872255e-01 -4.038348016029951748e-01 6.531541898837802673e-01 7.954592008158143379e-01
9.643674448076386407e-03 4.481904363034760336e-02 -3.380463367235175820e-01 -2.119250891822377358e-01 9.645118641875206900e-02 -4.391774249501391968e-03
-6.809871418016846811e-02 4.835746127203158912e-02 -1.184822164146944884e-01 6.542909225460557740e-03 -2.802930989643367399e-01 -2.634831821382569439e-01
4.912610300720875872e-02 -2.968001825725471443e-01 1.611012869218526322e-01 -5.388242296901860628e-01 -2.769805436295422751e-01 -1.002676343029685196e-01
-6.670909477016714884e-02 -5.230928865973369368e-02 2.951232797731038193e-01 1.504644976912367926e-01 -2.907459437544151343e-02 4.366175473937118634e-02
-1.649210931860193019e-01 7.777516491419195210e-02 7.375808941377857975e-02 -1.194164230045747094e-01 -4.213359022037113655e-02 2.049866363294476357e-01
-1.955308856469067935e-01 -2.986815622698518746e-01 1.774428761214029149e-01 -8.637247077694705510e-02 1.688523101335061005e-01 -2.976296585921783984e-03
1.878510525631223171e-01 1.536148216274161038e-01 4.439029726884410332e-01 1.389129585565141989e-01 1.391962430317288391e-01 9.104017422858920461e-02
3.119757074528653473e-01 -9.799999999999999822e-01 -2.392672109810363990e-01 3.662714109495077697e-01 2.193158022572073984e-01 -4.159447634845485353e-02
-3.849053831793620706e-01 -2.735947163705436669e-01 -8.847771739806364888e-02 -3.117277222559184380e-01 -5.027620998958443055e-01 -1.963422139083336182e-01
-2.094980291072502387e-01 -1.388019063127302099e-03 -1.316808190321568928e-01 -6.328315267864835503e-02 -2.842738215361553800e-01 -1.917689684403686701e-02
3.240510932061865801e-02 2.044472751631354335e-01 3.235861069985705996e-01 4.498364770395276713e-01 3.983314510443765333e-03 -9.197482299636425274e-02
-8.000000000000000444e-01 3.492976157621884015e-02 -2.793825970118840596e-01 7.430475818795488907e-01 1.588264891291837344e-01 4.550385061201039916e-01
2.941905806127142475e-01 -1.984535350726887581e-01 -8.522641095828953350e-01 2.600573650987409446e-01 -2.290122657676422688e-02 -6.676197592130558300e-01
-3.782051731268482042e-01 -8.935832273407438853e-02 -7.968072158679391226e-01 -3.394965796207595303e-03 -3.351486643904594276e-02 2.988492722462094964e-01
-3.817205868738707437e-03 -3.523152855034901165e-01 -3.591706808453032362e-02 4.473902873231724864e-01 2.167043281554099365e-01 -1.745972051526107141e-02
3.144269606305851728e-01 -2.660768134566904863e-01 -2.828421560102635235e-01 2.163253641119575188e-02 -7.143530409767746558e-01 2.317007782070496652e-02
-7.645402111555386904e-02 1.664825849960883397e-01 -1.807679392480732172e-01 -1.172734421745271344e-01 -1.986662840160127175e-01 -4.649039305407239864e-01
-2.712544187306543675e-01 -9.799999999999999822e-01 8.172807008805141882e-01 -1.986826674482446153e-01 2.408006997284573847e-01 -2.816807426625081434e-01
-1.527358270954845901e-02 -9.799999999999999822e-01 4.180747944901627156e-01 -5.135367201085810906e-01 -3.270531269201681357e-01 -3.621927339113127642e-02
-9.824959836670475732e-02 -6.527267326470831410e-02 -3.339000142264279547e-01 4.084579948015471529e-01 1.960348738985688913e-02 -6.836366503871400303e-03
-2.818120946260003201e-01 9.195918092191628437e-03 -9.799999999999999822e-01 9.865885945877884977e-02 3.869112799578417611e-02 -4.458533379081549008e-01
-5.126632820683544312e-01 -6.522086864686825469e-02 5.372813838166066169e-01 3.852238476402800593e-01 -6.984603823301216430e-01 -1.089007216613733786e-01
-1.232726226585104112e-01 6.952046008624175599e-02 9.799999999999999822e-01 -3.572096567895009511e-01 -7.835754040686914168e-01 -2.684585527000782606e-03
-1.598437165938389470e-01 -9.549302569988819822e-02 -9.799999999999999822e-01 -9.404212896170903724e-01 -9.050995128619517827e-01 4.435568172631249029e-02
3.529907200586950705e-02 2.847902438472257325e-01 -8.723170832000268771e-01 1.814366575441797858e-01 4.994548012650539826e-01 1.431272526825406177e-01
