nan
nan
1.679483120479900890e+03
nan
nan
1.671601389823480758e+03
1.357587680774376395e+03
nan
nan
nan
nan
nan
nan
nan
nan
nan
nan
9.079745585593204851e+02
nan
nan
nan
nan
1.671601389823480758e+03
nan
nan
nan
1.139581081209585818e+03
nan
nan
nan
nan
nan
nan
nan
nan
nan
nan
nan
nan
nan
nan
nan
nan
nan
nan
nan
nan
nan
nan
nan
nan
2.806630915065314184e+03
nan
nan
2.577394767360724018e+03
nan
nan
1.661754135440890877e+03
nan
nan
nan
4.415959432944673040e+02
nan
nan
1.655767276252148577e+03
nan
nan
nan
nan
nan
nan
1.671395987651780388e+03
nan
nan
nan
2.808725566627641911e+03
nan
nan
1.671395987651780388e+03
1.679483120479900890e+03
nan
1.663666633660125854e+03
nan
1.671601389823480758e+03
2.808333830610086807e+03
nan
nan
nan
nan
2.628689785936916905e+03
2.579419915119641473e+02
nan
nan
nan
2.808725566627641911e+03
nan
nan
nan
nan
nan
