nan
nan
nan
nan
nan
nan
nan
nan
1.674273767305328420e+03
1.679483120479900890e+03
nan
nan
nan
nan
nan
nan
nan
nan
2.808725566627641911e+03
nan
nan
2.808725566627641911e+03
1.678628576260088494e+03
nan
nan
nan
1.676861840683369337e+03
nan
nan
nan
nan
nan
1.670515960141668529e+03
nan
1.678731689397939817e+03
nan
nan
nan
nan
nan
nan
nan
nan
nan
nan
nan
2.807714230452118045e+03
nan
2.684983256025440369e+03
nan
nan
nan
nan
2.802378606911909628e+03
nan
nan
nan
nan
1.671395987651780388e+03
nan
nan
1.646342886750446041e+03
1.679483120479900890e+03
nan
nan
2.808725566627641911e+03
nan
nan
nan
2.808725566627641911e+03
2.433922819105605413e+03
nan
nan
nan
nan
nan
1.670530623712067609e+03
2.658556467508830792e+03
nan
nan
nan
nan
nan
nan
4.524006175706386443e+02
2.510342694264228157e+03
nan
nan
nan
nan
nan
nan
nan
nan
nan
nan
2.808725566627641911e+03
nan
nan
nan
