-3.179408272707947430e-02 7.360897244783041853e-03 -7.626752063273145588e-02 3.304146651562269582e-02 -3.335571345335529986e-02 3.151295763309786696e-02 9.230718201237152545e-03 4.103220268475312599e-02 -1.493953792669308611e-02 -2.721174037294308776e-02
-1.270920405949560027e-03 3.770299211948315021e-02 3.972332779730406322e-05 -2.279066142538211936e-01 1.264619978879963445e-03 4.254007345513152044e-02 -5.204455575871862541e-03 -3.701151013493541534e-03 1.949907015715947388e-04 -3.696033015896080503e-03
-9.565963177532351910e-03 -5.826277855157118877e-04 -1.634329754227245232e-02 6.431710648577081135e-02 -1.373904554076056835e-02 -3.331546294081624837e-01 -6.679431616738664042e-03 -1.733666164870378010e-03 4.003234033837473668e-04 -5.751193406127751845e-02
6.222324249247487143e-02 -6.538080993872319446e-02 7.979851268631577010e-02 8.474587055314355966e-02 -9.859357659653296413e-02 5.818761538301774235e-03 -2.560242036496273577e-01 -1.124220813647054500e-02 3.261185966552751503e-02 1.365145097907650151e-01
-1.270407286135691038e-01 -6.858768551683987018e-03 -1.659129929577855475e-02 3.771146115811250810e-01 1.023764797177775451e-02 -1.144176448661727089e-02 -1.372337849767394161e-02 -8.761440680518637648e-04 -2.007094337708592580e-01 -2.887601627802620710e-02
2.442386871302478779e-01 2.463842830826306132e-03 6.028784128256125044e-03 -1.130305707139910576e-01 8.137340650584556911e-02 1.053788348821136783e-01 -6.885971864981385582e-02 2.670154753549665305e-02 2.846617587321794915e-02 -1.314063337363646777e-02
4.001527698409790834e-01 -1.870510921788243186e-02 -5.361027159097932725e-03 -1.000000000000000000e+00 5.327715709751163625e-02 -6.794847167510716102e-02 -6.617129136607189377e-01 9.972249027079771943e-05 -1.573888024965274706e-03 -9.037025177042881663e-02
-1.441683490286277229e-02 -1.154501488156498131e-03 -4.643287301089492336e-02 -1.000798093965730128e-02 4.514679764891697117e-02 2.777706089990951074e-02 -5.378473345043428659e-03 2.896699295883947700e-02 -4.827429507617960087e-03 -1.888562789616853380e-02
-1.620208676275712448e-03 2.996498639613876525e-01 -1.444353005463980613e-02 -1.914438999505150008e-01 -1.615480936049186189e-01 -8.919727224757907635e-02 -1.308568601318612912e-01 -1.341416920117373679e-01 1.541944449956137624e-03 6.486958617878529898e-02
2.988052026633695839e-03 5.191525431973331023e-03 1.143771303259354111e-02 5.851268411441113981e-01 4.058586413063391268e-02 2.088358390538177720e-02 4.319673028494892819e-02 -3.721158578994387608e-03 7.856220847012322650e-02 -1.475308855713980188e-03
-3.485615251142465398e-02 -5.409518450572348147e-02 2.460738557541376076e-02 -1.381567208622342113e-01 -3.091857640841432636e-02 -4.824801319807512506e-02 7.344983128909647607e-02 -5.316686495382223245e-03 -1.407679082382944924e-01 2.773894090133407955e-03
5.480206608881230124e-02 -2.276256111669218707e-01 -1.673427412663054392e-01 -6.910791476441296988e-02 7.666491571676464778e-01 1.820670055058646597e-01 1.182341880614232177e-01 -2.382351572157533903e-01 -1.858279455041020670e-02 -7.042208747519825840e-01
-5.099858016817676587e-02 3.385853717086725889e-02 8.517777522585027366e-04 -1.177146775835454916e-03 -1.807145540563290763e-03 -3.105637323230507965e-03 -8.320612022439990985e-02 -2.638262143838825124e-03 2.968218133291522162e-02 -2.391066670257428837e-03
-1.957426831463209699e-02 -5.689739580788628209e-02 1.461001183502919597e-02 8.021181994134528662e-03 2.029724610142223384e-01 -2.506512021264234533e-03 -3.886209699637986625e-02 -7.567906055508212613e-05 2.246520672891577641e-02 -3.906839887120073206e-03
-8.242062855705296204e-03 6.622539953496742182e-02 -1.263469871348400471e-03 -4.276667823610439539e-02 -1.249725395011734574e-02 -1.140403335894203153e-02 -4.103612371677942822e-02 -2.304492798090417103e-03 5.941049484487030685e-02 2.739548416187942686e-03
4.684756965305057058e-02 -1.854317294078247289e-02 -1.071047964358592779e-02 -2.148098137383032402e-02 8.927101565734636007e-03 2.635753926326094617e-03 4.802847767601192003e-02 2.592177557078126880e-03 2.070767453719918674e-02 -5.817274049687711727e-04
1.226556876360990547e-02 5.653979489229961075e-01 -2.952526073458172085e-01 -5.947966348098891048e-02 -2.718110312900768460e-02 9.893864551089881498e-02 5.958691691633858506e-02 -5.066023853242445502e-02 7.784380121510035139e-03 -9.338166023958167916e-02
-6.403193748851326817e-04 4.261472016229174778e-03 -1.310764247642001029e-02 1.559072416618041712e-04 2.468877179973907703e-03 4.108238356099819071e-03 5.149003403192303416e-03 5.356597619669861698e-03 -6.520461026955640593e-04 -3.364487873833907892e-04
-1.974814799785299391e-01 1.763629341449444304e-02 -1.974585226540375923e-02 2.270834102576925195e-01 -1.389014748694035184e-01 2.406843825314619600e-02 -1.204862792794727799e-01 -1.875579104179153286e-02 9.967663794678281730e-02 7.358353273599427258e-02
-3.387624044984997168e-02 -6.788066267850048630e-02 -1.845533654995589129e-03 4.962746406376267738e-01 -1.560660801201857809e-02 2.903569137643378581e-02 -3.104982437995132405e-03 -6.762741824945291830e-03 -4.427183677725285947e-03 1.290455873381930177e-03
3.544928447510093793e-03 1.157390353984358300e-02 -4.866352049620402409e-03 2.489516281792316255e-03 2.456905177694825027e-02 2.266433611033428497e-01 9.430831721617926851e-04 -6.801360312422211800e-04 -9.645634569028796457e-03 -7.368732991568369313e-03
2.261670118262006923e-01 -4.106051521973191898e-02 -3.514454134687204721e-03 -3.869168691113591269e-02 -7.833369939866870191e-02 -1.082260545059359480e-01 -6.383001006291773305e-02 -2.184025706125798053e-03 4.086370184025791413e-02 2.604324649311478071e-02
5.491555455053631673e-04 6.199542603125784285e-03 1.016768278569028013e-03 4.972344601060765118e-02 2.613725590665656479e-03 1.048598430680324455e-02 2.489129036612122269e-03 1.734679683986162452e-04 3.446032894654252506e-03 -8.494494026065464026e-03
-9.429501356890226949e-02 1.069267952168122954e-01 1.135323391154071347e-02 -4.168074973001977823e-01 -1.536786012597098983e-03 8.858209572168522505e-02 1.474310187863276181e-02 1.323700000928409992e-04 -3.428773961970209283e-02 1.312857281773410247e-02
4.650255953959796934e-02 2.373226132372621699e-02 9.656979564076540899e-04 7.173798073108006955e-03 -1.126457058797514753e-02 3.282473508381097472e-04 3.681700944818536853e-02 -1.725963117219771008e-04 -1.910610572989020900e-03 9.001183723676502678e-04
-6.490309473940599969e-03 7.477377684356114641e-03 6.467837356542796741e-03 -4.560173681474813945e-01 1.834852660433106131e-02 1.966850925308669673e-01 4.006650381718378229e-02 4.014313870296781946e-03 7.750418856211942209e-02 1.566909872077786731e-02
-2.683925250964402237e-03 6.343726314003855088e-03 -1.997730703399206147e-03 2.013943079094318300e-01 -7.742285798619629421e-03 -2.910407694677811380e-02 -1.731761650285361430e-03 1.426749180442508534e-03 1.796613557542055565e-03 -5.755109777969790428e-05
3.281634452055336854e-02 9.021928038175671197e-03 6.294057474011702236e-02 5.591183034725393571e-04 2.490599742482526441e-02 -4.231004501905979986e-02 1.057046285515642232e-03 1.593398425825499551e-02 4.492236643843394717e-02 1.355942222174520533e-02
-1.771972586439019004e-01 5.399661236495400564e-04 -4.027737260083949500e-02 -6.932184595258827908e-01 5.778160547504227786e-03 8.533826437234713624e-02 6.306350356649876795e-03 5.012753918929439487e-03 -1.778738091184879286e-02 -2.153855545768785032e-02
-5.594698309612574638e-01 -7.300140520356329654e-02 -5.810184873908208307e-03 6.824848463914161105e-03 -3.124171401408953885e-01 1.797490688289483940e-02 3.357283560415685875e-02 -5.001857878437075862e-03 -8.330088089455090286e-03 5.148717784846717702e-03
2.542600502928815676e-02 1.843141408466640249e-02 1.056751406713952318e-02 -3.789679720225406778e-01 -1.901276879244813423e-02 7.872167180109409385e-03 5.065445503963077883e-04 -7.949352404113135557e-04 3.214794527853177819e-02 2.070623880920604426e-02
-4.072905680357110092e-01 -6.893638329037822705e-03 5.297909342010300726e-01 7.230022187122822630e-02 9.364187985884794840e-02 8.554299505939895465e-02 -3.696977827542261008e-02 5.453808206241457512e-02 5.636618504148363518e-02 -8.853740332209854291e-02
8.935153128480161772e-03 -1.478343419308564451e-02 4.595227660455605129e-02 -4.206037930787002999e-02 1.799037446105370905e-02 1.602790586227672426e-02 -8.415757932353562509e-02 -1.839469187917264692e-03 5.439709902505025785e-02 -2.740733754742730524e-03
-1.009255639250727227e-01 -4.974560889300302935e-03 -5.500497968009609778e-04 -2.039455899577350198e-02 -1.927191212661229919e-02 2.940779069124309602e-04 8.289318513925841500e-03 -8.230169151269567390e-07 -1.139970312972772570e-01 -6.026258104231088653e-03
-7.568207588929659613e-02 -9.938576776004608843e-03 -3.052553308182465869e-02 -3.576573125278694754e-01 3.157752061278743666e-02 -1.667150178195462573e-01 -1.000000000000000000e+00 -1.161110021094759019e-02 3.692446053256327049e-02 1.185050683192900023e-01
7.779237997714485986e-02 2.129611373493556833e-03 -9.693200299090790886e-04 -6.827110910249316600e-01 -1.676214029101383632e-02 -1.530017282912679022e-01 3.173152855334256117e-02 -1.286724794731164065e-03 -6.981771113925753711e-03 -1.398920607678484250e-03
-3.064452004436253943e-02 -9.923754362778579308e-02 3.932330881687510701e-03 -9.397609292719733345e-03 3.466891232536349343e-01 -1.970922379239808953e-01 -4.247780345034196138e-03 -2.087692047049391226e-03 4.455361852496422109e-03 -6.550066765083320704e-03
2.056750630327721097e-01 -6.152258354293525799e-02 -7.905672262796480110e-02 1.936016681849943299e-01 1.000000000000000000e+00 2.123122765376883256e-02 1.125938105345771767e-01 -7.607740841522702205e-03 2.999772521659395310e-03 4.230531231270915349e-01
1.037927858212875452e-03 -7.550528066600026636e-03 -4.448154618408224105e-03 7.052717009952640505e-04 -3.286381731120148475e-03 1.451281871959261144e-02 5.148010071727319309e-02 -9.997248856627690469e-04 -2.489247527280427294e-02 1.406982955562921739e-03
-2.219372548621808411e-02 2.323137666393421466e-02 -5.751336539373684727e-03 3.630409547093447348e-02 9.861796244864746899e-04 1.241569238167185979e-01 -1.423563950479640045e-02 2.890942845351946507e-03 2.204045527634798315e-02 -2.570162526811475487e-03
8.105568278637075019e-02 -1.055410188337645725e-03 7.531720707588188991e-03 3.656356814669333658e-03 1.986646747414504144e-01 2.251787557006130688e-02 8.426905134352626059e-02 -2.737419455711372074e-02 -6.955653794244710808e-02 4.927075514424049743e-03
1.858043978868401808e-02 -1.674539320267510708e-03 3.147267747888240629e-04 1.759168935573956344e-02 1.984321743893617540e-02 -6.989476683675953199e-03 -1.814771333228280478e-02 1.189760194936259320e-04 -1.439261208863549992e-03 -6.252689272290051694e-04
-1.073915444456420426e-01 -1.605124377249415825e-03 9.081307009512995521e-02 5.032675082926913596e-02 -7.800645767224174965e-02 -5.740746527157696011e-02 -3.807330295872948106e-02 1.181215583454841705e-01 -1.775424468939866161e-03 2.742138748636974155e-02
1.445087987412227611e-02 -3.814068847699293718e-02 1.953797369624653540e-03 -6.891990403770308082e-02 -1.075327999328261619e-01 1.415984645838732348e-01 8.859109096384527524e-03 6.705573416853829495e-03 -5.019493345761098096e-02 -2.190222159910641328e-02
-4.244388196885000020e-01 4.990452974895971498e-03 6.010569308191929770e-03 -1.595141765917859056e-01 -1.616856381644229956e-02 -1.125184823702295861e-02 -1.883537875275204457e-02 3.112333744105719429e-03 -4.411857495548085484e-02 6.633837473205303134e-03
1.190053633315320269e-01 3.510759585038395608e-02 -3.194117268750189947e-02 -8.139302188764292734e-02 2.698983574601094837e-01 -4.166842215794591686e-02 1.482695797639270972e-02 1.000000000000000000e+00 -4.002812326875561377e-02 8.021101446588686790e-02
-1.786011139974897884e-03 -3.733141937903451777e-04 5.156770718396069385e-04 1.709817144331988179e-03 3.273316944978829635e-03 -7.255531602536566824e-04 -3.278740981881044826e-03 1.142416860331794216e-04 -1.682591495860685619e-03 2.564014788312759131e-04
-3.502348885183522165e-01 7.708232278095441398e-03 4.185099137761098126e-02 3.301348978755248020e-01 2.061368207147775897e-02 -2.545425875042185357e-02 1.947609796812815874e-01 -1.172160964659469708e-02 -1.374258654993811002e-02 -2.985062200131819582e-02
1.042643237811856777e-01 7.275511393126228533e-04 -1.545359316670468462e-02 -7.874555209494692176e-02 -2.841868972136622762e-02 -6.430162819206285824e-03 7.971845028481984452e-02 -1.645777383812642436e-02 5.105279364930459009e-03 -8.669345311139206589e-03
3.615404104897767976e-05 -3.852366869640811917e-03 1.934266671798971771e-02 3.523248578959836674e-02 -2.539214856614338198e-02 1.871878312544117753e-02 2.319308046614136642e-02 -9.425958053586681873e-03 -2.293263321021662970e-02 -8.882394684649500341e-03
1.974834824965028546e-03 -3.560939048703913590e-02 4.001150920880322277e-04 -2.558517465636642729e-01 -3.638675296502615064e-02 -3.496550851962924172e-02 1.917408995269280492e-02 -6.122331986068240794e-05 -2.543866664774732320e-03 -7.697338271686348515e-03
3.048752435042038217e-02 -4.014648089058195368e-02 2.110575294856535389e-01 8.590694816938311551e-03 5.079905513156432288e-03 6.834003838590120561e-02 1.241033745321110798e-02 -4.642907545826820311e-03 -3.360084823482483579e-02 -1.007160207044945858e-03
7.426596020435578815e-02 -8.829148455595705464e-03 8.251440226333835865e-03 1.089173924388626841e-01 1.485829969026918919e-02 -3.857821691067010034e-02 -1.814816890911905706e-02 1.079814518251130282e-03 -3.019373225127834886e-03 -8.437401643318164337e-04
-1.745279001133839825e-02 2.819166840809519351e-03 -3.243315144478421674e-02 -5.982258545794757326e-03 -8.387411802348125871e-04 -8.716042658532520415e-03 -6.256715284410271916e-02 -4.027850421365430477e-05 5.058852354620495262e-03 -9.288456782964294584e-03
1.168433493757392583e-02 1.273003864942658624e-02 -1.368301215028512596e-02 5.163461736575354621e-02 7.787814034074400961e-03 1.695232745217864435e-04 3.523455891839776498e-03 -1.363920497227535640e-03 -6.875491057798371886e-02 -3.635875941605377654e-03
1.400838268565409231e-02 1.974911525817270568e-03 -5.569718783113831312e-02 8.054636710310023040e-02 -1.779341553039965121e-02 -3.418380211410003422e-02 2.117066881449389606e-02 -3.905891117786359969e-03 -1.012927436429484768e-01 -3.654088608442835825e-03
-1.576919321656868878e-01 4.188366110129944885e-03 -6.503554462463143060e-02 3.186300008497976455e-01 1.255820853427178641e-01 -8.807022580108412116e-03 -1.830466171160639310e-01 -6.060682323403176336e-02 -1.208532419107033982e-02 2.780980125921026641e-02
7.363818150756176913e-03 4.567147051577760686e-02 -2.460473204292553534e-02 -2.292777504575206019e-03 8.051609235658069297e-02 -5.824168425837073643e-02 1.043828900588030933e-01 -1.465433034815729132e-02 4.600515472777268189e-02 -8.241010774247765902e-02
-2.912067302471019886e-02 1.638582153397286599e-03 -8.793807200895429254e-04 -5.341366820195871945e-01 8.305294816018092899e-03 -1.026122701690745931e-02 1.009342921550319613e-02 -4.779071381768346290e-04 -1.117153692758851569e-02 3.055940483805087184e-03
3.041501887920800007e-01 3.106282977331198750e-03 3.349816922027221838e-02 -4.324135665784661353e-01 -3.158596707329756059e-01 -4.386467447273394334e-03 -1.165296216105213417e-01 2.532079632311892703e-02 5.294299495673635003e-02 -1.223198864084572152e-01
-1.528633372311695784e-02 8.305242824980422036e-05 8.977376180014864796e-04 -3.340899062736709529e-02 1.758395320179917789e-03 6.217512294074968061e-03 -1.290367281783567389e-02 9.792507266814039048e-06 -9.362845812906225255e-05 1.678670990164909808e-04
-1.639627502423350938e-02 2.514481960846524141e-03 -1.365542177665526047e-01 5.079361063880252214e-01 -1.589614355794504580e-02 6.941469992220240803e-02 -2.772140486701574896e-02 4.690726250541678993e-02 -8.251706788169041462e-03 8.057843071567410281e-03
1.382087273260899744e-02 -9.666906230731299584e-04 -5.329364106635251647e-02 -2.509482174049852410e-01 6.687541468057776536e-03 -9.038355128123331042e-03 1.889530518689806482e-01 -2.713920693003459006e-02 -2.578990673404961062e-02 -4.084337457099179204e-03
-5.392059768440543230e-03 -9.320600471088088743e-03 3.046156193792606912e-03 -2.669707598713225161e-01 -9.473367805310287104e-03 1.488941364459008855e-02 -3.039939958786864668e-02 -4.041425086959539795e-04 4.435807782648669775e-03 6.393867528334503444e-04
1.215521775299443184e-02 5.650634758935036209e-03 -1.944920619505951468e-03 -7.291655522212918406e-02 -6.024291359914530665e-03 1.438189813561409867e-02 3.453202345293978487e-02 -2.461272274001829932e-03 -3.548758560856501380e-03 6.913463363452157159e-03
3.135265655512409905e-03 -1.916914068320536846e-02 9.311012671814425726e-03 -2.416732283944318140e-03 -1.236510087544380118e-02 1.304789346161036676e-03 3.084302161369447022e-03 1.992981648081518686e-04 7.516739428395284237e-03 -1.103908882211877569e-03
4.339092536321290799e-02 2.200914818298743431e-03 -9.386525901335700250e-03 -1.527417094788036112e-01 -5.084341938437431790e-02 -1.901939337224443916e-02 -1.545229034985827997e-02 -5.542967481731941003e-03 -3.924501830321092122e-02 1.655186922933161303e-02
8.669426262968314700e-02 2.696680582382041374e-03 -2.015834855952223711e-02 -1.268307829721252843e-03 1.009116334890953343e-02 3.781024571015697416e-02 -2.911601359719690474e-01 -4.650529924471950957e-04 2.592421190511218915e-02 -5.686347973303551920e-03
8.412660899292439751e-03 3.340291024113414072e-04 1.196958231302898846e-03 1.216684046902401749e-02 7.046205674558055077e-03 1.008723980531916059e-01 5.268216742591257107e-02 3.310549691454545943e-04 4.671656377344345600e-03 3.219164062165644539e-04
-1.810809872478181051e-02 -7.564048315780604222e-03 1.124816012604782332e-02 -2.784581040115948203e-01 4.359401621248324976e-01 -1.096724577153048536e-03 -1.139083888958634591e-02 -4.327816054257005961e-04 8.961691117998887499e-03 1.018191850916500170e-02
-7.220880431564097226e-04 2.849970020730578299e-02 -7.567583912066248820e-04 8.703019053793176196e-02 1.901478091392287250e-03 -1.658846329250888985e-02 5.609385204697241514e-03 4.348362325915433244e-04 -9.732996161095217513e-04 -2.061324736901779748e-05
-2.109207775487628375e-02 2.000799222467650358e-03 -3.107842490389424363e-03 -5.608572675075335773e-02 -5.900286760627648786e-03 -1.030877866434765219e-03 7.725576397207754853e-02 1.317431441761743489e-03 -1.448337121545732959e-03 2.229419334443157041e-03
1.147352564014164772e-01 1.423274183903490142e-01 2.116158155860643070e-02 2.312561629819382195e-02 -5.298893260380999060e-02 -4.845121696725923632e-01 8.763367452798056512e-01 -9.545468340914706196e-02 5.949356354836733696e-02 4.641203960375906400e-03
-3.022091841254542222e-01 -9.036924779717479816e-02 -2.188131224063644686e-01 -1.598650383671668673e-01 1.996361263953520815e-02 1.849743312616875315e-02 -1.006065338678959198e-01 7.588591743576432735e-01 -1.520127901408089566e-01 2.198119875738362428e-01
-2.670877514843028773e-03 -1.167143392566545416e-02 -4.903569078310588683e-04 1.100218908695667873e-02 5.147674831397362066e-03 1.538453850856704927e-03 -6.229734509981142178e-03 -4.646674355374537033e-03 -5.818338390234499384e-03 -8.288607510097942971e-03
-4.649548107232350804e-04 1.188934053357955286e-04 1.819902570321190642e-03 7.212120973328559059e-03 1.731704262140429731e-02 -1.867148449650047779e-03 1.433461840731972995e-03 5.539359432124319610e-04 3.218095814876882361e-03 -2.689683228807040593e-03
3.600696458528765409e-02 -7.121805731901859060e-02 1.637862664971170487e-02 -9.180897192712866861e-02 -5.004797423752662365e-03 -3.764669875483531158e-02 7.704749822189022046e-02 2.547209287608986905e-01 -3.387262970995274375e-02 -1.575217215545407778e-01
6.123893599165350192e-04 -2.725473834476102434e-04 -7.261736078490723875e-04 1.564020897513782038e-02 -2.907731937828547230e-03 -3.525239616452779771e-03 2.128502283334392405e-03 -5.859594302846174034e-05 2.728145805463183093e-03 -3.900789996004556601e-04
-3.065179278027907461e-01 -5.951566100852333924e-02 -2.381035500944743977e-01 -5.078242531118823400e-02 -8.552052722607307589e-02 -5.087913483793219532e-02 1.538279419024947588e-02 5.495265596812775460e-02 -9.324663398423283910e-04 1.273700190520832450e-02
-6.760607284960396500e-03 -5.117637720808873060e-03 3.812249381109624954e-03 -1.647431043827933452e-03 1.362744880109037493e-02 1.635870517418231210e-02 7.225250884255367267e-02 -3.099465097493607404e-04 -1.469659604773718500e-02 -5.927836341692408612e-02
-4.246229782293457489e-01 1.096051017449046205e-01 1.272419173643348812e-02 -4.723317342392842344e-02 -1.482761871508224243e-02 -2.159979313008814766e-02 2.136917513082967901e-01 3.221581509909143826e-03 2.095131692316342525e-02 6.880249808341570286e-04
-1.746343997024334474e-02 1.296957212252878959e-03 6.225646110768647120e-04 -3.024100324431789333e-01 -3.165355382915333721e-02 7.028961978283378154e-03 -3.349957174800399090e-02 -5.263676261636903667e-04 -2.235439641507477870e-02 6.268972833580652680e-04
-5.391047944064217279e-02 -1.726944110537734917e-02 1.684967852383812835e-04 -3.178454868503040581e-03 -1.088083243979042977e-02 -5.254714861017935057e-01 7.115423005691960678e-02 1.270626032225670877e-03 1.321750206868695619e-02 2.332768682434867118e-03
8.546863303199221662e-02 8.022473383343635064e-03 -2.614006987933917715e-03 2.165402371283954401e-03 -4.953453248704618554e-03 -1.522465351697901981e-02 -2.127515550839939162e-03 -1.124703959719170572e-03 -6.279586948956583647e-03 1.045697696302657080e-04
-9.268689377096207827e-02 -2.917545683239511009e-02 -1.227793260868864471e-02 4.603219970784225845e-01 -4.383149926311294409e-02 -4.367356507571888355e-03 -1.296968090991932887e-01 8.525439863047891073e-03 2.947330495934686809e-02 -1.519249223062273590e-03
-1.287181600695198325e-01 6.216886888353587159e-02 -1.399292392973192946e-02 6.374929197356015154e-01 -1.832487965725603310e-02 -2.433063143528692296e-02 5.363496651626619566e-02 -4.507135011244300417e-03 -4.564375171945489820e-03 1.601963345600263683e-02
-5.274094257067858324e-03 3.852931194372861533e-03 -5.396466153999850569e-04 1.940382529138856907e-02 9.354713965253160998e-03 7.461790363336156563e-03 -2.716056846078532608e-02 1.012492149617526954e-04 2.575396914602984602e-02 -3.841330378337703185e-03
4.239511583872672407e-02 -2.847566241574087283e-03 5.100667352585075420e-03 -3.626705496897325021e-01 -6.763397402254294095e-03 1.229640919360097256e-01 4.238245109149079565e-02 1.867152673302091342e-03 -1.006286605563406870e-02 3.496377153111836500e-01
7.082945316309604555e-01 -3.368586456652476052e-02 -3.596461436272749279e-03 9.658791605176358930e-02 6.903901320191914047e-04 -3.075501008415996648e-02 -1.238749312212701625e-02 8.637347676326298865e-04 -5.242885550028035524e-02 3.268648955799724796e-05
-6.593795702713703966e-01 -8.766256250988901932e-02 1.341163972413274286e-01 -8.812162337099650397e-03 -1.211936017784167041e-01 6.833924034939500630e-04 2.915469605079916149e-01 -1.089529653489212761e-02 -1.520353235781242429e-01 -8.824937064371152218e-04
-1.465598779602652431e-03 7.500201948019549758e-03 -1.775869018520427394e-03 7.119595697878059459e-01 4.765238332931293411e-03 7.935849574377653107e-03 2.056017112475902117e-03 -2.798125908393640088e-03 2.658303119745962593e-03 -5.004609242973669320e-04
-2.510598334195385511e-03 -2.415708589880927529e-02 1.458934640253028298e-02 -1.867595416348060908e-02 2.462402561899552089e-01 -1.233043605801055140e-02 -3.583873417397711453e-03 -5.599996876217048884e-03 -1.373292077899677423e-02 -3.018925107361750126e-02
9.146422324488302086e-03 -2.426534106460272178e-02 1.074795616572114809e-02 -9.206434726484982733e-03 5.760055847611714359e-03 -4.809686946596750286e-03 7.404113222326512162e-04 -5.910445831978585238e-05 -6.027526096203925966e-03 2.604046836542082185e-04
-1.452992890507320486e-02 1.152561108681908822e-02 -2.747840939019458029e-01 -2.467675728687948600e-01 -1.688358822951710123e-02 -7.259471354862012671e-02 -5.442568865079656405e-03 -3.773666016569204168e-02 -5.491002088172838858e-02 8.156935137078996298e-03
4.633942839153727677e-02 -1.191746788676209361e-02 3.931495058600378151e-02 -2.288748259865743245e-03 2.781040626842339880e-01 1.876279623898369220e-02 -1.127443038857584151e-01 -3.455457823028331571e-03 -8.304408417372088902e-02 -2.803464133068441291e-02
9.989555248176747171e-03 -1.529602733306383022e-02 8.296433679914864837e-04 -6.120376029469546536e-02 7.378413963549581601e-03 4.347102281171161264e-02 -2.455876584823404180e-02 1.789282667489228932e-03 1.726231911393308338e-02 6.884193226146053529e-03
2.612439657321899769e-02 -1.636608110652895166e-03 9.348057498154531408e-03 -6.367113989588018934e-03 4.339467652334721981e-02 -7.255961849459087280e-03 9.959130573344961851e-03 1.903536732617475136e-02 -2.984900400030880349e-03 -3.300249096069183402e-02
-8.025207350948092289e-02 4.373366559391385702e-03 2.849548077400338233e-02 -1.428150509137889740e-02 -1.390271871797473240e-04 1.270874801851767022e-03 1.299840561127426075e-01 -4.976946173883653457e-03 5.329118633143786407e-03 3.667070932238409436e-02
4.457959577035107424e-02 -3.384255276084868758e-02 2.622318123908889270e-02 -1.287360564728420864e-01 -1.552965602365729593e-02 -6.416017386216481266e-02 -1.518588532290426063e-01 1.900059445984389125e-02 -2.764296018294817164e-02 1.770525084208553201e-02
1.793596167726897728e-02 2.263416561863273724e-01 1.766799737263777693e-03 3.547239271939621186e-01 -4.453706715573591685e-03 -6.976588876325722638e-03 -4.685181232474812385e-02 -4.770890868672958071e-03 -2.736120411887847659e-02 -1.613250028012382098e-02
