4.808521986592548259e-01 2.755472374230113486e-01 2.889146121138400636e-01 5.890952994330581061e-02 1.278100450196348048e-01 7.426026845998915382e-01 4.487624631906229622e-01 9.158370087849820873e-01 7.599898725490407125e-01 2.880962706799732875e-01
4.971992243752498264e-01 4.196213262249340881e-01 1.055234650665627660e-01 9.076240458578260784e-02 1.590459696503163933e-01 7.762438463986232051e-01 4.471534154285291551e-01 9.062391843770100097e-01 7.542901090203698589e-01 3.757323833835650162e-01
4.933966304674214931e-01 2.714788186600449182e-01 8.552038382315158005e-02 1.304456833071994670e-01 1.264549874732621704e-01 8.534414159942736999e-01 4.384833757596859893e-01 9.078325375478617509e-01 7.551872235850390913e-01 3.378028424681596698e-01
9.188847981235859219e-01 3.311704941718954798e-01 1.783569986042781441e-01 1.699309853556076888e-01 2.080544128362925016e-01 7.612455915122237071e-01 4.061021392088003390e-01 9.068442170971071636e-01 7.765219968183341148e-01 3.844118606042226660e-01
3.211180275232948800e-01 2.782469407893636837e-01 9.711616656330440689e-02 6.673670923554042567e-02 1.880102340679370709e-01 7.729238989164864959e-01 4.571984464373783363e-01 9.099844712725762008e-01 6.097480052445165555e-01 4.185724199408149548e-01
7.506029972456531585e-01 2.537788761478336763e-01 1.414905829709731944e-01 1.422341554955933729e-01 2.721028357820443055e-01 8.020239862711946444e-01 4.670114103789377302e-01 9.307848360877747362e-01 7.873955561770468181e-01 3.732437744661484258e-01
1.018570286006838188e+00 3.294117172461824006e-01 1.066022286702311139e-01 -6.898495438170759719e-01 2.239306820753222960e-02 7.649308240472967313e-01 -1.302644881444839364e-01 9.075821374540291586e-01 7.665150809798074727e-01 2.886970976141509659e-01
5.039927362333683769e-01 2.740194656344809299e-01 1.684895968396994403e-01 2.026200114369477168e-01 1.671258933502206834e-01 7.043696577054183727e-01 4.590009908877039635e-01 9.299572098425163968e-01 7.516242205256549180e-01 3.477831543283684823e-01
5.001081042766235552e-01 3.444112197029054467e-01 1.079336328130737488e-01 8.784261740339299740e-02 1.464840446692932674e-01 7.005865354331464179e-01 3.165346301485250091e-01 8.909003835220785650e-01 8.534100775602235789e-01 2.449531086509217359e-01
4.885940025121519037e-01 2.861873252347848506e-01 9.996343467039087161e-02 6.669301252180261930e-01 1.867990045105737129e-01 7.654422374964486853e-01 5.361033273939567190e-01 9.081937170068404841e-01 8.439805998489714467e-01 3.755338498298603778e-01
3.815867562662959012e-01 2.699135624586623261e-01 1.018577701327464946e-01 8.718425452075448390e-02 1.851702938738793713e-01 7.029334368603391558e-01 5.101716888398675209e-01 9.055676472065313787e-01 7.720611753781478903e-01 3.794031968821167666e-01
4.768355278059586144e-01 5.185867674382443893e-01 7.326603355829529596e-01 4.019564023831876387e-01 8.092742984440048915e-01 5.631665032280397387e-01 5.207973964313363791e-01 6.833039873187547464e-01 7.873165147279527210e-01 -2.306123483450961409e-01
6.886130780891601688e-01 2.814987164035214207e-01 4.710724194746784832e-02 9.677210399988907252e-02 1.601926507731752380e-01 7.588248311137307800e-01 5.889349699645007874e-01 8.999527800824991264e-01 7.752687750680915535e-01 3.795383591062161388e-01
4.977286031541292566e-01 2.518393746592966220e-01 1.117135946447663369e-01 9.662386559195834668e-02 2.299504674646606073e-01 7.252270333535316693e-01 4.403170083036963001e-01 9.124992397589344328e-01 7.810052735098131915e-01 3.755424385883969207e-01
5.022530771866409172e-01 3.517449321725372169e-01 1.034539027273614492e-01 9.742936112989833419e-02 1.268545267548050470e-01 7.050762583396199545e-01 4.029946441967128257e-01 9.161812206187800456e-01 8.236531873377597179e-01 3.764889571584282835e-01
5.225059898408578318e-01 2.596897930946071575e-01 9.745569458284804309e-02 5.254218458121164004e-02 1.596333581850653549e-01 7.532871770095233011e-01 4.271698752551409961e-01 9.017394703723472515e-01 7.657019887605081010e-01 3.747337182617442308e-01
4.747483742055584321e-01 8.760269132071786258e-01 1.166840779060396571e-01 2.278960619914432439e-01 2.254091120950618421e-01 8.694333736542639857e-01 5.118499344085872815e-01 8.840481334807511749e-01 7.836377562202625491e-01 3.478219697240785280e-01
5.021197405783193179e-01 2.753225069088238719e-01 9.694744745329879343e-02 8.325409739732142489e-02 1.618521701356882003e-01 7.436581218981458408e-01 4.442764110712856263e-01 9.134200259577388570e-01 7.497816843417617338e-01 3.728769750623052159e-01
6.614437919328886029e-01 3.338504328227349660e-01 1.468724920941947287e-01 3.686143355766042795e-01 3.817189863626630486e-01 7.763854087880449617e-01 4.682123465370668924e-01 8.467043918631317334e-01 7.308666023981340576e-01 4.524782707602775234e-01
4.997652268357208327e-01 2.627106376838274082e-01 1.054145556522356197e-01 3.744959809359216241e-01 1.512961394323840414e-01 7.776380661176679476e-01 4.309707107006631732e-01 9.125641388503030749e-01 7.439515802324725424e-01 3.769276563753237719e-01
5.102801838921263711e-01 2.821111741216337232e-01 1.001626434658761666e-01 7.177511501860639465e-02 1.041595689104257150e-01 6.972418383451730595e-01 4.431594498390905024e-01 9.092799593496295740e-01 7.518445979904210263e-01 3.732033899615653239e-01
5.818759551548915443e-01 3.333330089412996911e-01 1.268791099245509535e-01 8.840990361929070007e-02 1.657413306061809866e-01 7.969058798844264047e-01 4.420018438790170312e-01 9.075167561546670925e-01 7.680389187777429960e-01 3.901134052407738695e-01
5.019492138551241434e-01 2.776843511337304116e-01 1.065371749910728055e-01 1.256530573601890577e-01 1.577732449587311014e-01 7.881528451836854465e-01 4.506243290688283221e-01 9.096380159368466778e-01 7.304954165030590474e-01 3.699356201610669581e-01
5.342729096000597977e-01 3.743006018552054726e-01 9.609866068076974854e-02 2.384535311207871544e-01 1.447838449660591442e-01 8.009429359306905472e-01 4.692908211157075793e-01 9.057704626715691321e-01 7.627907068809745006e-01 3.828242899987048253e-01
5.404129908336152699e-01 3.049840035547374262e-01 1.069592214832322252e-01 8.658763383300602245e-02 1.464547150655990948e-01 7.549889072010522728e-01 4.475493097597379455e-01 9.094733232884772978e-01 7.728071962158854502e-01 3.781738541407199117e-01
4.923923116974261438e-01 2.874008160551214663e-01 1.048596955350949017e-01 3.119132697129247678e-01 1.408797387864710315e-01 8.839904656835982921e-01 4.814968885888755712e-01 9.075392765222126679e-01 8.426598563054212843e-01 3.961095761841106344e-01
5.026715518958325690e-01 2.691581094902925075e-01 1.060793869394570099e-01 2.875262568480675407e-01 1.602173962520181683e-01 7.746957811839224606e-01 4.480086552939414601e-01 9.087121271373728160e-01 7.596258077206466952e-01 3.758785781631606149e-01
4.799558368789925145e-01 2.799809997560791519e-01 1.416398698893904795e-01 5.058902119676837034e-02 1.299743990254042525e-01 7.069162438650565816e-01 5.100130550412861341e-01 9.181053117606852165e-01 7.510129429606682283e-01 3.900419154669875210e-01
4.763467492341602050e-01 2.729788305950358596e-01 1.321814664275823559e-01 -1.323114542164905427e-01 1.570988881608962606e-01 7.345284517358525722e-01 4.794523554926369835e-01 9.091717966362631298e-01 8.374268594788371045e-01 3.657760870245194140e-01
2.692823097731839033e-01 2.695766210538569352e-01 1.129122127245883733e-01 9.305318083875771529e-02 1.580391950346497210e-01 7.691952065238246705e-01 6.031893228458953260e-01 9.086881181261895479e-01 7.584399073137584324e-01 3.834961010302595508e-01
6.073240342569963257e-01 2.852938427608117666e-01 1.516260418740113247e-01 -2.071988828009813099e-02 1.416327279496766844e-01 7.580889513689602621e-01 4.599800675940776684e-01 8.971477106616553288e-01 8.033302596274412011e-01 6.983805370174265281e-01
2.116072331944937046e-01 2.742176054101378990e-01 3.290138734916799312e-01 1.671301978616223372e-01 1.181591338452876450e-01 8.106414094451727115e-01 4.198998080516983533e-01 7.730074523666984332e-01 9.396132737023648041e-01 3.441344085331291547e-01
5.128482753406865546e-01 2.490356557584159081e-01 1.531377858408048409e-01 3.026394651507422623e-02 6.932137411905978097e-02 7.673541516351244374e-01 4.858482461751078008e-01 9.092703382644589105e-01 8.612024160452251831e-01 3.752640263784516317e-01
3.759852461071393481e-01 2.790860287620614555e-01 1.030311603723451236e-01 3.204262141895171112e-01 1.535615860889847639e-01 7.629186998222935445e-01 4.976197396529971062e-01 9.094323363677317973e-01 7.218571654308525432e-01 3.752045875266394326e-01
9.689214248950486219e-01 2.819996575349691947e-01 1.493249523916943822e-01 9.603244799901461404e-02 2.085863525803989260e-01 6.319755077207908078e-01 -2.320387482427355430e-01 9.019005818912139150e-01 8.913470095489535172e-01 4.338889402300192266e-01
4.611413248392038366e-01 2.721784963048350936e-01 1.016063614591277975e-01 4.437666525704663800e-01 1.481407522565411361e-01 8.405460051212152450e-01 4.353897964789099073e-01 9.129689573249669676e-01 7.544360787739684548e-01 3.765420665787517773e-01
5.003283449020865525e-01 2.297994048536389777e-01 1.448386057162495966e-01 1.141531533710103408e-01 1.660775055174709136e-01 4.961885568688430004e-01 4.369420736061069843e-01 9.052361253137165553e-01 7.702954838436036900e-01 3.685157972039358465e-01
5.885959961047873001e-01 4.714786887253367142e-01 4.782993955817064352e-02 4.019671106769966418e-01 9.799666723082820496e-01 6.956373393302036634e-01 5.590252529646938529e-01 8.977050502586989555e-01 7.490784201224031102e-01 3.216637318879889129e-01
5.070214637115407763e-01 3.045544253812422220e-01 9.823709848618922269e-02 7.907084555824338279e-02 1.509250557641127199e-01 7.736577283947408956e-01 4.506535344384363651e-01 9.093036527789913892e-01 7.377553344097977917e-01 3.790458157886472668e-01
4.959561756635138541e-01 3.642517766890834285e-01 9.788406204404034860e-02 4.057350224600426991e-02 1.593231286990045292e-01 8.645822263473337266e-01 4.470266502191163616e-01 9.132648746614382418e-01 7.791546756022104114e-01 3.704100541062152474e-01
1.711469089864972037e-01 2.683846833967678536e-01 1.196354484416864566e-01 8.396748024873409988e-02 4.494049857752072663e-01 7.733301653024615696e-01 4.886625984183153859e-01 8.783686438929660945e-01 7.264523203917218064e-01 4.000459494212502687e-01
5.129979896740063383e-01 2.724396147489993592e-01 1.021660469270928850e-01 9.755180600434686100e-02 1.649428531403442089e-01 7.828352901390664975e-01 4.489347709532465758e-01 9.094355301713583639e-01 7.812059633642260970e-01 3.765092034178547653e-01
5.964705271672503528e-01 2.816077821030546491e-01 4.206170803787561141e-01 1.171177339713017629e-01 5.419803762270342107e-02 7.481572719778132319e-01 4.761465407234108937e-01 9.191159758251370437e-01 7.544240817775000885e-01 4.180213733041244772e-01
5.515457434853836549e-01 2.560442737668909285e-01 1.010753354866352899e-01 1.385941158185994837e-01 2.029488695204277326e-01 7.984792535818073800e-01 4.113000306292451946e-01 9.023509945040278923e-01 6.603488018315260000e-01 3.739511160562065117e-01
1.799187368621145700e-01 3.079471992326015539e-01 1.094479166443538265e-01 -2.355242474121218565e-01 1.567215831590497432e-01 7.352443102495139771e-01 3.794478937103185068e-01 9.034178747448958768e-01 7.225377360237636992e-01 4.086754480870808393e-01
6.195441176339880895e-01 2.951175419553005441e-01 1.254267626229775001e-01 7.493166892061194906e-01 7.996612811017104194e-01 7.711055489135749674e-01 4.544622724909204159e-01 1.208487250309864924e+00 7.036215460418457912e-01 4.336528394042531986e-01
4.984608311429278293e-01 2.721306364407882761e-01 1.053399593929887357e-01 9.283199442402291501e-02 1.611497736411467430e-01 7.549587168559703798e-01 4.390921705721842483e-01 9.094815738894689305e-01 7.551647228496947140e-01 3.761896024968933716e-01
4.517798564003806527e-01 2.399257501784034796e-01 1.254384147884572420e-01 5.148615788289829798e-01 1.695106278523707544e-01 8.344425088571049143e-01 4.981440664082891767e-01 9.042607656269179284e-01 7.763327947174351040e-01 3.630525418391385428e-01
5.658276134965593007e-01 2.549974509346579765e-01 1.215990933958513154e-01 1.514806243191521018e-01 8.476525778688601132e-02 7.461812716682212354e-01 4.877379554551862229e-01 8.879460749458523150e-01 7.551429703709929830e-01 3.885740272638759096e-01
4.979097157834561638e-01 2.836871774659535106e-01 1.172302126006927042e-01 1.471850828144807555e-01 1.324986906799866526e-01 7.735872471975770992e-01 4.866033932179741339e-01 9.025575538420207433e-01 8.746311886977290451e-01 3.713820280845384625e-01
5.575725625409607700e-01 2.649461208724525063e-01 1.052654157519111316e-01 -1.000336238460535765e-01 1.075628244285970758e-01 7.800164781224532273e-01 4.529049478326488409e-01 9.095605782883477985e-01 7.567248530812283880e-01 3.714393650644490785e-01
5.087150591002589373e-01 2.466834884867521172e-01 1.016673934359619280e-01 -4.128345883385653448e-02 2.156762555193996733e-01 8.056492127384393687e-01 4.803809861169370254e-01 8.992941585378018132e-01 7.416666325198897347e-01 3.782186997952245999e-01
5.938040278113259074e-01 2.726849889819466521e-01 5.095944856032835757e-02 1.630263817604814258e-01 1.684277593649149418e-01 7.251210675168484610e-01 4.753015161821774193e-01 9.075530063952020887e-01 7.596504939610619900e-01 3.759639148125870078e-01
5.052043074882788254e-01 2.756920554608473517e-01 4.036894152826535354e-03 6.141545132109703375e-02 1.589069603996817737e-01 7.845944388219268095e-01 4.912198256957333586e-01 9.094170516843878005e-01 7.622894020330585052e-01 3.683196440136592420e-01
2.945963724212073975e-01 3.177097372282590149e-01 1.028142547681374641e-01 3.579124793432172241e-02 1.637170683345974820e-01 7.557335904984563424e-01 4.455105527068433102e-01 9.064050230119278240e-01 6.924932421433651619e-01 3.746398534896573929e-01
8.598822083733944632e-01 2.801762486937799945e-01 2.133656254810276098e-01 8.162741152411803758e-02 1.897420428776076529e-01 8.773391133668126951e-01 6.077242956653288175e-01 8.796567731560360759e-01 7.210302391043121872e-01 3.847894124918290193e-01
9.880787245203612734e-01 2.766863820997937928e-01 4.195890794985738387e-02 7.069208941806515156e-03 3.523150456990339352e-01 7.643037213456935763e-01 4.616844458621391367e-01 8.301394616385526781e-01 7.883718901850876870e-01 4.144584036587327658e-01
5.187981298617065917e-01 4.635649418122567700e-01 1.108335045201257890e-01 2.385088825253324774e-01 1.656166190183556985e-01 6.956915469366244942e-01 5.662211709957886141e-01 8.709355348505318783e-01 7.917336845186204730e-01 3.934944725980155100e-01
5.447351256234782557e-01 2.743492414797170098e-01 1.051830595848371602e-01 -2.896682854795192830e-01 1.783191566492654256e-01 7.418234475946133832e-01 4.532021187999292211e-01 9.075342331012014041e-01 7.577902195324257573e-01 3.834846563454508139e-01
9.829395459132381774e-01 3.279376997372490665e-01 1.635194305871497389e-01 5.408420833878785361e-02 3.245920116355673901e-01 6.662848221874393406e-01 5.122668270156680581e-01 9.208944552977131881e-01 8.601514568160619767e-01 2.838662893290122557e-01
3.737942877076911308e-01 2.723237912299491525e-01 1.063539668361391244e-01 7.189369448603045998e-02 1.592131226010048139e-01 7.606887933422540327e-01 4.351111888818046669e-01 9.096908899734714726e-01 7.550691181487148018e-01 3.760530384950212524e-01
6.101134830090280126e-01 2.670872759387300510e-01 1.353721774148146095e-01 5.867221837302194487e-02 1.460423229613371787e-01 9.139081267702272582e-01 4.488925656865768721e-01 8.665081169036771280e-01 7.606164586510404391e-01 3.731754178748942219e-01
5.096270392427705298e-01 2.815337472306618793e-01 1.039706606114739196e-01 6.030120354413901484e-01 1.681677914841741284e-01 7.785423220949433398e-01 4.858476407549454645e-01 8.136560348372784413e-01 7.495215493002592710e-01 3.746252308324948266e-01
5.003342813303427450e-01 2.658386985609315079e-01 1.087432752976335432e-01 -1.160363914365076660e-01 1.542942090909016628e-01 7.888350821183829353e-01 4.429340963095468875e-01 9.097838798441838515e-01 7.566674983526272547e-01 3.796083449767315154e-01
5.031287461980414877e-01 2.907354502074541713e-01 1.041817881735304790e-01 1.506949837751150045e-01 1.658795852279777716e-01 7.907169345248045156e-01 4.766477962192786078e-01 9.083874653626695661e-01 7.538465344770485244e-01 3.811993614970474731e-01
5.114943988037099487e-01 2.949488072280204709e-01 8.333747178448472348e-02 4.830049341219030956e-02 1.567923684422890540e-01 7.546257704401447830e-01 4.802426809911917727e-01 9.090811998991883414e-01 7.577933255384247113e-01 3.755334239087670944e-01
5.254015364629667229e-01 2.775499016065152702e-01 9.458353316246122244e-02 8.234809336524745449e-02 2.019043222686457140e-01 7.501216838492468231e-01 4.379992050310363982e-01 9.095245341112553339e-01 7.763740529610249075e-01 3.758830023199296599e-01
5.604622297618397919e-01 2.830306926716809057e-01 7.924732695025424323e-02 1.936729136162089471e-02 1.564095094422813526e-01 7.863879189846733064e-01 4.466496042772725161e-01 9.088238572738955856e-01 7.778630979189564698e-01 4.061037369910803774e-01
5.254659414756610580e-01 2.873595706860786470e-01 1.055821586362944292e-01 9.894190247004663874e-02 1.517679233035426067e-01 9.371866412729212836e-01 5.076125569081415545e-01 9.093913965525940446e-01 7.656704670131244672e-01 3.756838055090007122e-01
4.927913549073776323e-01 3.539572127741633101e-01 2.582505885855331251e-01 9.661023949552038914e-02 9.616679092579731858e-01 7.539800358698666161e-01 4.403257313761409497e-01 9.127984509856466033e-01 7.703568042802045879e-01 4.221289644963912013e-01
5.047781940997779770e-01 2.911177119069114361e-01 1.050335883574581991e-01 2.004090537434065067e-01 1.600241879052602678e-01 7.415905644865321555e-01 4.496459143736246666e-01 9.097047412666015020e-01 7.540163067244654016e-01 3.760120276461523803e-01
5.314351684043548962e-01 2.730742377496270246e-01 1.032813824345314851e-01 7.329564790217366066e-02 1.557773046738628042e-01 7.567318130855883451e-01 5.000650975406026877e-01 9.087520785683227409e-01 7.547869292460019919e-01 3.851823921626325031e-01
6.426885727506662649e-01 4.529365237229306951e-01 1.008632928191409289e-01 -1.626644883068288638e-02 2.546557406641235533e-01 5.454945723533546342e-01 8.370814288805272785e-01 9.800217584300192630e-01 8.028812953078728887e-01 3.769837118099758633e-01
4.723818412411721068e-01 2.298164828382361358e-01 6.050778093699554772e-02 1.541159303350386200e-01 3.663181437982107047e-01 7.284028921761683817e-01 5.362586635121868728e-02 1.497566884292245604e+00 6.501205591213548018e-01 5.457333149292153962e-01
5.019076399510979947e-01 2.673719091081946941e-01 1.050946602454961715e-01 9.656640006048680669e-02 1.531676625481027398e-01 7.593753785755285035e-01 4.798204417826051893e-01 9.178457524972313264e-01 7.561417663591285532e-01 3.604598183716741788e-01
5.027580210275014450e-01 2.739332842536682522e-01 1.070569169186487840e-01 9.639144107740259260e-02 1.678045810525551074e-01 7.537913147659200952e-01 4.502688926174613915e-01 9.101991785486041042e-01 7.625662035350140311e-01 3.747213259198424740e-01
6.585156510405587582e-01 4.282523325750448029e-01 1.343666443256422427e-01 9.417416504841272240e-02 1.503860701282996593e-01 7.214806404257395611e-01 4.141134148563134776e-01 9.416166481875728467e-01 7.673419898957551943e-01 2.947112936268776462e-01
5.004314251867576502e-01 2.724866855863295467e-01 1.059011645008956920e-01 9.446503742436740403e-02 1.660868491332280206e-01 7.516906547290573837e-01 4.433676338859212640e-01 9.094979903647369968e-01 7.510219568363510900e-01 3.759735623752455957e-01
4.572515313025289907e-01 4.745493440966376264e-01 1.048927822627894468e-01 1.889966855175811145e-01 1.133576935813810638e-01 7.540792586631872574e-01 4.161731675332406288e-01 8.045112963580752785e-01 7.703452106505400687e-01 3.996016210425681336e-01
5.085544629182652265e-01 2.713469601320740998e-01 1.082856894858353902e-01 7.582972508652982557e-02 1.632733653893873593e-01 7.715691480819777404e-01 5.155436094043809314e-01 9.024416425160236566e-01 7.431625168768002387e-01 3.828099362329809296e-01
7.289217870048941839e-02 2.933558945652143812e-01 1.221574352568701449e-01 3.156765057135922925e-01 1.660777611411162480e-01 8.305811206277821102e-01 5.620292254135084153e-01 8.962322747536662915e-01 8.102564184104554812e-01 3.942096761069326383e-01
4.899249671490959468e-01 2.734136495897023789e-01 1.068553944621356278e-01 3.117917848536994052e-01 1.500060956858158545e-01 7.417033628714423399e-01 4.441219147420893409e-01 9.072962838898807059e-01 7.402189976576524222e-01 3.855433090732880985e-01
4.727335111496183684e-01 2.791778900387774653e-01 1.055136040936570513e-01 7.628393464170554750e-02 1.370450537803808433e-01 5.884364958261506517e-01 5.227705316767189414e-01 9.061495206571685834e-01 7.798374775768350808e-01 3.770262970676108161e-01
5.209175325225923192e-01 2.779426940378777466e-01 1.075960657196215753e-01 8.163971606145863091e-02 1.674608408474323740e-01 7.473450492078946850e-01 4.399637622066063236e-01 9.090397257244844376e-01 7.518811889118152125e-01 3.759917106678113963e-01
5.175730222878691666e-01 2.536044646248248879e-01 1.202736479259855634e-01 2.270799332848487673e-01 2.891539293977095637e-01 7.566314883921959611e-01 3.712673684505926608e-01 9.138518216913638081e-01 7.637324823997440060e-01 3.785330708066994010e-01
3.145366822926741746e-01 3.116325486377199971e-01 9.661357998781566758e-02 8.129155411233139894e-01 1.535048496604401180e-01 7.492233022894271288e-01 4.837890148133040524e-01 9.056114853681933585e-01 7.472278819204761779e-01 3.971032097119510107e-01
5.031685168052520973e-01 2.730671710469517177e-01 1.014907692896147018e-01 1.138920735021707320e-01 1.642015809621868994e-01 7.948839202171089635e-01 4.500871970726891824e-01 9.094958312512275711e-01 7.912615159682349075e-01 3.745602470428593400e-01
5.242049394914736204e-01 2.571979408901180486e-01 1.069566884197274831e-01 -7.949790610727963669e-02 1.576950065007095558e-01 9.261395379420440666e-01 5.942336071609599646e-01 9.027584469170422121e-01 8.085155492688570478e-01 4.690299858000009925e-01
9.753055926459532898e-01 2.675956382679036683e-01 1.032610307747569567e-01 1.704874867378670389e-01 1.581091325911408996e-01 7.300983789456307882e-01 4.356148625566964583e-01 9.104793368839602108e-01 7.377549080875669407e-01 3.756589988048190665e-01
6.421645591641012007e-02 2.376264010261551207e-01 5.735926838755478485e-01 1.062155425181026402e-01 1.994311636754760031e-01 7.430554104273685567e-01 1.187485291464602577e+00 8.061335544779674178e-01 7.712965974578811501e-01 3.747056500299971726e-01
5.255244023301280931e-01 2.676965662814818625e-01 1.033965371515952608e-01 1.069635743797413108e+00 1.474125873547120491e-01 7.557533087448282672e-01 4.463565531033361067e-01 9.066583322195762573e-01 7.491803002393040423e-01 3.782588932216373045e-01
5.039292019498781139e-01 2.357894740546195578e-01 1.059693102398634734e-01 6.628543860894887951e-02 1.554414447271490474e-02 7.444673821382095102e-01 4.610522388818772410e-01 8.962947934782501402e-01 7.360391571212964168e-01 4.018011958113930637e-01
5.146830558508606046e-01 2.909627552510605231e-01 1.091925786574697577e-01 6.174049667559902005e-02 1.681938503663053808e-01 7.344880114809712035e-01 4.529536134003869785e-01 9.093973842382533368e-01 7.556009018697519286e-01 3.761541487685799434e-01
4.275964473310700509e-01 2.822200097024958332e-01 5.768501752878507638e-01 -9.611633483538167821e-02 2.183788807926778375e-01 7.611781528891581328e-01 5.756644413039171404e-01 7.712425291038718100e-01 7.825853845378066831e-01 2.856624345052524716e-01
8.423911793730081143e-01 2.026911839725385467e-01 1.224592323212668754e-01 8.413098864041060332e-02 2.970910885643718302e-01 7.497395280212386659e-01 3.153615592888803221e-01 8.717546913999589808e-01 7.788801958624078647e-01 3.527154552105640772e-01
5.610532970452583035e-01 2.740628967734726196e-01 1.046431983771652224e-01 1.432775885901651503e-01 1.578601276230219286e-01 7.300405770506923631e-01 4.465181676088267326e-01 9.086462213651054221e-01 7.584279198873483674e-01 3.750771422395749455e-01
5.980103791412766379e-01 2.557651843280273618e-01 1.130782376359612679e-01 8.759104801633406379e-02 1.155538022154671274e-01 8.304336054182189786e-01 4.431998423915594620e-01 8.998377950159271998e-01 7.554433368625499412e-01 3.776514931851920331e-01
2.126175707076313204e-01 2.780690571578278703e-01 1.110349396576955916e-01 7.722197487656130843e-02 1.601909995215440585e-01 7.489075242441118885e-01 2.828104764496647827e-01 9.054742567598880187e-01 7.541906546565346758e-01 4.019681123053790439e-01
5.038871375451974277e-01 2.271448513517021206e-01 1.254715157995003327e-01 1.077298215421226835e-01 1.398267653578301184e-01 8.450967564021005796e-01 3.741119591948264267e-01 9.102456048253669829e-01 7.391031277973723057e-01 4.056003665408642322e-01
5.198116301315752752e-01 3.739443969340729979e-01 1.064721258852745628e-01 1.353915621155935556e-01 1.965985358952615503e-01 7.835681998454007147e-01 4.353555041924137559e-01 9.005244782284600458e-01 8.027076255783193171e-01 3.641483065335451297e-01
