1.345630381713489032e-02 5.418154751538775335e-03 3.295263310166258314e-02 2.637642295768828984e-02 2.403027061555372199e-03 5.872030424391032344e-02 -2.631600361066530405e-02 6.285480912447462265e-02 6.554392184872291117e-03 2.529056941515311560e-02
3.951410824653894469e-03 -7.369925244289612931e-02 -4.176152237681895574e-04 1.256687644350714395e-01 3.360325831538630323e-04 1.518990955923955541e-02 -1.263260456941184533e-03 -2.311995368802246512e-04 -5.402049127226804526e-03 2.634717900038725802e-03
5.208975145022490781e-03 4.857899504155119286e-03 1.059663656151371182e-02 -2.151436269366749643e-01 3.987597532982139342e-02 1.143003854754734427e-01 -5.288365040222292243e-03 1.986413330282470885e-03 1.919473425022738241e-03 -5.053881476668381501e-03
1.543339239675050878e-01 8.854719307152984081e-03 -7.186396842347591261e-03 6.323804969709917456e-02 -2.164283387247111293e-02 -6.613270527024249501e-02 -1.445992619975736875e-03 2.204375097621186566e-02 5.543589691629068755e-02 1.743176958654960376e-02
5.014024827842403914e-02 -2.590510003650679099e-02 3.794255407334740440e-03 7.787926217746440338e-01 7.479058452628397670e-03 -1.176291161236630049e-03 -1.192652212033388504e-01 -5.131571727664258412e-03 1.654520422821686293e-02 9.555394707759388984e-02
2.396601462158851337e-01 5.200779854642374050e-02 2.187989716462653000e-02 2.084422562387682754e-01 -3.729769905615219761e-02 -1.417616652407079070e-02 9.513098942953715498e-02 -1.705052033926223246e-02 3.870462852971195272e-02 -1.031309392632689817e-03
-4.450077241947519302e-01 6.165771468696547297e-02 2.137675742552194551e-03 1.441628907275889770e-01 5.812260386853312921e-02 -2.427663390213157663e-02 -1.596641729687372224e-01 -4.365383793734410253e-03 1.950508412488092830e-03 3.135312978000356909e-02
1.746947988501863780e-02 7.909448989863390386e-03 3.268421784842363842e-02 -7.457726788892261871e-02 1.446564626196502213e-04 8.590309521912159463e-02 4.884208059719776776e-04 -4.908365378795828508e-03 3.723866254227391030e-03 -1.838713806601498246e-02
-6.529239730474463953e-03 -2.339235594416867459e-01 -2.743940637434655674e-02 8.233855253735272717e-02 6.095013128120214257e-02 -3.816685414113241137e-02 -2.398997652843322392e-02 2.356996640075098483e-03 3.375572339496885760e-02 -5.679985577770002569e-02
6.400191081896479568e-03 -1.558215685192539698e-04 -6.678785861722814216e-03 -5.179885273773676690e-02 5.145441561886372230e-03 4.874734225084359929e-04 -1.324524451618518117e-02 -7.834707561409559248e-04 -1.011807544550352989e-01 -4.754929481281871206e-04
-2.993497933483177942e-01 -3.652750049037440522e-03 -7.303587538493449757e-03 3.498652487832575042e-02 1.199824781385372824e-01 -9.294551519878944956e-02 -1.901197516034986573e-02 -1.511526039695143021e-03 1.600872480494518885e-02 -1.394999257239701654e-02
-3.499716446320527002e-02 7.453453275127915056e-02 -1.480842116376102913e-01 1.000000000000000000e+00 -1.135291028581358608e-01 9.109153498628737300e-02 6.283810469854685110e-02 1.566881804498746478e-01 -1.074492813707479677e-01 5.474246013447240378e-01
-5.067716531146729958e-02 8.408443920398430901e-03 -1.441396647447544532e-02 -9.673527434410345710e-03 7.357846683477552684e-03 -4.104341576147150367e-02 -1.283054416581708990e-01 2.370006683014978690e-04 7.399992074923558011e-03 1.570599317498811906e-04
5.070277582287880010e-03 4.017088944947778961e-02 4.166830403799391333e-03 7.008042232357071868e-03 1.599769963355797756e-02 4.418043256707333832e-02 -2.143058613312986971e-02 1.986925090871027345e-03 -1.111118886219187619e-02 -1.715363585126521801e-03
7.169622035879568041e-03 -2.719317069033754322e-02 -4.301549807410544237e-04 -5.826996187388781660e-03 3.133655008579865064e-02 1.346598721378576384e-02 -4.967537333493321668e-04 -3.051255299621682829e-04 3.265898372838902265e-03 1.328714070666870079e-03
5.235992250200808065e-03 6.546157033999229144e-03 1.092764642578219938e-04 -1.370851128629731403e-03 -1.652695657464833042e-03 -2.435198661980568849e-02 -7.900917877874166773e-02 -2.098081786045244423e-03 1.889254477886062600e-02 1.988712854901663468e-03
6.360066347423892763e-02 5.084623499095849292e-02 1.493852217699858376e-01 5.393508825732947765e-01 -2.290013539043048163e-02 8.890918847967461958e-02 -2.272088554017076545e-01 -7.261071189805405612e-02 -4.615397347499272662e-02 5.555461795296295219e-02
-6.675506910692243509e-04 5.136996181852148367e-03 3.515565468865641634e-03 4.745139395323325071e-03 -7.046623798712788522e-04 5.121203751373853280e-02 -8.936028103386312038e-03 -7.811575644933288487e-03 -1.473330660302463180e-02 2.599024649495481828e-03
-1.617726005785437016e-01 1.799542595311870441e-01 2.051614917577429878e-02 2.990493469273175497e-01 5.186150402892554523e-02 1.722045642393805684e-02 -7.676292330781554762e-02 3.283632186727512663e-03 2.469112360340375636e-02 1.751218860904498256e-02
3.834835202584145619e-02 4.173809788605737682e-03 -9.660863263264679156e-04 9.334996626256024388e-02 -5.747760570778946004e-03 -2.638667491299422768e-02 1.308781251025101754e-02 -3.435983154074739605e-03 7.530304907819061928e-03 -7.413910104822475471e-04
-1.706427958012823041e-04 1.524265458371122867e-03 -2.857620160960878258e-03 3.880049236175211330e-03 -4.766111686030265540e-03 2.745713872683637827e-02 5.404474480943739084e-03 1.159738575999613919e-04 -4.838392454887385091e-03 -8.990025819384327545e-04
3.115773141851933912e-03 -5.726347809357735900e-03 -4.341694908381612227e-03 -1.268153360990180445e-02 4.373651451243421744e-04 -4.406642587099715569e-02 -2.209542154369676173e-02 9.785814253227467633e-05 -4.044690488813454388e-02 1.267835731977661438e-02
1.379619861687081828e-03 4.867724986837489685e-03 6.452637643684116424e-04 4.401367509775448716e-02 -1.440054541715994998e-04 4.478282745096022477e-02 -1.465173025935887288e-02 -1.126652482467614376e-04 1.614987331179823862e-02 1.266682842622683474e-04
9.862197278673844048e-03 4.947934219045140719e-03 2.140703208619894327e-02 -1.617051086228211698e-01 4.890458240863571060e-02 -3.201070958499856178e-03 -5.323617091190165768e-03 -1.590828276435780160e-03 -5.966407420647298204e-03 2.532295749459769797e-03
-1.623562889051611072e-02 3.809209869213658894e-02 2.877952620565736304e-04 8.499888719694448716e-03 2.531685366069061881e-03 -2.115150063230099298e-02 3.632858008384035747e-03 -9.635188828792120533e-05 1.701547138071434623e-02 2.745406666606206147e-03
-7.246847144459907415e-03 4.188090419838977167e-03 1.088223254905448974e-02 -1.817541822557352249e-01 6.803978469643322952e-03 2.492596457357064699e-01 -1.680798650917170872e-02 -4.237215912677464759e-03 -1.966005056572202661e-02 2.337457046988956205e-02
-3.997462190842524313e-03 1.083741476122656450e-02 -1.185392436094590300e-03 4.747411185052012594e-02 1.330569230821176821e-03 -3.251062869095981689e-02 -4.424229591087344769e-04 5.644689074544640035e-03 -7.001819729059810191e-03 2.953617574555978710e-04
2.279351592685866998e-02 1.690940504787658005e-02 4.406429980247474759e-02 1.940503943765743700e-02 -2.324165042581624596e-01 7.903583357642136875e-02 -2.073413638232097234e-01 1.782662923270668040e-02 -1.099216616002538470e-02 2.214261889453241448e-03
-3.563315433921929176e-02 1.197917662623839384e-02 4.790242927927492594e-02 -2.922561530525130680e-01 -6.447171082406270197e-04 -2.269988501688676406e-03 -3.351423961352718861e-02 8.529081921856409773e-03 -5.429458888755964857e-02 8.558639898509800463e-04
1.372984965816109182e-01 8.344527964526488040e-02 7.995982078486172208e-04 -9.377777072615961496e-02 -3.445500997911962043e-02 -9.761940047703763666e-04 1.254996465041743718e-02 2.437940158042994476e-03 6.624494861792417678e-03 -1.339164078731428127e-02
5.508089211919264989e-03 1.029376720709510723e-02 1.873266916103936280e-02 2.412216232179230646e-01 1.465369952133400771e-03 1.098292457004584020e-02 -1.945541172904927396e-01 -1.323745661664901124e-02 -3.590888717060736202e-02 -2.950818963404831796e-02
8.950131950981564666e-01 -9.838339797329734987e-03 3.017337702089317730e-01 -1.967566260285585553e-02 8.799460368042257841e-01 -5.585475918756713787e-01 2.027885639393930961e-02 -2.519725095450893113e-02 -2.345842562977188198e-03 6.936600046691447641e-02
-2.928696701301913407e-03 1.557995803967491925e-02 -2.646779644349459351e-02 -5.189949162230418460e-03 2.513674771608532046e-02 -4.587298674738182064e-02 -1.007865803734333404e-02 -5.037712252845352474e-04 4.729994625621218585e-02 -1.651209446116311751e-04
2.762824663271172890e-03 7.152016881473175457e-03 3.130734279125255929e-04 -2.979358470173074439e-02 -8.047838503235274499e-03 -2.415657362509647868e-02 1.578588656094068177e-02 -1.364825782200248107e-04 -1.164149848724139145e-02 -6.001925753480501701e-04
3.413242617628113873e-01 -2.482446511579516207e-02 -2.815230134434770770e-01 -5.863456201571972531e-02 3.400797723680482054e-02 2.785512889978608020e-01 -4.649682780280558481e-01 1.465229047755820142e-02 -3.263680475979839901e-01 -2.402055481306088463e-03
-9.395770764414565837e-03 -3.265794900517134634e-03 -8.105688219718546958e-03 3.171115404269551075e-01 -1.205224499731065609e-02 -4.084740629472389389e-02 1.044228470210604130e-02 -1.713218476685355327e-03 -6.709005527087972751e-03 1.349065554129199327e-03
1.718448540712296316e-02 2.698318036078318355e-02 -9.949064752680075036e-03 -1.200190161520878988e-03 -3.950853085944818210e-01 1.297975032843264043e-02 4.790818805674236167e-03 8.666333835685135698e-03 -1.011465646765703080e-02 -5.030139009379531317e-03
-2.745059428515527755e-01 -6.345672263810887836e-02 -1.068501675097424837e-02 1.089643010458415245e-01 2.263180622866091118e-01 -2.323333565962607677e-02 -5.357473580934479090e-02 1.289099490168689206e-03 2.185896446401155025e-04 -7.353614147685191837e-02
-8.187850958813198965e-03 -1.411064500497566029e-02 8.432242941564388472e-03 -1.519166968003501927e-02 -5.717513561211813589e-03 -3.183061502135389048e-02 -4.169953572347577866e-03 -1.037440019208120271e-03 2.014878145406120633e-02 -1.923476604757722985e-03
7.446383756588409106e-03 1.863998330034952189e-02 2.304549839778476713e-03 -3.290672647078166351e-03 -3.570522079141985518e-03 -8.257040567113075463e-03 -5.281225894518212088e-02 -1.460763119061754718e-03 -1.986583988891316155e-02 2.487507157066101357e-03
2.273294436655004247e-01 4.981371936702644332e-03 -1.180031173702321239e-02 1.734952816105696152e-03 -1.397876414758600638e-01 -7.206736541879084357e-02 -3.299757452288207965e-02 3.882560912203784041e-03 -2.127519542742566192e-03 -1.644800522220195987e-02
1.190749383899814343e-02 2.513348617385111668e-03 -1.854796132890359009e-03 1.568339445740142210e-02 -9.293490809358805407e-03 -1.920394005794624770e-02 -1.654523738836985100e-02 3.082251892432730949e-04 -1.344519822642124482e-02 4.086066855419311951e-03
-1.922797037628401831e-02 6.863302655240394005e-03 4.374384952375661717e-01 -9.523291379988138962e-04 1.045655057859052467e-01 -5.106628671499707783e-02 1.040010869462308293e-02 4.290724808976191518e-02 -3.950339464070750338e-03 9.690649362416684301e-03
-3.138148189665086046e-03 -8.100609360955403349e-02 6.591456890592418266e-04 -1.124541703715551816e-01 1.079725957276145704e-01 -3.957960884919691294e-03 -2.065324165657179273e-02 -7.250007651895429284e-03 -8.028709850298300366e-02 1.285764667423390159e-04
8.839958376191278666e-02 -2.969010272332930564e-02 -5.125737108918505943e-04 -2.099468908720844296e-01 2.952668290105915725e-03 -4.779860667673854757e-02 2.997027563422439977e-02 1.581490751742590552e-03 -2.293462044600218935e-02 -1.264647253842520825e-03
-1.508655000382579658e-01 -6.266456607844916871e-03 -3.260812171276990939e-02 9.102783733025311816e-04 -2.017391569340077906e-01 -1.662782075386606134e-02 -4.505822464854219826e-03 -5.197005621577104328e-01 -4.762214648882351353e-02 6.702613231097642732e-02
-1.363487701407937623e-03 1.292703303125685918e-02 -4.275015018070800997e-04 1.291962100431711356e-03 -5.741118031119907348e-04 -2.619153985517039263e-02 -1.125063960396930534e-03 -1.088539551078422547e-05 -7.150084760728423090e-03 2.231162124851811528e-04
-1.230386126667669527e-01 2.298842277663239175e-02 2.232097046970853149e-01 -9.941400231598120918e-01 -4.318740537822649862e-03 -8.344107343427407952e-03 1.569448640011568072e-02 4.635806498865872177e-02 5.260011347525373610e-02 2.234611737848920393e-02
1.631548764478549501e-03 -1.216171082825995113e-02 1.816916515781199018e-02 2.581739821732538347e-03 -3.108501811533953552e-02 -4.671944475879469261e-02 2.698126799127018027e-02 -1.205452121333002065e-02 5.548697842364523625e-03 -3.360006005439211685e-02
-1.845754509983546727e-03 3.689419441252850002e-03 -3.110239471253692638e-03 -2.475023496194612635e-02 -1.332275782959917339e-03 -3.176664315741102584e-02 8.617069437794801917e-03 -2.109940320384699492e-03 2.777117445685362701e-02 -5.234148307408586316e-04
-1.596241906528622634e-02 2.268317152872081563e-02 4.462220928844741171e-04 9.755088031037632834e-02 1.238420150122837224e-02 -2.705108817722554765e-02 -9.560067587501152112e-03 1.831473259400589326e-05 -5.866919913672525612e-03 3.394585559482168370e-03
-1.189468656366073247e-02 1.121364021082029740e-02 -5.141055376877798344e-02 2.362423735349672149e-01 -1.386660472672039505e-02 -7.858481749200285638e-02 -1.924026027392572447e-02 -6.828031689331793934e-03 5.511123657425372191e-02 1.052164966632505340e-03
-9.892721338350665347e-03 -1.357513377400859991e-02 5.680292783131489324e-03 2.150918289105748643e-02 1.103189506012362993e-02 1.871191343035098070e-02 -2.885528461823162402e-02 3.643934263439934946e-03 -4.702682427143473065e-03 -1.657706633552772366e-04
-8.126469664754508437e-02 8.500171812036565536e-03 1.023323181053263642e-01 2.513852619159967841e-02 -4.038698585788418928e-03 -1.068530388730252051e-01 -1.939136379965902129e-02 -4.190290542016362509e-04 -9.312904905076295860e-05 2.202547613122203627e-03
-5.150273940132197442e-02 1.933162901217787971e-02 -2.058744191800008366e-02 1.046261280786541827e-02 1.729827397632713293e-04 -2.479096875239635706e-02 -6.721093826147377104e-03 8.917811121304910008e-03 9.516273456190684626e-03 6.926629497369344180e-04
3.393156990722293598e-01 -6.546039991431333756e-03 4.231431531476008423e-02 7.720478801888305820e-02 -7.462367368809659507e-02 -9.064185111210094903e-02 -2.154577347749921934e-01 -2.228324852120189617e-02 1.421213629933767118e-02 -8.302535068103616273e-03
3.923012804770170114e-01 -2.406803969481580152e-02 2.409094909400350329e-02 3.867104290948114587e-01 -1.915405348515630130e-02 -6.339596491766452679e-02 -1.954084381437441384e-02 3.696885068331540181e-02 1.331842988658784033e-01 4.283227564821491529e-02
6.479253138930125833e-02 -1.989271310396275583e-01 2.760225949163650286e-03 6.079156840948768577e-03 -6.157958258048364629e-03 -1.777678640603676599e-02 1.375039758671721575e-03 -8.658826133231909555e-03 -4.245307131324490592e-03 -2.911947874598291592e-03
-2.194193508205011592e-02 -2.824487054035904315e-03 3.896808574712510090e-04 -2.823119001221364721e-01 -6.794005013022377977e-03 -4.886253524775096765e-03 -3.823467063787040852e-03 -2.349609063653633478e-03 -5.277454701863505031e-04 -1.289804495709811344e-02
-5.231079414667682004e-01 6.013055136577810655e-02 5.696734666297179756e-02 5.586462153269068365e-01 -3.148235805720626113e-01 6.422686730387692534e-03 2.305349047536715823e-02 7.933371893800344327e-03 -3.272025387336965352e-01 4.971536353764179766e-02
3.002600878309474169e-02 2.413489883961370680e-03 -1.672495799742727308e-03 2.798673865419401725e-03 -2.606773856002140427e-03 -1.170823170249106308e-02 -1.047255393641750160e-02 -1.075052138504029839e-04 -7.193373015514741703e-03 -2.625282583059449296e-04
-3.676940543080806090e-02 -1.214369340001880031e-03 2.340966968557043615e-01 3.356954008867691353e-01 2.382665402574603991e-02 -1.690876137526586137e-02 -1.329121497240538519e-01 -1.022428814216495285e-01 -4.034985424254549508e-03 8.957029695918281367e-03
3.210769898340212758e-02 2.843374137523540027e-02 7.537808352649054411e-02 -4.550163627575451453e-01 -8.588715634766611040e-03 -5.637076575733071873e-03 2.199804278536716673e-01 3.856996516210977471e-02 6.612124262000656019e-03 4.268199267350241202e-03
2.632310876519306040e-03 1.478749157617382376e-02 -1.980426290363648898e-03 1.079758974167637983e-02 -8.215636531234714324e-03 -3.814375534792580069e-02 -8.998540054829755721e-04 -7.974176902532075905e-04 8.071945905565808071e-05 -1.697391532674412092e-03
2.132576175242183354e-03 -5.049738319697386416e-03 4.591781415331742597e-03 -1.266176413145084223e-01 2.240149147596223744e-03 -5.798163308688621120e-02 -8.950286186928850876e-03 -2.812163025910600390e-03 -2.509397123852195009e-03 -1.396144023075466048e-02
3.354061312753064267e-02 2.817297816155292858e-02 1.468267271151933173e-01 -5.334964260568465094e-02 -3.045446380746522075e-02 -4.280460972250383495e-02 1.330084305789785287e-02 -2.275704845474917483e-04 -3.592121082457454262e-03 -1.411003805004705340e-03
-4.300811704824920867e-02 6.590038142651865466e-03 -7.091149066814307275e-04 2.685180066720921702e-02 -1.227823777205346890e-02 1.529651497824123171e-02 -2.375600316469246576e-02 3.633828745604359041e-03 -1.480763328927415731e-02 -1.301786354480670600e-02
-1.564354605771914319e-02 6.389749638604228649e-03 2.870079895565346220e-02 3.612150877156229678e-02 2.244530728785315912e-02 8.887011833557263360e-03 9.271069630140021597e-03 -2.750657946466090364e-05 3.702142628270715247e-03 2.270839003287863228e-03
-4.261955983088955725e-04 8.769238925747157914e-05 3.738543499109510870e-04 -7.945107671826105028e-03 1.910374446199305425e-03 -1.040788631914656842e-02 -5.059140523026844222e-03 1.082064247882708906e-05 -2.423526106342022493e-03 4.217054314280533592e-04
-1.779333484698567003e-02 1.886911412178656766e-01 -1.057024644514723867e-02 -2.064753439614037955e-01 -4.644839091615896032e-01 -3.463732441358547548e-02 -2.651966023907902092e-02 5.369188335305044579e-03 6.531980542990171654e-03 -4.260232036326798699e-01
1.635911103485223738e-03 -6.005478560413173190e-03 1.248100951419173134e-04 -3.465280133759972292e-02 -8.167342216425029118e-04 -1.237552203154068317e-02 4.798142315670429064e-03 -4.674336849429449269e-04 1.374220075045393923e-05 2.605369505513805144e-04
2.558958080371066812e-02 -2.218290282021387512e-03 2.645197732150324048e-03 -2.811711512635196517e-02 8.283258279073674266e-04 -1.911003084249839751e-02 1.591415051075063553e-03 3.137096789746973897e-04 1.501692789265751280e-03 5.808089109302749797e-03
2.623809720176126237e-01 -1.899481068310003920e-02 -2.165673897755857405e-02 -2.026983347902002186e-01 7.811838863340494488e-01 3.734036973472410481e-01 5.058706735947577499e-02 2.691830130446649233e-02 3.790525419033481669e-02 1.189484653887827245e-02
4.229014360691973895e-01 -6.330714446876622992e-02 -1.796727899525711880e-01 -8.547663756035680724e-03 1.589689062495222571e-01 -4.493484554252435460e-03 3.757147953999516732e-01 1.219302292835656998e-02 3.511511131885381998e-01 -1.609089858618011903e-01
4.273208281051867237e-03 1.986920341391245834e-02 3.583513148373694166e-04 -1.456889924682544697e-02 1.758675510607196624e-02 -2.006261030816496732e-02 -2.797514150055059167e-03 1.384154870284559288e-02 -1.806546362013373075e-03 -6.416130285760848068e-03
-4.888437587090773383e-03 -3.189235847597806511e-03 6.974721794912528946e-04 -7.515353988349166188e-03 2.574847606221785344e-03 -1.648662477243217558e-02 -4.642527024277763419e-03 -1.952530104160705732e-03 1.117344538440545251e-02 3.375490901531593389e-03
1.188566341674817534e-01 4.926183739393068944e-02 -8.211211169268636811e-03 7.285755457504883292e-02 5.925696661202752534e-03 2.750811382616208389e-01 -5.013247178479268706e-02 -3.014914376900910270e-02 2.455468396417955987e-02 -1.044333358867984285e-01
2.728485428632238972e-04 5.666654171604961279e-03 -9.420713289058777666e-05 -3.272754578896998594e-03 9.331980818266314218e-03 -3.909979937340675449e-02 1.071115290521843302e-02 -2.675058142883514497e-04 2.987015069299538638e-04 -8.994347039033731518e-04
-1.304527395750753119e-02 1.873784987456225126e-01 -1.065431294503721288e-01 5.840591884096350134e-02 -3.208550938545674108e-02 -6.703390257299911281e-02 -6.642752376911642553e-02 -1.720515823912815156e-01 -6.785938453428825776e-03 1.553447687762577259e-02
3.658681318931058385e-02 2.110360551285750483e-03 1.337079695540219519e-03 5.431229849965818306e-03 -8.904015859031397815e-05 -2.848294760849263974e-02 -7.200133377590166653e-03 3.250106103818691927e-03 -1.067693610562348364e-02 -3.912038409413190476e-02
-3.538453648194098133e-01 -5.876672414343672712e-02 -2.438434954107812636e-02 -4.060444424124547980e-01 1.339590442446356860e-02 -1.577218427989188557e-02 1.991990322730141779e-04 -4.187854099591662577e-03 -9.196726615147460260e-02 -1.962033402601346885e-02
2.898293442969719635e-03 -3.985278365881360016e-03 1.128647727550014836e-02 -9.537259976183570798e-02 1.795205586549247431e-02 -1.739616196497588071e-02 -3.879817801211977307e-02 -3.953076180959685742e-04 -8.864970107192679874e-03 8.051437607984173253e-03
1.152299170792105316e-02 -3.104905159376945487e-03 3.459390528586555181e-04 5.951121498742553521e-03 -5.347966040095370821e-04 -5.881929057056295429e-02 7.668408330242712512e-02 6.926900182697657291e-04 2.265434995747557176e-02 3.411023590829687265e-03
7.609677483617711437e-03 1.468622248318304964e-02 -1.668112303444036978e-02 3.919096562669585788e-03 -1.743033152130073248e-03 -3.506959700047439232e-02 -1.602035459389916650e-03 1.498597276829076912e-05 -1.566150845505898679e-03 -3.080483804870403687e-04
2.540425175380636030e-02 -5.120822342015896207e-03 3.341962936202978718e-04 3.341320736001164304e-01 -7.714008571563799044e-02 6.573329624340988782e-03 9.186160051027303375e-02 4.590387899050514184e-03 6.365513294191878224e-02 -3.692334630030756105e-05
-2.935082998009567734e-01 6.474211746666222456e-03 3.767760133906864536e-03 -1.505345366133779283e-01 1.633377903186793503e-02 -2.361803681348603745e-02 -2.681953608540255454e-02 2.241163458458627841e-03 -6.461389766791345371e-03 1.726190525867411785e-02
-2.645485484857797078e-03 8.108612255163195545e-03 7.135848896223133874e-04 3.319377632887332563e-02 9.446050289989314569e-04 -5.396296651708080289e-02 3.727941673965182168e-02 1.998737788752946525e-05 -1.265920571236879844e-01 -3.682720874131824871e-04
1.006310472294517921e-02 1.412638312632091137e-02 3.035077366086006193e-04 1.113510847240984647e-01 -2.643333619143219126e-02 1.657078399105015309e-01 5.300819721830031528e-02 3.609947901416396890e-03 -4.262631382894155850e-03 2.493102879512101855e-02
-6.806718349709671434e-02 7.379562577893916675e-02 -3.785263961105229773e-04 -2.646244100968484403e-04 -3.583264083768543710e-04 5.441391948919929895e-03 8.669360448934361127e-03 -2.346853819610701067e-04 8.182385445782831140e-03 -1.323486695769399959e-04
8.250686280193006983e-01 -8.073233190498620149e-02 -4.106082784129024277e-01 -5.187932780941961752e-02 -2.919787173247335652e-02 -1.311246755139068229e-02 -1.661521905791780718e-01 1.846963914159693299e-01 1.394907205743885908e-02 4.669203955869276335e-03
-2.019168374937819685e-02 -2.081291622592894644e-02 -2.530744119676247238e-04 -8.472082204833492058e-01 3.285573390866718818e-02 1.547086762875538382e-03 1.099592012174411063e-02 1.795805008665986692e-03 -6.196727420559505805e-04 9.137186432839054144e-04
2.196509957649792066e-03 -1.609969992976279518e-01 -2.765031542542979118e-03 4.519976269590757906e-02 -2.662920618598497158e-01 -6.166966562690475578e-02 -3.821609900092476798e-03 -3.274556282789048336e-03 -3.378938317579694567e-02 -4.422729119333445452e-02
-3.285819285654108593e-04 -2.644717401174096799e-06 -2.001814800052058654e-03 -5.097373789448920826e-03 -6.265141081254989829e-03 -6.521580433717814873e-02 2.268892792956855343e-03 -2.979882067712027603e-04 1.241036006015775058e-04 1.696737591861310858e-03
-3.987187836925043527e-02 5.107674530761649456e-03 -2.068143669757938063e-01 3.250476245595614322e-01 -1.990398725094330579e-01 -1.545370882926360052e-02 6.619436251625958334e-02 3.284550232186643770e-01 2.562607615949358611e-02 2.297248066458620619e-01
1.367628203382910135e-01 3.280172527872939059e-02 3.581762890285888901e-02 -9.557486135477286093e-03 6.228747215792976299e-02 -1.440247402379842556e-01 -1.189358385311705193e-02 -3.888467389623356807e-02 -6.987575264439216394e-02 1.626751965871374786e-02
4.825370171548582637e-02 4.173730473187657847e-04 4.331265675270637959e-04 -2.718453693095490911e-02 -2.635610490373235110e-04 -2.567424089600415030e-02 -2.881464597732490140e-02 -1.752386795975037113e-04 1.964771735691192133e-03 2.146329130349318404e-04
-1.127585994717399953e-01 6.120755077383237264e-02 -2.494417011536310610e-03 -2.943929742515082672e-05 -4.015538293045159413e-02 -1.062868113474764974e-03 5.084677410756345724e-03 -9.813683109570147355e-04 -1.351418443802189333e-02 1.845339748370465258e-02
1.627730061974489717e-01 1.548473195839008935e-03 1.582933190631113777e-05 -1.742179002151259155e-03 -7.851442032385750475e-04 -3.382095241896162369e-02 -1.457266288712122937e-01 5.543119739357024170e-04 4.554358744288723748e-04 9.754167338230526271e-03
4.650378045851831510e-02 -6.713154204547983062e-02 -7.493929924190629276e-03 -8.797253976076538362e-02 -3.112813327052321027e-02 2.671633660187735376e-02 8.961415860958408253e-01 4.945994308067691581e-03 -8.826459630614377164e-04 5.431895845465232325e-02
-1.264957792694585692e-01 2.380715692466751215e-02 -6.177092849524847083e-04 -4.492588127869683728e-02 5.042511330340199160e-03 -3.036754973277238159e-02 -1.440681159123178290e-01 -1.295064425316167292e-02 7.998533563525730972e-02 3.059124205871189064e-02
