-1.347223550474428364e-02 1.116123707054769709e-02 1.553315731005437683e-01 -7.264745787079139872e-01 4.061959639683507088e-03 -1.360243886946910508e-01 2.329420975911189115e-03 6.729269348472774470e-02 -1.089829884019194103e-02 -7.349928386203867861e-03
-8.482536777802426138e-04 1.783113069116244731e-01 4.441791152097998747e-03 -2.530181402013144121e-01 -6.554155089509046753e-03 1.024074033072535223e-01 -1.305921803817137149e-02 1.187163755359007091e-03 -3.141752399162259495e-03 8.268727247046923955e-04
-8.316014557225154518e-04 -3.491112871276366714e-02 2.979660712021759501e-05 5.185249874561249223e-02 -3.570590575684915433e-04 -4.842214594598657704e-03 1.312486349549743612e-03 1.135767744510949673e-04 -1.076539136461106792e-03 9.835357184908494253e-05
2.287156588049110532e-03 -3.610971362499106746e-02 -6.476811101764755330e-02 5.284466364000446788e-03 -5.304845857949896243e-02 2.462769115816848819e-01 1.117408902859220315e-02 -4.721625249514937485e-03 -7.472217302441914143e-03 3.645426686267835316e-03
7.914632840639339306e-02 1.132461623400383699e-01 -1.334215562833937670e-02 -1.390366538182279676e-01 -7.184159908794841322e-03 -4.844208086092732790e-02 4.327793292094311156e-02 3.681007748356924500e-05 -8.358251439412053840e-02 -7.441462106280093483e-03
3.654898882449502534e-02 2.357893243274349071e-02 1.909785935920980471e-03 9.894448498550690446e-03 -4.028344805085276766e-03 -5.423907882720843850e-03 1.845884034507832682e-03 5.973613030844803287e-03 1.038369936137822132e-03 9.950078745391402468e-03
2.062704169085634032e-01 -5.234126455888444412e-02 7.538879143649031105e-03 2.737230076210938126e-02 -2.844733665886791871e-02 1.711497195780395560e-03 -1.726756598626162306e-02 -3.342702843754849620e-05 -6.841459340624785578e-03 8.819601033911494969e-03
1.012197808326816559e-03 -5.219374111332575686e-03 -3.107420056260308105e-04 -1.956681055641070269e-02 -2.066663723726036832e-03 -1.300606658818303715e-02 4.234161046965437790e-03 -3.483373838818083898e-04 5.409277144271434955e-04 2.750668625804238417e-05
3.145288866433793842e-04 5.304103834176980836e-01 -1.017910599984057137e-03 -3.418387417136309336e-02 -1.757515887685070013e-02 1.256415053553327776e-01 8.709324890779338371e-03 8.162804714218890043e-04 -7.086006227651191029e-03 2.875702278451667485e-03
1.225581974734862335e-02 -9.561037790014165205e-02 4.983711330369410691e-03 -9.578531856804274602e-02 8.758341839063584888e-04 9.381797623651577656e-02 3.424457076853645171e-02 -1.261441685787493931e-03 -7.450036597441833663e-02 3.273093238854344429e-04
-1.343733113251911748e-02 -1.600761124268169238e-04 1.758402911076744485e-04 7.514273590137605929e-02 -7.288965764497423597e-04 -8.762594933494261343e-03 -7.382000339507984983e-04 8.262303707194699424e-04 7.431832162842444585e-03 1.548034845189796621e-03
-6.971219516769906754e-02 2.704226031236159344e-02 8.574945960748210361e-01 2.669101902643403190e-02 3.793662325021581599e-02 -1.070158826510035632e-01 -1.622590840812715152e-01 9.635313597143525810e-02 -5.847654125960919519e-02 -1.031070480513228138e-01
2.223972852009842294e-02 -7.789642152984735390e-02 1.282083652431938517e-02 1.547141633324598461e-02 8.227791319785016100e-03 1.099043441095049964e-02 -2.231589447760219669e-01 -1.433548771903427289e-05 -1.955091604879091380e-02 -1.813535010782056254e-03
2.908629836250803229e-03 4.652837910511378045e-02 1.245727740402230433e-04 -1.836927969736602481e-02 -7.117239733127992444e-07 -4.061013444560347338e-03 -4.521045760218163172e-03 -3.276398439531189900e-05 6.107852251334548212e-04 2.333417272350883935e-04
-9.448347226166470270e-03 -1.886908978622210686e-02 7.795795981669130807e-05 -3.678189857618974767e-01 1.533128022378815909e-02 -9.191956807786253510e-04 -2.274994384215608782e-03 -2.906138124922597824e-04 3.161440455959027866e-04 9.537101882480831117e-04
3.084328644711711647e-04 -9.348446883301025911e-03 9.210775427916514937e-06 1.430361053207985511e-01 -1.909920571206701360e-04 2.372109280206729370e-02 2.242168018957086013e-03 -6.097307981088106261e-05 -3.832566836600686654e-04 -6.438469746010693374e-05
2.620991629894711510e-03 -7.110987827787380866e-02 -2.301900030674566833e-01 1.099461555462119822e-01 -4.053067090252882726e-02 -8.339873211824243293e-02 -1.118349242556814296e-02 -9.114917252077896215e-02 -1.425736674737041344e-03 1.009983187141656443e-03
-6.508549515161167823e-03 -1.473232946300003232e-01 1.307890648566538069e-03 -3.575011024756180947e-03 3.397370895784446799e-06 -1.189884236167712550e-01 5.203117920520134126e-05 -2.340984706637526963e-05 4.237252977886501971e-04 2.613117421857679817e-05
3.902749806109705871e-02 1.799419171058920797e-01 3.234167901839108406e-01 -3.532720769016840096e-02 -5.999758532671241318e-02 -2.516342339268914582e-02 -9.753271434372443038e-02 -1.578925671528372265e-02 -7.635010613739410222e-03 -6.860731903272143184e-04
1.597383786289636445e-03 -3.794591222606955583e-01 6.307130485959760833e-06 -2.331853733186314837e-02 1.974562016772636087e-04 2.452254642160207453e-03 4.748343044553021567e-04 -1.551341532338003728e-04 -4.487996517729624969e-03 3.334809405358935106e-04
2.221413406036982455e-03 7.792664924227176923e-03 -2.355543719692263773e-04 -1.887377762965845168e-02 -8.025847188008073535e-03 9.477495308703344848e-03 1.181679661939582723e-03 3.801693687681323213e-04 4.325392441724909423e-04 1.734631985006895752e-04
-1.020592441774556720e-02 -3.491272716496644085e-02 2.897712612213470228e-03 1.774229969215877691e-03 3.121226893906556277e-01 2.218023997473609829e-02 2.190599113784492957e-02 -4.676098645632186662e-04 7.843732753441309520e-04 1.198225986008459587e-02
3.660829631489609186e-04 6.058719831273792593e-03 8.376356760977304394e-05 -4.855763393928835131e-02 -1.461999023326722186e-04 9.429025267474071053e-04 -8.448753347497501946e-04 5.281040212322740066e-05 -1.583047323942104448e-03 1.754460506165898045e-04
-2.569213090883891715e-01 -2.987336076048239739e-02 -6.247127099136371743e-03 3.273193087696441017e-02 -1.004030391447728935e-05 2.405776723112238932e-02 6.752350707174377062e-03 4.054111197438818684e-05 1.878877838332834727e-02 -1.216730842047496468e-03
2.540854839093356372e-03 -8.586007581331602315e-03 8.031595353758999838e-06 4.407908124587960746e-02 1.311212799723661176e-03 1.960697616434649293e-02 5.361923445414079094e-03 -4.287756838773488480e-05 9.320178426538494121e-04 1.737700155596634869e-04
6.570499997590972764e-04 1.735315118762946127e-02 -4.947625667304786715e-04 1.769930013278044334e-01 -4.093496998017193481e-03 1.907989138341075321e-04 1.385590575524234085e-02 -6.287767746827066539e-05 -1.117292039800340392e-02 4.401812788189303927e-04
-3.885328389085879359e-03 8.525250828675586326e-03 -5.054635244465882572e-05 3.596778457665812390e-01 -4.418038798353667897e-03 1.341161758423587216e-02 -1.060927034057216223e-04 -7.915903305547631697e-05 -3.715467351138618691e-03 -5.702151416020704704e-05
3.479025951145593883e-03 -1.500683787751095483e-02 -6.736607895310011383e-03 5.253309793802828087e-02 2.294848157353741175e-02 6.930931359224380695e-02 7.070317165953542149e-02 9.071932743934749686e-05 8.865069672196917213e-04 -1.510527757650163968e-03
-3.317750060721230687e-02 -1.001881414021604244e-01 1.046012592550341763e-02 1.242956959210799253e-02 5.310850918691374482e-03 -8.898252274561502598e-03 -7.254182560825628420e-04 1.092671774620072216e-03 -1.552486740269154973e-02 5.901196867342500384e-04
-3.727274333599157052e-01 1.309065391055855565e-01 -1.992412334205359223e-02 7.008981577726791645e-02 2.308741098234700154e-02 -1.523725809194757558e-04 -2.613283926355342707e-02 1.326655060076865292e-03 8.343097162053872981e-04 1.447943889785909813e-03
3.854587643931064317e-02 1.414869770627506871e-04 -1.730344318247244856e-02 1.131749030262855019e-02 1.464057941602108816e-02 -6.709926567501552086e-02 -1.267845534855674243e-02 2.266790758033521841e-02 2.290763512091032461e-01 6.675732618751469005e-02
-3.451052896891576571e-01 8.878527702370969665e-02 1.787440655598470374e-01 1.412397578885533911e-01 3.264386541570602485e-01 3.333986663132592065e-01 -1.245022645209285447e-02 -1.325839739808276074e-01 -7.236893778316962067e-02 -3.017856593768003526e-02
1.395262123135140950e-03 8.951017195772965895e-03 2.720295123783561270e-03 -4.911948229505373222e-03 -7.512457956526943925e-02 2.115793032793569090e-02 -1.259290302035411674e-02 7.751001330494580906e-04 3.612126463468316034e-02 3.758603097674639815e-05
-4.460485213740710280e-04 -4.214428128340945434e-02 3.693388721273363929e-05 7.416757605545030996e-02 -9.397599638259414474e-04 1.386445641605351243e-04 3.030830900998966824e-03 -8.544837123629697847e-05 1.770633047226884431e-04 -9.196473669488122098e-05
-3.190354244360497082e-01 -2.530786254703840197e-03 -7.133366490822710959e-02 -1.493803329970853078e-01 3.790976920421337826e-02 5.124521495513967295e-01 -1.721664779765760267e-01 -1.988608978536479058e-04 3.854702497255573651e-02 4.729989974190795116e-02
-2.450826504346896306e-01 -8.850031636950211889e-02 -7.950550123913386301e-04 -4.523274165172409822e-02 -3.311220810823363014e-03 -6.479443405046556026e-02 9.127649705031978160e-04 -2.887333059151815998e-03 7.786707127978420746e-03 6.775471290863193481e-04
2.385780667289526692e-03 3.419102441474796967e-04 -1.192668623538466893e-02 -1.289944819640664528e-02 5.286599422806228946e-04 3.891072985566159802e-04 8.506764206998105714e-04 -2.244176923938741557e-03 -5.305064109289529643e-03 -1.341290183422851385e-05
-2.329487577235295898e-02 5.403881105915280154e-03 1.054184169556722506e-03 3.053020785396299286e-01 5.793565032214229027e-02 -1.354779283923603084e-02 4.568954250356156883e-03 9.945249960710144006e-04 -2.447762338796624789e-04 -1.031092754296090118e-02
-5.113691888389896439e-03 3.428388826283216284e-01 -2.648248521728179721e-04 -2.051678921386563062e-02 -4.821449064933853437e-04 -5.400823334078659610e-02 -5.559198387977032016e-03 -2.487124943667603106e-04 -1.181471560704564503e-04 -1.013710076821692612e-04
-1.100795355104003392e-02 1.914561601702632551e-02 -3.140384345484899557e-04 3.936911866493532364e-02 -2.290002258953852902e-03 3.960743044451177364e-02 -5.637695012082895307e-03 3.608116003558998119e-04 -9.252980831831281866e-03 -4.083213077098147778e-03
-1.460794422250175778e-02 -2.303643643583045872e-04 1.102307875649639023e-03 -6.949661234993055603e-02 7.935680080312559198e-04 8.453428827244998875e-03 -3.829639770440363333e-04 -1.052843441142191518e-04 9.916943549424896750e-04 -1.400949810685734437e-04
-1.507467815871025001e-03 -2.514845607449899267e-01 -1.260863433389390652e-03 1.891641401250581389e-01 1.442472841033692757e-03 1.541113649565556062e-02 -5.950039575517897077e-03 -1.897080574386360080e-04 -2.023177840762060628e-02 2.864079293528414526e-04
2.238806478110105108e-02 1.429344816224070724e-01 -4.525830518127093582e-01 -1.017932452881143285e-01 -4.317853313757092216e-04 1.225510985164132705e-01 5.672976928147551584e-03 8.292763248241701371e-03 -2.948729538594130426e-03 8.387580186961172968e-02
-3.862954945670837685e-03 1.909333435866204520e-01 -2.059931603661299259e-04 1.007535872487446693e-01 1.846143631209125888e-04 3.189431050147207430e-02 -2.891523873549774627e-03 -7.245856950353321601e-05 -4.768514518274613286e-04 2.989378327744787649e-05
5.993146003270533560e-03 1.666096660486031666e-01 -3.755741604366930031e-04 2.844529930253544489e-02 -1.681364510200786700e-04 4.097667686368554373e-04 2.598682323312217655e-04 3.883409148833584013e-04 6.057653006155803597e-04 -8.634137884149138621e-05
3.635762263333405819e-04 -9.358822527324091034e-01 -5.778284238600411848e-03 -1.163588501629125860e-02 -6.554759706208602710e-01 -1.661355660951501778e-01 5.408368833290866200e-03 2.723187066906442369e-02 1.849150598878772020e-02 -2.155837357905566673e-02
-4.021798063489756271e-05 -4.297032185357455014e-02 -5.666357470010466432e-04 -9.781058514666764181e-02 -5.892045367952420537e-03 6.057752533041038841e-03 1.940180387359034505e-03 1.222387275751541302e-03 2.317032629166418411e-04 4.725381136275433634e-05
1.514837271473456516e-02 -9.132148046967086125e-03 5.108915029720769579e-02 6.231219019288598143e-02 1.529882408951757471e-02 2.252103478597114461e-02 6.339421582635083874e-02 1.162402996319923144e-02 -2.843759061558010642e-02 3.874152411729608197e-02
-1.506348612593918189e-02 1.834826744158362180e-02 9.186412651207771438e-03 6.603020926357179576e-02 -3.616414333827896316e-02 2.201538100453402091e-01 -4.257798239688068143e-02 -4.561557744219363157e-03 -5.072661556030117359e-04 -4.343067888919108221e-02
-1.882991774969880114e-02 3.864026166609340479e-02 1.555766091802395423e-03 3.159231531455908848e-01 9.539725346698035499e-03 9.074533305697063878e-04 1.514811099383659527e-03 1.772785115394915983e-04 -8.549380859592753401e-03 -4.036530864894377389e-06
-4.027835320661312182e-03 5.163016159389265808e-02 1.575086165916603762e-04 -2.392870105774847489e-01 -2.420911218951679687e-03 -4.469517544482244642e-02 4.509790202690830223e-04 -6.438638120532905217e-05 5.414319711155329840e-03 -4.144716946289890742e-03
4.964044778481906464e-03 -2.396652224354989535e-01 3.807155469913936496e-02 1.564628616629119839e-02 -2.226463873296058993e-01 2.697173187165582409e-01 2.810080312563622076e-02 7.654499150511582953e-04 -6.681626249677959095e-02 2.317412383440426143e-03
-3.530421833088744771e-02 2.388271232448206053e-03 1.172354208374820617e-04 -8.462175356626820688e-03 -1.348085849106117184e-03 1.297470069952178819e-02 -2.628493792084383735e-03 -2.188151387376122440e-04 -1.920619179944944724e-03 6.680719425994223785e-05
1.596604006630260031e-01 -7.215567850056783805e-02 -8.788296629169539947e-04 1.549116230996925303e-01 3.049619687858911698e-03 3.197520874432518978e-02 -2.562866000998154439e-02 -4.265077863472103699e-05 3.947290643160179194e-05 -7.677156862057470414e-04
9.117350484782947920e-03 3.201537812714084358e-02 2.400974557028633452e-04 1.223847372556179092e-02 2.022466094739607759e-03 2.560947999473983661e-04 1.153110668585877454e-05 -1.763019888239171479e-05 6.660985844411360622e-04 -5.781669715449702068e-06
2.504007764821502072e-03 9.148057886525037818e-02 -2.911851637310538133e-03 2.148096674263482719e-01 9.612086892209431924e-03 4.398806674068977615e-03 3.495948201661757521e-04 2.978810502831799340e-03 6.173390943547539533e-03 2.341994299598657372e-04
-3.631845514024688582e-01 -6.463565514109050059e-02 -9.514912944995375377e-02 1.856717938179111224e-02 9.233031394556195925e-03 -1.365005773406662536e-02 -2.246592341757013694e-02 -2.020810232698059747e-02 -2.225750499164048934e-02 -3.981157186987878231e-03
-2.601786547694982452e-02 -6.739086610989885131e-05 -6.312932192798422241e-04 -4.483531292998890055e-02 3.907592836126357334e-06 -4.840449717119748164e-04 -4.965639344663530345e-04 2.416453648171310278e-05 -1.466958789368515148e-02 3.805227553345697390e-03
2.009860767273289207e-03 -3.446405409254881674e-02 3.501593374455566382e-04 1.039900621599352815e-01 -1.214202456363620451e-03 6.016841725210875930e-04 2.139989568815210338e-03 -3.599402213171992672e-04 -4.259865825714952733e-04 6.586041427143717909e-03
1.146867910568242360e-01 3.249274594017462908e-02 8.734434942154017945e-02 5.596451099045527400e-01 2.278811112229160996e-01 3.700138789860640126e-02 1.088805691464627828e-01 7.627223867461250216e-03 1.143114738618514342e-01 -2.694568140425044039e-03
1.646315792606681261e-02 6.788526611264604493e-02 8.379506667843144609e-04 9.393187719684682746e-02 -2.358788306137070672e-04 3.533648757643186727e-02 1.260985280280032747e-03 -6.612223388251352318e-05 -8.266526536553577996e-04 1.761103126541936246e-05
8.404090954041017539e-03 7.633838271685756960e-02 3.776030895746175786e-01 4.336633588447942889e-01 -3.009147871071284758e-02 4.713115471080808055e-02 3.406795430192791768e-02 5.385128575651382948e-02 7.507370332134422584e-03 -1.146812663605559224e-02
-3.957111927626675262e-03 -3.092333114537615946e-01 -1.002408340186584186e-03 7.453388416110851011e-02 -2.113843044022039718e-03 6.096120088620937856e-03 4.820668991739113229e-02 -1.174511192508156596e-03 -2.803389983816942030e-02 6.015674138098476599e-03
-3.369464732697201488e-04 -1.838280090281597945e-02 5.924741765072547684e-05 1.248850689409573694e-01 -7.796012054521216092e-06 -6.905266718170984886e-04 -1.294057133120934565e-03 -1.385681577733904543e-04 1.419457121225673434e-03 1.434605024688882799e-05
-2.019571639874027241e-02 -6.785774188406681895e-02 -4.643386660683856051e-06 -2.211553860746977296e-01 -1.102729724645611434e-02 6.296287971426384016e-03 -1.296515223497076352e-03 1.430106644661973325e-03 -4.022276563396376512e-04 -2.544597518145717743e-03
9.296194293875499268e-03 3.617492328041298222e-02 7.995883640421803549e-04 2.315794033348805153e-02 -1.341774057670583808e-03 1.031035016574409213e-01 -2.431643735811128346e-02 -2.195218102426721104e-04 9.959471076710010862e-04 4.337893862312524988e-03
4.877775190296490147e-04 -1.590520422628128316e-01 1.071857541828397748e-03 6.438608435513574202e-01 2.153808509335037799e-03 8.690099889156510313e-03 1.045145217530523253e-04 4.187044219739603800e-04 7.572717022330851221e-03 -1.218057255450708844e-02
-3.739840457381249372e-02 2.175621118113210684e-02 -1.639925595103050365e-03 3.600042048179828702e-02 2.375897222248264033e-04 1.952612675884179895e-04 5.429931232694557020e-03 1.099336830354589361e-03 -1.183529755661980043e-03 2.263548048762543258e-03
8.142521098787613293e-03 -1.798819563266794083e-02 -9.412727532708258654e-05 2.306085970059877296e-02 9.516655113526942408e-05 -6.385777416482527752e-03 -9.394238027740499201e-04 -2.153951596816212178e-05 -2.799880165048933105e-03 -3.872031098156616903e-04
-2.596866236563045646e-02 -6.775165393062641817e-02 3.446376630619633896e-02 9.186397251259291463e-02 7.416075073078298718e-02 -1.682884352946752149e-02 -1.804544355244415074e-02 4.442425395805108803e-05 3.372596045033001474e-03 8.460402896014579399e-02
-9.635362911064465369e-04 3.527829890953326081e-02 4.824262523468235940e-03 -3.159060231025984100e-01 -8.526051373828957142e-03 -6.385717037598026558e-02 -2.958209085891934029e-03 -3.854099820669508957e-04 1.773500075231396373e-04 4.429453584618622255e-05
-4.899663799676874047e-04 2.076077764961758651e-02 -8.716679671831043045e-06 8.592620175316055542e-02 4.760543117944895252e-05 -1.266347768958164420e-03 3.164987158444883264e-03 -2.185790878041169187e-04 5.292495366347319593e-04 3.853886310922169682e-04
-9.470356163425486251e-02 -7.637777364342756593e-03 -1.245524895011114117e-02 -2.273237868437224252e-01 7.743510895476761469e-02 5.720591699358404218e-03 4.957573685159397808e-02 4.800066989968323865e-03 -1.064066551899557969e-02 7.259198229393955780e-03
2.812447558954987801e-03 -9.971430843059558846e-02 1.264525000089709861e-01 -1.798029755527092224e-02 2.901030008700882790e-01 1.672808684560385395e-01 2.556894325784101474e-01 6.124660612229062238e-03 -1.326390831101368073e-01 9.692086943397425214e-02
-1.186256392873098232e-02 -7.210488140523374501e-02 5.562573666252218236e-04 -1.998808587719718421e-01 8.723532332769377839e-02 -2.684349600704668778e-04 3.170021759182323857e-04 -2.601544772930970435e-04 1.079624731470065022e-03 -6.281899848832637285e-04
-3.716594301749574780e-02 -3.073474879808916777e-03 -1.797801069917322225e-04 -6.096978250129451993e-02 2.068898345998116187e-02 -1.465044317991047104e-02 -8.046049461736051733e-04 1.889934015050031657e-04 -3.392951243735862349e-02 2.770469369731877614e-04
6.975452539509219285e-02 7.995094736692485993e-03 3.499203363676264833e-02 4.730974451862149377e-02 1.140522120689653821e-02 -5.345325793312635798e-03 5.243293650287574742e-02 1.067845338458297405e-02 2.428837675284716349e-02 -9.737859217907773868e-02
-2.087204141685804475e-04 -8.058611364226545004e-03 3.278586500482771871e-04 2.354205307154368446e-02 -1.608515626343553335e-05 -3.055904809372312139e-03 3.302942584964533527e-03 -1.479948840310499488e-04 -2.213090829739485313e-04 -2.566436192777688517e-04
-1.271289367324361652e-02 -2.821395735454229614e-03 -2.000983380730443281e-02 7.750639614274622627e-03 -9.804228899201906933e-02 -2.661851755091375511e-03 -2.779006792554543012e-02 2.910135126065411040e-03 1.982912203655372817e-03 -2.157099364640161377e-03
-1.890003408416268378e-03 1.829462409686422042e-01 1.566092110483648103e-04 -1.240121355810095381e-02 -8.458084365501057200e-04 -1.847866054202659813e-02 -7.138656791513353639e-02 -1.730215754596693342e-02 5.398217703175984747e-03 7.855214304527713062e-03
3.496317836842924298e-02 -2.160859760112055633e-02 1.326214911697614351e-01 -1.869775797523003935e-01 1.237294091131640739e-01 -1.148500890548219931e-02 -3.213976423687696649e-01 5.394447828542673403e-04 2.963450696318673527e-01 -3.223115163285253729e-03
2.069509859112500082e-03 -3.596369553025879299e-03 1.377149628129456899e-05 1.731363946758578479e-02 -7.294813108616126057e-05 -9.499855711892121399e-03 2.926114633775343896e-03 -4.279110028329218614e-05 4.284612439540202121e-03 6.235018961309373787e-05
-1.672509646750204929e-02 -6.741008944247257884e-02 -8.275450160806625507e-06 -5.171125910490889654e-02 7.855351603383721026e-04 -1.044531850882123719e-02 -1.952531058098880279e-03 5.466997312763745292e-05 9.998469544627594605e-04 1.420493517383853203e-04
3.044566695516594907e-04 7.098461219916561704e-02 -2.940911366583039903e-04 6.226704238399474178e-01 -2.832330088547893934e-02 -7.363366182954717010e-02 1.564419747399168215e-03 -3.487317520796020653e-04 1.192173728938476437e-02 -3.002177911127915707e-04
9.333567514984067838e-04 -7.275853380481770750e-03 -9.847574855953451615e-05 2.681578450598999172e-02 1.193064414414823178e-03 7.461532939324044269e-05 1.767414797959199722e-03 -6.306140260273543612e-05 -3.031628228295176353e-03 1.588381472165222431e-04
7.334821332304404529e-02 1.461428758626273361e-01 -5.812746303617678887e-04 5.479337329487887071e-02 1.503217965381084369e-03 8.299964272519799735e-02 1.986079597009549752e-02 9.813490492572039597e-05 3.555472877119853154e-05 1.251734252685703618e-02
3.112606944419093330e-02 8.582766946788017437e-02 -3.932850870375485114e-03 7.464834569481705595e-02 3.459224952777899438e-04 2.561791437579192740e-02 1.992584835482247448e-04 -4.755296422727644124e-04 1.002822719097943086e-03 -1.132400450018796438e-05
-9.117140143621523668e-03 -7.245662406677209899e-02 3.517170942355108678e-04 -1.374386650028676556e-02 9.522583489349817007e-03 -8.435177601146547771e-03 -1.649011764698897486e-01 2.123919632720161835e-02 3.676985527854004232e-03 -1.469565524312830282e-03
3.730278982116245340e-02 -4.283756024885517801e-03 -7.165125703833654172e-04 -1.211844373179642581e-01 4.119780531706676054e-03 1.605564117940122548e-02 5.726302666297527523e-03 2.179169089418286692e-04 -3.427637195397414700e-03 -1.598649974490955813e-04
4.561722890910402568e-03 -2.006056771149288542e-01 -8.678771523423466083e-02 4.058746765621443764e-01 -5.105147632737818547e-02 -2.004464555260304093e-01 -5.813093558963345897e-01 5.165484693679094769e-03 2.285751465461970111e-02 1.011870894004998937e-03
-1.308278927133525206e-02 -4.020914381238692437e-02 -2.113636782684225762e-04 -7.197119826459259795e-02 -1.863217570499566933e-04 -8.428795530280714515e-03 -1.255989130520534548e-02 5.086830661976479576e-04 5.814972444879891456e-03 -8.128595354096467170e-04
4.762069102782688461e-03 7.514499540589462956e-02 5.040137798119667233e-04 1.079751930290834706e-03 -5.714464698678583567e-05 3.934188844642894610e-03 -1.204187696391921921e-04 -5.037260675078334381e-04 4.255807949327443385e-03 -7.905842421528300602e-05
4.064008529597295735e-03 -4.315977915528607795e-02 -2.149209137509842558e-04 4.293469762290588569e-03 -4.801717247186287549e-03 1.272216819476940357e-03 -1.051076502074484815e-03 2.870804175958896671e-04 -2.542494227519640892e-04 -4.232292653244658365e-03
-6.550674129121073497e-01 -3.457803263802398941e-02 2.167771930059700924e-01 -2.485110482992580055e-02 -5.476460634712637665e-02 -3.938348862801641093e-02 1.228593031397073009e-02 -6.445286422290789907e-02 2.866746390433523237e-02 7.621607198307490949e-02
-4.491098884783734091e-01 -3.429012478591986733e-03 4.434025793877779259e-02 -9.164247275359572315e-03 -6.525899162745116278e-02 -9.452806788116087378e-02 -1.410392941185086707e-02 1.984025036797562331e-03 4.715550324243197172e-02 -1.899419073054727045e-03
2.281034892407717962e-03 3.007533707662986555e-01 -7.950703582394565345e-06 -6.535069001241745890e-02 -1.059850462177716168e-04 9.619647538758640398e-03 1.115239880783133514e-04 1.746472764971085986e-04 5.830349415780715626e-05 -1.123622633524558155e-04
1.511386507920344131e-02 1.035632209721700225e-01 -3.847868976909981677e-03 4.203066173923951654e-01 -2.008793746537037087e-03 1.098047202862298816e-01 5.226842290574806177e-02 -2.002280580595277443e-02 3.834086825526579392e-03 -6.635392857104624453e-02
-1.208323071393466730e-01 -3.420130094702571455e-01 -4.996985231385097509e-04 -7.986987294060733655e-02 1.046010050583021621e-02 4.458986693246216361e-03 4.535950445656131320e-03 2.834360848109059288e-03 -3.815122130809487158e-03 3.535154569681279134e-03
5.380511464297972613e-02 2.569174404883249885e-01 1.492457356032622119e-02 -4.526356959461658863e-02 -7.733064930249576368e-04 2.215302102294919862e-01 5.203426470149867811e-01 -4.543506976163697725e-03 -3.253897543998823111e-02 6.246523215281261920e-03
-7.837691361542344082e-02 3.664831413256664644e-02 4.883329469441598063e-03 -2.551246267640178700e-01 -6.306312015096623980e-02 -1.461783571043592800e-01 2.014954710864832466e-01 1.705688638679963534e-04 1.603941318476064665e-02 5.866051028505973354e-03
