5.081871977108830540e-01 2.460138758323457964e-01 1.730670432106807821e-01 2.901303620879154277e-01 1.401560040523700534e-01 1.046721553893641632e+00 4.366965035547881735e-01 8.351927970807812018e-01 7.774299472956897050e-01 4.124763946681418991e-01
4.999978047105687606e-01 5.250230290876720662e-01 1.083023455828404785e-01 1.335078444001148723e-01 1.607893178888394614e-01 9.347895989510364156e-01 4.543460946926748401e-01 9.063433796262131414e-01 7.529198154397547249e-01 3.740006642602159426e-01
5.020552295896391071e-01 4.601617955883539612e-01 1.010874018509553690e-01 2.601974113025931623e-01 1.518299401421409345e-01 9.793103485744613090e-01 4.505367604769363599e-01 9.054673210834973673e-01 7.523098784477031398e-01 3.746980597051263184e-01
5.030250046725178725e-01 4.290349752155498408e-01 3.280081284062681679e-02 2.740419485307759584e-01 2.025160175297603948e-01 6.528284533025123793e-01 4.417206025042910711e-01 9.113868964135648509e-01 7.595755025047139508e-01 3.760407504499752585e-01
3.970344249655808344e-01 5.299509862365531232e-01 1.033891020820510431e-01 5.558156347232859895e-01 1.493139112820850434e-01 1.049638534846500937e+00 4.275910086967804613e-01 9.060410111593413252e-01 6.862301084807126417e-01 4.086410627920856742e-01
5.007715278869023789e-01 4.347499058963502638e-01 9.439805788691070509e-02 2.782641488449267841e-01 1.591776625600013206e-01 9.804007257496550887e-01 4.492882891249670996e-01 9.120600589590377449e-01 7.679044016149689789e-01 3.915550463483004062e-01
3.936100942796284530e-01 3.547097587888735082e-01 9.176609992955052364e-02 3.315356931662915008e-01 1.868142801842780365e-01 9.832845350330645662e-01 4.555525318289868064e-01 9.054536910611985512e-01 7.483707426080906666e-01 3.701732529356233092e-01
4.998381756683920041e-01 4.381067628462954056e-01 1.010555431874921584e-01 3.561974832941900426e-01 1.524227879122586338e-01 9.840523764965047882e-01 4.550212916318093215e-01 9.062667702373472522e-01 7.545092739456021880e-01 3.753672101733474542e-01
4.999092895181810325e-01 -2.435007000339493022e-01 1.026062289595526950e-01 2.888119041509999985e-01 1.426154136075196699e-01 9.704307281625198511e-01 4.577534485732847047e-01 9.068424901185033749e-01 7.577166971265244522e-01 3.742854751004013880e-01
4.814515980181232613e-01 3.768348524653145071e-01 9.131777598617506209e-02 5.903967109705108296e-01 1.514539959726196039e-01 9.491257927206737666e-01 4.678125097726665849e-01 9.176211062344553637e-01 7.836516649077535090e-01 3.754212687747114363e-01
4.994974321192203748e-01 4.319217659538182597e-01 1.011361044929082464e-01 2.706047165180853753e-01 1.519755500157587980e-01 9.830200075614814459e-01 4.511601152765081779e-01 9.057343195385256784e-01 7.538245301554656885e-01 3.749874964428391300e-01
4.543659285448781726e-01 4.016781048340393179e-01 5.689457171983277606e-01 3.861714420430009120e-01 1.284506085370222261e-01 6.392585350489176088e-01 5.184769044756569745e-01 6.326991628379873278e-01 7.790584635327946206e-01 1.267680509345352480e+00
5.080282111262890421e-01 4.189114044410022220e-01 1.151163151392426837e-01 2.583385633898598321e-01 1.507164567080130912e-01 8.930936428740765542e-01 3.878504815600261058e-01 9.056730069133401839e-01 7.488996696124490260e-01 3.763586845811530135e-01
5.024110833449381142e-01 3.802076716874267515e-01 1.011977782659581604e-01 3.182648265400654930e-01 1.516623862615043561e-01 9.870773248834917579e-01 4.534859790965328208e-01 9.056177602615045341e-01 7.522880739461562660e-01 3.745779076701516441e-01
5.007999595741288168e-01 4.514424086888957355e-01 1.010102826270695558e-01 3.986613155867082536e-01 1.473731371180325989e-01 9.873207985469324433e-01 4.536611535456164801e-01 9.057003701112144034e-01 7.528479274278803146e-01 3.743450805803278936e-01
4.994291212996088136e-01 4.464166632664142709e-01 1.011713018934201902e-01 2.864635482522615018e-01 1.516872706453359088e-01 9.771591125406643430e-01 4.516657390214852685e-01 9.057079843945955444e-01 7.526129476611326252e-01 3.749267486797519533e-01
5.161901437354505795e-01 4.230260668936412505e-01 2.527774649389417649e-01 3.920154507842713576e-01 1.586677837500376220e-01 8.929839790500395669e-01 4.536036482871285691e-01 8.631825575071686574e-01 7.523302767514168377e-01 4.945138574438597279e-01
5.049218355800670910e-01 5.217158669610798549e-01 1.018921497360034539e-01 2.876821208334798263e-01 1.517961206981726652e-01 1.020464379085683992e+00 4.514537009242257648e-01 9.057599977049901607e-01 7.517512880517702722e-01 3.743795319482214889e-01
7.272935715345825169e-01 2.805954379971103974e-01 1.242240622149459184e-01 2.554894660819167496e-01 1.391245619017232871e-01 1.011961207387217732e+00 8.517402443210432272e-01 8.670777552914191721e-01 7.195137944925020790e-01 3.750901080679638899e-01
4.991152334380001832e-01 6.897684832047097370e-01 1.011885033490542429e-01 2.711858092310220902e-01 1.517030536827256304e-01 9.857228745052065699e-01 4.508654843706923487e-01 9.057177681946858572e-01 7.528497763117801833e-01 3.749561962052092579e-01
4.951974118715131157e-01 4.140986326907769577e-01 1.012694243378076953e-01 3.444782125323657684e-01 1.340077739585125993e-01 9.756899010088274649e-01 4.511159710183171301e-01 9.061727478077764575e-01 7.525236746849539582e-01 3.746653353910278095e-01
4.972397264321506971e-01 4.266435048266997154e-01 1.145438032129758588e-01 2.838336104069706933e-01 3.721469199117801718e-01 7.888432535050468042e-01 4.477131282631326425e-01 9.066016126757094895e-01 7.524802427893585444e-01 3.686753971873648061e-01
4.994228714651388068e-01 4.351990388647981600e-01 1.011901716897610770e-01 2.967031404450216625e-01 1.516943296830267629e-01 9.831833363192522546e-01 4.508169460903759251e-01 9.057304403247478097e-01 7.522744352224852715e-01 3.748768932533558806e-01
5.811814193894159208e-01 4.570320160662663111e-01 1.099533927853163923e-01 2.690800016934815631e-01 1.456284663747428321e-01 8.803244349658340129e-01 4.478335145152172458e-01 9.055968129172934367e-01 7.543836046121450423e-01 3.751902559564750383e-01
4.996689972727387241e-01 4.291042872261717767e-01 1.011754624114904605e-01 2.772638153909904868e-01 1.508609019419806241e-01 9.872870188657895119e-01 4.471688812199656748e-01 9.057046294512324236e-01 7.527976289064922666e-01 3.748038679970207010e-01
4.986929395287074129e-01 4.285573914840606902e-01 1.022870555007013432e-01 2.900957107363787424e-01 1.512372194990916907e-01 9.836322320967739730e-01 4.441054231473723912e-01 9.055398670015258888e-01 7.528684581632780759e-01 3.743202638826892414e-01
5.008730611076357420e-01 4.042403744766853713e-01 1.008677318992082100e-01 3.748543759306778300e-01 1.508491706088360973e-01 9.828940227419201703e-01 4.510839679805613844e-01 9.057327830394882318e-01 7.529109510558505969e-01 3.748549229232504554e-01
5.010838022533823377e-01 4.711380869136474470e-01 1.005647479774389452e-01 2.874633200724260318e-01 1.353045051130163379e-01 9.664216445786715237e-01 4.401328934178618812e-01 9.044311481224923677e-01 7.393862971786124838e-01 3.761700390988065856e-01
5.089277912617383715e-01 3.469463305054405478e-01 1.147503061004704339e-01 3.061557288321332670e-01 1.555907940208821894e-01 1.008084874581675949e+00 4.532725519291485594e-01 9.064692494241763931e-01 7.763125676099337236e-01 3.757564851739771394e-01
5.686298315066794506e-01 5.890282587820820925e-01 9.331878479289971995e-02 3.156155713295588638e-01 2.006601948537206082e-01 9.812958392456159196e-01 4.594448498258324465e-01 9.059764930515102899e-01 7.517290840975678901e-01 3.747840925545413149e-01
4.840369171790081526e-01 2.228134647589475326e-01 1.138744170016312285e-01 1.115693551284126367e-01 1.543437110222050379e-01 8.579350281805978584e-01 4.501900567604638637e-01 8.100862795048785481e-01 8.837626441926345056e-01 4.617688862246887571e-01
9.982207514193517373e-01 4.048886257605340822e-01 5.302485348546894794e-01 1.944919609083185785e-01 1.779614697869208173e-01 -1.831366863820433899e-01 4.512017291798499641e-01 8.884858231700727416e-01 7.790595667177039330e-01 4.800365096866232029e-01
5.079006640390190119e-01 4.261088364782774085e-01 1.001032394340279352e-01 2.809081254834465691e-01 1.605770848040513066e-01 9.465964548357006514e-01 4.322725274563878339e-01 9.058612452419533279e-01 7.426905469768680934e-01 3.747084587987653537e-01
4.998693510312066657e-01 4.161582978488037599e-01 1.013620838096997573e-01 2.653272827085511043e-01 1.532762808900293150e-01 9.836273834000721639e-01 4.492605103845928594e-01 9.057002477718387734e-01 7.523290473426049729e-01 3.749741298371974119e-01
3.811655753239491240e-01 3.578853610325142265e-01 1.725035736668709130e-01 1.296580107052973108e-01 1.028968849289227938e-01 4.392444215914473871e-01 5.633658676266317666e-01 8.915435000835232326e-01 8.503412829213206070e-01 3.824908801922400903e-01
5.851856460810018756e-01 5.406908242873426085e-01 1.007969229970310243e-01 2.549859520061538709e-01 1.519716443751342461e-01 1.006183129286950972e+00 4.495444020885888126e-01 9.052237919615965245e-01 7.531361538731350391e-01 3.750647024617437264e-01
4.981567202920986204e-01 4.387643722679886449e-01 1.177748334848696399e-01 2.895159737779994802e-01 1.573219991087377589e-01 9.100021538958725786e-01 4.521025794798419484e-01 9.076983345574370921e-01 7.603965218297258355e-01 3.749414253115865847e-01
4.824222531327793106e-01 4.334466756321644354e-01 9.955820672305085162e-02 4.365594420885825500e-01 2.147275776002570691e-01 9.818470418766958030e-01 4.329671325837907703e-01 8.975484031755034398e-01 7.533386549537812726e-01 3.857462986731814425e-01
4.961179036939791231e-01 2.181682319556950689e-01 1.017333464082030986e-01 2.304544655400581066e-01 1.501312495988065543e-01 1.074192252901606137e+00 4.688345144621661742e-01 9.056270918368209966e-01 7.517983479818197701e-01 3.750783643278203239e-01
5.007412997402840293e-01 3.744033126763649522e-01 1.013318752164119735e-01 2.588543797692857140e-01 1.501076806358153382e-01 9.218188276962977490e-01 4.426331754207815106e-01 9.060291214779937485e-01 7.500588460445080097e-01 3.730938238142337826e-01
5.030891699827417796e-01 4.474353114703371048e-01 1.025016387041077781e-01 3.551367119679414430e-01 1.519519744499238101e-01 9.800705667744675775e-01 4.513764879387580087e-01 9.058030465616924154e-01 7.544464928698124684e-01 3.748525340362819924e-01
4.995263792441617112e-01 4.005606878615282085e-01 1.021836923005911141e-01 -3.602078249730760601e-02 1.504542660332597870e-01 9.869853785126458945e-01 4.506166954143369652e-01 9.054490230536508255e-01 7.635740719252688269e-01 3.748967548283445583e-01
4.876407270060855725e-01 4.408476647355902833e-01 4.142036059536010617e-01 2.482650361115605608e-01 1.688914381451105395e-01 7.006731543384289163e-01 4.964164416633587984e-01 1.040207555817712848e+00 7.504058884358651982e-01 3.925563475392264690e-01
5.001169564771246190e-01 6.101015190520803211e-01 1.001412449787371789e-01 3.350404559455940068e-01 1.517131299218796026e-01 9.959626419764330274e-01 4.553424247997781560e-01 9.058257548627344224e-01 7.528483776240559866e-01 3.752720435930154697e-01
4.942473380878920075e-01 3.445144605750233291e-01 1.015430659069428837e-01 4.195941973838298034e-01 1.514440173119713240e-01 9.837684629845065976e-01 4.488248039134979939e-01 9.052434520290929543e-01 7.520144880690708966e-01 3.750827211068955003e-01
4.991649750004980568e-01 5.694191536488267813e-01 1.028192871454269020e-01 3.110433124491671086e-01 2.776770500181000578e-01 9.494286414554773401e-01 4.621725199629954095e-01 8.769637493575788145e-01 7.861326492263308596e-01 5.447279248176177813e-01
4.995624356336666461e-01 4.211107842838221482e-01 1.027273282568745977e-01 2.765788701677543426e-01 1.553745448481417546e-01 9.821579442832083506e-01 4.508510095245661931e-01 9.052904710381057818e-01 7.524434039163075960e-01 3.749832984140660241e-01
4.775975029410615136e-01 4.230876764285696479e-01 1.757835416047786592e-01 3.768727036470893577e-01 1.408260230438943827e-01 9.844053034820136050e-01 4.461247667350133339e-01 8.945930836828247523e-01 8.068735952883879792e-01 3.882049527976045300e-01
5.398725770106440613e-01 5.387110185440742161e-01 6.613653016988096933e-02 2.878150723038381265e-01 1.449437778973726443e-01 9.673268994288344302e-01 4.401115843642199876e-01 8.906699369771401420e-01 7.534387002404260292e-01 3.971422537825775589e-01
5.018145172722837666e-01 4.215323148501971540e-01 9.978752507429722307e-02 2.026221148775970704e-01 1.439098099431602440e-01 9.843380708188688155e-01 4.481349840993407163e-01 9.056211356164842741e-01 7.695189765963542650e-01 3.745505914200441544e-01
5.031555840515161693e-01 2.823516640876390649e-01 1.016231904074751946e-01 5.713208888520763251e-01 1.574673403205660849e-01 8.624314339101846194e-01 4.507986797427538939e-01 9.060283578352563705e-01 7.506272730148874084e-01 3.779136105810140256e-01
4.918599434149403815e-01 4.417633226969936433e-01 1.233459696605897354e-01 2.647270569511712690e-01 3.082922155255777841e-01 7.296967099642901466e-01 4.710430116400479705e-01 8.947579922651979212e-01 7.234304168752114794e-01 3.786841464927349077e-01
5.036115045947794355e-01 4.298239965798361650e-01 1.011051641974975851e-01 3.174319859333502025e-01 1.514945381575795724e-01 9.823641039544455111e-01 4.513700906087123599e-01 9.059833821888009231e-01 7.526423250238057916e-01 3.747983550352402826e-01
4.683656207710619190e-01 3.819665167188884269e-01 1.004983490556205367e-01 2.811161064259101172e-01 1.539689410007085979e-01 9.846649995123000210e-01 4.370414562088678623e-01 9.055829924267149167e-01 7.525399617326151702e-01 3.785477125639720164e-01
4.975478649053894364e-01 4.515453233446198866e-01 1.011063099861776865e-01 2.802308535917797938e-01 1.498874001116730081e-01 9.820293013172212149e-01 4.497738583739012141e-01 9.056952382546290536e-01 7.438314457270556179e-01 3.751794190692494535e-01
4.786749389410810962e-01 4.099503057639781733e-01 1.005111986303224292e-01 2.406713712893059076e-01 1.520386301718002486e-01 9.861620796339266581e-01 4.514494285143832997e-01 9.044676474144088818e-01 7.447463231336728384e-01 3.748540771437794961e-01
2.423208690471166937e-01 1.169357466274354995e-01 4.343753070857957199e-02 2.277899734626617489e-01 2.476321768717561489e-01 9.319350449963927918e-01 5.463929656983396166e-01 9.250807908177504091e-01 7.588781036483999154e-01 3.812448095748592891e-01
5.098078777204739787e-01 4.331595273775185606e-01 1.008971551226035962e-01 5.973255379582883551e-01 1.516898092314812041e-01 9.834336290407303949e-01 4.530813214783312448e-01 9.057139008719107265e-01 7.593501362522397935e-01 3.721780553268552727e-01
4.986094177180596110e-01 5.142126673304180384e-01 1.002034688091981568e-01 2.023854083863427800e-01 1.639430231712297181e-01 9.871598511356595163e-01 4.502176158303954900e-01 9.060037624295762537e-01 7.531552204875135992e-01 3.742117047611465686e-01
5.882848601998933447e-01 4.771881274235623138e-01 6.266406240455256460e-02 3.968159261969345097e-01 6.003724052813891321e-02 1.040048838140206655e+00 3.973150723228128789e-01 8.896938395699145463e-01 8.403883630893698164e-01 3.953728946876618466e-01
4.602617127995127233e-01 3.879490588070181323e-01 1.028632045205364054e-01 2.459052351631302036e-01 1.515961680319190263e-01 9.558989156107084995e-01 4.562043911516134864e-01 9.055875765311723891e-01 7.538378039328075264e-01 3.749156468173527323e-01
4.816676630459016395e-01 2.950340838982090097e-01 1.341120058306530527e-01 6.305666701750307634e-01 1.832172487602675703e-01 8.129507168505116788e-01 4.972234487487698917e-01 8.992908191061252943e-01 7.273233262397317267e-01 3.761782565383849364e-01
5.283123278102109799e-01 3.056354854498831708e-01 1.012189571667815036e-01 2.557170697898072387e-01 1.530889398786691724e-01 9.877440284635755630e-01 5.266227163921669563e-01 9.113459227548611485e-01 7.696630934143158242e-01 3.727568591772559281e-01
4.991353897311374688e-01 4.025420397648574733e-01 1.010881702589204595e-01 3.429766216268118062e-01 1.515248754741030102e-01 9.947696239802386042e-01 4.518855309833345602e-01 9.056161226166496991e-01 7.529846699911311170e-01 3.749450469781957507e-01
5.093368102970650124e-01 4.861392565980127145e-01 1.027676850882802556e-01 2.328211458120434396e-01 1.471366027392981557e-01 9.729300820439622521e-01 4.516645891085579456e-01 9.083662267416953151e-01 7.519211332370629997e-01 3.741114841953275816e-01
5.032986698119655822e-01 4.687724634298971460e-01 1.007741654748597337e-01 4.131620566865274458e-01 1.589671668832195184e-01 9.226591343184022964e-01 4.478363365268778762e-01 9.056981853346250944e-01 7.502880042887646317e-01 3.801216935477237935e-01
4.985921352282115526e-01 3.516129586884608749e-01 1.005690609013153713e-01 3.963596756776449626e-02 1.501802894968864432e-01 1.005803925214344474e+00 4.522050606185360477e-01 9.050857502731213255e-01 7.550793797290569209e-01 3.947465511347346689e-01
4.405502928235630611e-01 3.436841836289291630e-01 1.001447565843450876e-01 1.933013708951406007e-01 1.514445453034416467e-01 9.582231953444555472e-01 4.555261978912514831e-01 9.047402855951447442e-01 7.496937960024383507e-01 3.668558625050066802e-01
4.886187699118627048e-01 4.180491903375359586e-01 1.006590285780116917e-01 3.070649440137348529e-01 1.516338915980924851e-01 9.819181102228915492e-01 4.510297337127417427e-01 9.048245641719305787e-01 7.552180920998078362e-01 3.741789965161022580e-01
5.051059142654722445e-01 1.034552253045672554e+00 4.183543305434690024e-02 2.911103463523264101e-01 1.863319873389096548e-01 1.014143027649062612e+00 4.440613319071656240e-01 9.057432240440427273e-01 7.528495621735838972e-01 3.611876077711587696e-01
4.984722677595839757e-01 3.758576923282993532e-01 1.054697194829098128e-01 3.090223821441759333e-01 1.530889472451489874e-01 9.930562837012040234e-01 4.517744068924537948e-01 9.040883094129409381e-01 7.516287963429294505e-01 3.749535419278134940e-01
5.002290807544704787e-01 4.297926261911373946e-01 1.013296607366180047e-01 3.088580042544808446e-01 1.516866613785389506e-01 9.840075821854626925e-01 4.503351453736805787e-01 9.055298767826781559e-01 7.516644068697609926e-01 3.755011579447246617e-01
4.573344900323108586e-01 4.351426847669422338e-01 1.062016869224700205e-01 2.945863682481907331e-01 4.138535434068487118e-01 4.026086163521023220e-01 3.981223389433989901e-01 9.215525159771266184e-01 7.426364971089870481e-01 3.583763085690196970e-01
8.222477904368082902e-01 3.720266401480601948e-01 2.545578088580358611e-01 2.618016652186443416e-01 4.886147017967986117e-01 4.633727780297863807e-01 5.018662134481932657e-01 7.580819715777133982e-01 9.299781629438163000e-01 6.966103428152574661e-01
5.065097153998008306e-01 3.734016003980475951e-01 1.004193576212821515e-01 4.043278261788691985e-01 1.393188688074003256e-01 9.831495635145253154e-01 4.518810106018378847e-01 9.054734251443452564e-01 7.515985854927031973e-01 3.764257671236254654e-01
4.970704791903557407e-01 3.755517379969401381e-01 9.879710307563589755e-02 1.277093721857216480e-01 1.580759427683201268e-01 9.959687862494609467e-01 4.495071864709627163e-01 9.058270069972613747e-01 7.574523896688797331e-01 3.749982448410043023e-01
4.690280387655626493e-01 4.339193329582221592e-01 1.489805149324666955e-01 2.777640707405593656e-01 1.745735948715883834e-01 8.686952979630867544e-01 2.989080043746307203e-01 9.042627019607410999e-01 7.526337987335681712e-01 3.296868471128996392e-01
4.995348136680374806e-01 4.347902877564608914e-01 1.009564892920210982e-01 2.060978096617768207e-01 1.517171254550511994e-01 9.861501298079426991e-01 4.445569590789713033e-01 9.057359712420749442e-01 7.521638607000844523e-01 3.748579634417864015e-01
5.067528175075860508e-01 4.367115773023206859e-01 1.066591543755419785e-01 2.984441996551949750e-01 2.395437076376695784e-01 9.868043269359501046e-01 4.573188562158780335e-01 9.118070219833676049e-01 7.548508570346386115e-01 3.752871791957512748e-01
4.982524283106402052e-01 2.763816186183068457e-01 1.000340867074425849e-01 1.617727035608183261e-01 1.520379100918669846e-01 9.955905835013292293e-01 4.754147538140754969e-01 9.205805313515047494e-01 7.770633597111190616e-01 3.605811185012107734e-01
5.190018364308770504e-01 6.663816874782519939e-01 -1.625789926163467847e-03 3.071862960051984781e-01 1.812796723141109900e-01 9.610579858384311613e-01 5.851949177797377555e-01 9.049723999194458912e-01 6.381790950650351180e-01 3.668371672652341875e-01
5.122878491018206804e-01 4.319185585367114610e-01 1.011740998519537471e-01 2.965446974580799866e-01 1.514294981711747923e-01 9.830652042322336470e-01 4.553534736307507935e-01 9.057088330777655072e-01 7.529037134878842075e-01 3.749488888590586377e-01
4.901633097136933181e-01 4.554493011852906448e-01 1.012081955314116793e-01 2.672978871084262797e-01 1.499334116694331365e-01 9.897745597948101048e-01 4.525056788745784320e-01 9.057073088216949230e-01 7.526536963651516698e-01 3.750202945882898375e-01
4.991718769617280449e-01 3.756808617684008755e-01 1.013878063445838029e-01 7.650852323935145027e-02 1.541314074362044595e-01 9.411109035872093909e-01 4.553513155385813804e-01 8.993308287199227591e-01 7.570125952637691835e-01 3.752788003039933540e-01
4.923469765548491028e-01 4.396344457731983790e-01 1.012401461693819837e-01 2.932907987390473981e-01 1.482441600251570013e-01 9.834316643608831399e-01 4.492836281975559620e-01 9.062107715266151109e-01 7.504107975461213886e-01 3.747888287120597628e-01
4.498114919372890319e-01 4.461294924116734339e-01 1.019609672548566909e-01 2.482262708572691157e-01 1.498236748798718321e-01 7.262593738376409425e-01 4.370943074244846849e-01 9.057646345816143807e-01 7.523984900203278814e-01 3.578685174764543175e-01
4.887770829255875249e-01 4.333022917145586406e-01 1.013228097948650347e-01 2.606533397377061023e-01 1.522588537809832498e-01 9.639849496613186464e-01 4.509426792782351701e-01 9.057667283243124867e-01 7.528847404470159210e-01 3.749693000401231879e-01
5.011136620856382340e-01 5.208453805123227642e-01 1.008145438930842797e-01 2.875915346833000652e-01 1.478146603417860305e-01 9.624000107694978823e-01 6.137273872921220619e-01 9.188266184927734725e-01 7.573421886306793693e-01 3.621374825513954399e-01
5.021143655564674901e-01 4.049122645174556001e-01 9.998594996418030956e-02 4.001867342494880853e-01 1.488100855632707997e-01 9.716586684135516405e-01 4.425832464048263248e-01 9.069205185975975914e-01 7.575863911741592682e-01 3.751399204983447144e-01
4.799282318445887707e-01 5.540738601270228658e-01 -1.735610161369624260e-01 1.593863653916800516e-01 1.628712002508311552e-01 9.149148225217464958e-01 1.053312874777324382e+00 9.204150479066137702e-01 8.011236762190150351e-01 3.739506785059662497e-01
5.190802161618754962e-01 4.490520469597155673e-01 1.009327758729448715e-01 3.277655488202179113e-01 1.516771395347940865e-01 9.901692210230388369e-01 4.438198220397610583e-01 9.056146108042689713e-01 7.559857051138069162e-01 3.753277875193780644e-01
4.941450004565863252e-01 4.292117755825665681e-01 1.010258322920431079e-01 2.129640691900259453e-01 1.523295338253730924e-01 9.806933930805997734e-01 4.498623674532173933e-01 9.076617586959938588e-01 7.541308623528050203e-01 3.750131852264242394e-01
4.985941363590030706e-01 4.545892287682509192e-01 1.015994779052933200e-01 2.937763109065671951e-01 1.501574197425871449e-01 9.831815638935176294e-01 4.506106024887121531e-01 9.055908741140294982e-01 7.518754342383751066e-01 3.717310110337150864e-01
9.096677207920524921e-01 3.904733501500925463e-01 -2.021150887083221215e-01 2.325044841346810831e-01 1.831268001363073605e-01 9.804034580002262134e-01 -1.954771920926556827e-02 9.302998997392789571e-01 7.262624378406568049e-01 3.265123148501763439e-01
6.154291070779829287e-01 4.355091939560258307e-01 1.134997424075290806e-01 2.891440239575850391e-01 1.010635352432748546e-01 7.949174011523445493e-01 4.085201468639589328e-01 9.112577326026753965e-01 7.678234513819599538e-01 3.843092483388902414e-01
4.961824616347610961e-01 -3.692312093797467387e-02 1.015720105040364141e-01 2.884385106855896219e-01 1.517320526342849085e-01 9.651169121710628795e-01 4.509518098407381270e-01 9.053929638921527356e-01 7.524864001059861085e-01 3.751943993302617741e-01
5.495182398982337846e-01 2.623085151847932561e-01 9.386180786218331629e-02 1.033138263485411379e-01 1.493610610118455140e-01 8.964880104687551476e-01 4.455845634192420746e-01 8.980721638812276808e-01 7.577344791797552270e-01 3.686457804589062248e-01
4.023822230700843106e-01 3.708893795045591357e-01 1.010440147321347432e-01 2.942011722279286312e-01 1.346830382189925790e-01 9.273868308805198746e-01 4.406666118898405204e-01 9.054998667775361332e-01 7.688135766381249958e-01 3.706097217696859847e-01
4.872142799139381752e-01 2.575114309283362268e-01 9.639185912111376819e-02 5.025628090072201681e-01 1.502957444242730145e-01 9.374364035833279152e-01 3.145991326568162716e-01 9.054117057190407269e-01 7.289295326489783067e-01 3.775759584002651992e-01
4.241475699825784651e-01 4.019185649330316856e-01 1.020590247964989622e-01 3.233737319647749797e-01 1.819842785351652448e-01 7.897339005543818624e-01 7.803139932790925659e-01 9.071086768049001492e-01 7.882263164730365368e-01 3.777405261553496985e-01
