5.280032718316238771e-01 3.561717327469835492e-01 3.179071068988684745e-01 1.485017998602405354e-01 1.629590408295974457e-01 8.716838002676011721e-01 4.500788356745793473e-01 8.712477399014449952e-01 7.440740172496586036e-01 4.245815562345029437e-01
4.996699459944584643e-01 5.476036773987081885e-01 1.047076843582014083e-01 3.329831820670426934e-01 1.506427014463393721e-01 9.702200665608262664e-01 4.510953520220876700e-01 9.045422286337803097e-01 7.513358276130368552e-01 3.745489324532081943e-01
5.033231951228113177e-01 3.660641318449438519e-01 1.012391155523390956e-01 2.998120125975602956e-01 1.517175502589314939e-01 9.831211655340943434e-01 4.518915361845999290e-01 9.053733684006888272e-01 7.517991645511448162e-01 3.757170748873200350e-01
5.080222159851258690e-01 4.057291557970679197e-01 1.254651881946680647e-01 2.741330063683243279e-01 2.530530624396478134e-01 9.414844673947421194e-01 4.512642197483842099e-01 9.035135016554559639e-01 7.602798028473620739e-01 3.743576549736721826e-01
4.009876685206944513e-01 5.046962967969682579e-01 1.065153339735216281e-01 5.413947781227016476e-01 9.297129534331687040e-02 9.715873520816497022e-01 6.398971966038389247e-01 9.054663052778954002e-01 8.214141130464429619e-01 3.771704690301946328e-01
5.084837250200124892e-01 4.437525802301385824e-01 1.008999736475520437e-01 2.804551376106881322e-01 1.306980818478163942e-01 9.670794588851361340e-01 4.541946716392187278e-01 9.143239407770745730e-01 7.521163067077812903e-01 3.821085823207526766e-01
3.676163821529508380e-01 3.060168659406358183e-01 1.016507089648020917e-01 2.841234551058418600e-01 1.012560286588935488e-01 9.834468592858331970e-01 4.859512699290737814e-01 9.055371201699715655e-01 7.553342711036519219e-01 3.709270160015116224e-01
5.027286909423562822e-01 4.371392837514943563e-01 1.012902923728438986e-01 4.262524853568786520e-01 1.514955706514346245e-01 9.873954523764491009e-01 4.550236813296558158e-01 9.047004327724824657e-01 7.522111005655540694e-01 3.763179342773248504e-01
4.996343602316912214e-01 2.940580181657937997e-01 1.019322083368755238e-01 2.846092657394502234e-01 1.618120340002864588e-01 9.560285347829577951e-01 4.598004672559808381e-01 9.068623148802638090e-01 7.510893318029181476e-01 3.739467745808511268e-01
5.113871800420297653e-01 3.405084235963306005e-01 9.126642781791545478e-02 5.826239834450360755e-01 1.517042946770359724e-01 1.024633517627091317e+00 5.807577563923501662e-01 8.992241074798122957e-01 7.740305911209650613e-01 3.753992988646777107e-01
4.994807873697860723e-01 4.318289708385363856e-01 1.011239071741559525e-01 2.784605583136968709e-01 1.518982246298127836e-01 9.799313186938471976e-01 4.512178929303899411e-01 9.057868970675839737e-01 7.531355498945334626e-01 3.751192615800610919e-01
4.835201542987304646e-01 5.852220524795678225e-01 -3.754076118752716629e-02 3.478814692260323582e-01 1.221527252232974953e-01 3.081485645802750639e-01 5.142230042982913751e-01 7.547577553945246098e-01 7.553799102948385302e-01 1.887667986507532980e-01
4.901028666680778967e-01 4.516077024586744870e-01 9.331203068685325897e-02 2.888399150751841393e-01 1.519766988446197287e-01 9.847117770423735594e-01 4.716686502073353937e-01 9.057299245314308633e-01 7.506809918115453506e-01 3.729264231213765823e-01
4.979427200121360753e-01 4.773913384232198465e-01 1.008875402340241312e-01 3.117080977634523187e-01 1.516885508142320205e-01 9.872793050485834110e-01 4.508845878905797244e-01 9.057106171403980222e-01 7.528034950856603569e-01 3.755048417563179863e-01
4.892629104236893567e-01 3.787756422141563828e-01 1.011854522153953218e-01 3.147052778899422365e-01 1.580937975541838736e-01 9.939346927681185218e-01 4.516687078601087646e-01 9.055802105638749433e-01 7.523548035261630185e-01 3.756679158638424609e-01
4.993361424921955449e-01 4.337580161094187203e-01 1.011639487001149557e-01 2.550353045631627014e-01 1.516955462596340787e-01 9.818128170454175629e-01 4.513089398363478444e-01 9.056722685865116196e-01 7.522665181611446483e-01 3.749496219819521414e-01
5.050155624974111968e-01 4.230775415054722766e-01 -4.631402017455482634e-02 4.189487794832347234e-01 1.433568770917118540e-01 9.390139180387448992e-01 4.310556335583106691e-01 9.259619826650485885e-01 7.515578802651724510e-01 3.909057644281052624e-01
5.089738124808054209e-01 5.382618867630671877e-01 1.020795232619577109e-01 2.881243801676212635e-01 1.516451986611066505e-01 1.028614842649299144e+00 4.511930327768595150e-01 9.055307832804709856e-01 7.524292266999675904e-01 3.740984599214284279e-01
4.621709635660436466e-01 4.227637187355286486e-01 1.802795980846668422e-01 2.619356144451154278e-01 1.652801126095618245e-01 9.564649325156214799e-01 -3.908720516858290028e-01 9.396462554498689057e-01 7.278004091722711788e-01 3.749940815801091620e-01
4.994492918713318574e-01 1.161601713426966498e+00 1.011840544085383792e-01 1.919735559524417823e-01 1.518556677933660670e-01 9.856856472664058400e-01 4.506931033039754952e-01 9.057191869329409561e-01 7.492888275310933821e-01 3.749450868870862763e-01
4.996528811018947080e-01 4.497973604229819067e-01 1.011520288998169897e-01 2.446201065564808930e-01 1.708134018839315427e-01 9.969992773830361754e-01 4.509105812504338728e-01 9.054606958171415032e-01 7.524279610514508221e-01 3.749774940714863947e-01
5.117150432167579810e-01 4.288205837256747754e-01 1.091121266112381472e-01 3.174634082673056246e-01 6.220943384774948459e-01 6.817862769969293968e-01 4.466386506235633380e-01 9.062017315999378875e-01 7.530901822791782330e-01 3.679787769883764992e-01
4.993021375076078239e-01 4.279781802736543073e-01 1.011918542119989162e-01 3.016102035430380246e-01 1.517054565926064802e-01 9.833633056664473626e-01 4.508780603761123884e-01 9.057236731574603850e-01 7.524936125323912206e-01 3.749597575412388917e-01
5.627134282734813642e-01 4.296040580836051337e-01 1.185224970423114366e-01 2.512968729637790610e-01 1.398318072869831341e-01 9.128350915401193255e-01 4.651275835820314342e-01 9.058604611823267705e-01 7.585892221093198939e-01 3.749711677817861299e-01
4.994201788122818453e-01 4.299375565930895760e-01 1.011755672326176275e-01 2.833122694701867283e-01 1.504832560462873170e-01 9.821231044743101712e-01 4.504555407896781993e-01 9.056084589417502384e-01 7.524044182541699266e-01 3.748506033107131818e-01
4.988144069529468760e-01 4.339001734155347179e-01 1.004778032818716832e-01 1.856791064718109618e-01 1.514995276155372828e-01 9.834299864383793111e-01 4.482631164694759751e-01 9.055146915273042385e-01 7.485394861944579814e-01 3.746241493990524751e-01
4.973424694148199654e-01 4.211088222297452721e-01 1.012518679486708179e-01 3.351189319374889286e-01 1.518562589677548147e-01 9.848943379914264495e-01 4.511121424501111088e-01 9.057172925655043727e-01 7.524215929721150831e-01 3.749467519227328016e-01
4.986229184004478121e-01 4.827844359545497843e-01 1.040178021509023942e-01 3.217197386715732743e-01 1.531661959232545334e-01 1.003977245896847670e+00 4.165145097881712277e-01 9.040045838196210104e-01 7.539353878866460468e-01 3.742978052202594608e-01
4.993026086723799661e-01 4.988311539756521418e-01 5.643772243424911850e-02 2.853361350010250597e-01 1.532143488556581834e-01 9.787174521196186916e-01 4.582500338831314579e-01 9.070665740585200920e-01 7.496325412699199608e-01 3.751862830277621352e-01
4.416884228862341111e-01 5.491615945892891482e-01 8.822560029421351591e-02 3.474663963646577591e-01 1.713732782931651766e-01 9.829938725221009088e-01 4.409837212518659122e-01 9.097946952099558171e-01 7.533727021081989550e-01 3.790688204312296916e-01
5.505165091595574101e-01 2.335654191626563569e-01 1.136284503366131182e-01 2.408627824179022658e-01 1.501402029537376448e-01 9.449536344773824537e-01 4.502515782573545122e-01 8.486600228612527497e-01 7.923842954686239892e-01 5.555057611196660972e-01
6.829623255291958905e-01 2.996670410470884116e-01 -4.393975115775849982e-01 1.138609425961058241e-01 7.973660571969998223e-01 7.658885506683571487e-01 4.549919580612009073e-01 7.392171432996832436e-01 8.128530567032222764e-01 3.520982658374590124e-01
4.897340259670917573e-01 4.277769462245691878e-01 1.006678129063185573e-01 2.758845240443391633e-01 1.533245292392649284e-01 9.942906625583275426e-01 4.518451641757053605e-01 9.057315512048044193e-01 7.466474215955376525e-01 3.751847885268960736e-01
4.994120062245179792e-01 4.414041264640389817e-01 1.011492620109696039e-01 3.149892936906166230e-01 1.506395825181583992e-01 9.825025989129808623e-01 4.538620059321040734e-01 9.057115042502945634e-01 7.523736858108960313e-01 3.750679833101110972e-01
8.734418211882388761e-01 3.765372540378562061e-01 -1.612311337418292911e-02 4.038382363260225039e-01 1.303042330173600771e-01 6.956334373608193955e-01 4.430098320373850873e-01 9.147510310333962780e-01 6.869644135914336758e-01 3.742234797227357301e-01
4.861565168292090178e-01 5.217723056669363313e-01 1.012336487614825115e-01 3.241814044537679740e-01 1.519097445302088345e-01 1.002186322777849581e+00 4.507417309222384594e-01 9.054777980664214798e-01 7.507053248654314004e-01 3.748039550986842494e-01
5.023462859796533619e-01 4.263203149546880844e-01 1.072601933028583532e-01 2.915564712653021529e-01 1.505662261483639297e-01 1.026177762996651088e+00 4.426495608236084012e-01 9.045829098124474887e-01 7.551179718451961342e-01 3.749506709671505678e-01
4.835967561834473849e-01 4.320314169290846995e-01 1.020400309615304701e-01 3.555170142763941499e-01 1.363140297045690730e-01 9.854394420575218749e-01 4.539494369107665572e-01 9.055727622755609385e-01 7.527347837482052384e-01 3.792869805232894076e-01
5.009790076109881252e-01 4.966599275548226888e-01 1.014562898856323919e-01 2.953164946236447874e-01 1.526932565495759397e-01 8.925303856339437125e-01 4.482211769330106677e-01 9.055830109288518504e-01 7.521128713359356288e-01 3.771741250358465192e-01
4.683835759722560499e-01 4.283698176351448672e-01 1.012992284380359598e-01 2.931427313778519617e-01 1.526138521029604400e-01 9.948551430223528946e-01 4.462841996421992863e-01 9.068562582167729591e-01 7.520353219217560392e-01 3.737644251061689182e-01
4.940394732013490553e-01 4.235241791615521612e-01 9.963345046026471363e-02 3.005205990117225667e-01 1.521269607364293674e-01 9.829101855115272013e-01 4.519423485796520423e-01 9.051744520595421672e-01 7.535240415853124984e-01 3.741091591593379562e-01
5.000618102976697177e-01 4.514719605957398518e-01 1.010333120806839041e-01 5.059094205625834784e-01 1.511782765573281839e-01 9.899494391760234047e-01 4.515351909582340784e-01 9.049419265233862308e-01 7.594518142672554983e-01 3.746175356255708189e-01
5.045690426719185995e-01 3.075833389238221693e-01 5.630992342035784359e-01 2.504653598354218969e-01 5.436837805577820343e-02 7.879267743904659893e-01 4.861236239231411238e-01 1.130370069109895015e+00 7.565717706649384144e-01 3.726504090525268875e-01
5.000877298063666210e-01 4.388320422443244828e-01 1.011810265362657058e-01 4.294504402423205969e-01 1.515496799248495230e-01 9.798134131191140739e-01 4.518086793025214987e-01 9.055878403213961647e-01 7.523913432585896954e-01 3.748702624130905714e-01
4.869615101563070647e-01 3.639801489416518154e-01 1.009409924299239092e-01 5.967997504439113976e-02 1.523740241696872333e-01 9.838737360808293975e-01 4.517898196259844124e-01 9.058510278049778375e-01 7.526957901701019082e-01 3.752018191499836286e-01
5.015958032250922294e-01 1.718471121975284899e-01 9.636386163805499283e-02 3.212000768259956618e-01 3.888695232028007154e-01 1.016680696664582051e+00 4.559813085248897724e-01 8.051394826335969146e-01 7.705963641459475655e-01 2.513715257864433950e-01
4.994856324766643318e-01 4.262168466376780041e-01 1.024037796964317043e-01 2.435703617465378168e-01 1.490189826105960680e-01 9.826553277046674584e-01 4.492616798672205980e-01 9.055901809131549074e-01 7.524316403084153615e-01 3.749885024175229620e-01
4.723464123528708924e-01 4.216521071782610153e-01 1.755526526477617089e-01 1.690946640377565813e-01 1.566524153697289867e-01 9.794574100560448082e-01 4.813124527791818874e-01 8.753386027280225523e-01 7.524249405816003655e-01 3.656641382931458684e-01
4.510535600506963005e-01 6.313932955434395922e-01 1.150758329292166926e-01 2.631877223797903786e-01 1.539906816713576265e-01 9.929172646185924211e-01 4.719759921189220497e-01 9.106659904747776979e-01 7.519706113625496124e-01 3.907851083713188012e-01
4.901847343924058964e-01 4.295462139717692862e-01 1.023646192944281247e-01 4.228195630464143817e-01 1.464798503179104427e-01 9.855509916824866101e-01 4.460881982586354377e-01 9.058837287505390190e-01 7.600507248111824099e-01 3.760101962259905783e-01
4.994366812178712145e-01 6.240288517139290780e-01 1.009250367429689321e-01 2.072623057340558517e-01 1.549174476746774387e-01 1.100532628098198185e+00 4.511519467943628792e-01 9.055152646851274412e-01 7.625790894478170490e-01 3.787530018793145992e-01
5.042442844946831704e-01 2.511447150945214091e-01 1.295379949107977047e-01 3.155295773337668530e-01 2.173822355393019157e-01 8.710968726951059393e-01 5.079942255899574377e-01 9.016267974328373569e-01 7.208055810670929153e-01 3.739673591843507006e-01
4.758209606797945135e-01 4.321072127143162911e-01 1.007889858998913535e-01 2.438714219537111427e-01 1.508706811832337680e-01 9.903378764173262905e-01 4.481070708149882953e-01 9.062223203836895502e-01 7.507961957537028219e-01 3.751377100666243858e-01
5.337009918307202838e-01 4.131494024939952880e-01 1.013876569676119971e-01 2.815085200892406547e-01 1.505287374466858785e-01 9.632135473726368691e-01 4.544767821910386529e-01 9.061156419719651467e-01 7.525809411413491024e-01 3.649560956444373727e-01
4.977985868187058127e-01 4.043524648964503254e-01 1.010696536540977436e-01 3.125424289772045228e-01 1.500716650457052381e-01 9.850641042945572634e-01 4.514058925879473883e-01 9.056599939284635248e-01 7.576047024763510329e-01 3.755896950690149061e-01
4.610496814418103551e-01 4.574899351645524970e-01 1.015557481604893592e-01 2.898517345738205742e-01 1.540407141617870512e-01 9.840442592505210806e-01 4.512769590294540278e-01 9.073086220365891297e-01 7.538298713002409279e-01 3.749940636421916218e-01
3.163324100609622436e-01 3.700994908465342625e-01 9.641063976501876298e-02 2.836775771345320107e-01 2.391917045370123562e-01 9.468334325176678279e-01 4.792581044430684334e-01 8.635164026513808544e-01 7.517958490557276052e-01 4.033894848061538307e-01
5.027505339687167174e-01 4.258530307598565323e-01 1.015888386883430361e-01 3.541295888078841991e-01 1.515738115375191708e-01 9.831945084439452920e-01 4.526298233713546004e-01 9.056999372116091296e-01 7.525132740534512532e-01 3.735477980959430733e-01
4.991987684045241513e-01 4.283163689466262247e-01 1.015918128698668349e-01 2.760888756880265360e-01 1.515688843041038958e-01 9.834363335871936229e-01 4.509296852303292802e-01 9.059871893733483228e-01 7.517763456146394629e-01 3.736146553180821894e-01
4.060401131355161897e-01 3.564836317132862309e-01 1.356629416431926749e-01 3.242295255606488236e-01 2.984648997676704885e-01 1.072707894905839066e+00 4.657553880719312867e-01 8.988278717401076978e-01 8.169132586938236962e-01 3.825343360804431825e-01
4.507418005395016358e-01 -4.705867077147840583e-02 1.052527106718079974e-01 2.986683513087495245e-01 1.516249658279639756e-01 9.905625561913847799e-01 4.542588288644179295e-01 9.062611197849628208e-01 7.525582005093109927e-01 3.749785499394925337e-01
5.003061830453275904e-01 4.509031212292909929e-01 1.399333779680841661e-01 1.743753050792430925e-01 1.180979660785469593e-01 9.084147609666410883e-01 4.762167848432218298e-01 9.008099459783713847e-01 7.428559374647082381e-01 3.737651978922379992e-01
5.156903192928132817e-01 3.392012826110824553e-01 1.014705345511139195e-01 2.761176231162273953e-01 1.509938090475436145e-01 9.852672681906468055e-01 5.526667924383191766e-01 9.011545402434705254e-01 7.657286326097991758e-01 3.758417334502086593e-01
5.010854285153131249e-01 3.925429908230652631e-01 1.009364815279810562e-01 3.267850320238634421e-01 1.523613384766459578e-01 9.816115836614679457e-01 4.511952312345945959e-01 9.056753627430101927e-01 7.522231681572700834e-01 3.749582354376116422e-01
4.900474315711227935e-01 4.768457574380725594e-01 1.003534305944533273e-01 3.735069512660702529e-01 1.514923029584622494e-01 9.576560474512312293e-01 4.644262360059800976e-01 9.050364154082518597e-01 7.528458921037783913e-01 3.747985037952075160e-01
5.014385819104505426e-01 4.402654373966546908e-01 1.008929325421461798e-01 2.727541068597427176e-01 1.420273163446804932e-01 9.942025249653423380e-01 4.495668801406373372e-01 9.057143856554311645e-01 7.516294211963786553e-01 3.728894951215779296e-01
4.991326755183980723e-01 3.476516304108805411e-01 1.029514886908212412e-01 4.025953004910411970e-01 1.519105569679849721e-01 9.508055853554806536e-01 4.511587849862489508e-01 9.058179690975234344e-01 7.528879225842811662e-01 3.622472012664501029e-01
4.779918534515024131e-01 2.855573426348187449e-01 1.001624459537780176e-01 2.575328082885451897e-01 1.525619638873979556e-01 1.010756484986500281e+00 4.467421958828685646e-01 9.080474378903490296e-01 7.446879839674060975e-01 3.727172223549671259e-01
4.966938511054849181e-01 4.226994273445781047e-01 1.012971959052325205e-01 3.490984041357695356e-01 1.516585937441355114e-01 9.843952988210969979e-01 4.510929185364038752e-01 9.062503073215333327e-01 7.487350918049339166e-01 3.752210458458176134e-01
5.080164272591594088e-01 1.120926024848931668e+00 2.401883647774703812e-02 2.529050522054921424e-01 1.833379147295420009e-01 9.859561178133167125e-01 4.314490818088309032e-01 9.052696383390572699e-01 7.583405248636504448e-01 4.334737044277048312e-01
4.999675181529428802e-01 3.221537472490261234e-01 1.068713546909903916e-01 2.488616740561853669e-01 1.257940873698224493e-01 9.868140465549994911e-01 4.514178176843073320e-01 9.039378289977963998e-01 7.524797135455818520e-01 3.749502037434822022e-01
5.017271300147372326e-01 4.255994881449043921e-01 1.008604980151797392e-01 3.746389819436097279e-01 1.517437457045721361e-01 9.845386826569271221e-01 4.476571697065095390e-01 9.056103468247248545e-01 7.542849781430108758e-01 3.758580300414387509e-01
7.280660773041442990e-01 4.293085001499724052e-01 1.097891316762301950e-01 1.466576013902464726e-01 3.195086651196589744e-01 7.967995733126839175e-01 4.602748168938127216e-01 8.478385743380139061e-01 7.983957985635466992e-01 3.803389590379351315e-01
7.322514225603102833e-01 2.433322146660236995e-01 -6.288840688433078308e-02 2.328368816025231380e-01 4.790607403404617548e-01 4.293577967666961648e-01 4.695481280729544293e-01 9.207261317136111733e-01 3.671760084195548335e-01 4.242240043431702023e-01
5.091319642969723835e-01 3.635353101932282671e-01 1.006517920878933353e-01 2.789124411216467592e-01 1.590400247101391995e-01 9.834656848225582504e-01 4.521348692626607768e-01 9.056513567148100075e-01 7.517916248094629328e-01 3.753192404953747396e-01
4.494227449797481011e-01 3.973354134185954623e-01 1.040793416559707280e-01 1.719522741175235347e-01 1.568522240100763132e-01 9.934023620605082483e-01 4.516305902833927521e-01 9.055926500892134134e-01 7.528397414262402165e-01 3.746854022601441847e-01
4.474000593824063454e-01 4.603410262834651268e-01 1.826139204575151775e-01 4.204848578451977348e-01 1.766127614428285586e-01 9.999207422562862435e-01 6.472229297600660125e-01 9.069699954640897399e-01 7.686090671389465001e-01 4.531412263868721535e-01
4.995078769744512592e-01 4.341532991781340556e-01 1.008834146530239173e-01 3.391214216746153420e-01 1.516980580694018421e-01 9.803683406039849224e-01 4.472111728053612678e-01 9.057870524964332093e-01 7.525687789361261704e-01 3.748660359251479446e-01
4.996937259624548711e-01 4.252833147256169788e-01 1.058473400189336860e-01 2.423460501568210634e-01 1.517903707916284928e-01 9.806291636161766911e-01 4.271944159191538026e-01 9.122809100220458101e-01 7.576505168954312808e-01 3.731767429036875749e-01
4.994314099439447485e-01 5.231313165352000638e-01 9.396928224795357554e-02 1.073029411604705663e-01 1.533341583901733085e-01 9.899252140833467717e-01 4.472839614022813270e-01 8.983848286371703962e-01 7.262036749853775230e-01 3.722180157935802147e-01
2.065742197745421005e-02 4.643898747805572658e-01 8.240431714688403741e-02 3.297455563857657479e-01 1.714567715239981860e-01 9.240845190092190631e-01 5.555429050213491760e-01 9.039397414208720782e-01 8.129625689353706663e-01 3.612561283524112210e-01
4.884738498698035780e-01 4.315742214797639864e-01 1.011735324564306815e-01 2.772078953640704224e-01 1.514430879189498369e-01 9.835838546556524564e-01 4.515061300823666190e-01 9.057148370215326594e-01 7.521254057117141567e-01 3.749551011094517383e-01
5.116393970090514776e-01 2.533233712570538421e-01 1.009439146478074839e-01 2.666111786666789940e-01 1.553649218090277229e-01 9.856803107274352271e-01 4.533406333054172399e-01 9.057125423302913036e-01 7.527016492229928746e-01 3.750343424989639463e-01
4.986159228300614532e-01 4.347783790062830778e-01 1.009763384180146356e-01 6.074861392202593469e-02 1.620459726660938848e-01 9.820999985640972429e-01 4.537018346664648538e-01 9.047748507476306434e-01 7.571060290880875510e-01 3.764526972848896702e-01
4.961396372732607141e-01 4.306374285105414312e-01 1.012144072422515861e-01 2.984813478877801352e-01 1.501691201770276596e-01 9.834333077723027561e-01 4.519200262561566261e-01 9.058780929473602139e-01 7.439163203738934360e-01 3.750157141417824191e-01
4.646622935666373522e-01 4.388619638556522373e-01 1.017103309106885400e-01 1.809666753749106238e-01 1.505664325093497291e-01 9.852991828237496197e-01 4.318350424576867796e-01 9.068260975223221276e-01 7.520985438009862856e-01 3.847960134197201953e-01
5.053302437297553240e-01 1.626315592825038348e-01 9.977213743339101437e-02 3.310145657182914647e-01 1.513582382467944798e-01 9.935216343985057152e-01 4.512227696461089121e-01 9.056300164011626963e-01 7.545526802151992785e-01 3.750230979656258290e-01
4.982535781471626457e-01 4.320872042638669308e-01 1.027912686754395288e-01 2.396377435746326612e-01 1.550539601805251411e-01 9.886455745847503307e-01 3.754303562333902167e-01 8.922794859256564237e-01 7.443248836494598120e-01 3.900066628092349608e-01
5.121970127124362282e-01 4.074014196516266839e-01 1.025694166694276904e-01 4.036680468389394205e-01 1.473613223908822878e-01 1.029472172225336157e+00 4.606762834340623614e-01 9.085296157225696279e-01 7.528524334294837139e-01 3.749835725402020925e-01
3.183728773176677240e-01 2.379239757196038307e-01 4.324215703556716361e-02 1.895720173158205735e-01 1.508794616202609185e-01 1.012932543916899242e+00 8.601656921155217406e-01 9.271798356004401498e-01 7.954831403269677637e-01 3.758384436980639620e-01
4.812698372884495757e-01 4.353585295545404632e-01 1.013408782983755974e-01 2.810193263783869466e-01 1.515421836267640820e-01 9.877541923706395499e-01 4.499091933207647886e-01 9.057151345729212988e-01 7.508687829985422058e-01 3.744686767065973365e-01
5.100343868868285613e-01 4.241068660255736811e-01 1.010974062811812735e-01 3.273174980888922114e-01 1.513841776883138035e-01 9.862284618399015379e-01 4.511030773289165241e-01 9.092225205215165307e-01 7.483830367212477297e-01 3.749971429617301455e-01
4.983895096821980286e-01 4.620573761647515654e-01 1.019250995934892629e-01 2.811739361774873158e-01 1.527580781055303538e-01 9.838999588479604430e-01 4.508991926132269179e-01 9.057707605742345569e-01 7.521113735970746950e-01 3.769976311740700914e-01
6.399593641932810328e-01 3.973083402976733680e-01 4.900079352044849346e-01 3.338257669709632780e-01 1.028533144818027101e-01 9.815710368157333221e-01 5.387241204543862239e-01 9.173459215458650284e-01 7.303867782681505716e-01 3.410016682160377233e-01
4.250328689965602313e-01 4.440750427237995512e-01 1.672963604213958122e-01 2.755046016299481648e-01 3.412266717810134575e-01 9.525952821923584501e-01 3.946941391044215264e-01 9.017107832649473576e-01 7.652081981486900109e-01 3.518345878638818869e-01
5.030477637464059182e-01 7.463906177002928022e-01 1.012988035184178154e-01 3.831348604733116336e-01 1.517035477461509685e-01 9.871154945728466412e-01 4.509953633406089124e-01 9.062465953075796721e-01 7.523148754710714536e-01 3.750069828438954422e-01
5.080707352752261707e-01 2.965127566421950078e-01 9.532844939147505636e-02 4.489121231197890083e-01 1.410448392070847712e-01 1.044727874855141847e+00 4.681145768174825306e-01 8.787391816525084165e-01 7.766590291833418425e-01 4.175064320367594117e-01
4.964908227767196869e-01 4.659561374594375360e-01 1.007731378699586594e-01 2.442247713575884105e-01 1.531223106497171527e-01 9.261695557865932127e-01 4.351394505947677738e-01 9.047545236148910597e-01 7.546703715120304246e-01 3.951667063337779839e-01
4.850648158389771480e-01 2.164147372069227249e-01 1.172776393616175861e-01 1.672521040753265631e-01 1.390881431516624023e-01 8.782295646907700704e-01 1.210372577131182403e+00 8.960853145960748778e-01 8.041969973459758281e-01 3.943933496953683782e-01
2.978963571344060979e-01 3.032117044432157682e-01 1.067339522846820626e-01 4.427667732493976160e-01 1.811678212586575742e-01 7.997680967230965665e-01 4.780797045721577598e-01 9.049446364373785467e-01 8.423669936453713758e-01 4.014215490987035340e-01
