5.122698068094927448e-01 -1.154562360250363517e-01 6.801526129036139512e-01 3.504003119247076081e-01 1.480084880328767505e-01 8.319111883932989171e-01 4.410614892459312486e-01 8.983836261407339707e-01 7.730734944461533642e-01 3.738879786189047150e-01
4.999268005374244428e-01 1.270528087706499221e-01 1.005296274973801612e-01 2.793678407578218392e-01 1.519852603495910337e-01 9.845605465183696614e-01 4.518486058085319779e-01 9.057130828756677632e-01 7.521056731266489992e-01 3.748718597070935798e-01
4.960099752354871216e-01 6.779340928627766716e-02 1.010534664395570659e-01 3.065914245220079937e-01 1.525253492629300434e-01 9.861778504136770040e-01 4.525940053522362616e-01 9.055746473939757513e-01 7.511369164547513355e-01 3.759107937521412590e-01
5.218853754833305825e-01 1.387072791385410564e-01 1.591345607990518607e-01 2.898186522719958802e-01 1.769736531837840243e-01 8.412946316494330778e-01 4.518650979334864481e-01 8.726007975825924579e-01 7.539937793043349767e-01 3.733685995981586569e-01
4.607761128053337596e-01 1.335663551108238201e-01 1.012690614917498982e-01 2.085787850263149945e-01 1.952367430722434793e-01 9.930406448634995220e-01 4.309418948343045619e-01 9.058790522328862282e-01 7.481098025931953721e-01 3.642870153476982509e-01
5.041775061309127226e-01 2.406177591214178901e-01 1.009257685175721092e-01 2.854029864836623576e-01 1.435872776261936379e-01 9.428334227556139924e-01 4.728974704073986568e-01 9.034988136767937439e-01 7.475796283988281887e-01 3.866518812127593963e-01
5.023093800918028151e-01 3.326888862589049145e-01 9.927408760533462662e-02 2.890255224817148694e-01 1.713215657657939928e-01 9.843111652890137453e-01 5.035958336706208849e-01 9.056934040951871712e-01 7.589077813391795768e-01 3.739901072907854673e-01
5.008469282489610430e-01 6.224231430657439779e-02 1.011183852804382888e-01 2.226908437246714612e-01 1.534176852541479785e-01 9.891484876933512860e-01 4.542590420250079419e-01 9.049551088472643778e-01 7.534115216626218192e-01 3.748100522378913224e-01
4.997371777527584991e-01 -8.971535673736980021e-02 1.015051095884845767e-01 2.985015144934735631e-01 1.498975642456882307e-01 9.558025547017604540e-01 4.518309239958354651e-01 9.045793798524311979e-01 7.529221177131795173e-01 3.744023333518579633e-01
4.907519014556012138e-01 -4.325740374963421564e-02 1.070693830954257131e-01 3.438611688686349366e-01 1.520652997281237429e-01 9.592105941727139262e-01 5.550195465999162581e-01 9.149356985555678889e-01 6.575493504414190449e-01 3.760261812399051662e-01
5.003088669483899409e-01 9.053398187613426185e-02 1.011663464442815463e-01 3.006531488053508783e-01 1.521089078467822431e-01 9.802767603413050645e-01 4.511525532611497247e-01 9.057195300897181722e-01 7.538391491339005990e-01 3.749487615813748564e-01
4.334795224460590291e-01 4.295704690264314785e-01 -1.769089890627920658e-01 5.754491515424491055e-02 1.575164558237130419e-01 8.222022542972240444e-01 3.991806975577953942e-01 7.730888591982219005e-01 8.136923124833079779e-01 7.883904064519774435e-01
4.901016497032105179e-01 1.873104789339525289e-01 1.014413350259397023e-01 2.735092364626406369e-01 1.522139981907331685e-01 9.510660289667123291e-01 4.524157585010525340e-01 9.057112206426322087e-01 7.558381089435023403e-01 3.750539042338595364e-01
4.997789829910798676e-01 1.457267230387465917e-01 1.011901991082697905e-01 3.056571553558676824e-01 1.521177100474178645e-01 9.838706515218957893e-01 4.522600011840580692e-01 9.056343871140817292e-01 7.536288787519828114e-01 3.750009319693318743e-01
4.966123823235731871e-01 2.070971347352869307e-01 1.011776093177352981e-01 2.257036251363787327e-01 1.472109831910433375e-01 9.856885193967878100e-01 4.547309343125512382e-01 9.055489029926075961e-01 7.535537870927671023e-01 3.749666278570476519e-01
4.996982620604316083e-01 1.429381316753705056e-01 1.011800522486374782e-01 3.136750667822072458e-01 1.518651847201493155e-01 9.842389481363020831e-01 4.522289598503450581e-01 9.057089902868022957e-01 7.532250139934060229e-01 3.749443937296664253e-01
5.139893480173738372e-01 1.977349054773168968e-01 3.600378080919189872e-01 1.164895755633092167e-01 1.455445447268168824e-01 1.005037122160986396e+00 4.514534127961961629e-01 8.464099174046044727e-01 7.518957967405625054e-01 4.228480980388410471e-01
4.990152311739075586e-01 6.439315370166359687e-02 1.010676609555851840e-01 2.798473819980443200e-01 1.522253388682281716e-01 9.830771045912386485e-01 4.524295572212823080e-01 9.057377461565903065e-01 7.531504092188068267e-01 3.749525241379618179e-01
4.859040115326533904e-01 1.447588757985518448e-02 1.285735534791612178e-01 2.843638140364633804e-01 1.293933642330097611e-01 9.846312304522276682e-01 6.408042747347424406e-01 8.963288503873811930e-01 7.516011818917923692e-01 3.750345016518613628e-01
5.000097941160644988e-01 3.590670142531650344e-02 1.011904487613237424e-01 2.128558508139693217e-01 1.519097217782331422e-01 9.840363202373902940e-01 4.524342708216995690e-01 9.057095761406025458e-01 7.532898699244862106e-01 3.749436084668432145e-01
4.996400211926335100e-01 -1.189946410379371378e-01 1.011932940373865414e-01 2.701866010058018297e-01 1.530915248430001485e-01 9.843786167947566890e-01 4.516636535127610541e-01 9.057155853353487940e-01 7.534757273863972316e-01 3.748013028389401979e-01
4.966617992634931311e-01 1.088096612596040069e-03 1.164218231261635456e-01 2.207929445640742228e-01 4.799242702326295823e-02 9.577133423117933919e-01 4.454864926639983680e-01 9.079384683267276435e-01 7.538105769182432692e-01 3.599951103848813561e-01
4.996857824535091974e-01 1.752130816695377513e-01 1.011736203859703725e-01 3.011680190853214811e-01 1.519138580904923763e-01 9.842293395255243826e-01 4.525661662220117898e-01 9.056809497789278796e-01 7.533173196865969867e-01 3.749451671956963161e-01
4.733540865481087878e-01 9.884940702860176009e-02 1.046159238596824359e-01 2.439076721017866822e-01 1.552426802933188354e-01 9.834378923522737459e-01 4.516272586329355132e-01 9.057045718378923249e-01 7.541472303179937997e-01 3.749732686348351551e-01
4.983958535715651839e-01 3.440700598608045224e-01 1.012071372612668579e-01 2.557996669883286778e-01 1.522784739701196488e-01 9.860548925048374658e-01 4.501190600238621498e-01 9.056973601519828776e-01 7.529126405395195620e-01 3.746139073380286288e-01
4.999162034369566410e-01 1.863553915750587042e-01 1.010656319315658552e-01 2.532620733676357316e-01 1.522592238673378950e-01 9.846034652761669337e-01 4.539042734595710726e-01 9.055468482019252141e-01 7.542363424256651738e-01 3.751463738371491052e-01
5.023027058725028082e-01 3.047684484640213465e-01 1.009821700974195269e-01 3.795029328057252238e-01 1.520900204210195450e-01 9.852234376488031575e-01 4.508337852035655957e-01 9.057085605781369786e-01 7.553920971123160299e-01 3.748744875854197467e-01
4.997471032248675948e-01 1.639072434924485067e-01 1.008499273579083338e-01 2.274638513147905217e-01 1.531826210662711185e-01 9.801124689398152956e-01 4.514024215258358175e-01 9.056420969271110621e-01 7.396485743629298559e-01 3.739175545613144802e-01
4.956152757692905420e-01 2.742947558225430349e-01 9.640096341161095983e-02 2.856456703419497645e-01 1.520974145121991028e-01 9.823696426863927078e-01 4.456933158436520159e-01 9.051028262081156628e-01 7.576112254625529951e-01 3.752645416917512744e-01
4.649575128665339174e-01 -5.139005353677922328e-02 9.672118607198273987e-02 3.124816085665629850e-01 1.456981969576730818e-01 9.828105221644711786e-01 4.373900682254403538e-01 9.056517400250551075e-01 7.535623061435997583e-01 3.782892341470713848e-01
5.230317477735207943e-01 -8.620643093754256844e-03 1.205842087485152897e-01 -8.208168950344044146e-02 1.398204842129863179e-01 3.445079808757728346e-01 4.515222477832823711e-01 8.666984148348459982e-01 7.618571795032681448e-01 4.348023071937204831e-01
9.600703151334705199e-01 6.200094218117116474e-02 7.796921474730297286e-01 -1.149259821022150518e-01 1.820318098831447129e-01 4.822945038633084658e-01 4.553112840593974697e-01 7.629665557356029026e-01 8.212535697311620364e-01 4.387742823618202559e-01
5.000558398499926893e-01 2.831232936495632346e-01 1.012337487383847962e-01 2.685697567688319909e-01 1.541363532137944026e-01 9.841073656194613273e-01 4.501567869784828257e-01 9.057062129111378423e-01 7.520318426506299447e-01 3.749456893640990551e-01
4.998450561905246614e-01 3.317749242141723731e-01 1.011863686642616861e-01 2.694675466100906469e-01 1.517735806925711861e-01 9.843810406449191586e-01 4.527063178019213319e-01 9.057109840118281463e-01 7.531760184672308123e-01 3.749342019714090313e-01
4.714836826838164630e-01 1.552764508652645370e-01 1.471203309340892995e-01 2.874111802735445642e-01 1.755546231764886778e-01 7.777790657418249820e-01 2.239284972526707218e-01 8.954104245585234878e-01 8.052415259933876079e-01 3.765897164905509520e-01
5.057172934068352443e-01 3.182009950875782645e-01 1.012195135848657501e-01 2.680302051164275556e-01 1.521980446360809980e-01 9.869597007848024406e-01 4.516450704947936323e-01 9.061461119584554025e-01 7.546510631212675069e-01 3.750106144065020186e-01
4.994931674883027473e-01 6.920596014640427451e-02 1.010002959375797815e-01 2.864146447252797212e-01 1.520753583042084855e-01 9.876971833396068767e-01 4.522947066800415694e-01 9.057844817136488924e-01 7.541627696899275701e-01 3.749400032772161606e-01
5.027068554991798166e-01 -4.476742708771452861e-02 1.036035777227517357e-01 2.622320151560557089e-01 1.513538896381268484e-01 9.847721720203465035e-01 4.519003960969132372e-01 9.052443833140182416e-01 7.536611489928536356e-01 3.746152320498219446e-01
5.010748214292558567e-01 -6.358582627078268601e-02 1.012052677797765227e-01 2.720508962057720526e-01 1.521828501766820663e-01 1.005167143336909374e+00 4.369662142174525199e-01 9.052199330491242923e-01 7.527529253542295518e-01 3.740574544115577993e-01
5.296217955358430984e-01 -3.434454668413666756e-02 1.010090431384109283e-01 2.660426512738401916e-01 1.540360059556294681e-01 9.851960196668568814e-01 4.413845267739404665e-01 9.048056216349943393e-01 7.512362365668833197e-01 3.744778391799443162e-01
4.786960519918379564e-01 2.447524186301033577e-01 9.623812782710244873e-02 2.809445363549099017e-01 1.530869299416756091e-01 9.795106743646546654e-01 4.522308050740673768e-01 9.057952052136185594e-01 7.540730514978577492e-01 3.749053042152182824e-01
4.997458765171038375e-01 3.563162703521635111e-01 1.004417271343622658e-01 2.766284741582428208e-01 1.527108699826378035e-01 9.845244398521881823e-01 4.520512366029226792e-01 9.058064978289258606e-01 7.529703880060714116e-01 3.751934275400858887e-01
5.043829328612872143e-01 -5.833621125469223845e-02 7.142451442032650144e-01 2.529163993489422779e-01 1.179347115252236816e-01 1.140908528809563061e+00 4.633023180732635526e-01 1.000850942315317127e+00 7.531652170890402731e-01 3.847372560030177802e-01
5.002793587153110400e-01 2.179720194039372339e-02 1.010402930511831998e-01 1.407900667077594536e-01 1.524742437037673037e-01 9.818197417840065500e-01 4.522052561431400552e-01 9.049444058799519519e-01 7.531094175096947341e-01 3.750437309418425125e-01
4.900720928985655145e-01 5.715058481088314268e-02 1.009552706186823412e-01 2.737513900448872439e-01 1.528746476385338393e-01 9.849972368170524240e-01 4.526107597262487015e-01 9.051172785990139191e-01 7.543109252976473167e-01 3.752040897126682206e-01
5.009545814405498287e-01 1.150544264044579545e-01 9.358593060248605877e-02 3.303118554248342109e-01 4.229183391956106153e-01 8.669892384919325456e-01 4.450084011381734705e-01 8.757282685296230440e-01 7.633687609584297595e-01 3.026621903226387467e-01
4.997536769240931709e-01 3.651570027000765606e-01 1.010851743402324115e-01 2.816434902463631484e-01 1.527090620713868752e-01 9.843821519300606226e-01 4.511484526391592587e-01 9.054806803378198099e-01 7.535089828084554631e-01 3.749759953848292304e-01
4.750579960045775985e-01 1.799074177813394237e-01 1.403759553112283176e-01 2.215270855224915070e-01 1.525351820576728579e-01 9.817727525233677088e-01 5.186147663466130764e-01 8.878561755619504003e-01 7.686870790591961988e-01 3.865203703481063791e-01
4.841855445840244077e-01 4.401023750446803051e-02 9.720810482561005605e-02 2.508354046161075934e-01 1.482143061574446863e-01 9.252190654221191801e-01 4.561543070637423258e-01 9.060680660711416534e-01 7.545318071045176156e-01 3.745660102348621900e-01
4.998794088791487233e-01 4.882320097714173968e-02 1.012781560131090358e-01 3.928298044431949854e-01 1.515371842248718626e-01 9.844454364145235337e-01 4.518392919435822441e-01 9.057477417882260351e-01 7.547000922458609873e-01 3.750403872946505568e-01
5.013992890289103999e-01 2.385432931926258493e-01 1.013819226037323135e-01 2.402924053917687708e-01 1.548575735584316604e-01 9.030329127283912571e-01 4.517930806676052069e-01 9.058546251347727729e-01 7.556364225525347145e-01 3.743039014341361659e-01
4.923717136113301973e-01 -3.846983780606844094e-02 1.544476910996526176e-01 2.741921220511715496e-01 1.467920419949947097e-01 1.008561162194459460e+00 5.325172587927335943e-01 9.057812475455475631e-01 7.592832741028724408e-01 3.762235131559850676e-01
4.870443383429349793e-01 2.765308688889667188e-01 1.015691945133580520e-01 3.393296689561076107e-01 1.518676986608417934e-01 9.846990551345683462e-01 4.516387875485593506e-01 9.060919964726785736e-01 7.539666991015324671e-01 3.749246540636403946e-01
4.978229440287433305e-01 3.724546323334410047e-02 1.012089821058332340e-01 2.914159648184088125e-01 1.585299442174001039e-01 9.866508056366972701e-01 4.599063068418255962e-01 9.058933847297987452e-01 7.530952492695801581e-01 3.682520183967264438e-01
4.944644869731961712e-01 3.307557617102835357e-01 1.011830405021303253e-01 2.855141745646056495e-01 1.467175046190646592e-01 9.842556007296214826e-01 4.483865378856785044e-01 9.056626602118633684e-01 7.534243553587230968e-01 3.754161961265742864e-01
5.018306182513923019e-01 1.188297125191837555e-01 9.883183843738091445e-02 2.896404254709773474e-01 1.533286306909112662e-01 9.848461476023596672e-01 4.516389748926392667e-01 9.058593327221031721e-01 7.537778115354586417e-01 3.748194126247614277e-01
8.655731588332682414e-02 9.333229530008875507e-02 9.140003073045263604e-02 3.563566103811892649e-01 2.758992987410892050e-01 1.154979560779312298e+00 6.469130699653796723e-01 9.122547029256803386e-01 7.559562405097211002e-01 3.893557943808874100e-01
4.986899503428294800e-01 1.560119919825259105e-02 1.011039265595726211e-01 2.904627457958442460e-01 1.522644478744541452e-01 9.828448326804075652e-01 4.519680162023461123e-01 9.057031377326196786e-01 7.545421487353626278e-01 3.754152688795813764e-01
4.991073656029618721e-01 -5.626958756888714164e-02 1.011643488188972845e-01 2.742787873687399514e-01 1.511928651213197139e-01 9.853382412694222658e-01 4.505830174713945646e-01 9.058649103913348766e-01 7.534254826460864418e-01 3.740980053440888242e-01
4.670145885991387469e-01 2.309648042366533316e-01 1.190366202093232212e-01 2.546341840014965663e-01 1.337234636601738469e-01 9.896511744941673960e-01 4.442711934852308642e-01 9.070475154847906785e-01 7.480411532081699955e-01 3.744487575040904015e-01
4.703666237947815021e-01 4.502596802200566906e-01 1.018525567405586946e-01 2.965662758082812100e-01 1.519374438799881433e-01 9.838069473602111259e-01 4.516787494751272058e-01 9.058323365668886629e-01 7.535451180120436021e-01 3.749220847658371047e-01
4.991284624058395791e-01 -9.878697980939085688e-02 1.416212522840510635e-01 3.330757488577615888e-01 1.609674586766718374e-01 9.506976211035823576e-01 4.655807284061201923e-01 8.974174605900522295e-01 7.543335053274153879e-01 3.747567971125518871e-01
5.351862129606488327e-01 1.660517463947575600e-01 1.017134038252349298e-01 2.727835709896553329e-01 1.525202805486118030e-01 9.863289945047604146e-01 5.085523813392711645e-01 9.127529332730898171e-01 7.592999516623142320e-01 3.733417706196013874e-01
5.005113313002800268e-01 -4.339641809595584654e-02 1.011843018311359976e-01 2.863281877800152864e-01 1.525758705835347229e-01 9.832874094381781616e-01 4.526050274332022449e-01 9.056956945879109933e-01 7.545912521433221221e-01 3.749618122821072319e-01
4.953774354478606146e-01 7.158663888297966960e-02 1.015125946389607292e-01 3.023818998324631635e-01 1.525628500467360871e-01 9.835171649380139991e-01 4.445592445800016779e-01 9.057420782640445145e-01 7.528051185991785355e-01 3.749373602983032128e-01
4.995627425938642951e-01 6.895718583882826103e-03 1.016365183353558493e-01 3.050227815422673627e-01 1.510514511676600835e-01 9.878656147659103937e-01 4.549495791931705835e-01 9.057033109708692020e-01 7.537864269446146182e-01 3.747486812734245332e-01
4.989012626651758153e-01 1.540646172495173383e-02 1.010279393327911529e-01 5.480390720175568608e-01 1.535636247200974358e-01 1.002698491349762078e+00 4.515988970215346621e-01 9.056703095221810829e-01 7.341040027394093448e-01 3.900968655117568740e-01
5.153619801423762192e-01 -2.815250207838233543e-01 1.004184260486347402e-01 2.455746914996113084e-01 1.519441836755138497e-01 9.620266534772868861e-01 4.369851582930855960e-01 9.041417730669533137e-01 7.553263697309517966e-01 3.626120897158608969e-01
5.036679866130306937e-01 2.929895124309696008e-01 1.011160870521201349e-01 3.091013805741256726e-01 1.523003519150186447e-01 9.845427714703984812e-01 4.518281541241506716e-01 9.057109375536275264e-01 7.535292796008670191e-01 3.748208715026030702e-01
5.076635033186922552e-01 3.728907813058801590e-02 5.122495373991590994e-02 2.909780938084651214e-01 2.798307997535480762e-01 1.005845470696658417e+00 4.601035393375648153e-01 9.058361877992412436e-01 7.550178871568401506e-01 3.760936800992008000e-01
4.997324436667819891e-01 3.592157293931586559e-01 1.009827252447535184e-01 2.708782347871420693e-01 1.525588987317571810e-01 9.850993533887639764e-01 4.518247326285603216e-01 9.060151188262516309e-01 7.534640255197213587e-01 3.749290815588015024e-01
5.010188972707193544e-01 2.229756776304359644e-01 1.011500604232899447e-01 2.712463065065784940e-01 1.522012416456078598e-01 9.846518876960429489e-01 4.524527574671634578e-01 9.056964565283788238e-01 7.545323645533763557e-01 3.744673699788033661e-01
4.883159420924653715e-01 7.962651513255955549e-02 1.064459989443595767e-01 1.300768077783829302e-01 1.162298764665337519e-01 1.042357240717472155e+00 6.436616191487508631e-01 7.346687361449719678e-01 7.819714774659632939e-01 3.776098868910115480e-01
6.419917039229836586e-01 -8.656517036775163154e-02 2.295538084558789160e-01 1.965526897838618947e-01 1.680580837781036341e-01 7.779350276675677245e-01 1.618449279574416810e-01 6.927490085964965738e-01 8.315487427070999971e-01 6.190536235995452996e-01
5.015302858331883717e-01 -1.324021403811520281e-01 1.016917065751905408e-01 3.143511037701474664e-01 1.478283997061758948e-01 9.840145920740147600e-01 4.507309052490694468e-01 9.057044621177927635e-01 7.551274580275173509e-01 3.755175453401071728e-01
4.961139931874721243e-01 6.721198899600967780e-02 1.049676419035276836e-01 5.474243643561780281e-01 1.582138496357009538e-01 9.880482445719791507e-01 4.471239963314930788e-01 9.057480803385232759e-01 7.551949879413524247e-01 3.744818864924843727e-01
5.127940309452228007e-01 2.781089993635757485e-01 6.676493373786854257e-02 2.063871885682905805e-01 1.487014707447196771e-01 8.744535634694461379e-01 5.233679293212594175e-01 9.052773835506139344e-01 8.161976526179804958e-01 3.630228761959377048e-01
4.997359404286360052e-01 3.046064989902343978e-01 1.011021187743086081e-01 2.866279686868415388e-01 1.522369173360812733e-01 9.851002983884221686e-01 4.489155587211319243e-01 9.057215304167952619e-01 7.515197273129436972e-01 3.749250281461213863e-01
4.994034200766908072e-01 9.996256096140587744e-02 9.864395605811902834e-02 3.656169774944636464e-01 1.153876065258107042e-01 9.847181293132228896e-01 4.348915016799113076e-01 9.070158411421314071e-01 7.613821820883448499e-01 3.753714770832449754e-01
5.000877688504916652e-01 -9.262066518959152783e-02 1.012117717935781674e-01 2.884578200670798731e-01 1.521888818177301872e-01 9.842739935170171650e-01 4.523145520837210110e-01 9.053803844266553602e-01 7.519150858971628271e-01 3.752704719630711172e-01
3.222481430543406300e-01 6.651350121154511741e-02 1.633231987151720355e-01 4.652356707297437555e-01 1.979439447935371632e-01 9.768289749976867276e-01 6.945889335277894983e-01 9.049108065741986451e-01 7.373480267023923007e-01 3.744369905543400989e-01
4.954484327122221643e-01 2.375951668765931557e-01 1.011830568992774793e-01 2.716177024274499807e-01 1.524143069720560739e-01 9.840119660288201286e-01 4.504355231540499438e-01 9.057087943513839612e-01 7.528534131207199609e-01 3.749281188789698183e-01
4.932615949738992644e-01 6.857520732263487628e-02 1.012244506046251075e-01 2.574793389176708303e-01 1.540918072012531781e-01 9.846319148118580777e-01 4.522495706336011612e-01 9.057361911364958384e-01 7.532723192859772654e-01 3.748588333805406569e-01
4.997152479893062216e-01 1.785975532723921289e-01 1.012298374215453850e-01 2.656907924691572220e-01 1.508453644750501199e-01 9.820390442102981954e-01 4.533004358579351134e-01 9.067011359640363422e-01 7.508470590761148200e-01 3.762452172837951192e-01
4.788921408371326072e-01 1.851100572315356185e-01 1.012071214847514167e-01 3.174412045785057201e-01 1.516665783153892666e-01 9.846647034147043565e-01 4.527326057682583005e-01 9.056663586741511285e-01 7.547256072555819095e-01 3.748539464511179142e-01
4.905318516612986457e-01 3.177246550257382118e-01 1.014192811456702120e-01 1.593128869783723423e-01 1.531637800172866160e-01 9.972395789950850853e-01 4.575323485069229812e-01 9.059760181492731990e-01 7.504214256690338036e-01 3.731172588697774239e-01
4.783780166040019211e-01 4.251056477860936655e-01 1.017871510586543515e-01 2.910991413372787107e-01 1.514513043585100638e-01 9.814217599662747871e-01 4.524461804744916438e-01 9.053161538302222366e-01 7.533580121766361160e-01 3.749619782117962208e-01
5.000775310274693242e-01 2.280033195459015005e-01 1.017146118358193269e-01 2.922189503023250867e-01 1.523620548308087241e-01 9.848443777289865864e-01 4.541600398173284980e-01 9.054556438198404500e-01 7.490599768434050842e-01 3.762343378134341831e-01
5.094466113041044020e-01 -6.740132953399685656e-02 1.009923511426120135e-01 7.884908257451226365e-01 1.491687339730389250e-01 9.693916219134921519e-01 4.448701754876011605e-01 9.093751410531597523e-01 7.539291690590766981e-01 3.749118367202784463e-01
5.444072526656552613e-01 1.589479904585529568e-01 9.133333066062716832e-02 4.618003601501246003e-01 1.485498647606795231e-01 7.530980544961972667e-01 5.190705323755934186e-01 9.048178775248200134e-01 7.782571522900463279e-01 3.785849807649023235e-01
4.798750048538090729e-01 1.601900565142094779e-01 1.012429181452739330e-01 2.731006345813454805e-01 1.515856804574912120e-01 9.843014891601045147e-01 4.510697291599707892e-01 9.058721209832146792e-01 7.538680158082756710e-01 3.747368746912223547e-01
5.001347954852954913e-01 2.245831963103483986e-01 1.011181919925240869e-01 2.117435598938109398e-01 1.513682001675109301e-01 9.863992355390363009e-01 4.525353147199093207e-01 9.053562381709514550e-01 7.531931800106100861e-01 3.749237158546279702e-01
4.991167575620701347e-01 4.526201307955557418e-04 1.012065709348964893e-01 2.804818429600401952e-01 1.522350588844613717e-01 9.837479415167618146e-01 4.501636003527312857e-01 9.057112567173587481e-01 7.518693456228487948e-01 3.794523499364908514e-01
1.183285843945725890e+00 3.315985838761992266e-02 7.016845717749510547e-02 3.486143075094039756e-01 1.367920039111702735e-01 9.816747183920256914e-01 1.740744292649443192e-01 9.095154587575299265e-01 7.488468265339832675e-01 2.679199250173470159e-01
4.513133940708963232e-01 -9.612563461373194174e-02 7.162814754436042097e-02 2.406528275559521313e-01 1.160486419780717982e-01 9.522056253370776435e-01 4.986979579487156866e-01 9.088257550715820310e-01 7.522128014588418399e-01 3.769028463394073492e-01
5.041035812513993131e-01 7.483594853725900053e-02 1.012422307145071365e-01 3.482812879081612079e-01 1.520340214622917518e-01 9.513303840094393671e-01 4.509563226206180220e-01 9.059417479692155606e-01 7.533470683040028870e-01 3.750549836637770973e-01
5.622019693818917085e-01 -1.291536333417487303e-01 9.215090355120510168e-02 8.180389695434879815e-01 1.653143343875849158e-01 9.992968070073871001e-01 4.874875126776996304e-01 8.934880083992212674e-01 7.542265283913931473e-01 3.130574670814674221e-01
4.717474105797692663e-01 3.392698325689803007e-01 1.012647740111524974e-01 3.169398597176090737e-01 1.510002653834255082e-01 9.850402674301407258e-01 4.502006190829054288e-01 9.057401584703976827e-01 7.519970799640468551e-01 3.729044776034789455e-01
4.560123806883147335e-01 1.937121436876954317e-01 9.014597628379064642e-02 4.788958544877651158e-01 1.395355036590186781e-01 9.412298878898321952e-01 1.086470068522871202e-01 9.160166457568358345e-01 7.874865282878756867e-01 3.287795353352210292e-01
3.720400821374161837e-01 1.578014730024959733e-02 1.020699987564796934e-01 3.408337943877787213e-01 1.676114643384923331e-01 7.838703750361832867e-01 5.419950815578643555e-01 9.072151403157506788e-01 8.229012154833020842e-01 3.583627913165161605e-01
