7.694615342304951255e-01 2.282046831824673383e-01 2.578598810393082919e-01 4.672485855675430066e-01 3.314431552599171882e-01 7.577285382172902484e-01 5.247271828284493234e-01 9.688740233080739284e-01 4.953849251322835490e-01 3.615109842854766775e-01
3.479483543693722147e-01 1.670408720673188241e-01 3.397966701688379110e-02 4.416874962978946662e-01 8.243950507808041062e-01 7.104611892696948150e-01 5.046566527972329297e-01 9.179772557222164453e-01 7.735129511234271060e-01 4.840125956839708143e-01
2.766448588471390746e-01 2.412242592498927141e-01 6.166929470976874050e-01 6.084131005157360494e-01 2.903167738148872967e-01 6.734460397381792918e-01 5.872401941304491446e-01 9.801652972141189357e-01 7.642369541867991556e-01 3.412600674702210846e-01
8.985506103911097275e-01 3.921419113939056400e-01 2.156500059220101129e-01 4.260079840593802847e-01 3.230937197596088772e-01 7.334700079109557347e-01 3.982517105099613319e-01 9.931094343721220685e-01 8.097863077514253494e-01 1.214762032068464892e-01
7.065920638101073070e-01 2.445908835208565058e-01 8.977007559029834827e-01 4.002614481356314702e-01 5.633815854037411697e-01 5.971601254084453192e-01 6.745822746234936274e-01 9.418303146254235481e-01 3.428864703515973611e-01 3.739264109430113781e-01
9.710289942257179785e-01 9.688294679936374498e-01 2.174831971562237731e-01 9.460274000203326983e-01 6.489338888382224502e-01 5.918549148116796221e-01 4.454300756657739724e-01 1.651597076367081751e-01 8.002132932469216975e-01 3.848744709204934278e-01
8.580324028793469004e-01 3.917488514574548608e-01 7.647407937566205738e-02 5.735090264617552780e-01 3.721264224417767386e-01 7.903721474188877272e-01 6.457639673366637467e-01 9.602884810604714882e-01 8.232217313254509561e-01 4.420006656817757063e-01
8.827203357054633770e-01 3.488152570948007125e-01 9.583739253562678639e-02 5.798026726474435621e-01 2.229243039009120020e-01 7.727181728970349273e-01 6.482978684839688643e-01 9.970439393243105686e-01 8.600168790120837903e-01 3.281268061662463986e-01
8.333453124389964550e-01 5.316723380389611897e-01 1.634013872024867309e-01 5.360034070315755628e-01 3.704487045773205978e-01 8.493957439886000715e-01 6.072901467087127303e-01 9.347240847639628480e-01 7.179561542057840695e-01 5.109019213145395977e-01
9.281999281829138582e-01 3.329912384075903731e-01 1.390854642854582879e-01 5.272601311757827425e-01 1.704615277632812731e-01 7.604577203543855246e-01 5.108771039590813690e-01 9.901350777604482900e-01 8.498002955787952173e-01 4.077456317126996188e-01
2.201350251441643868e-01 9.438620102874322182e-01 8.647548688032267172e-01 5.530729544278528698e-01 7.570992102641266319e-01 5.995583922450375969e-01 3.540548040301018107e-01 8.633438704167145650e-01 3.915523281254934540e-01 7.907344399375230148e-01
9.725199316416310857e-01 3.057349209525344613e-01 5.069628895457222173e-01 6.613686797107884985e-01 2.686777202277962906e-01 2.249980592342198937e-02 5.202964474900902969e-01 9.336167498615021154e-01 7.895065113077603947e-01 5.969951798661154996e-01
8.533425849504348015e-01 2.001789275741450158e-01 1.317196657314841646e-01 4.039332234207149708e-01 1.740275295679750700e-01 7.615000372946657548e-01 4.676350511242420849e-01 9.709747413677382033e-01 8.523169003775600272e-01 3.578888771479061814e-01
9.073200708676572024e-01 2.334422919803116336e-01 1.729192062571867639e-01 6.128273596249171895e-01 3.184864113150857601e-01 4.534109503688468767e-01 6.070656145573816165e-01 9.292272387526555599e-01 7.700834868084693863e-01 4.192469461342043235e-01
6.698347313749006826e-01 4.575180551235949467e-01 1.002107257516826611e-02 3.614774862483807194e-01 7.084922992937413566e-01 6.024300337842500852e-01 4.856356465984993376e-01 7.377655916701899574e-01 8.786440408895310750e-01 1.456640052582460210e-01
8.803239562363733839e-01 3.155629684162647441e-01 1.296333288053899691e-01 4.575318773580062115e-01 2.881671432063855343e-01 6.471151633946924386e-01 5.930859525530952636e-01 4.935125682667615976e-01 8.313585551774932414e-01 7.129660455502691008e-01
9.375051556623509308e-01 3.742941031909721716e-01 7.738043037181403516e-01 3.805720960426390298e-01 1.996287946154720327e-01 5.573481438096962171e-01 6.171543591836261555e-01 8.588531862046995258e-01 5.921076665735079958e-01 6.887945923108061974e-01
7.600818535044603363e-01 5.890226182752499318e-01 3.109403337304957882e-01 2.833741398863934835e-01 1.953542594823648448e-01 7.769898490458163609e-01 5.596584628898864100e-01 9.524736701000846573e-01 7.678441150522644643e-01 3.681043482925441257e-01
6.714247388957406137e-01 3.189448771609746380e-01 1.792699202446282336e-01 3.153833375506057690e-01 3.373441343663245995e-01 7.101068202081020075e-01 5.772958410138081531e-01 5.912942387298615321e-01 9.828199054234665333e-01 1.496505585808076966e-01
6.768849904393975381e-01 6.682714580590269904e-01 2.847017074299186268e-01 5.640007727420697226e-01 2.389475977246676708e-01 1.385557359082600914e-01 5.448426776091889190e-01 9.442656383328995595e-01 5.821960083168877809e-01 3.084488158402151070e-01
6.927833115295626287e-01 2.485344772233522015e-01 1.639693462894456222e-01 4.668453045569516124e-01 1.580734259556217935e-01 7.800477242212244811e-01 4.943616046190976165e-01 9.077248470160721450e-01 8.292931705920936203e-01 4.598412521672115005e-01
7.332847930353203481e-01 1.984645913462430578e-01 8.667854389389064718e-01 3.488126999925328375e-01 7.479779172308566038e-01 9.272844253567288364e-01 3.727324071083175649e-01 1.599639961001642074e-01 7.760093314254348229e-01 7.059470982395221750e-01
1.281155446180904933e-01 3.249524700237411690e-01 1.551382901786744761e-01 4.423902918025547915e-01 2.063259170814251975e-01 7.442382287811108998e-01 5.893711482374477395e-01 9.515154690925238246e-01 8.481657601899388332e-01 3.664218834660186719e-01
1.714621204594324322e-02 1.577382045520492326e-01 8.890159714144284520e-01 8.021102916039746233e-01 3.346818607615547059e-01 4.266549022666944468e-01 4.621467022978690276e-01 9.775361819535280938e-01 8.352448955619349302e-01 3.112928983506485503e-01
8.744168194663107796e-01 3.126972413048889066e-01 6.897998947591524321e-02 3.495855681967194317e-01 2.805126927663326164e-01 7.729827543585758853e-01 5.565270599854568179e-01 9.698714267580266224e-01 7.725716365520619577e-01 2.958663014573802430e-01
9.379419516476009688e-01 1.908571294240267446e-01 2.735781066693291907e-01 4.536686593817718105e-01 2.036879868424537332e-01 8.530297862220698191e-01 5.691930480291483851e-01 9.982711232783176847e-01 7.742593031434729101e-01 3.953583097849991401e-01
7.148019483343941438e-01 2.981914793933080898e-01 1.783294446241718845e-01 7.681053374167182701e-01 1.188161882050458584e-01 8.552251036718336863e-01 7.811087238708911418e-01 9.589461525815914378e-01 8.527984017725902532e-01 3.479442902269951898e-01
9.124823414306970637e-01 4.109787213748606338e-01 2.690758499002571247e-02 3.863192149490104477e-01 4.803494559369342332e-01 7.924143812917354701e-01 5.775212374158300577e-01 9.632819456070508268e-01 5.141366433457611462e-01 5.312515591988301589e-01
4.779231711703372243e-01 1.581392108555762510e-01 4.220618152265421807e-01 9.652011944526084353e-01 1.882365522353790510e-02 6.855775851886367622e-01 4.122064801858040806e-01 7.418432420950353823e-01 8.721857562263249930e-01 9.282042359940773091e-01
8.716850915940503874e-01 3.582264189592018200e-01 1.438628360607290824e-01 4.354773829177470135e-01 2.491240439400621010e-01 7.502413555534297451e-01 5.728180282310505467e-01 8.975965316877485556e-01 8.603411993576913774e-01 4.767934921164836970e-01
5.513417452236820671e-01 1.772637473680981346e-01 9.696969427488200122e-01 7.358782304943434216e-02 4.665644601546792281e-01 2.375969158956776628e-01 6.224069633036298788e-01 2.392534527234513320e-02 9.902100493645528134e-01 1.994028265517441278e-01
9.989990200596500225e-01 2.710243734739143928e-01 7.820039450776479217e-01 2.822652906343724455e-01 8.633298592343450206e-01 2.295789242227884719e-01 1.631391724047797087e-01 6.417971819688507162e-01 3.592582336877182536e-01 5.638334905549735598e-01
1.536860322101987752e-01 6.435467869808950692e-01 1.376977730142206480e-01 5.531517940780104059e-01 3.014979310740611984e-01 8.780525365064090204e-01 7.614365048941662550e-01 8.586302790031884458e-01 2.073074401199539174e-01 8.588006118265866240e-01
8.788085360086416165e-01 3.157652297979964828e-01 1.868362440072231512e-01 3.699324017352324523e-01 3.063886027260112610e-01 7.618645578691295439e-01 5.455678309280223015e-01 9.234702503019143194e-01 8.547915261603965531e-01 4.237940496693405890e-01
9.075525087364477717e-01 3.237264248468711969e-01 1.424686985277451579e-01 4.265934262296345314e-01 5.819764980711041868e-01 9.049381738487737303e-01 6.157927756811920617e-01 8.674377517332947374e-01 9.766199253069069997e-01 3.968654611233086160e-01
5.648739420167977476e-01 6.192300147658159615e-01 1.898842766999347953e-01 4.942758219724023294e-01 3.498348369922620327e-01 3.007609504149235669e-01 3.818015211923553864e-01 9.221601770270246856e-01 4.177456999305028118e-01 2.954798732603851064e-01
5.459234061028156448e-01 4.942361049878474244e-01 2.579447757023818621e-02 3.396809195707817253e-01 6.268490897544478635e-01 7.001655735084393317e-01 6.041261711023777625e-01 9.361520236178529908e-01 6.764457253541866777e-02 6.758055268641128821e-01
7.985825569528288703e-01 5.895240892025559454e-01 1.134469305509110404e-01 3.679571685664219105e-01 5.942811765438500426e-01 6.436006740629940381e-01 4.953188108959242775e-01 9.668141703617491034e-01 6.754404566499384588e-01 1.849834592993311877e-01
1.726516248594872627e-01 6.665313565717042588e-01 6.865055610249172213e-01 2.511592366427811696e-01 8.155540342365450446e-01 6.893113878740164679e-02 9.543447393578764482e-01 2.168049407290820740e-01 8.727410604011920370e-02 6.653472321279232382e-01
8.837403778359254058e-01 3.017295109159888744e-01 8.066224286337646265e-02 5.306173334937851482e-01 2.242539044151966310e-01 2.966456144945892603e-01 5.229747710232212077e-01 2.869054721469878055e-01 9.967399235301253047e-01 3.366111681873191208e-01
9.000394448699680083e-01 9.893802656335088930e-01 7.802952536555929353e-01 9.198859713324463172e-01 6.300474702979519392e-01 1.286310144977598213e-01 3.736191648443383251e-01 9.863913547827745099e-01 4.533113190648952462e-01 6.339903648957997406e-01
8.906149238812807178e-01 2.226433854361977716e-01 1.431708061106649332e-01 7.213731131254549345e-01 1.678350321914047760e-01 6.320168102621211981e-01 4.850418312098869755e-01 9.515914343646663109e-01 4.977943747469660840e-01 2.540050917517289175e-01
7.601874156241608116e-01 2.866536805142063105e-01 7.298171567047220809e-03 8.426921441134594959e-01 4.588680446047431749e-01 4.680876075011317639e-01 7.480818303694976024e-01 9.980533210222499729e-01 8.064732876471913947e-01 4.343969285675567948e-01
8.022191216532497116e-01 5.051784755689339157e-01 3.086186180328674977e-01 5.193737408610641371e-01 4.685026413852386717e-01 3.162118152553490269e-01 5.091640566018656999e-01 9.605957040203019215e-01 2.535941475484616570e-01 2.777654278832771273e-01
8.519763162944242740e-01 3.762765861473874041e-01 2.052938616424354046e-01 5.339988025489854628e-01 5.625694757185168982e-01 7.866751547622919949e-01 6.116312562129612163e-01 9.958472989123966501e-01 8.284775943172099089e-01 1.311626100013871254e-01
7.879646169906164843e-01 2.987463446362794706e-01 1.435316708033930466e-01 4.913043914498064213e-01 6.824923887337679407e-01 2.104189094577614272e-01 5.603895180598794656e-01 9.483374686523194930e-01 7.297782266861734257e-01 1.874002364631102979e-01
8.192289679743978148e-01 7.400650451406451946e-01 2.013677994469046661e-01 3.445899994309573056e-01 2.126546744703217695e-01 6.953432196122899533e-01 5.823204156230571416e-01 9.757357268556043906e-01 7.425828809053512947e-01 4.110364725481446824e-01
9.680385340476225231e-01 1.259197587771223592e-01 7.885343804412274782e-01 7.876124256336672902e-01 1.894834764452942855e-01 7.157109468417780507e-01 5.043880105284231918e-01 1.451686554160729337e-01 9.101500192477255391e-01 7.098763422235032650e-01
6.357640212135634572e-01 3.332254335223839847e-01 1.459418757554135637e-01 7.899487321392203443e-01 2.949205843603850408e-01 8.152346768306186764e-01 5.811196961894813384e-01 8.978502142676282327e-01 7.142090778245830940e-01 4.952149769197460305e-01
4.633123328558853560e-01 3.353856412742434734e-01 3.245058161776333272e-02 5.382013847314077726e-01 4.346692474736762457e-01 7.599600049611703323e-01 6.051639792112053495e-01 9.671004869342663124e-01 8.547075851386070067e-01 2.046715811070954627e-01
7.231054651863545457e-01 7.122995423716727004e-01 2.775368319598325861e-01 5.134925579175680932e-01 7.603932044900205689e-01 2.553680841047337724e-01 3.885104372824721430e-01 8.405450088227024441e-01 1.998302883465461477e-01 7.608001593409889907e-01
7.383673981535096020e-01 3.863725695547094441e-01 1.777302330059575275e-01 1.265584067209430952e-01 3.373264179074121905e-01 6.109253472452108591e-01 8.245621057774117357e-01 9.863568479698080482e-01 8.483846465038659135e-01 3.182545156140016429e-01
3.587035645539242146e-01 3.114906179875019387e-01 5.260490759987591636e-01 5.425361107362768331e-01 4.351869958236799230e-01 1.792858113991367686e-01 5.498713107604159545e-01 9.311607470068903325e-01 3.757600101427109873e-01 5.151146523923997300e-01
8.760773540559891881e-01 5.387975035217591468e-01 8.360851718708747216e-01 8.069328784262926879e-01 2.785591633064119499e-01 2.564163808680780532e-01 1.637417550886333117e-01 8.647358265457874005e-01 3.723205572904165761e-01 5.382386480991521172e-01
8.939153616131247926e-01 3.494205378014221264e-01 1.756770853264627841e-01 4.053996028533475293e-01 9.668809373706416244e-02 9.275477790171817727e-01 5.070597499464013502e-01 8.888848841244367804e-01 8.799401816693273037e-01 8.366278673226856810e-01
7.061257587487499432e-01 1.432853972609207105e-01 1.258775044956685907e-01 1.079587551224270303e-01 9.145707887589700213e-01 9.541915809751765343e-01 1.861649713241656512e-01 2.486920617998905625e-01 9.200931001432733902e-01 4.259326223317299043e-01
8.832384426736211713e-01 2.200622054698330166e-01 8.246210633308855009e-02 5.143073930020515272e-01 3.543220192417959602e-01 6.471561130875191914e-01 6.569079735003429121e-01 9.729605246106730609e-01 8.667922480515961592e-01 3.402789218401284788e-01
8.583175212601416026e-01 2.935370275665960538e-01 1.935456894863498423e-01 5.096156820539340382e-01 4.708706559885055265e-01 7.730937242219807493e-01 5.761930477462241518e-01 8.885293768366447908e-01 8.609867076587651713e-01 5.062662605353142053e-01
9.020909158743525280e-01 3.056694572664169773e-01 1.933844226740139560e-01 3.863633364982649310e-01 2.735441381947864570e-01 8.881743807409777647e-01 5.666270850831478523e-01 9.295152406678114376e-01 7.562564096951930326e-01 3.817049392084022053e-01
5.766655378435971979e-01 4.443085661893293459e-01 6.955135141985453462e-01 4.716138048444259989e-01 4.134488095992892021e-01 4.508597852904987491e-01 8.035359870160995177e-01 8.760895453469284000e-01 8.472237157908842908e-01 5.101052355130670790e-01
9.798273676050525127e-01 2.897594221353061994e-01 1.639530879822656551e-01 6.555657913166168527e-02 5.876902981135556647e-01 6.306001442363480258e-01 5.164175685720158171e-01 9.749145912669239245e-01 8.526401414320038397e-01 2.646848241990288897e-01
9.230199425113156941e-01 3.124145294220940228e-01 6.046678315938015524e-01 4.498497128762006803e-01 2.459562691455708383e-01 7.030693778949640427e-01 7.061249401758780131e-01 9.285621293863386416e-01 7.428624514952375524e-01 4.038959901373548322e-01
1.812530114286833305e-01 2.405872916302131959e-01 9.001399351045173969e-01 9.626666275054114319e-01 2.191505560058322200e-01 7.387786825793407619e-01 9.088495583966462732e-01 9.876053070413763901e-01 3.251992900876120585e-01 6.984259440703214361e-01
8.831513711304314063e-01 3.689058112252196486e-01 1.261036134334636016e-01 3.532827242635164788e-01 2.403137924004852544e-01 9.692962172434500534e-01 5.368776832968935597e-01 8.973338241384333225e-01 8.818232125951843692e-01 5.185153590961543157e-01
2.013822023829321406e-01 5.574830029344876037e-01 3.796381372555728273e-01 9.518874255898061021e-01 5.827586184211197562e-01 7.576616089603799287e-01 5.954005256020177272e-01 8.627868036533042906e-01 2.086934354494999200e-01 6.151188566719298922e-01
9.968269485456010548e-01 3.878221538548769498e-01 1.394099799457648725e-02 6.294217088122538994e-01 1.965922892582976367e-01 6.413625955729311823e-01 6.777544891931353011e-01 9.905180923434467877e-01 5.335318211235926533e-01 4.973131300554592960e-01
8.355131384818701434e-01 2.919791237646111037e-01 1.798689251565613323e-01 5.064145488411883056e-01 2.120713767096668034e-01 7.060210486057643120e-01 7.428710645278246982e-01 9.426959754021743132e-01 7.999199701261570095e-01 3.933443821838782384e-01
8.989172279267233501e-01 3.100087381076502835e-01 3.557742268627450133e-01 6.517569375548781796e-01 2.513092899340974018e-01 7.000715808375400639e-01 6.360143191922362771e-01 9.510112914335522305e-01 8.702162668495968534e-01 3.732812060969822321e-01
7.418899668237087797e-01 5.829222501968732706e-01 2.733361980294464200e-01 4.067441566890581117e-01 8.348224736188732953e-01 7.216251766047441230e-01 5.647627711123643923e-01 8.751643906616823898e-01 8.874650114435167492e-01 4.659750848919635979e-01
4.145864151606324932e-01 3.556833278114460706e-01 3.271057930988308105e-01 2.730774679513806591e-01 9.322091564800156771e-01 7.664722296212724828e-01 5.073823199037369447e-01 9.091458280992781305e-01 7.567567401241706015e-01 4.200535750990831430e-01
6.360151758924588172e-01 4.085275263246650468e-01 2.871181845263596211e-01 5.334228173655531924e-01 4.225715410077581224e-01 5.304410823119283247e-01 5.578774883237543891e-01 9.550228120762200845e-01 4.073398095225225779e-01 3.681758416295082270e-01
3.564019073731611309e-01 6.276024421608888959e-01 5.212613904792194885e-01 6.117903125151835653e-01 1.488824294182942709e-01 2.849035269809888082e-01 5.697255020119362801e-01 9.053770859949831218e-01 6.925912668434530683e-01 9.646657864716949859e-01
9.227256594966437575e-01 3.650761516673570184e-01 1.065519019326573447e-01 3.523194476291322541e-01 4.578798828090746009e-01 4.296588812879612029e-01 3.569829193118498889e-01 9.992940850479985482e-01 8.996210917628238990e-01 3.757568867126209744e-01
9.461707362881580652e-01 4.079569270563103700e-01 5.129193178453429480e-01 7.243365070433951391e-01 5.599589396776585293e-01 3.318204249384570925e-01 3.790646840119560324e-02 6.884434457472270452e-01 6.008062094587836022e-01 6.122768698486164007e-01
8.678208551052223330e-01 2.756463251054089847e-01 1.551453362095672195e-01 9.677250755180131225e-01 1.594839143607248155e-01 8.415559856510497205e-01 5.328566639928102866e-01 9.019261846126613857e-01 8.497265303886162302e-01 4.033423560825165066e-01
6.724728013259816395e-01 5.345188000681073692e-01 1.614337407018248405e-01 5.974512333198189751e-01 2.011148544692487050e-01 9.935654054721371198e-01 6.044197745651944675e-01 4.015251596925879518e-01 4.975768469266101945e-01 5.143443231647335523e-01
9.257134861910442103e-01 2.229903441581488899e-01 5.275372808322809082e-01 2.435257282795592060e-01 4.513574481837527852e-01 2.676409186572538124e-01 8.419831856434667472e-02 7.455170620456836872e-01 8.067481414276740370e-01 4.003488177793994018e-01
9.628088929607594437e-01 2.714718829794282584e-01 1.533508258257805512e-01 4.809567709119976775e-01 4.602817576846838232e-01 9.663832561562415435e-01 4.413138119698316042e-01 9.391612012614675153e-01 8.375191136040954776e-01 3.669907700325902855e-01
5.966328632073487626e-01 5.158109884748380836e-01 4.598798632031331768e-01 2.805021551469105145e-01 4.293747218003718391e-01 6.253514662643481214e-01 5.677826903028189154e-01 9.114851222171592715e-01 8.541855385296875935e-01 4.394848958606079048e-01
9.083057655966039201e-01 2.939366473395407797e-01 1.512991487641006383e-01 4.343117000204352873e-01 2.430557385340100240e-01 8.721439635058960693e-01 5.653295229802302035e-01 9.312754997464174345e-01 3.130568287376646053e-01 3.529565142550856738e-01
7.873715581227080929e-01 7.317601736072346652e-01 9.750933626567181989e-01 6.659536256911681162e-01 2.885529405803134440e-01 4.311799939652943836e-01 9.776966050647563078e-01 9.803744266826019960e-01 5.052007298655505352e-01 2.126983893863687580e-01
8.647165039093336336e-01 8.911316849984715072e-01 1.124915414390343926e-01 7.733840964394034234e-01 2.867930728050244182e-01 5.308414701496732002e-01 9.378682850423901707e-01 5.056890144022874178e-02 1.303955532459993849e-01 4.583484925712000280e-01
8.962553943193500849e-01 3.125775788924517462e-01 1.497278759837317730e-01 5.480456999402673057e-01 3.323645487114058605e-01 8.709315203226160040e-01 5.790481014635964208e-01 8.963968916084339433e-01 8.480934075983038722e-01 4.434286734321688517e-01
8.429005396388785654e-01 3.216267647246731087e-01 5.213601683576034596e-01 4.367632694484734346e-01 1.548579918007211287e-01 3.899422581253130238e-01 5.267959948002817194e-01 9.583265119949410105e-01 6.847912150749561055e-01 3.113957608908132224e-01
8.090936693500255794e-01 2.225543400332435917e-01 1.544841268641719279e-01 4.121070179949821721e-01 6.466741452066252505e-01 8.302669324004858797e-01 6.499314085904146499e-01 8.923078970287892098e-01 9.154768887416701029e-01 4.957464490495276932e-01
1.380122319649466078e-01 8.597184617140030127e-01 2.160378011635062379e-01 9.976656335670630593e-02 8.210642120474237471e-01 3.279607174554232119e-01 6.396616693730776682e-01 9.553989113887662032e-01 1.290360625656921112e-01 6.974611018262311113e-01
1.669916348746864898e-01 5.222200114821730077e-01 3.936759917542598242e-01 5.241091407800979596e-01 7.818777175818032443e-01 1.365782555552400579e-01 6.658378926755141869e-01 9.959168302200299694e-01 9.187281415090498005e-02 8.619236806846720667e-01
8.539938883813722459e-01 3.372719029195076490e-01 5.106216624231375567e-01 4.854308447753459266e-01 3.264590384348357577e-01 8.214112560930796336e-01 6.339338873478417291e-01 9.069362960008379160e-01 8.616826994699445796e-01 4.139890174234002185e-01
9.140884024107974737e-01 6.296752488915562385e-01 8.524646037670262633e-01 7.027673670670459005e-01 5.661977849869781476e-01 6.573702318863838823e-01 8.320943937527329748e-01 9.525018522382618924e-01 4.520963998912765902e-01 6.904673063248850662e-01
8.931585136838374739e-01 2.548048863883671800e-01 3.782944415917076642e-01 2.972277588201916454e-01 2.856579195436506624e-01 7.609361607460096710e-01 7.578577480822794588e-01 9.696721412425106656e-01 8.624532075876780723e-01 3.524695740206972849e-01
8.499083825288088478e-01 1.392895562576966229e-01 1.305294764724969636e-01 3.715780972072370014e-01 4.482028884909355360e-01 8.866373774974105615e-01 5.505088432996014802e-01 5.008098783518065700e-01 9.584203093329269896e-01 7.089681169834451957e-01
5.917307749160346519e-01 2.043456598599052987e-01 1.407653411832824053e-01 5.176108479784113925e-01 2.637530247836103459e-01 8.233474343740364576e-01 5.620972328546435248e-01 9.534962468493768384e-01 8.270132945314667694e-01 4.185923084975770037e-01
9.066851495310077613e-01 4.600846971590482060e-01 8.557596081059870574e-01 8.731034375167916473e-01 2.140676860043082552e-01 8.899530300615766665e-01 3.797101483418334755e-01 1.392711371888308847e-01 9.225798020854721893e-01 4.326992687697245321e-01
8.216341280183091511e-01 3.161712170527438692e-01 2.138488014740257404e-01 4.193420487149581710e-01 3.241750091320296789e-01 6.809301614166657357e-01 6.363526270363122350e-01 8.418172899007508869e-01 7.276171659220970200e-01 7.496303705774387538e-01
3.271768330329548613e-01 6.279380613513034781e-01 4.165921631328231012e-01 5.998860450397122124e-01 2.589712499806757773e-01 3.232113386106564290e-01 8.509304230086446319e-01 3.749232927355259370e-01 4.373553542268316940e-01 1.141703648958903861e-01
7.220022795532363702e-01 2.751335486801638197e-01 2.233419519684769761e-01 5.457841459678156593e-01 1.599664649324903098e-01 8.144725637648818628e-01 5.230637254419477911e-01 9.558809417303758549e-01 6.522534080985915583e-01 3.579296447303988993e-01
3.550342206659501398e-01 5.052876124465188745e-01 3.762181172167473053e-01 5.649986155325887882e-01 5.935030546703701226e-01 6.760208746507567756e-03 2.332559025771023808e-01 2.875901429891497552e-01 8.270691287515309353e-01 4.594072604213265687e-01
7.885685819864849400e-01 5.090448845368394926e-01 1.867246002177052056e-01 5.922887804689521696e-01 2.118994559920062970e-01 8.046976586081339144e-01 5.057822627120839298e-01 9.373451646986129537e-01 8.946728094555679300e-01 3.646818944299916043e-01
9.274236099486442564e-01 3.231341386444608887e-01 1.367515160293455989e-01 6.752758676161121354e-01 3.386346047881279575e-01 8.356221959545955258e-01 6.137210107294027717e-01 9.346134161412094077e-01 8.560831288087363822e-01 3.564479215639555498e-01
9.169473875845592925e-01 6.421862917093901224e-01 4.589722898519754679e-02 4.997657493183371713e-02 8.059183912592415844e-03 4.006104560795883396e-01 4.635992811207766406e-01 9.303269753211793613e-01 3.409146475781272834e-01 7.973378234516623753e-01
