5.119563635146527902e-01 2.772822018480017303e-01 2.780381812426749311e-01 3.110860794963388187e-02 9.619143474872735022e-02 6.913314755361916752e-01 5.050676205298215704e-01 8.700623779952537662e-01 7.682895476879463281e-01 4.100552561830287379e-01
5.273255761298799582e-01 3.005386261618240296e-01 9.295202928141454990e-02 -1.218397217401439581e-01 1.491459534679815679e-01 7.184505091189631321e-01 4.877980592644822755e-01 9.066585669019159299e-01 7.633356387623195793e-01 3.516595859346181574e-01
5.460361184602878781e-01 3.287396892091625777e-01 1.289923722818761276e-01 -3.265073510023748238e-01 1.430408104967961502e-01 3.117101571235231239e-01 4.338153951143516873e-01 9.082838508162544011e-01 7.657230943248485300e-01 3.405761008698202641e-01
4.627141941830034688e-01 3.045307221777880380e-01 1.441045612067304860e-01 6.986111719223707661e-01 1.274550091558134535e-01 7.855574901025147438e-01 5.079445327147278366e-01 9.646025937225369828e-01 7.948901909860064396e-01 3.306755407430682081e-01
3.067225287130390665e-01 3.442224197338943914e-01 1.384329940615854904e-01 6.217818304141228269e-01 1.826619466815760928e-01 7.578099887275839830e-01 5.262709029114754911e-01 9.081038302256982941e-01 7.701538555646045836e-01 4.038907547062702830e-01
7.878911574907765392e-02 2.734832742417712681e-01 1.901655668228844909e-01 2.903301894907571457e-02 2.098116911618512770e-01 8.082571226691870336e-01 4.609555765218319445e-01 8.919205222358337348e-01 7.753388740966045134e-01 4.413312828002471933e-01
4.779914557706920752e-01 1.212464842637030749e-01 9.699100227270870955e-02 1.042566223726826696e-01 -1.351830291032164455e-01 7.647611159254391611e-01 2.494483557123070849e-01 9.193462756455131890e-01 7.693314378613717031e-01 2.598317401475149224e-01
4.712576635186108143e-01 2.649451194491480588e-01 2.712878863296616649e-02 -6.800052292781529062e-02 5.114863769165763907e-01 7.788310587290541154e-01 4.846445516883096105e-01 6.355352186258920177e-01 7.744233308888133216e-01 4.271512113433312829e-01
9.382597729969643918e-01 3.701269783894022281e-01 7.861440423749874173e-02 2.264138488491218570e-01 3.232096975169737596e-01 7.966950360511088070e-01 7.304488302178873127e-01 9.383620493730400192e-01 7.538415154394749740e-01 8.237842787094774577e-01
4.899517854163731312e-01 2.959718430169648307e-01 1.194364693509763209e-01 3.977481651578779198e-01 1.369453392336108521e-01 8.653370422664643513e-01 6.278019445044522584e-01 9.077722054136471153e-01 8.241116807804932387e-01 3.834525488727293929e-01
5.215965631304623207e-01 3.092996499735853333e-01 9.066967917826769530e-02 6.028311997633901964e-02 1.767177063283632554e-01 9.160782619089312684e-01 4.802143709125883952e-01 9.110859976088813150e-01 8.016604320679359130e-01 3.964442719865864384e-01
5.247978263998553938e-01 2.663315682565103870e-01 5.217270910305282783e-02 1.249684628503533679e+00 1.257872701052014097e-01 5.794873905246266110e-01 5.056407840367146411e-01 9.600872558579665039e-01 7.312924203399202572e-01 7.040942942568703122e-01
6.318952540326703282e-01 1.890630790054978749e-01 1.706511308347284928e-01 4.071970440653589068e-02 1.526304381998898063e-01 8.111110660737933520e-01 4.640605145390796493e-01 9.039648574191366803e-01 7.951938686840649417e-01 3.897895135773704056e-01
5.339728485014306747e-01 3.502286794346569643e-01 9.400969995851049532e-02 9.073664482487830973e-02 1.729101561943601761e-01 7.053156419088471019e-01 4.084202572366972817e-01 9.113165146832684638e-01 8.038621251400119849e-01 3.740129731918793166e-01
4.900133757591016992e-01 4.365259948576533100e-01 9.745916350364861036e-02 -1.056611885154313812e-01 -3.030119558232992061e-01 7.394267110122829667e-01 3.971960973826815788e-01 9.093108176238797746e-01 7.416176633602008517e-01 3.868988155620227687e-01
4.679205178353323946e-01 2.974295261345158425e-01 1.387623995233085716e-01 2.040986609857960710e-01 1.380401217147165516e-01 7.161880256870944983e-01 5.867181698438387327e-01 9.146912472280255280e-01 7.733992029450710293e-01 3.758802150100312156e-01
6.672790234847537638e-01 4.496997816511036916e-01 2.904439090977066207e-01 8.154250990069062954e-01 1.207390790977462686e-01 8.470089394369820779e-01 5.657162824434596171e-01 8.824993812498805879e-01 7.584131996939651454e-01 4.038302096781328787e-01
4.773624884083523812e-01 3.078047854282721651e-01 1.126662321884140394e-01 2.822985635948246363e-01 1.357754981095871116e-01 7.583340363307194965e-01 5.257829945853063069e-01 9.067146740763950552e-01 9.111851169337187306e-01 3.825223291177610729e-01
6.067338769762016248e-01 3.392015425339431900e-01 9.127895440282783601e-02 3.859787658554817424e-01 6.656321030113884762e-02 8.554762196511143113e-01 5.153811585457115374e-01 8.216450428992261301e-01 7.271031875051584548e-01 3.454598378231599209e-01
5.290201204983349115e-01 2.682616325060667162e-01 1.062460689049861129e-01 3.168587323954933921e-01 1.251694674730259582e-01 8.214087765971418431e-01 5.682690250969303358e-01 9.134803645594552490e-01 7.665690441170208702e-01 3.293324928485232839e-01
5.148001959273661443e-01 2.860046643925399645e-01 9.829935067747315458e-02 9.142431073015591658e-02 3.901944690804644011e-01 6.913380825082038328e-01 4.783328977865441423e-01 9.095339749065006751e-01 7.726260392975158320e-01 4.166262937630129115e-01
7.308527662050151585e-01 3.374437716107502871e-01 1.081288882699212861e-01 2.331936330706225746e-01 6.935960160055804069e-02 8.621589541478972274e-01 6.165144502076296273e-01 9.091447299933789195e-01 7.649895929818131268e-01 3.882507564182964277e-01
5.131843749174798130e-01 2.959103960527649235e-01 1.490077802525330841e-01 1.833753423935158278e-02 1.810044385234842457e-01 7.746519606731028240e-01 4.784555692480665923e-01 9.103154456198183642e-01 8.585315686160841508e-01 3.822846482835380311e-01
5.215329666734646041e-01 3.825560226200439007e-01 1.216662304013540613e-01 2.104407860451472656e-01 1.801085267021464986e-01 8.877308035839913680e-01 4.979798424552485669e-01 9.051644089908568169e-01 7.578771364574733438e-01 3.679946162410106525e-01
4.503497614155547724e-01 3.000797059178940684e-01 9.264370672977743915e-02 6.372749186647891362e-02 1.470213212696705740e-01 8.170591031289523576e-01 4.878187202547530910e-01 9.093975727311154333e-01 7.683030067893835691e-01 3.818445870150790067e-01
5.182319791034208922e-01 2.889802992252379354e-01 8.006353918989728147e-02 4.283395228901841767e-01 2.195777518405876427e-01 5.216086746802615082e-01 4.808399627340201321e-01 9.045546853633813500e-01 8.114840617529710531e-01 3.999005745175092108e-01
5.699900750135078464e-01 2.966319611515244037e-01 1.267409922840782577e-01 6.888772862204555203e-01 1.429226778395057684e-01 6.003194929706434646e-01 7.361879165681333159e-01 9.121047100542777342e-01 8.276846347731277032e-01 3.846040789843352958e-01
6.004252354162178396e-01 2.876691051341109251e-01 1.066632109677719265e-01 4.731807820158980687e-02 2.990529592343413312e-02 8.717319399124673351e-01 5.325226926363131330e-01 9.154132051420886818e-01 7.759789097224500942e-01 3.861582733559088543e-01
6.335208228946483944e-01 2.439822177150910154e-01 1.235745041684557233e-01 2.273628622105683672e-01 1.468831568291514289e-01 5.938827441832970067e-01 5.479393961925796974e-01 8.881896258543720002e-01 7.705138492859890942e-01 3.771243846141585920e-01
6.278330428708625011e-01 2.881454110888865272e-01 6.356129412786451494e-02 2.536183064810140775e-01 4.004126759349255771e-01 7.933791037627869747e-01 4.908631832598388534e-01 9.151979654025961253e-01 7.836255027890713931e-01 3.839066283002315894e-01
2.808408921462364205e-01 2.895523094408798959e-01 1.568674169999732526e-01 5.814017183958777313e-01 1.565923540786793577e-01 7.737921631168402925e-01 4.918974524083147837e-01 8.559909585014475741e-01 8.206929901951452999e-01 3.625472336628897674e-01
5.374635639066713821e-01 2.970885361792961477e-01 2.977717364592925575e-01 1.456728579152065106e-01 1.795468265373806327e-01 8.691609495579075695e-01 4.800041962064208190e-01 8.147512933108971289e-01 8.368013373922640330e-01 4.292640992670567757e-01
3.695223187609745774e-01 2.436394177634642610e-01 9.671719184375610068e-02 3.417368819819557174e-02 2.237936206239587722e-01 7.764623137874362424e-01 4.516250960408956239e-01 9.123285691164281230e-01 8.098145178225346630e-01 3.585305742002575791e-01
3.014940041042460939e-01 2.833178165066976284e-01 1.655842788856902170e-01 1.808201916134640763e-01 1.741308032990727117e-01 7.867847720432504799e-01 5.001475524052763078e-01 9.109290221459844794e-01 7.814482728680873791e-01 3.756589556929996743e-01
5.211087729739124486e-01 2.952006121422164897e-01 7.108594820145258675e-02 3.297106316103429191e-02 1.438139114472044844e-01 4.699781586241801312e-01 5.665036476053613157e-01 8.912308067411228718e-01 8.487549823388041981e-01 3.109036140803029813e-01
6.337985906313789997e-01 2.402381332493225552e-01 9.645260928554445778e-02 1.954665029495445405e-01 -1.588608881485209512e-03 9.953593160276424934e-01 4.967597836757361440e-01 9.235677524444542152e-01 7.785889713826710246e-01 3.809234954920621141e-01
5.663380787774329184e-01 3.392433078806560420e-01 1.200836313794734489e-01 2.043073581644477832e-02 5.041700384712164418e-01 4.805087809612538785e-01 4.071468868776905725e-01 9.134925045365678287e-01 7.703000408048853442e-01 3.786907538169596577e-01
5.445910658701142992e-01 4.103644247206753026e-01 1.142273347093582803e-01 -3.423464253269978830e-01 -1.274019122474161769e-01 1.973390739728062560e-01 5.000771965394399388e-01 9.081993916266987155e-01 7.240984682796591798e-01 -2.513545164059283188e-02
5.146311597882331501e-01 2.940580069182148204e-01 9.874957424379324222e-02 3.797291847629208350e-02 1.382984998235508023e-01 7.864328651867034115e-01 4.826041001774012962e-01 9.101614436660164786e-01 7.675158964872131895e-01 3.826740357832280615e-01
4.847768312031944804e-01 2.739395290151878104e-01 1.014819988086046038e-01 3.827587110995138153e-01 1.493844017759725917e-01 8.772876101396014370e-01 4.794240359131094475e-01 9.037243805849842770e-01 8.472000362590484945e-01 3.811538897806683868e-01
8.873866272415474876e-01 2.696084624729910839e-01 1.240567566799221089e-01 9.868295238652319279e-03 -2.506898038058191780e-01 7.876639675423089404e-01 5.214362189692021143e-01 8.968992488061221513e-01 8.106653380697026456e-01 3.839956727336686360e-01
5.656401461152859023e-01 3.484953022147102009e-01 1.008674867689481058e-01 2.367297949082149133e-02 1.977307321142049157e-01 8.144505025125804432e-01 4.794303739678603682e-01 9.100807271609681059e-01 7.693595804839949981e-01 3.843650551254982339e-01
4.739694173121692944e-01 2.860494301984085053e-01 4.340328307060609681e-01 1.432921234765520413e-01 1.279274489443030516e-01 7.686270233647864991e-01 6.683568114794685711e-01 9.999294231062296756e-01 7.656364057423009628e-01 3.901818837346968105e-01
5.400158246910288229e-01 4.630656398057691470e-01 9.731249068067313046e-02 1.570323768405704756e-01 2.763131637413983599e-01 9.886594894117883836e-01 4.199871856338129872e-01 8.982331900645398326e-01 6.712401664754872321e-01 3.777148918380394127e-01
6.199283298929061381e-01 2.763531660793933087e-01 1.221703552070697307e-01 1.553280606069938341e-01 1.392149817471572126e-01 7.375780447574900034e-01 6.029164152743057281e-01 9.155148823099769073e-01 7.775164580130211611e-01 3.849216594021450666e-01
6.540185132200275753e-01 2.991594982730482188e-01 7.779472110550138264e-02 4.998484389179726484e-01 1.169366003058828651e+00 8.264105485888676439e-01 5.332141229474027799e-01 8.757084934052979941e-01 7.973684175381562378e-01 1.031084498113118197e+00
5.352811584396472977e-01 2.965933656144184583e-01 1.124991406572879160e-01 1.019774333053625054e-01 1.356167430600893342e-01 8.034536577530154711e-01 5.203362643725700787e-01 9.100304087185321356e-01 7.707027666955142964e-01 3.823563433215297902e-01
8.373486671151511018e-01 2.155989538806743488e-01 1.101344586827770755e-01 4.116283516081327698e-01 1.451052800584498592e-01 5.555589100473478092e-01 6.072200249312852405e-01 6.039082638589846619e-01 8.375091611394338553e-01 4.444167997451388685e-01
5.469167341973950602e-01 2.718921106710195934e-01 1.470396454157029131e-01 2.246185451819841528e-01 2.137130798942595278e-01 7.509691913201821389e-01 4.381832362050391838e-01 9.031758765841565451e-01 7.651345963777896886e-01 4.215481188688464664e-01
5.256915642025460356e-01 2.977849054160934816e-01 9.673232326427062822e-02 5.769019358727167646e-01 9.696458668326757291e-02 8.064335586528914579e-01 4.497754730532840806e-01 9.139296547844457663e-01 8.697601530235414824e-01 3.250677422035379571e-01
4.778570024953147088e-01 3.045907818150704327e-01 1.269423640684989585e-01 1.799626837512709743e-01 3.744694598093384896e-01 8.056701427435897234e-01 5.286878207387073481e-01 8.941333643043559709e-01 7.954777362775319327e-01 3.910504209480265558e-01
5.062726559053021269e-01 2.987613092684223148e-01 1.442334987029705307e-01 6.759277779220607130e-02 3.072839619768914510e-01 8.763565564388628992e-01 4.897000773781692295e-01 8.989598665450662107e-01 7.379205976413403256e-01 3.820953457146180621e-01
4.452815839458111880e-01 3.117715388355357109e-01 -1.828786125226754822e-01 6.998158405342766453e-02 1.573317767358692609e-01 5.333003996325669238e-01 5.804551954488399446e-01 8.942437981052879792e-01 7.660987068145644896e-01 3.859682598924542574e-01
5.364187549250400977e-01 2.964231241879491940e-01 9.711583568987357251e-02 -1.153632814994326461e-01 1.437176374697230197e-01 7.990173881645338261e-01 3.589522165358938199e-01 9.091679704662223305e-01 7.622007507330418319e-01 3.699166475352979599e-01
4.191185558660164290e-01 3.269379312745385180e-01 1.164984465266409031e-01 1.636817245726331360e-01 1.244186109536137841e-01 7.616842108921819676e-01 4.985385782253847764e-01 9.017397788886301058e-01 8.197950491585012101e-01 4.425502572225594178e-01
8.211125496659089640e-01 3.156081326553851762e-01 2.188611450276873871e-01 -9.776110969597937017e-02 1.740646502571641108e-01 6.661358305561905224e-01 5.495557563430777392e-01 9.021248316664370881e-01 8.260312677444080487e-01 3.959177576590693359e-01
5.833958352529193814e-01 2.931282791970555857e-01 1.610887609939464782e-01 2.548569679807594635e-01 4.021214197705053062e-02 8.964116534042214646e-01 4.929901667912470753e-01 9.360499470222874985e-01 7.690279674752399375e-01 3.902399816663632004e-01
1.011741046005244282e+00 4.020463729172466527e-01 1.987763095697973603e-01 3.593839833185823174e-02 1.225343734062889212e-01 7.722371214136187767e-01 5.176062255310029947e-01 8.641091416285029414e-01 8.044180287575104504e-01 5.628197618598187457e-01
5.913352679325664107e-01 2.600997949197003667e-01 9.242833111545005476e-02 2.745325599077416689e-01 1.400893837424967148e-01 8.596883935408717869e-01 4.938948539960590356e-01 9.152927166147988292e-01 7.691092402132186923e-01 3.789220376514958466e-01
5.616875740302581521e-01 3.194479648474051747e-01 1.572657482018445796e-01 4.198354136853638119e-01 -1.181961031749245716e-02 8.234838268167720132e-01 6.097762928160572748e-01 8.913792097144682680e-01 8.861803840149286016e-01 2.592413541058694038e-01
5.689920202004548067e-01 2.932780954861413658e-01 9.833927814001028334e-02 8.267097136963352799e-02 1.320957350121305662e-01 8.024604054194086622e-01 4.947316624951755837e-01 8.695887088426594858e-01 7.836965004870866114e-01 4.226340736037292878e-01
6.036097263497695042e-01 2.501384444356445913e-01 3.802982054497082431e-02 1.993317117801953198e-01 2.283866594020175778e-01 9.694307688267471690e-01 5.375215651306870512e-01 1.011963512326442993e+00 7.705659147897213623e-01 3.375288714405539903e-01
5.443611877080224426e-01 2.964179035692851572e-01 6.656014768339094112e-02 2.582062446755385432e-01 1.478900739702845024e-01 8.113845434718183203e-01 3.878052499062877301e-01 8.985619223505344477e-01 7.591356188303347574e-01 3.785432363689372748e-01
5.586824883979073508e-01 2.947139736384890019e-01 9.534004688910854841e-02 1.609740333536891221e-01 1.409050190150058224e-01 8.091879441087258540e-01 4.729708958350052339e-01 9.068542980573052192e-01 7.896842812838519299e-01 3.807598354489595271e-01
6.438118784476642986e-01 2.937440703243431872e-01 9.103741009629204295e-02 5.346365928880385532e-01 1.336285189874188706e-01 7.641751890666728109e-01 5.625867469565560830e-01 9.307894132505124540e-01 7.770722902608336868e-01 3.855387840633258678e-01
4.807876009587199739e-01 2.471778668902242238e-01 9.633153142129746715e-02 7.961807253790063876e-02 1.873667529499657702e-01 8.020953266893638967e-01 4.823232154479855094e-01 9.104626362287020491e-01 7.682238487209963607e-01 3.831682935708432547e-01
7.460734147483885081e-01 2.716605235720039313e-01 7.047494375669595412e-02 4.615850045892272990e-01 2.190819753217898569e-01 7.987614685252900637e-01 5.460981603662999895e-01 9.008827720851084742e-01 7.047700403596712793e-01 3.522323354384930827e-01
4.882820878291559419e-01 2.886210482310855863e-01 2.248699200885471150e-01 9.296828015580642368e-02 1.442905760652088976e-01 6.975866916117496874e-01 5.842382794818185010e-01 8.519216367701663017e-01 7.788343327560091067e-01 3.857000242986796112e-01
5.720186560052519242e-01 2.957191490341615769e-01 1.027974278702129818e-01 4.020083047065776960e-02 1.452747182896981515e-01 7.627557426316678990e-01 4.865439971470886804e-01 9.103645769329784532e-01 7.693884163829137757e-01 3.786649826672789931e-01
5.231802210250536822e-01 4.004193912252668186e-01 1.503282070156999051e-01 4.704871203884144482e-01 8.277619491155160381e-01 5.938388778034164872e-01 4.655535396309808949e-01 9.109488128234607407e-01 7.670667290315603681e-01 2.977937297564844932e-01
5.463130684108719048e-01 1.597614331913021213e-01 8.436087377032035206e-02 3.646298437022078565e-01 1.168921038047159577e-01 7.258949122813036503e-01 4.504679394375666890e-01 9.083275578375757942e-01 7.642426148746457315e-01 3.816189836269746061e-01
5.961122323130122469e-01 2.933359938248499277e-01 1.257739352248340159e-01 -5.158258082136360501e-02 1.045401721030103925e-01 8.120929818938454892e-01 6.252129384567686188e-01 9.082524553786540666e-01 7.747867629442811710e-01 3.945063000133834930e-01
7.443702643721503698e-01 5.073565069596687183e-01 9.419542404302341798e-02 2.562610571319713995e-02 2.852209412292575075e-01 6.402625881711569988e-01 5.402411689690209684e-01 8.710256166364239716e-01 8.173079605619008037e-01 3.787478285854449234e-01
8.491340886118449172e-01 1.623504984595751655e-01 1.507442260665137201e-02 1.249176736810742316e-01 9.488880099540089597e-02 7.648922057615765713e-01 -1.283089823423245734e-01 5.440057119069564573e-01 6.094736497410464526e-01 5.274602895040905182e-01
6.959430425123176445e-01 2.814043806694799255e-01 1.040969732338336701e-01 1.165224709608315423e-01 1.477349014909084268e-01 7.314804090172905005e-01 4.782988372461641213e-01 9.007204407143897251e-01 7.690124290470297108e-01 3.474788909381085755e-01
5.507439982019973757e-01 2.741737797038411584e-01 1.072619680864305564e-01 1.646132270444664314e-01 1.696336747292301050e-01 5.060433461941773459e-01 5.195799863717484035e-01 9.076931217339226921e-01 7.794883047353351468e-01 4.074183533283103342e-01
6.666231490808783855e-01 -1.145924398030103708e-01 1.506558237548775714e-01 3.011017861996836409e-01 1.447678688956373916e-01 7.534460764744670414e-01 4.059191552479285980e-01 1.481388656486413158e-01 7.717133774480640085e-01 4.157170532559436582e-01
5.274377234213432075e-01 2.571458984754848576e-01 8.457555690141412008e-02 9.942626137974221179e-02 1.676257305831774791e-01 7.682992255855320973e-01 3.646098635002927302e-01 9.095273035844354537e-01 7.697076916278674519e-01 3.779367260812206974e-01
2.146960709859225824e-01 3.402030303247444709e-01 5.139340224860288187e-01 -7.372839170213105198e-02 1.358473738679076837e-01 8.415872659529508581e-01 6.013230831132087006e-01 6.521470956063426527e-01 7.685790443355617896e-01 3.836472070256675693e-01
4.817326877956416009e-01 2.906383985300804440e-01 1.227715084387830113e-01 1.086052402740169814e-01 2.417455400783741493e-01 7.915823163183022260e-01 5.362444263377650344e-01 9.200050323477549918e-01 7.526830349484435745e-01 4.189565678587473530e-01
3.780777779278358119e-01 2.307988473933549334e-01 1.855157734506202583e-01 2.215133729429724085e-01 1.563315822709696323e-01 8.464991142064584029e-01 5.989022535172454642e-01 9.122814527618570146e-01 8.070352489713175093e-01 4.109975020814686242e-01
4.835367795161469306e-01 2.397813465313687054e-01 1.132560778078828267e-01 7.118258526983110013e-01 1.633449445265618138e-01 7.816317485105068741e-01 5.335711610023050611e-01 9.057373695168753347e-01 7.722103057513680646e-01 3.820681838466858937e-01
4.909437515458436874e-01 3.487561904238858923e-01 9.893694152092134819e-02 8.484309857450317294e-02 1.195114555954954472e-01 1.007565007049477712e+00 5.661143641297680107e-01 9.091465193127478139e-01 7.713927714543926673e-01 3.860590485744694322e-01
3.450959661998255212e-01 2.910781648483785622e-01 1.133915447404676841e-01 7.803211304801334347e-03 1.418820716518416070e-01 7.946328070596988535e-01 4.180240858713667462e-01 9.119254492651961419e-01 7.676279445752216546e-01 3.819660636283174759e-01
5.971666601150132925e-01 2.744592464628338724e-01 1.404856555895531156e-01 4.650952008056823406e-01 3.998073381364558587e-01 7.926793418109691070e-01 5.517682507862308183e-01 9.328342312022381844e-01 9.083286065163430623e-01 3.878550081266277094e-01
8.103883861264579158e-01 2.918212121776673218e-01 1.291044317317370793e-01 2.730611034650113900e-01 1.517315530697348480e-01 8.206653291421829310e-01 6.530900064664814098e-01 8.828139829051299126e-01 7.665197981003604166e-01 4.118820442405909943e-01
5.230472826204715098e-01 3.218943145345468104e-01 1.012730687386862727e-01 5.140847073250628951e-02 1.498013726209956320e-01 8.680655710676765668e-01 5.793296083166428190e-01 9.096709116346642920e-01 8.374531409637583357e-01 3.750546718096217647e-01
5.380210065329373847e-01 2.779771730414289932e-01 9.893608815160270797e-02 1.735157240224755593e-01 1.752192307827948325e-01 8.055003314338400333e-01 4.868769230285225902e-01 9.052914928073733103e-01 7.775156053237529674e-01 4.309168253805470972e-01
9.198996663997004442e-01 4.665423819300112962e-01 -9.033246438983899562e-04 1.708350068215972184e-01 1.450600487940570393e-01 6.518540347574770522e-01 4.971969804577496821e-01 9.131316371550495248e-01 6.843682048264402296e-01 3.702203866368902752e-01
3.421759883814154968e-01 -6.706757350741807122e-02 3.750018829304166412e-01 1.572665127005614949e-01 -1.256114545371121993e-01 6.400999117954728757e-01 2.009892714814739967e-01 8.735212024222783755e-01 7.758631096774931679e-01 3.759327797039623276e-01
5.119338127766750457e-01 3.034683288630204978e-01 9.561269200174789262e-02 4.179394760107155715e-01 1.499659695404683135e-01 7.807389623624130248e-01 4.779422627136652446e-01 8.939646097668021429e-01 7.764231445672052923e-01 3.846514845849072217e-01
5.585580390209997637e-01 3.114027410719601430e-01 7.205976933322512379e-02 -9.425163145082644800e-02 8.777795955712285048e-02 8.168345090098673156e-01 4.891692302232758527e-01 9.182662669619880980e-01 7.534275795525210428e-01 2.844670389251786613e-01
5.639964055268205101e-01 2.697218917686672324e-01 1.170866617372909868e-01 9.899238214572649019e-02 1.670493439259804203e-01 7.164716234934936923e-01 5.292709383830794811e-01 9.084842223998178534e-01 7.717644662810784206e-01 3.788601567076205767e-01
8.406476979172670116e-01 2.950375445581668865e-01 -2.607351740351844249e-01 2.237796761727275374e-01 3.162086333509948610e-01 8.410568346527658168e-01 3.912900011048632276e-01 8.799321106312242291e-01 7.557558482610571282e-01 6.018555571902622914e-01
7.613447109140247804e-01 2.151512229492355543e-01 1.526829811149091887e-01 7.852769931435280015e-02 6.122928795874539309e-01 6.921372256661455502e-01 4.897035967410282575e-01 9.460849313853535447e-01 8.158347064583778563e-01 3.917801196625283477e-01
5.207469521807378543e-01 3.171103010569922276e-01 9.199137120067078788e-02 9.741710817023395419e-02 2.057079857233898856e-01 6.589085541698004311e-01 5.273890508370812080e-01 9.004579215287669136e-01 7.627652265110800300e-01 4.102285904866005972e-01
5.071330484911187320e-01 7.535103990570242161e-01 1.721114355666878704e-01 1.614072341192932247e-01 6.832838606773607160e-02 9.805181097515216493e-01 4.860924302003828412e-01 8.021869050704979465e-01 8.039223289680003104e-01 5.414959031371868736e-01
7.456373493405189512e-01 2.274456251705223309e-01 1.094784133623778882e-01 8.994133928634837072e-02 2.204265347890689286e-01 6.970127296688546359e-01 4.645657406443622905e-01 9.116020555725686814e-01 7.890236844062327171e-01 2.921288730639379772e-01
3.812682744822470382e-01 2.070991360187903751e-01 3.078008162942511006e-02 1.486823727872056133e-01 1.054442297162995201e-01 8.700252612965431176e-01 5.601441064902968892e-01 9.144541960225075483e-01 7.857118067238999526e-01 4.106252455030369175e-01
2.501888500673122850e-01 3.069871633894369900e-01 9.931679502492118949e-02 2.136843054452331747e-01 2.216290490068362484e-01 8.112698861661601368e-01 5.503268008005355316e-01 9.005599961771271200e-01 8.126819975071886137e-01 3.988661209985953082e-01
