4.489500430142064902e-01
nan
7.793251159370762071e-02
nan
4.348618268017657301e-02
5.786149390467081738e-02
nan
nan
nan
nan
3.751506439939192306e-01
nan
nan
7.283983088614413848e-02
nan
3.642675982606415341e-01
4.205466109568544580e-02
1.545736191346140098e-01
4.298012102485114783e-01
nan
nan
1.076918281997633203e-02
nan
nan
3.502261234226690390e-02
nan
1.508225608870018310e-02
1.571155499093117650e-02
nan
nan
1.958082587201457614e-01
nan
nan
1.379277661059049274e-02
3.588167760751784924e-02
nan
9.311849311281482355e-02
2.472682215256897728e-02
4.179413952719560760e-02
nan
nan
3.657309863554916024e-02
2.995399844272361167e-01
nan
1.279802111331952361e-02
3.940495602333368014e-02
1.442550172571475248e-02
4.385548863078051612e-02
1.081092873313602432e-01
4.312026993025057653e-01
nan
1.873094441266676125e-02
nan
1.629674721878526106e-02
1.321302025599632377e-02
3.119266854587809251e-02
nan
3.105594008165860065e-01
nan
nan
nan
2.152657693755200552e-01
3.913690373533663253e-02
nan
4.024820461887115147e-02
nan
2.197030689190898264e-02
1.927740938359824921e-02
nan
nan
nan
1.157058859128642578e-02
8.589322909513368021e-02
3.962364965785519222e-01
nan
nan
4.049639394816128418e-02
nan
nan
3.287870951772199624e-02
2.207020316032069773e-02
nan
1.140722171100813816e-02
4.131415367395994132e-01
nan
4.198900430965647051e-02
nan
4.172385587466440060e-02
nan
nan
1.325648927929056961e-02
3.836492594441497372e-01
3.641475229750995579e-02
nan
nan
nan
3.053511527716352703e-01
1.105939494723187297e-02
nan
9.179028182812104530e-02
