4.248613878147323303e-02
nan
1.079697147255850344e-02
3.178841119561033601e-02
3.567303374738108046e-02
1.366925529410783005e-02
nan
nan
1.190856391218326517e-02
1.621031963593804609e-02
nan
nan
6.510343862134222725e-02
nan
8.333781098022166947e-03
9.796048318945680539e-03
3.582809544702927895e-02
8.520079976491021570e-03
4.191460857034529780e-02
1.086194284693938437e-02
nan
4.076386279358893416e-01
nan
3.939348248187606039e-02
2.411150903525559677e-02
1.139492149238956024e-02
1.152097052429778765e-02
1.728073203768536875e-02
1.057904050902655144e-02
9.533566833745290084e-03
4.275493430036429454e-01
nan
3.024293215254991729e-02
7.835721373857603214e-03
3.367577158330566089e-02
1.687734970275897584e-02
1.205581431181152428e-02
nan
nan
8.215008821811248599e-03
1.707751138922884715e-02
9.073879987674718026e-03
1.751186960341553911e-02
9.078296542198840968e-03
8.646186736682806920e-03
3.049728471235851335e-01
2.022092756744591630e-02
nan
nan
8.421044107041805032e-03
1.330951520732943059e-02
4.094898295025985180e-02
nan
3.130164347127675772e-02
8.192613643442611324e-03
nan
4.124096549748871438e-02
8.820757889240228578e-03
nan
6.524801475871580547e-02
nan
nan
1.357507566996110464e-02
7.914338353374534424e-03
2.167870268009038440e-02
1.468758295227380779e-02
4.000182198155569774e-02
2.467811794877042622e-02
7.043826007095223274e-03
8.721891358089348817e-03
nan
nan
3.598552908055004385e-01
nan
1.212500455379582863e-02
nan
7.600279544281093869e-02
nan
nan
1.665346081594835936e-02
2.289406161705296594e-01
2.736619233137024473e-02
8.409301164843710832e-03
2.262790949607939098e-02
7.840669791453640236e-03
1.651586797913857235e-02
nan
nan
2.593743562301395120e-02
2.083919666085291486e-02
7.170123300591553853e-03
2.911290581093948712e-02
9.248405322331636549e-03
nan
1.707362547386370374e-02
7.342702120737717129e-03
1.207350240281016875e-02
6.175119991610553832e-02
nan
1.562293050094333002e-01
