2.917408309662404900e-02 1.472477392741215578e-02 3.917780417720714836e-02 9.789887301908377359e-03 2.566969394824060099e-02
2.698264496235339843e-03 -5.130075570908430166e-02 -3.654950182233204226e-01 -2.036448659598374261e-02 9.897975493100813482e-02
-3.039140729126222577e-03 3.171347497585018105e-01 -4.179867282833775177e-01 -3.051243529358396711e-01 3.324363017581183355e-01
5.193675106848314599e-02 4.138220820139571626e-02 7.138783853888636122e-02 2.322501802368904036e-02 2.683061683205579737e-02
2.339670149660272747e-03 -4.116814809168591743e-02 1.797278056625112308e-02 -1.180185469315167199e-02 4.943222774647061668e-02
4.034876087004897194e-01 -2.572591022271431549e-01 1.094229229857900110e-01 -2.640239000484409862e-02 7.427312552655893074e-02
-1.128811645445926271e-02 -7.069304974057494251e-01 4.038548089233238297e-02 1.453343205245792753e-02 1.650751043877984603e-01
-2.770568720037409199e-02 4.612544154242590594e-02 5.027902237127076374e-02 -2.740883546404651941e-03 8.549385309635101904e-02
1.397933719481592452e-01 -4.723392446945379121e-04 -1.832129559220990744e-01 9.472002085027119225e-03 8.284675820059325679e-02
3.611590472949712666e-02 1.094235351405464379e-01 -7.482245657060081212e-02 8.638699731926870184e-02 -1.918985226870494887e-01
-2.242434515889702232e-02 -5.848624696677243162e-02 -2.326438991544804366e-02 2.547124237765495749e-02 -1.092072702737697729e-02
-7.150303335758884105e-01 8.000000000000000444e-01 -4.745389889979504394e-01 7.780923631375208545e-03 9.799999999999999822e-01
-2.691686203202523636e-02 -1.557519598651145865e-01 -1.636208265284241903e-01 -1.328289168230522566e-01 2.613778350393429206e-01
-2.148392247598732985e-01 4.969525381579020795e-02 2.457775912995367462e-01 1.288523049655596053e-01 -9.827341597991021138e-02
-2.568698966004239175e-03 1.050523925084906468e-01 -2.899174656676924977e-01 -2.169630717621484975e-02 -5.022129956929276447e-03
-8.460286175544135673e-03 -4.250058348297062333e-02 9.623207907422442683e-03 1.499130510557596455e-02 4.976116215394089243e-02
-1.799739780556200430e-02 -5.314594696291492504e-01 3.572199173518594145e-02 6.914235729345677081e-03 1.338678121356066952e-01
-6.497492616072937655e-02 3.909481192772620295e-01 2.913423739645719032e-02 7.260855595993462135e-03 1.162708086119115802e-01
5.545634258025357310e-02 -1.739659713527268864e-02 -4.698121122017175771e-02 5.946555583666233991e-02 9.537428180080845252e-02
2.801539025914209780e-01 -2.520937681966595179e-03 -8.878511534236611935e-04 3.512266044371379486e-02 1.718115752587738299e-01
5.274242373938947681e-02 -7.803268031238115750e-03 1.159272742451151472e-01 -1.464885496677516795e-03 -1.308994994628937675e-02
-1.483519810654753725e-02 -3.304120233424905073e-02 2.886328039127104145e-02 6.409219589000157528e-03 1.919369789229697920e-01
-3.443671030114912879e-02 -1.677033949680646271e-02 9.635700487548021350e-04 -2.172377040718223573e-03 1.310372704785636895e-02
-3.601139688749891571e-02 -1.888846702552807733e-01 -2.014214022856772660e-02 -9.340836766215812603e-02 -1.478444274520946018e-02
1.188393159034769773e-03 2.283686901969689265e-02 -3.945571215719330567e-03 7.152368627727044917e-03 7.731826904415357860e-02
-8.096017067660101971e-03 2.803861164071870873e-02 -2.014627509729746968e-01 -7.394643831704772463e-02 9.793144597533376405e-01
8.967525293950051601e-02 6.100969779515510311e-02 5.935995518924382965e-03 5.366794040079693288e-03 1.654710052706392376e-01
-1.533381080677612314e-02 -1.388906495887559100e-01 -3.674987852605504212e-03 -8.262288689965159236e-03 8.186640911986919900e-02
-1.137608681653907300e-01 -2.215161794457211689e-02 -1.904317358794886802e-03 1.108485008182597160e-03 4.502866426713984793e-02
2.777493820758655807e-02 2.987048104360894019e-03 1.909726555519801472e-02 -9.226847016006196195e-03 3.764762916702660278e-02
-4.299169012746974217e-02 -7.563950854604243115e-03 -2.226983630445742574e-02 5.137850895683038384e-04 8.746581417397399083e-02
4.401535016965374414e-02 -5.502255287816645163e-02 -3.208947228331900936e-01 -3.264736394046994783e-01 -3.139223861888321143e-02
-2.643885498591187488e-01 -2.218430841296736011e-01 -4.071317577812320065e-01 2.141798228371797480e-02 3.373991368875490782e-01
-2.179447608748278156e-02 -8.449827418467092607e-03 1.881368241427584537e-03 4.576927832702084101e-03 5.738613644556044002e-02
-1.018241112230256068e-01 -5.419050836087937473e-01 -4.002868265222445099e-02 -4.428984444706450530e-02 1.979292928581717625e-02
3.684654741167819186e-02 -4.759799414431836184e-01 -5.305866691443372404e-03 -1.247656977071356643e-01 1.252584237585238755e-03
-3.471325051815837143e-02 -7.404731430852501406e-02 2.749700427450227358e-02 -2.498475157143706903e-03 4.033090928571658046e-02
-4.854585762222010659e-02 4.629419519746179323e-02 6.645231450020587516e-02 -5.121981307894470092e-02 4.367114405777056813e-02
3.433952144411851759e-02 2.434863531562917599e-02 2.256131685904435441e-02 7.808170898063147847e-03 3.353555728218566429e-02
-2.846517643755146904e-02 -6.370342134622032464e-03 2.663730882710736020e-02 1.204819927899297011e-02 4.770354611053762017e-02
-1.424250548630842383e-01 1.647585432637772634e-03 6.060308446583965265e-04 1.546973244449510558e-02 5.467371281197339755e-02
2.018622287963392492e-02 1.160380727049169225e-01 1.821388632888007800e-02 4.874134278750733018e-03 6.946847917611356782e-02
-6.047006346224427509e-02 -1.251432171722040299e-01 5.050677838998767974e-03 3.298816663990897236e-02 2.541237734200576734e-02
1.432845383421610108e-01 2.983657484879479460e-01 -4.201753025697819721e-01 4.685492832671851911e-03 -1.898140464772150870e-01
-4.003091510192119395e-02 -2.730032442284225508e-02 -4.950772366509230069e-03 5.645971777843422114e-03 6.288451416559388829e-02
-2.438026988510995710e-02 5.785426904478869758e-01 3.583405390415368708e-02 4.000396832318405660e-05 8.743820332550210697e-03
6.329009271054911179e-02 -5.739518933342279139e-01 2.798160774928179495e-02 3.235813341603135940e-02 -2.510530917844936982e-01
-3.904628099847387568e-02 1.417874888824140478e-01 4.777326313728930129e-02 4.554364782921285944e-03 -2.656892603178274623e-02
-1.083446382203615173e-02 -6.084504067531889410e-02 2.501920308362257442e-02 1.215995318196260062e-02 5.303269680733833230e-02
-4.245825722258123047e-02 3.263053015613887609e-01 2.548612721672804948e-02 -4.183916362817892247e-03 2.257211803460908509e-02
-5.302680605437341127e-02 -1.266384021962293216e-01 -4.257704091571530049e-03 1.798889979507752382e-02 1.013741634026717187e-01
-2.320824111369784032e-02 3.815669044865497850e-01 -4.004524283500050102e-02 -3.863628168305408700e-02 9.513323359593062190e-02
5.717785297672973999e-02 -1.628878590300674063e-03 -3.408768139060262131e-02 2.078618081878508272e-03 1.237811134012358344e-01
5.840592298525718734e-02 5.585227735106812127e-03 2.778277478870020203e-02 -5.375677707518389942e-03 5.953749948460396180e-02
-7.703166413418677250e-02 -9.882464688739218961e-02 1.476226264281457756e-01 7.234611385414040363e-01 6.499869814966262142e-03
-4.063126775700386106e-02 1.406776607666507944e-02 3.511806857920603958e-02 1.079803152506194838e-02 7.932868796158884517e-02
8.303647763826240910e-03 -4.505411792593272402e-01 3.145212354512887890e-04 -3.419030140807190546e-03 6.682036476317173776e-03
-4.461177821466635190e-02 -4.075266526014487134e-02 2.365793285814695238e-02 -1.151917838459778735e-02 -5.472969959052517014e-02
-4.565547804276424287e-02 -1.025884429607266946e-01 2.610895565543730479e-02 7.641665886252682095e-03 1.547024399087496560e-01
2.041592988494384669e-02 1.351478180925390175e-02 8.460109713927792263e-03 6.804908887542966342e-03 5.832614316473577060e-02
-3.276578395049700720e-02 -1.011506958394355199e-01 1.606038393922092633e-01 3.116418989824857808e-02 4.039509489809330750e-02
1.255039192051368435e-01 5.908050241933797408e-03 2.458405705443658228e-03 5.275767495369664342e-03 -9.920639860373361985e-02
-1.470123573470944744e-01 5.806624707065476121e-02 -4.317439320806652249e-03 1.626339636431324912e-02 1.120058139410263498e-01
1.215575914930292455e-02 -1.077659808779994483e-01 1.422273357042642614e-02 4.379302385372190604e-03 -1.318400315180369604e-02
-1.019393258106242456e-01 -3.682111530998805060e-02 5.613190589756622551e-02 1.723175099434720190e-03 5.141517204229933968e-01
3.749074243051572601e-03 2.914041995765936227e-02 5.290319388251519400e-02 -1.420188462420532705e-01 -2.531819730566486348e-01
-1.435753046775404759e-02 -6.156787534416350433e-02 1.575225221378486265e-02 -1.636444717369430271e-03 5.466980427253932684e-02
-9.018490686236536880e-02 -2.061820005417682178e-01 1.786822132648577255e-02 -5.795131624922428976e-02 1.547644873645114827e-01
3.795170056521344343e-02 -9.104589688498855582e-02 2.574534329802569133e-02 -1.307294545281125452e-03 -2.109991167289426359e-02
-1.001116943938566706e-01 9.902648276580611197e-02 -1.486771156702878724e-02 6.641495756121055388e-03 2.306781054246719032e-02
2.567715832987893521e-01 -2.835886662082153648e-02 3.078644160812646358e-01 -8.138534636220634555e-03 1.441487264501697396e-01
-2.075441747921096675e-02 3.382312787210085825e-02 -2.660280753865940095e-01 2.941866520638961643e-03 5.917624974919846043e-02
-4.768816553066822748e-03 2.275512842429617405e-02 -1.525518850896494250e-01 3.745086448401671597e-02 -1.770430548948960514e-02
-8.232142286882175586e-03 -2.503447026709260462e-02 3.972303039726550120e-03 1.579831770710829128e-02 -3.622588189225841443e-02
3.542230450466279934e-02 -5.877582980853358896e-02 1.070139827543343213e-02 -3.669610327920640961e-03 2.634337554302394052e-02
-5.075182639816417929e-01 -1.014230695095955509e-01 -1.622855716397351294e-02 1.041420459191342261e-02 6.478978375118971123e-02
-2.878014532359158828e-01 -1.075212462650370626e-01 5.574022932573823724e-02 -1.793928667103352956e-02 -2.640697792077642634e-03
2.527710215495731702e-02 6.891606040183157790e-03 6.573895922554794449e-03 2.701237500431504304e-02 1.319389267955987377e-01
-6.731956933503308038e-02 -4.215633319234286802e-02 -7.292805568083536583e-02 -6.178456906092689715e-01 3.462636175368260516e-01
3.925191669907049374e-02 2.480586377098898537e-02 1.339791242410195288e-02 -8.510430214343308111e-03 5.850050004672970733e-02
9.716817812468175192e-03 2.748616954679560243e-01 1.691988927537017504e-02 1.551238678453686626e-01 2.052658321979507483e-01
-7.490130109804253589e-02 -7.052261464800652080e-01 8.641362837641310135e-02 3.610609820039969442e-01 3.916223021628861128e-02
-4.128738127111493406e-02 1.163511517849525195e-01 3.356391604100028483e-03 7.393657534477480163e-03 1.447817175444131577e-01
-9.584855978990213313e-03 5.915696413208207903e-03 -1.068903744706724279e-02 1.265650550575345406e-03 2.565160436615049333e-02
3.002240732082826422e-02 -3.617659458631508063e-01 1.539614556686012131e-02 2.190101074332277686e-02 4.538423343803812265e-02
-2.220547273379820316e-03 -1.008815341886537958e-01 5.614812489182473970e-02 6.428876986391151085e-03 1.020648243669690508e-01
-3.017135193486238445e-02 -4.312682566418806207e-01 3.323326031499807542e-01 8.040886331485307126e-02 6.181374037894767082e-02
1.875396146139631653e-02 1.179793380016138857e-02 6.398403601404657748e-02 -2.190597849559579660e-03 -1.528511257119614941e-01
-2.108451266972162508e-02 -2.420050020813345817e-02 1.195031748294741493e-02 -1.865048921599855858e-02 -1.054343317315364625e-01
8.479912049743803734e-03 -1.805592659489009544e-02 6.421025890538579854e-03 6.501237675559358442e-03 1.524958891897442714e-01
-4.071320711210969778e-02 -2.401475978958299284e-02 1.948117186775664630e-02 1.030847548023829541e-03 -5.539488676513099411e-03
3.531508491347197520e-02 -2.312907293778520001e-01 1.627160489420167444e-01 7.119528924474514964e-02 1.086252990876591801e-01
8.285255647893499664e-02 -3.349986901602788891e-02 -9.751458199957084919e-03 -1.580504030222409581e-02 -5.869832587106525029e-03
1.316497703614348258e-01 -3.314757563220375736e-01 6.492449009444682846e-03 -5.730688445381553614e-02 2.737373396255537994e-01
1.790934552166699792e-02 -4.637507565493673850e-02 6.042195383549448656e-02 -3.751715382552031630e-02 1.302581530265079501e-01
-1.387620600643937711e-02 7.806145367184130768e-02 -1.218432754578792224e-03 3.552371955109459578e-02 -5.669638775546165244e-02
3.345066458292401262e-02 -1.109528460403014782e-01 -2.552613738926806305e-02 -3.783413580990777070e-02 1.844992583011995785e-02
-3.077068390855000612e-02 -7.593888467665010043e-03 6.431384469904767587e-02 1.099495991225944366e-02 3.718048397254681836e-01
-1.578819865836297853e-01 -1.179639411729373720e-02 -7.573488731262203455e-01 2.694624823565953606e-02 1.282302103185050668e-01
-4.092090013161518020e-02 -4.706395457919039238e-01 2.845144305406718463e-02 -3.284552884381941595e-02 4.603125405075535886e-02
