4.604264009234915189e-02 5.462398949889092359e-01 4.552996977413859003e-01 7.691218125377774495e-02 6.119753373913663363e-01 8.250372157665554207e-01 6.704777668320817119e-01
9.419486739553988297e-01 1.064946982127907837e-01 2.528329797990459538e-01 8.670744408096631162e-02 2.561499202099719597e-01 2.927029662860695103e-01 7.227854997987899210e-01
3.842677151234005217e-01 8.646186802529725046e-01 7.570241043737463427e-01 9.562400687031663571e-01 9.158710421589053574e-01 8.479641398730779489e-01 6.747264202275004008e-01
2.426572028665017200e-01 2.450405764605129155e-01 5.375423163661859904e-01 5.281382331639145056e-01 4.307392966682628277e-01 2.007857512981217063e-01 7.653166337453720658e-03
1.443656659836256573e-03 9.413122254667724009e-01 5.660609677400322282e-01 4.638259025967805815e-01 3.027872134410907190e-01 1.228170930125940252e-01 7.482771638354677179e-01
1.004721277814117908e-01 8.411053700890032125e-01 7.371358236031996247e-01 7.562254047853411709e-01 8.193074451669545288e-01 6.356904669382809070e-01 3.917274089382962732e-01
8.184796342920289680e-01 2.768552907683092812e-01 6.543614352533949630e-01 6.432037019969026881e-01 3.076161119249376519e-02 2.485010967526672943e-01 4.478551142635689430e-02
9.768212858322558034e-01 2.925820165325593303e-01 8.303372589597782794e-01 2.196097437760801130e-01 1.165479340291070143e-01 3.294447230074585287e-01 3.584238114799719321e-01
6.464944350919421545e-02 9.988478445563128139e-01 7.956573791446147625e-01 2.273298419339274679e-01 2.339228133173421043e-01 1.782151867482406615e-02 8.476854182677040495e-02
2.724537374627883368e-01 9.295182691318418788e-01 5.862541032142627451e-01 7.453990458762126403e-01 8.248130714201740155e-01 6.356573348280341040e-01 5.955515501791558419e-01
1.570836019501331560e-01 1.754148643213682135e-01 8.924020715136627979e-01 7.381138920986913821e-01 4.424341820599535513e-01 5.527098270605209640e-01 3.152943490655446546e-02
8.273329029009912627e-02 4.202579849035759096e-02 6.122419994362160445e-01 8.917628987017496289e-01 9.565031102128241924e-01 8.499296491944042797e-01 8.620794265751920982e-01
7.680407496410398549e-01 2.352275583206498988e-01 1.173552089191048919e-01 5.084591223556362838e-01 5.954267075879059457e-01 2.630042226125300919e-01 1.221045571508354577e-01
3.815095741656175932e-01 4.873548336565843853e-01 4.087113202942543877e-01 5.674869109365213715e-01 7.272754580415430326e-02 2.494326113545874968e-02 4.505469449841467133e-01
6.838677205557004424e-01 1.910919529308627851e-01 9.582536132200814016e-01 9.650755557799013395e-01 2.473985942830556617e-01 4.513551983921524346e-01 8.875653626731987433e-01
3.920767678830995306e-01 2.424331484874366893e-01 3.130997466626406212e-02 2.611262496697037694e-01 8.865729698850011165e-01 5.075933882961302102e-01 2.468571737956638534e-01
1.803500548849644725e-01 9.028495554778698251e-01 2.082247231021432388e-01 3.829508132605279336e-01 1.490355670290816059e-01 2.868394112797045814e-02 7.692664994916976751e-01
6.703893557527084157e-01 9.355777547542271089e-01 7.169680128117432716e-01 6.058773876857570517e-02 6.358688255117337373e-01 3.575931570631439849e-01 7.360118833981054154e-01
2.763402918949819931e-01 2.424132982473214959e-01 9.105786025882819379e-01 3.713869174063905154e-01 2.643775296983215117e-01 5.973146032404291761e-01 3.525682304291155589e-01
2.030606229460504286e-01 4.206438005881592002e-01 8.814172366457866392e-01 4.897147317600782923e-01 3.064390357877395665e-01 8.766566386189211801e-01 9.869527139658191839e-01
3.499275272010317073e-01 8.021235991922199826e-01 1.789460092951126180e-01 4.793220252998510178e-01 6.349999832402752897e-01 3.661500166890148122e-01 9.664803150914896834e-01
6.283088500150516564e-01 7.307505512235874523e-01 5.035730822769977078e-01 5.114553429277483021e-01 4.090638389989145196e-01 1.784916835214749309e-01 3.384030572000510384e-01
9.865231700229175615e-01 4.891617539698790429e-01 2.586650559528060889e-01 4.296837448510529844e-01 5.951265954878474096e-01 7.744968710479659402e-01 4.058027635833630908e-01
6.574818476605593931e-01 3.177512546158023365e-02 2.756048914344295664e-01 8.394551150369040649e-01 4.469798773630797584e-01 9.710843681794110172e-01 9.729780923034573314e-01
4.730221866107074957e-01 4.722012067253311685e-01 8.635523285755427603e-01 2.326594039942091463e-01 4.401190550406819391e-02 1.532498047511017258e-01 7.393607084652631389e-01
5.659937542945979727e-01 9.385198805992278626e-01 6.863093100149885162e-01 3.159443968122928048e-01 3.827066140822145135e-01 3.781058277982538574e-01 8.418161301213116232e-01
2.360737937139231191e-01 5.093092552609390644e-02 7.224865588991538079e-01 4.906482062219165163e-01 3.365777015501303371e-02 1.739790985438242066e-01 3.206570268959798575e-01
6.411835795654104997e-01 6.617522075267125992e-01 4.250989596233238910e-01 9.147210532723131227e-01 3.737200107043966435e-01 1.618835391942400337e-01 1.652060843314362426e-01
7.975008001777302846e-01 3.390926605851797282e-01 2.030706934457295887e-01 1.841285586639812566e-01 1.067149643705372908e-01 9.871435912339174834e-01 4.310178995170593774e-01
4.524647656058755629e-03 2.892027810982884528e-01 7.708217821829845828e-01 5.022682448603827954e-01 2.692797096965448000e-01 2.802679874608573485e-01 1.334418979843488007e-01
1.151659440072719809e-01 4.028082611012402392e-01 4.067968576150114979e-01 7.562266663787602372e-01 6.374909056032360688e-01 6.782780110989383715e-01 2.502421337862901218e-01
3.175630657537827917e-01 6.075594649325098962e-01 7.268991289217294760e-01 8.619791090702344505e-01 2.630828770286437468e-01 6.507012777233845968e-01 1.544111437660387054e-01
5.208365477558533074e-01 4.729277863766386814e-01 3.381198565790251021e-01 7.638042846266032138e-01 3.781686187356639861e-01 7.959588426287051988e-01 4.288739060871985531e-01
3.616312462998286792e-01 9.023040028377522503e-01 9.724436525404356324e-02 8.032930525843271496e-01 1.275117615438934315e-01 6.581906321682921002e-01 3.098453085083159309e-01
1.747236927811509632e-01 9.004378460750760427e-01 2.416315428038230406e-01 7.490982551913216714e-02 2.592373716768431313e-01 5.356900573932211751e-01 6.873643885518172514e-01
8.530585134368929845e-01 5.372285067900061106e-01 1.959247801946449874e-01 9.229041371418322814e-02 4.444862975904901869e-01 5.836273364797717189e-01 8.365717380135996306e-01
3.685859172540018047e-01 7.177674710169220651e-01 5.093921671549539454e-03 2.836515881995381738e-01 2.137777990317055732e-01 1.777838168708608668e-01 4.631669041339271375e-01
7.961880876209369573e-01 2.501549508719682624e-01 6.935484677900093375e-01 4.322874625789618896e-03 2.786346703581260575e-01 7.963644782997869598e-02 4.808110098768372254e-01
1.662183696962805657e-01 4.986606155953121622e-01 4.523850871593440015e-01 9.555314384609863154e-01 7.770553711155653298e-01 2.401541493578934761e-01 5.244400314991460865e-01
4.264249211030574083e-01 5.886426273116500685e-01 6.992584801496478653e-01 9.797730832428529490e-01 6.422315026037542784e-01 2.992464001084320646e-01 9.716948382946715146e-01
5.456003520239647298e-01 5.641955802158057365e-01 7.070567724744468707e-01 3.005912532977016438e-01 9.005377262790956738e-01 1.088630589640516844e-01 8.450057826058543498e-02
3.299297346954040977e-01 1.544635324480215788e-01 6.287275969257645203e-01 1.341940793016769273e-01 5.056642402218481935e-01 5.669450731456793235e-01 7.978725465744819223e-01
8.890183681328470700e-01 9.211960080044128141e-01 9.932050794409976735e-01 9.440544133901407342e-01 6.398128713159620951e-01 7.861562591078008477e-01 9.366328115679822819e-02
2.713726177796560446e-01 7.032773269945123973e-01 8.382242487760124261e-01 7.025994641535933116e-01 3.901203920733935515e-01 9.201723761132433177e-01 3.397018358473501420e-01
8.283445406083702611e-01 1.481607186019449074e-01 4.894331221151930755e-01 6.595373584551246227e-01 7.409444348921034873e-02 2.188976158904398783e-02 8.091233491908080833e-01
5.032588810064853035e-01 8.571553806566245548e-01 6.424896332154794720e-02 5.725027345365121256e-01 7.796074068239454702e-01 2.638900701180085795e-01 3.928987657983868953e-01
9.886757780287049879e-01 8.191942693226937910e-01 7.570014217279162905e-01 7.042781414540201235e-01 3.514635368566572104e-01 8.325319783672863183e-01 2.614919442207700451e-01
4.460681451017465271e-01 8.194822205608190968e-01 7.559125039118482769e-01 7.764199695812976643e-01 7.143577487960689476e-01 7.147202947015528496e-01 7.875354498653098778e-01
5.485143283922691015e-01 1.883363192263777242e-01 3.171447843988772775e-02 6.259808009444400856e-02 5.545425609562586455e-01 3.413918724731582754e-01 4.632683043071872397e-01
4.977280798227290415e-01 8.376388643738691409e-01 3.193899913358988485e-01 5.470554713070402419e-01 4.290281290311052098e-01 3.859342436092796369e-01 7.644855904568170768e-01
3.600043586754224645e-01 3.177806406219101376e-01 5.533334518969290627e-01 1.608086806454488427e-01 9.539317221958397708e-01 9.035327934318153620e-01 9.205133115845796077e-01
6.522862773286299820e-01 8.772233500139487994e-01 9.154293646870085288e-01 8.121227973681539591e-01 1.628451370459566006e-01 6.406926951318917540e-01 5.261528501485410736e-01
8.762563849359692458e-01 3.661019700479695160e-02 5.082074789238733015e-01 7.503194211149977200e-03 7.440500848444762116e-01 1.349968113580168882e-02 1.835164108720860332e-01
2.087468392034835807e-01 9.559266612168372257e-01 8.435831107714207855e-01 1.059847016280908161e-01 8.005620736746110744e-02 4.335231411507618482e-01 4.006015594876933816e-01
2.792709673623686717e-01 8.240406547695622308e-01 5.954838205183357047e-01 9.904083768721333447e-01 8.110146343111132028e-01 6.488387036081928461e-01 9.152513415129298613e-01
8.949835687170283327e-01 9.483728388612107096e-01 8.888961859162705093e-01 2.733677632951370118e-01 2.300570313318084370e-02 3.585863359339613865e-02 3.974450855443562025e-01
3.905219364588042863e-01 7.041919722406044801e-01 4.348933599984556864e-01 7.353856695321303594e-02 5.737274221161746679e-01 9.782211431207973318e-01 4.859353077436707746e-01
8.282410489909176610e-01 7.035705085393507696e-01 9.938074621434722644e-01 1.234186835900078494e-01 7.167623372286007211e-01 7.833760688726808530e-01 9.956368054234834286e-01
8.773795957843100179e-01 1.735120618516646784e-01 5.479558329596301292e-02 5.561640203309200503e-01 1.236844381456823072e-01 8.677622419813781907e-01 8.578319426215674781e-02
7.876626239880973879e-01 2.710079686551063460e-01 3.750416547273919265e-01 1.792200333678598545e-01 7.171318365785166460e-01 2.889166216479943650e-02 1.114383382770576247e-01
3.084847074556269497e-01 4.628777805897951181e-01 7.905378211832639890e-01 9.740143867166145553e-01 8.133540707862541019e-03 5.417485470562878325e-01 4.265766996273878675e-02
2.383141991429277295e-01 8.373549313057813137e-01 2.095778570480473224e-01 3.478850944782830856e-01 1.489567713640712610e-01 8.560016565584143144e-01 4.834161235190788108e-01
6.727011242895566401e-01 8.379528886244969055e-02 9.902993706230857063e-01 6.996096076636066918e-01 3.456400709145346362e-02 4.844968627002040895e-01 1.415181261304740978e-01
3.925366555981730787e-01 1.459265955165556239e-01 1.273554381608824615e-01 7.053111439248643810e-01 3.260474483326394335e-01 2.963967011079093883e-02 6.007958644919412228e-01
1.941407033181516972e-01 1.280838072743144540e-01 7.344216175333497798e-01 8.971898666894462249e-02 3.920377327071882245e-01 4.061592499249132571e-01 1.715842036042611873e-01
4.305484273275017593e-02 2.391902357580940608e-01 2.970841581169667567e-01 9.555625720767607634e-01 5.061452489621112161e-01 7.586123007462016732e-01 5.122431051526171730e-01
1.276949465163393915e-01 6.788476957127811406e-01 5.750191280199012933e-02 2.258859353202384845e-01 4.217387978281488259e-01 8.392639036773640315e-01 1.757247325052299081e-01
9.232885807317285920e-01 3.752360353295579598e-01 8.442639381683351152e-01 3.435686661667997077e-01 4.682453149708261098e-01 4.511879674433312282e-01 5.860964684767173694e-01
9.641231665544774954e-01 8.195295226130960842e-02 6.574553457883921537e-01 7.671793531531690968e-01 7.155788882345047730e-01 3.601289996857766074e-01 3.622355748852643664e-01
4.558667030919903995e-01 8.642679127241086334e-01 6.969053120967226844e-01 5.813948807739303115e-01 9.445681074662337640e-02 4.343834620022243298e-01 4.904615510365837316e-01
5.440038553506553187e-01 9.026308228097711384e-01 4.202418290890468366e-01 3.916271405710364251e-01 2.576129968921969660e-01 6.155164089172455721e-01 2.887531736185564579e-01
4.794062893128747671e-01 1.997837567633740097e-01 6.452157034964103310e-01 1.312766563635381356e-01 3.206555344675744434e-01 4.147709603501019693e-01 2.565757909613498589e-01
5.727053537799725591e-01 4.640126340681047790e-01 2.526443748718697480e-01 7.391169441851185296e-01 3.406182366622151347e-01 7.917010035374694166e-02 4.637466392811773197e-02
5.440648864824466635e-01 8.628107349678548754e-01 2.158111583302353420e-01 1.901330048262227512e-01 2.307076261021592245e-01 5.596889915991318798e-01 8.329343752197742035e-01
3.515758079828655847e-01 5.562299088173412454e-01 8.603756590088531553e-01 9.658693332734746839e-02 2.774117385495227239e-01 7.222433624399468011e-01 7.756177838861865181e-01
9.511701108788579440e-01 9.496722305026643607e-01 8.673814256039688031e-01 7.449066620336324274e-01 3.041035868014714261e-01 8.321943337451059852e-01 4.160546919340509797e-01
6.761293532195471467e-01 1.312031536487097139e-01 7.385794170177406581e-02 2.614538904867572677e-01 8.395941896904258739e-01 4.866756394427839139e-01 6.316310867152774566e-01
9.247112084150862499e-01 5.212456180271877182e-01 2.002336115558664975e-01 4.828068603347999144e-01 7.915389912019118457e-01 1.453430046659132113e-02 9.486769195504628494e-01
2.406293498860669899e-01 8.386106033598760279e-01 9.904808687215803653e-01 3.807452108138763558e-01 9.522416704624775408e-01 5.259958599986426231e-01 4.118322055435741369e-01
8.345855050133255126e-01 6.082178728287713776e-01 1.110837770687045367e-02 2.852918851680827927e-01 2.909118274779398661e-01 3.509966779563699069e-01 1.554029907750635875e-01
8.028236234939223337e-02 7.722256013450168322e-01 5.087598979354591711e-01 9.025221929001809862e-01 8.490192127224215346e-01 4.229015180736498403e-01 6.688807539765140309e-01
3.319854090071883146e-02 3.804352165478623871e-01 6.237691411911688855e-01 6.010374201233978919e-01 2.780488716948712469e-01 7.358209748510308179e-01 7.751193038165670179e-01
6.050063021760345716e-01 2.795002080501041153e-01 9.252027223695803437e-01 2.469844161987059250e-01 1.415951302336477813e-01 1.929434735811903501e-01 6.585206416319595579e-01
5.245224025351495900e-01 3.026513569958032557e-01 1.167036310101293717e-01 7.600961936543185749e-01 1.180382475412000698e-01 7.595221878071506394e-01 3.829791785292268047e-01
8.665306736540346888e-01 1.337024439152855182e-01 1.302766440697454842e-01 3.866769485478220858e-01 9.396437439886722309e-01 4.648996521663506520e-02 4.387506083425740666e-02
4.780101913797029090e-01 8.148727495483814032e-01 8.376645775935265270e-02 7.020076713991098005e-01 1.264990988645885439e-01 2.734820688705830172e-01 8.178854313972493406e-01
1.914062492122033943e-01 3.548829380944209522e-01 4.783089599570866657e-01 2.150552284370887968e-01 2.309610575867396820e-01 2.238987973795756314e-01 1.510287430872153669e-01
8.385002212522646436e-01 6.071016966448901098e-01 8.337480044124443435e-01 5.660933846799534042e-01 9.449071616139625984e-02 5.790575928208141487e-01 3.348578898496213929e-01
7.070037319880891902e-01 1.553184559031902667e-01 4.473052887595724281e-01 7.281112741688228196e-01 5.759195782489386906e-01 1.165154197464501884e-01 5.591817473495050983e-01
5.571634072389393122e-01 2.645849227747342214e-01 2.534705558572009076e-01 6.058685738032203449e-01 8.007914479084157211e-01 7.556881969356310513e-02 6.583402147541435045e-01
2.672712658588746182e-01 5.141536658995756737e-01 4.155083522956093400e-02 3.463143356265885320e-01 7.768505522853947909e-01 8.057141597113437470e-01 1.064208425165813487e-01
3.539638033230980696e-01 5.140229050216423845e-01 7.045451046937923900e-01 5.141718352209684317e-01 3.775757716141581177e-02 5.885594367084135969e-01 8.886926413364345523e-01
5.505653610478041804e-01 4.963154878727903396e-01 6.802715261640714939e-01 7.726505145259120466e-01 3.380439015759928445e-01 2.918811692173093331e-01 3.936473417697619048e-01
7.044906995999460353e-01 9.357550243784645838e-01 8.628879890813483389e-01 9.803708449654580104e-01 3.682947343476755675e-01 3.864288489504236201e-01 4.848621785617581725e-01
4.189098058557164661e-01 2.839273982019379083e-01 6.925352250076467486e-01 9.139376345692894477e-01 4.216156219482083412e-01 6.299623149432143077e-01 7.789508630297017344e-01
2.539569214533275998e-01 8.036875343329807908e-02 2.909599375938703991e-01 1.634549904695332678e-01 8.256327283625717328e-01 9.912047985659516725e-01 4.153554384946127609e-01
6.743522578787086719e-02 9.632712192315748823e-01 1.143053724582725472e-01 6.524167178476840689e-01 4.634632314816300447e-02 2.365514874890594088e-01 6.340754262331955715e-01
9.027798978938333940e-01 7.150184369269729778e-01 2.698731031806687053e-01 5.326669196728118783e-01 3.535311541748163977e-01 5.883355378798794666e-01 6.721038443963756048e-01
5.882432754343653869e-01 2.968176582140996667e-01 9.604628202480347543e-01 3.543282496417362593e-01 7.070009097056411118e-01 4.853816380586238877e-01 8.887409149220810711e-01
5.464988798475737264e-01 6.708193246223359552e-01 6.883154902699397670e-01 9.667277666084223009e-01 9.126711379077009356e-01 6.227743543537545001e-01 9.235525429865975022e-01
