1.619572575526343483e-01 5.116640730150511240e-01 8.514897967505260512e-01 4.533550198055791292e-03 1.638932777986021883e-01 8.166150115220227601e-01 8.878861539535216618e-01
7.699680380477237351e-01 8.317978421377567599e-01 4.451122895899565224e-01 6.890292416549300691e-01 9.416650525863299315e-01 6.585093463264946045e-02 3.297766100217320862e-01
5.996964769578142507e-01 5.821653152623665894e-01 1.045057515732954467e-01 2.830744266391327368e-02 1.697572207678905709e-01 7.700684361329629413e-01 5.763449363555729343e-01
2.139607927245551489e-01 7.835392969188503809e-02 5.623110464105762762e-02 2.135417490218791681e-01 1.106410072542132195e-01 2.347687722388422937e-01 9.921321048231911410e-01
5.813531108053429097e-01 8.049867168523419103e-01 2.919514027679637191e-01 5.447593315909078360e-01 6.612975147965576284e-01 1.283805053696506215e-01 4.607084661660421077e-01
8.829863802743199708e-01 7.074910939800904686e-01 7.100212705048641881e-01 3.815924210190674293e-01 3.377682835889965762e-01 9.359515819343755538e-02 2.395032929532304733e-01
5.963397387237022729e-01 9.115714460476997960e-02 9.105913375037264501e-01 3.538929037931892729e-02 5.234872261479330824e-01 1.540674664899885915e-01 2.373520109456960236e-01
4.603297473028862274e-01 6.138825865923025482e-02 3.032806026971957003e-01 4.382034847993775406e-01 7.689749030242967187e-01 2.146907987181930766e-01 1.468413299095607805e-01
4.034323238770107789e-01 9.150623803128536959e-01 2.443720815527616885e-02 1.391627979630625234e-01 4.872330689002649651e-01 1.596889612885131760e-01 4.984213323306896370e-04
4.371392912648346396e-01 4.664063498239888750e-01 1.672173463195968379e-01 8.724168076983964681e-01 1.835276267955630036e-01 6.545492539014577948e-01 2.562185617223136092e-01
5.724098762491611758e-01 6.609168964380065514e-01 1.676080941134548974e-01 6.884918956816910018e-01 9.708972630939600723e-01 5.859526535303231087e-01 5.610942415101167757e-01
6.409721386380916597e-01 4.353695041010413602e-01 4.073383742616899506e-01 6.100580048966003366e-01 8.929055971003262426e-01 6.322887619642931778e-01 1.658459532459666264e-01
9.315342430117113937e-01 5.271307639605784523e-01 8.331417798255813523e-02 8.500308011896775540e-01 8.299779989115094736e-01 3.136298254881643155e-01 5.712386871811330202e-01
2.242753779360905364e-01 6.363866526900132659e-01 9.784502096344294131e-01 7.129901912924855312e-01 9.543542099068923479e-01 5.804233118650077294e-01 6.266279020598275462e-01
4.588381156240159964e-01 8.390075579371510939e-01 6.156651854066119700e-02 2.847770865601896295e-01 3.172549854293967853e-01 9.965047976673566676e-01 1.007223002474501028e-01
7.579748543383540982e-01 5.470389785955086515e-01 9.127381841773973825e-01 3.352562170606160352e-01 9.027775963322413055e-01 6.010850019219806661e-01 4.224252352027656476e-01
1.405126276834171017e-01 3.949442899032828969e-01 7.146842845426811808e-01 2.336531437582457515e-01 2.492186092351978965e-01 7.990788181263542844e-01 6.683409192536279297e-01
8.901332610945842383e-01 9.086640283794478190e-02 7.190622219378109969e-01 8.571376888621895507e-02 9.526649107756097745e-01 7.285977924608105782e-01 5.151359494181062537e-01
4.906432579112713910e-01 9.340626797267548298e-02 9.421369093626997815e-01 8.669656058393878650e-01 5.562707427293895890e-01 4.734528651097547058e-01 6.155012821788924393e-01
8.974610496079991062e-01 4.007218433917084655e-01 5.541969730133072813e-01 7.340765700353996115e-01 2.414537094851215704e-01 6.558154634645891878e-01 7.128353166233823979e-01
9.357985815680094355e-01 9.441163957838835108e-01 3.382752127153707544e-01 1.652719318942668103e-01 2.394293409917553905e-01 1.744040926496860378e-01 3.235157227509463107e-01
5.785140179545910089e-01 6.174003241632445294e-01 3.330343637252892730e-01 7.923996620780280331e-01 5.978069798582446026e-01 8.950645135654956563e-01 6.363072410411217961e-01
3.004241761111563491e-01 1.740533126421375254e-01 2.148353986687481232e-01 7.622492485114613636e-01 1.783087989729196243e-01 4.949219623379240707e-01 1.361979225670860716e-01
6.562772070444579109e-01 1.648120883155329564e-01 4.411970946574617081e-02 2.562524753791878274e-01 4.617034050536263923e-01 7.381578415130407578e-01 4.183971972416757890e-01
2.811326553780191251e-02 9.769521517115292708e-01 3.988853771214710964e-01 3.743999778887175944e-01 4.769606602040619148e-01 7.857191577955872086e-01 2.517447703826081185e-02
8.942063842388253692e-01 6.412134229983258438e-01 5.294384624399504080e-01 9.383644403786094434e-01 4.510448052408990716e-01 4.390375088392434177e-01 6.697716452666149234e-01
8.265204980451746897e-01 1.808167261866535647e-01 8.868223092960607623e-01 3.619443282062109191e-01 9.152947369187112159e-01 7.249124000434535864e-01 1.736213104822281750e-02
2.652134928569956918e-01 6.841193747728115948e-01 9.253058713737313257e-01 8.447793742906223313e-01 1.252659646388409875e-01 2.036837049629290908e-01 1.184630906461584532e-01
6.948661951592921548e-01 6.736217719640349433e-01 6.576861150786262877e-01 8.078981587221890637e-01 1.130518622274356844e-02 3.390015016621910071e-01 3.012794018741884461e-01
9.362887049975228138e-01 8.165165509944041222e-01 3.209083582943573765e-01 1.266246633996548354e-01 2.609473139498199590e-01 6.221075557612368856e-01 2.155237206943199091e-01
2.781819946309618263e-01 7.264863601385699310e-01 9.582297252191875891e-01 1.361002367076749042e-01 4.152915525865485957e-01 3.432512866022263687e-02 6.879934234982227892e-01
7.611495290672166680e-01 1.463922122591061470e-01 7.593361012331998339e-01 8.661569978690092375e-01 8.624150452043867210e-01 2.161628112792438605e-01 4.442188580946485610e-01
8.505485410579953776e-01 4.038411460086474003e-01 2.680299694846103309e-01 6.565573951622738491e-02 1.423587937677942561e-01 3.711703720924663941e-02 1.575644174034820377e-01
7.605230235160376218e-01 2.415661252859477859e-01 7.330558382926695149e-01 6.012922040284491842e-01 8.361853649983737036e-01 4.451480434705242795e-01 1.659404908235088127e-01
2.422142691771971279e-01 9.029936275819054892e-01 6.900768446732611361e-01 5.133972654005536373e-01 7.720638213843448172e-01 8.349092553156549634e-01 8.326616375528750336e-01
4.920284007179279717e-01 8.011915089262958700e-01 7.302703889740035370e-01 3.768860447212774023e-01 9.540262925971515484e-01 1.974376478578472316e-01 3.886780707976936755e-01
7.694161163758838073e-01 9.299394106361245083e-01 9.963568455427381787e-01 2.150186852585035391e-01 8.036457650899327954e-01 1.158721049400598391e-01 6.306470884548460720e-01
2.071209007267896807e-01 3.541420324462087876e-01 8.071121358448840599e-01 5.919802918188621366e-02 5.380953396785959075e-02 6.899258699008680162e-01 7.309588667013221519e-01
9.881867408637249328e-01 2.252199026417667227e-01 5.289558279008536035e-01 6.833515970806969264e-01 2.198024790772556969e-02 6.383663083037719455e-01 2.745032291654863066e-01
3.381585541393585803e-01 8.050566096487743462e-01 4.292338054672184544e-01 6.402564746582112276e-01 8.500261646750825184e-01 3.170943083286452691e-01 8.118420330162964271e-01
3.011950378679948415e-01 9.306520051586497644e-02 1.411377623541870685e-01 7.727042873305093318e-01 6.905536459311618636e-01 6.259641575068555230e-01 8.564575919185168917e-02
9.444272619745697206e-02 5.686057421460907202e-01 2.317919133275573307e-01 2.804183462440510421e-01 4.451213576638549663e-01 2.592304104705797085e-01 1.846039499387364113e-01
5.160854317208767306e-01 3.370796206954191909e-01 5.966259635210373613e-01 3.858735534051855876e-01 2.484166937968786959e-01 3.563090871101940449e-01 1.996472292940587590e-01
1.919425491967197139e-01 2.267302919061805477e-01 1.905388383039815503e-01 9.324285904048349449e-01 2.064890359778445150e-01 5.584955503037086766e-01 6.399041192145805690e-01
1.021164662096792908e-01 9.104336165628221789e-01 4.239405645085935204e-01 2.701997500180797207e-02 2.047521232442818251e-01 5.758073325915702423e-02 4.737021085105086460e-02
3.356900256983019748e-02 3.864521516093697429e-01 1.567012881207736630e-01 8.791772156341620681e-01 4.232686738950464100e-01 8.112585031056205320e-01 5.491156175382087001e-01
4.884886196213907850e-01 3.461096196100088562e-01 1.523032209013522875e-01 8.730362720710874713e-01 7.574903405393551559e-01 6.777796805056077734e-01 1.641809029224170491e-01
8.570458083153549289e-01 3.405597674432894184e-01 7.045546454616222753e-01 1.127755919564497056e-01 9.852773838892602276e-01 7.925178457026466061e-01 3.679013574382526963e-01
9.284797845722942977e-01 4.419562501793464770e-01 8.079170933835219115e-01 9.584702168923350252e-01 4.070918474649887209e-02 2.589714300765368904e-01 9.375833087879174021e-01
5.143101038146394854e-01 1.049623707266506001e-01 5.427744802734911778e-01 8.040595228308695663e-01 8.561907928555271274e-01 7.589202774553669428e-01 2.352127732925933801e-01
8.641123126108027908e-01 9.821137001021736923e-01 8.254050217517712174e-01 1.227638008388344248e-01 6.409343611147474418e-01 1.601686681314324900e-01 4.565691598191570222e-01
7.864510346948307973e-01 7.204020382322984251e-02 1.577799402528408113e-01 4.906943049260037437e-01 9.843655314984627314e-01 5.857746482663124254e-01 7.233438525844260170e-02
4.946113022468691112e-01 7.919854178655217902e-01 8.856052804912490917e-01 5.682071422574378472e-01 8.478701493276172840e-01 1.781656518994734206e-02 1.990253502465019197e-01
2.630147030054104107e-01 4.826821938967509329e-01 9.830723120250675073e-01 6.338397417657227750e-01 4.074222466221913974e-01 7.233323454664042362e-01 8.201627812714699095e-01
9.580677014712930539e-01 5.288603537844609459e-01 5.942016536139704819e-02 4.406940716532038449e-01 6.848677723609520873e-01 9.593542766950602374e-01 9.074091798256512797e-01
9.600114334703768737e-02 2.203779406443712174e-01 9.947592058250551705e-01 5.952898485635962356e-01 6.966603481816270316e-01 2.914310222114699922e-01 4.875497221777420620e-01
2.630670706450048968e-01 8.277326234172371899e-01 7.012896094080082188e-01 9.233422048197102994e-01 6.521047111160355181e-01 2.536578645482404637e-01 8.221540601299441864e-01
8.185087417555636513e-02 3.632720153986060962e-01 1.011970836508280236e-03 9.764068261344355237e-01 3.635191456211372962e-02 6.553032323070473453e-02 8.644934104683853482e-01
3.231413681634114354e-01 7.047076693465319508e-01 5.834042235987881853e-01 2.777670828449079199e-01 6.142268997596005420e-01 2.290205573258397020e-01 3.914569732573237593e-01
3.300149757179436927e-01 5.322484347029922125e-01 3.578832908672446855e-01 6.316572258409791640e-01 5.674837666381565837e-01 4.654441014948806910e-02 1.762994076391534159e-01
1.395690173966962488e-01 9.273298432312905293e-01 5.037509588158853857e-01 2.444474319151193065e-01 5.284432382431694109e-01 3.388549550418145095e-01 2.601978332638136271e-01
5.550823035522789439e-01 3.424650961738884281e-01 7.931687331121979323e-01 3.482300381223193408e-01 3.674762838709710877e-01 4.964480967492602703e-01 7.618318153649017432e-01
4.326140154309745522e-01 2.131576888209757437e-01 3.191023762917288842e-02 7.805942903836194935e-01 1.035794485140031362e-01 2.088049029065618400e-01 2.056157455587855898e-01
5.785126526531562119e-01 5.283838006073839910e-01 9.312898470687526187e-01 6.721261166915821761e-01 3.998133938550285649e-02 4.355828829772449007e-01 8.075228028585572648e-01
2.850512508640596909e-01 2.787050841342497698e-01 2.496272278408904199e-01 7.105973067604006710e-01 9.868065144919061504e-01 6.146368439682747820e-02 7.525072537388941551e-01
3.877437162247872049e-01 5.593185678110049741e-01 1.671344659313800385e-01 1.621541630404694789e-01 4.522097878620612299e-01 8.635857689204717857e-01 5.798706231723861348e-01
6.891797610130803164e-01 7.056960540186705266e-01 9.241632231250745955e-01 3.464717479533977462e-01 3.282603994316029006e-01 4.535359590287246778e-01 7.046650463600492298e-01
3.131782998911534222e-01 6.687063302627004324e-01 8.135155873888372247e-01 4.070440984467407208e-01 9.607666807777933693e-01 3.327077175203401183e-01 6.030100096120522002e-01
2.549050890961116478e-01 6.879173419556702251e-01 4.419671471928694473e-01 5.902844391762850362e-01 9.604184600084918477e-01 8.514937614221607109e-02 9.852632814988766530e-01
4.763962469538211009e-01 3.308569957281832785e-01 7.437646201435343940e-02 7.002524401852948666e-01 4.806676741114563889e-01 5.830557485523650829e-01 6.776189553748739325e-01
8.346635040598910926e-01 1.612536789048011343e-01 3.862764773755440473e-01 9.456897004883170199e-01 1.062950206135531150e-01 6.377358206413263897e-02 7.643715245456651486e-01
1.377235501627005476e-02 6.213693642372686288e-02 1.661738669690567827e-01 4.922659038269161513e-01 6.103419974813972804e-01 8.091870853035694200e-01 2.229926206485484119e-01
2.192369255366600767e-01 9.086831531037745657e-01 5.438119852596042803e-01 4.219605909904924346e-01 5.197283338922052964e-01 5.556874415987944626e-02 1.647498147671431212e-01
2.907937074322379800e-01 5.587733918520862986e-01 7.682077824357091966e-02 7.698294913703788156e-01 7.661069217446833113e-01 8.942997127101297572e-01 3.887559667256265117e-01
8.340150438600153482e-01 9.706603938489101191e-01 9.120885215200685847e-01 4.029004945266134730e-01 5.770612293577132013e-01 2.009555290538160843e-01 6.424793625544674702e-01
6.373887092559135104e-01 3.084527149452065409e-02 3.491258584576122370e-01 1.359153741557760364e-01 1.007384237863617749e-03 9.532138991563867680e-01 9.553828201651931584e-01
8.374594908094158408e-01 8.457532465231868413e-01 3.878383191279086706e-01 4.771571682639303980e-01 4.411972011005714789e-01 7.722834101181592636e-01 6.075071223194453696e-01
5.346295765266610989e-01 8.420541907135763449e-01 2.645479315268383091e-01 8.060752493800271701e-02 2.793416329169701173e-01 2.862622985425297140e-01 8.886512679369780177e-01
7.440842290742458731e-01 6.026237635154025885e-01 6.882245712343211252e-01 5.713713957353125927e-01 4.100896428738352029e-01 8.926000740730211103e-02 8.309965251201933967e-01
3.481029366189299923e-01 8.598576187314077579e-01 1.543435521324659776e-01 2.675664427542023827e-01 6.570545571194186252e-01 1.688559027283572656e-01 2.996755867975829934e-01
3.583778105225154942e-01 8.783287206932275382e-01 9.511483376700602399e-03 5.473970290642139469e-01 6.238839305290859727e-01 5.337187425463153501e-01 5.050557474022513427e-01
7.108746199557122170e-01 6.885824428020511645e-01 4.963700567056599233e-01 7.678117378858433373e-01 4.598043320992037941e-01 1.804222550197491781e-01 3.372104659384446146e-01
6.076905715096858618e-02 7.731204232368139584e-01 6.062801695499558940e-01 2.885177510991879801e-01 3.274425224466882556e-01 8.508572151011510876e-01 2.193809108009581177e-01
4.256014829870934379e-01 4.325699978456915007e-01 5.497218183874434949e-01 7.744905365503101935e-01 9.334781548822845831e-01 9.794118952145766110e-01 6.533344478620813911e-01
3.275151945686856081e-01 8.644189680772396134e-01 7.542413505111245087e-02 3.307661409623052773e-02 6.596487029298727656e-01 9.285709685461884799e-02 6.334448695524989015e-01
3.600022529619303358e-01 8.661016938644907626e-01 6.191533015492767245e-01 8.060287516431382526e-01 8.390500219621810363e-01 4.952786827797780456e-01 4.885275543157066025e-01
7.828796843763632385e-01 9.193612670262421016e-01 2.881701836015149176e-01 4.206827011110456649e-01 8.406033319924924863e-01 9.596501060456008592e-01 5.631257117506017762e-01
9.246242473428216702e-01 2.276716447328506199e-01 6.367793789013176387e-02 8.327267057436930076e-01 4.840409846032086572e-01 5.869377627554501764e-01 4.392613053689942149e-02
4.800756120947680117e-01 2.131081529426283039e-01 3.306697020017744792e-01 8.740178663738584763e-02 9.752400384755676166e-01 1.786146420950931457e-01 7.829859909803221774e-01
2.671720378368568349e-01 8.695686314016696228e-01 3.677340650472900041e-01 9.307594913992004448e-01 4.378523590252731967e-01 3.756168280279980065e-01 2.162440735730625230e-01
1.017324157539831742e-01 4.946042006520888767e-01 7.474188455457302371e-01 9.528586797463752811e-01 4.699505493085315289e-01 1.926304078926389662e-01 3.763071181947653665e-01
6.397159641782734774e-02 6.861692216945403100e-01 8.551073643215515441e-01 5.872493652113264240e-02 9.018740092499605288e-01 6.230368540945874223e-01 4.681390350850793691e-01
2.747415844952922903e-01 5.770216454911675230e-01 5.620925908716125630e-01 8.256891921418921809e-01 6.413999377616318442e-01 2.885404472879882221e-01 3.614052488332415436e-01
3.088546405062604361e-01 4.166463164904170569e-01 2.119005997075363856e-01 1.362596753713362085e-01 4.318186343008260097e-01 5.279691520989234776e-01 3.302414772148728472e-01
1.755723890394966791e-02 8.386843280050719773e-01 9.063431001367389106e-01 6.283835043658255737e-01 4.166600278142398306e-01 6.484349854980977490e-01 2.170166127073436257e-01
1.836368608624447951e-01 9.633074094297359169e-01 7.340656497182729279e-01 9.394018009695161986e-01 7.671497874290017505e-01 3.189136161556144211e-01 3.382728712802335336e-01
9.829260573453216798e-01 9.698446806410189192e-01 5.384935349279815764e-01 2.772946483481333324e-01 3.220906702525517806e-01 4.005082878163506166e-01 9.136042264623545073e-01
2.316240036143025760e-01 9.318358921755509616e-01 7.488400521110368802e-01 9.283420424364611234e-01 3.366696652427186853e-01 7.356785016186038195e-01 7.625763409490364797e-01
9.662535042825041165e-01 6.623238240393780618e-02 6.538903511327430751e-01 2.919596371023648329e-01 4.947497417245408924e-01 2.434029875393084463e-01 5.632189834944951734e-01
7.111114489095523572e-01 6.688333844972719211e-01 9.795676591764286290e-01 8.793534746058906393e-01 6.288294031940392381e-01 8.834059009073483848e-01 8.631257117513105870e-01
