7.009312995728150808e-01 1.100153192843922323e-02 7.255616905808164319e-01 8.387222016843579597e-01 4.255854647466106311e-01 8.674361554943479380e-01 9.575485780654975354e-01
3.736935556364358035e-01 7.696588718660675177e-01 1.613439703597576713e-01 6.197924495890827501e-01 5.427826709317685738e-01 3.492474631478300617e-01 2.218493316484441147e-01
8.462564046228249204e-03 3.951202278598087148e-02 3.640274301298328519e-01 8.218371944331470669e-01 4.452705112735969584e-01 6.954651871676653663e-03 6.766084137773612506e-01
2.310782401781115158e-01 3.247310903764450973e-01 1.340210944754830491e-01 7.534908835811282568e-02 9.636661827084537224e-01 5.349798487883306031e-02 2.958111400492009491e-01
6.603927843853182322e-01 6.560851633368162128e-01 4.672646515197208528e-01 7.825946922690831808e-01 2.626704717787358145e-01 5.725521962204024318e-01 8.333295720555693453e-01
1.717149880094462899e-01 7.185596251525524503e-01 9.645037751308012108e-01 8.277207736269149851e-01 1.020524661691841750e-01 4.751949782687659996e-01 8.948140104479371804e-01
5.134158794741475740e-01 4.951069145913314928e-01 7.182446174349615964e-01 2.066220586798291903e-01 4.719265908760426065e-01 3.368967022514779419e-01 6.204114383888993389e-01
2.652444719702836684e-01 7.836064056814499024e-01 3.476453599076454459e-01 1.259529972755426552e-01 1.093280760525205952e-01 4.313444923109223117e-01 1.285925714151049393e-01
2.763811672169219635e-01 9.875093122366471743e-01 7.971744099963752328e-01 2.248078582582120344e-01 7.608842022680700756e-01 2.253938895607021653e-01 8.069307858838936642e-01
3.213845770074252872e-02 4.962481264714749818e-01 8.681228347545552060e-01 5.859260589096915162e-02 4.384646416546952308e-01 6.212052655301101289e-01 8.612280095575762795e-01
7.502566113115998192e-01 8.842230954482818150e-01 2.796105701166871071e-01 2.929020722575383928e-01 9.456797169906031586e-01 2.580478883774439680e-01 9.607580454566682082e-01
2.806275634613448755e-01 4.985697983601093952e-01 9.942529575680917331e-01 2.567640267694681899e-01 3.517442778888068000e-01 2.869772378075570174e-01 8.917702005884308170e-01
5.756050635533626059e-01 6.987044722433948252e-01 7.170592765671385260e-01 4.735390871649052258e-01 7.881185363457657855e-01 6.598212353717817225e-01 1.036442558343642073e-02
4.413981390168028041e-01 4.118922690369679618e-01 4.913480474157285727e-01 3.084857627962915849e-01 2.448113600461880868e-01 5.670311513975874185e-01 9.040427052680731768e-01
3.932666896519039224e-01 6.381124675284677306e-02 3.943924619605090331e-01 1.002369498843063145e-01 7.904231121815832317e-01 7.111743459748504081e-01 3.375244682542345442e-01
4.788710376078222364e-01 9.784581966552270416e-01 6.834148645966360291e-01 7.052465594111620995e-01 4.008825358634315883e-01 2.753178329703761529e-01 1.984907040305194936e-01
2.447062117523096658e-01 3.773069606046876023e-01 4.248701564395644947e-01 1.183035735480063577e-01 9.252190390674397413e-01 4.814214562607604941e-01 1.243598228415931928e-01
4.584045087329685630e-01 3.123412123456560385e-01 6.460957590936400319e-01 5.943728135548325131e-01 5.265922472168081958e-01 5.210235600056234428e-01 7.575886529725940344e-01
9.843301490493024941e-01 2.812330609991643415e-01 8.657395976731675491e-01 9.059598225080255363e-01 5.184526924127996761e-01 7.980004123850724662e-01 5.779949433162420158e-01
6.489151518473896818e-01 5.560284798824348673e-01 6.190337297752528389e-01 4.821789877690131343e-01 8.442027137589248609e-01 9.315069301514623534e-01 9.486786002063426482e-01
3.168612554000335146e-01 5.550517317117394933e-01 3.747688337557364413e-02 9.575115972666132791e-01 6.360568723598177820e-01 4.024161210703970371e-01 8.738015872104043513e-02
1.020984114251707320e-01 1.741498532424935464e-01 3.049444086814477872e-01 9.080734881362925170e-01 3.213544100833385375e-01 2.980094217697287773e-01 4.262110862313166493e-01
9.666749803188525725e-01 6.884885974225629646e-02 1.766709390044846062e-01 9.669837165483078367e-01 9.332923775892357776e-01 2.043461499151142391e-01 7.367314155340684012e-01
8.252923958618607614e-02 1.503523453172308511e-01 8.716704302927524850e-01 3.615181509335696486e-01 3.420242543822761272e-01 8.284606568558233741e-01 4.242162658100465666e-01
2.846194250247406909e-01 5.528953970714338695e-01 2.086319808844314672e-01 8.393010663553810424e-01 3.314470657293221434e-01 5.051944821003233610e-01 4.075622405830869877e-01
4.230584660300366062e-01 3.728808415035507196e-01 1.832057087498817349e-01 1.977236058799007878e-01 2.798292798865376074e-02 6.157435157184477648e-01 1.987636648481830859e-01
9.851822858869100363e-01 3.087881987744212076e-01 2.638033286380586651e-01 2.890196524132478961e-01 5.602752660462292367e-01 6.415179628810018242e-01 7.486034975503028654e-01
3.297556933556963221e-01 4.940798333434948120e-02 9.051795995848928023e-01 7.640084949101522138e-01 4.313037038661030609e-01 7.797524142348439824e-01 6.949968579928212931e-01
2.881532137113047565e-01 3.480064199966962368e-01 1.618321012389679625e-01 6.848231275169106569e-01 7.771510265753034385e-02 9.353492847763670293e-01 2.160933778370168756e-01
8.366287552255448068e-01 3.333307629467715527e-01 6.375184164289660060e-01 8.341503651190054214e-01 2.968177264685748495e-01 2.571604819966124555e-01 9.383698948827926545e-01
8.302577070706553819e-01 3.873235953167916135e-01 9.544839517347247781e-01 1.988332539288480971e-01 1.254041731669097715e-02 4.133404668034991181e-01 9.190365216133581372e-01
4.524148313442819536e-01 3.293219454277105385e-01 7.195589062718076301e-01 8.557009251865821398e-01 8.834213616736574792e-02 6.653986846044452896e-01 9.471535607208747543e-01
8.892791557280972370e-01 1.691388044743133978e-01 4.039780620623618645e-01 7.675816674339503987e-01 3.480996101792095399e-01 1.384649573641109077e-01 4.124925914884168821e-01
5.322385767084254482e-01 3.981265335735321154e-01 7.363624068980069159e-01 4.095088783668313637e-01 1.709021682031847122e-01 7.035268038896086429e-01 2.351394448922767832e-01
5.801119142493811331e-01 4.930110365249624760e-01 8.591759381363086590e-01 6.145351603839167565e-01 1.126326958643616427e-01 3.204535285280446510e-01 5.014531288223467165e-02
8.483020482007604945e-01 4.200276305793956277e-01 1.705818520343205247e-01 4.198206261053688548e-01 5.327423136151991923e-01 2.124310035580956324e-01 7.781034561278099559e-01
8.471983160765567122e-01 2.576598179993587756e-01 2.379727971319708368e-01 2.877918416559621662e-02 9.884801732576201649e-01 9.260991640206230890e-01 1.634915669308171227e-01
4.771281180211234263e-01 2.639504780480117496e-02 9.975465845547336619e-01 6.349261585780138217e-01 3.487558699845013654e-01 2.815278959040261597e-01 1.870448007706382310e-01
6.785041906834166081e-01 6.225151269336515192e-02 7.889996206161329351e-01 7.305178859527805546e-02 6.820114239481545049e-01 3.703771599652305735e-02 1.715190314078038902e-01
9.295680642994701426e-01 9.279160685513985207e-01 5.353409465200165140e-02 3.038519933716552490e-01 2.254713090941758979e-01 4.372196741020842881e-01 4.081609472535291383e-01
6.985120996427759410e-01 1.093807191082851737e-02 5.621019148233551421e-01 4.133280503251762772e-01 2.394055399961649844e-01 4.933126876712446984e-01 3.250558639114384807e-01
8.344049957620283120e-01 6.155007215731814751e-01 1.251053616060737728e-01 5.074463060712272044e-01 1.873563786868948089e-01 9.812368478124618987e-01 6.668025842395274294e-01
1.528204568263524799e-01 1.016206960312433516e-01 6.716981178714702683e-01 1.142716104977081759e-02 6.320842109018762756e-01 9.570037055022730943e-01 9.601221047904155981e-01
4.473522164565139070e-01 4.897145440369899960e-01 8.365005763326660571e-03 9.739856043551570197e-01 6.840956454314152113e-01 2.494862641934588732e-01 7.242954234790343060e-01
8.015460859794273363e-01 4.050666769925281852e-02 1.742072897356611305e-01 1.386252456146144230e-01 9.564397274190773457e-01 3.742906150491108752e-01 6.225993656825233868e-01
5.470846713293453512e-02 2.635832027274019884e-01 4.642656266153344369e-02 3.087873860785700364e-01 3.479884255442692309e-01 1.787429128318251959e-02 6.156380121360671698e-01
3.945582961046272263e-01 2.916226812572989546e-01 6.113014059984420712e-01 3.469122336928831540e-01 8.482311613611652756e-01 5.623022785277903557e-01 7.780370643167722200e-03
9.375709112880480367e-01 9.697657006898892096e-01 4.991260867795161982e-01 4.430080880775486563e-01 8.531578227693599192e-01 6.619923251910405648e-01 4.780232279781523319e-01
6.842743544272253953e-01 8.051724796339321255e-02 7.025106263295989306e-01 3.915175887618669304e-01 4.865921247425005758e-01 8.137473774595984644e-01 9.175893352457279439e-01
6.707435464243878265e-01 8.449269672462589309e-02 9.919200111934901587e-01 6.924207225074962002e-01 5.853297071117729011e-01 2.668542803122161411e-01 2.477125310676417946e-01
6.748538049606843670e-01 6.423932360688890952e-01 8.469687444853312153e-01 3.635248880638968227e-01 3.757840789636968104e-01 7.352694757494238065e-02 8.042271262764753015e-01
7.314249696039085702e-01 6.057488673925146561e-01 3.160201599498491110e-02 1.165495085551276899e-01 2.924672050289889302e-02 2.595997233148774619e-01 9.780233813972873946e-01
9.399004071164402951e-01 2.464949284692911080e-01 3.354945012067830357e-01 1.886451761735993271e-01 3.561088162006881275e-01 8.792883875266908067e-01 9.245492150207323956e-02
1.346630192250317659e-01 2.107001074413279440e-01 3.808222944689972911e-01 5.455273426791640290e-02 4.072524115525649746e-01 8.392930602624437686e-01 8.285211877913053469e-01
1.593635121304337599e-02 6.103896099504441120e-01 9.709429800822492185e-01 6.487257773120678195e-01 4.883129593883082098e-01 8.981685849915439501e-01 2.679773592270737748e-01
3.082569569879048954e-01 5.499299923342054752e-01 3.006464501934349443e-01 9.385985372866356702e-02 1.893790982992737959e-02 5.572300739773183853e-01 8.301915163632884731e-01
8.409949486187217049e-01 9.620193773760299383e-02 6.100980257018283615e-01 5.529259490828479784e-01 6.930792456167094162e-01 6.792501293927410977e-02 4.400954983350913174e-03
2.592907264600979866e-01 9.334244928672801311e-01 9.356856347727572354e-01 2.170804976351520255e-01 1.187854401409849103e-02 8.683998194752864386e-01 5.565524114678365164e-01
9.223934122638444144e-03 2.314985074247467578e-01 6.363102135191462949e-01 7.763835307703642608e-01 6.043026343754168694e-01 7.814943310569589796e-01 4.681150046386035601e-01
3.513401989778844881e-01 3.965848841092676214e-01 4.431229983660462945e-01 6.568252474524597373e-01 5.738284470275991644e-01 4.844804414971866091e-01 8.231378808331839547e-01
1.352560580923807265e-01 5.494215738591469167e-01 9.377673585855905714e-02 5.534174710293247035e-01 1.213712499928435440e-01 7.465953913850078560e-01 9.402815128976842463e-01
1.858975992340808903e-01 4.276589802695968112e-01 3.338312043696567422e-02 5.731302034948281277e-01 2.264453055820236926e-03 6.978696248006517333e-01 6.109731592942699852e-01
6.390878373965928061e-01 2.943161940326775028e-01 2.182447651641483688e-02 5.813796215551536584e-01 3.507548090737685476e-01 5.588035570002949370e-01 7.704500932499693810e-01
6.197081198064050556e-01 3.918817521925740399e-01 5.007326963465004166e-01 5.480996562515783044e-02 9.547223912635662835e-01 5.242337126098028932e-02 3.969684595921307846e-01
8.091680335029325377e-01 7.886377711557239767e-01 4.354803737895710514e-01 7.837718263261791440e-01 3.263004173737970026e-01 7.328571961112554378e-01 2.820861317996700146e-01
9.871504566757215438e-01 4.601443609130730916e-01 6.456458791406931574e-01 9.456782193156737515e-01 7.752455618310448715e-01 3.867052241625991149e-01 8.810388516012375160e-01
2.333851789213446937e-01 4.642631756866282267e-01 3.963150670735909875e-01 6.666544945151958723e-01 1.579756074602282068e-01 7.501453004249185597e-01 7.925475854016225119e-01
4.270095909535956968e-01 2.231569608515531211e-01 5.325215642159302210e-01 9.901653619169824561e-01 4.664747885231769198e-01 3.096390018234403962e-01 5.801069413906346783e-01
1.780936518015692194e-01 7.506949416490864557e-01 9.633849416390959375e-01 2.784499689165409464e-02 3.857689529573304910e-01 7.025156214879981764e-01 3.664222166635139333e-01
7.653091130552239774e-01 9.675356779735562185e-01 2.785534618046924260e-01 2.806782240849465815e-01 9.196568148518194930e-01 3.913703808309521026e-01 2.790082874492608722e-01
5.258089827176701814e-01 1.955413223739673745e-01 4.371598536352402364e-01 6.509436886386269494e-01 5.208133794230772606e-01 1.696873078345879637e-01 2.743869147820254817e-01
1.966214884623580517e-01 7.549407750284120588e-01 6.356117737022269898e-01 8.915330398141382284e-01 8.977045302405564087e-01 3.890351325893768308e-01 4.068527746339785089e-01
8.425880245483187148e-01 2.030404729639532224e-01 3.368798688496343896e-02 6.792422613139721399e-01 9.304616072868072685e-01 1.442596002410023726e-02 4.114256805811188356e-01
6.586683014952231519e-01 8.381019963491319613e-01 5.448775528714300265e-01 3.163344429403103231e-01 3.045004580765706681e-01 1.611866159405122012e-01 2.392785368458885120e-01
9.087243151307988764e-02 4.264042268073526820e-01 9.944443160428643180e-01 4.066154709787030974e-01 9.119523292008937521e-01 3.776427223795183474e-01 4.880714261509611074e-01
5.129578511200505453e-01 2.637307274247830957e-01 7.335465962869922585e-01 2.126834526767024114e-01 9.308655877111418064e-01 1.860690109874157949e-01 1.041063788993713546e-01
4.018045454341918621e-01 3.509614759471313405e-01 2.185112049108055565e-01 7.373807475597590200e-01 2.984324539016088851e-01 6.080632535396768290e-01 2.716238617202700878e-01
5.856354067325142410e-02 4.634921764102279962e-01 9.507464300974245441e-01 8.289958775551377057e-01 3.269029243266543538e-01 2.408927259116894204e-01 3.416925923649727359e-03
4.369649002714197650e-01 3.871985160111004465e-01 8.147935392189972204e-01 8.649916987849064487e-01 2.335225560660914024e-01 9.656960339477350663e-01 1.717506024553319133e-01
9.385862277719864144e-01 3.672434705682947609e-02 4.594363620962917949e-01 8.652007380390995817e-01 8.540414660272397374e-01 3.206752966574573094e-01 6.421391558831698321e-01
9.122035722527336299e-01 6.329751743739913117e-01 1.389702879405532165e-01 3.454404128347039471e-01 8.550089311149297044e-01 1.121505744260554716e-01 9.812230261777791229e-01
7.043188512384100930e-01 3.507130261093172052e-03 5.023912465631805713e-01 6.588952530199883029e-01 2.689517760879839292e-01 8.922541384266127196e-01 1.804169042410302959e-01
9.282104802067547844e-01 1.407590405209542261e-01 3.684170012742246092e-01 6.023445715437927284e-01 6.186712614149756373e-01 5.297507895863393657e-01 7.923316260664170496e-02
3.854327624349157544e-01 7.095194653395956452e-01 7.367129947199331230e-01 2.622874268775101658e-01 7.532988433531501160e-01 8.055706203443750990e-01 7.501353022603982623e-01
4.864571262130581442e-01 6.215458018721168321e-01 6.844634480742258775e-01 8.974602084931035950e-01 3.488828714823188903e-02 3.979678358706485453e-01 5.787627638704540001e-01
3.673681786130568172e-01 3.850318017646987556e-01 8.838738846652377523e-01 7.247066279904628150e-01 9.766609214247360393e-01 6.449381492532800797e-01 1.782795002396710959e-01
9.124308754057891546e-01 9.695978543909101743e-01 3.008639732935913802e-02 7.967141545930299662e-01 7.773061534083104407e-01 8.516247066219037043e-01 9.759754448435404850e-01
5.778675677442651759e-01 4.556812398373133455e-03 8.166945591859243736e-01 9.826528886364229720e-01 1.657770457632236072e-01 2.434519142504598666e-01 4.994385087932939893e-01
2.487744752348400867e-01 2.178646619362035741e-01 9.492573329545150873e-02 6.997377478908068937e-01 4.712637421054065578e-01 6.580362086756635920e-01 9.760516923483459895e-01
5.987090233338312473e-01 1.389182834586943915e-02 1.735450814722039325e-01 2.280156271295150638e-01 5.595953929499039026e-01 1.060544117443775747e-01 9.808660274117853017e-01
7.539643752194651327e-01 6.430175551741490469e-02 9.142838894724716337e-01 2.820568402626233429e-03 8.697951930560055001e-01 8.612623708085433982e-01 8.310172167118888842e-01
1.552887486923814064e-01 6.387301905236838495e-01 9.577890161585590478e-01 5.975219555642028446e-01 2.668776696477624943e-01 8.682526476103480384e-01 7.136023223863001697e-01
3.114546565785236698e-02 3.215802968393647321e-01 5.500817190784007549e-01 7.473757603814241701e-01 8.395435574776041188e-01 5.863789764619271594e-01 2.069051548794319517e-01
8.687536126621364652e-01 8.174132389705980328e-01 5.665345504453473957e-01 3.409027871293454082e-01 2.362407548555179870e-01 6.463866199953332004e-01 9.853649555953896133e-01
6.338291379092222400e-01 4.480820409141073046e-01 9.328932241810684589e-01 2.133718316744679377e-01 6.234308226399153385e-01 6.392021093905545515e-01 2.991412010496866669e-01
4.254227249185079662e-01 8.843106822147549506e-01 6.703890025885865800e-01 9.640941649749684705e-01 9.827762592235126382e-01 4.628268321032888988e-01 6.404680078239157748e-01
1.625803342299417809e-01 5.417441954392225867e-01 9.692808489229211011e-01 4.645197933671190160e-01 2.226611780446841049e-02 4.475983183386117448e-01 3.273074592626075141e-01
1.076967323346490479e-01 1.113372030601844642e-02 9.081012663180919597e-01 1.293148814581928097e-01 2.707723367400516334e-02 4.785297469257377978e-01 8.285864048919333591e-01
1.312006995661493258e-01 3.713916769645811966e-01 4.129126787188019954e-01 1.137012080337755915e-01 5.757306048705221890e-01 2.122107159748167771e-01 1.100800873558158699e-01
2.497626280591795922e-01 3.476905354344708154e-01 7.170649842799684537e-01 4.265621757902972044e-01 9.846251290473314599e-01 6.077475888347320110e-01 6.288319756342827249e-01
