2.547711360257354229e-02 2.133637426833884243e-01 3.345294863619895365e-01 8.304162507370849156e-02 8.624881697723153495e-01 5.700089638996590491e-01 3.237472809200681034e-02
4.390198207778854833e-01 8.681365236200112578e-01 6.029356348700819490e-01 9.932948641184624616e-01 9.755787062797000031e-01 7.391892346500767985e-01 2.123192685967829618e-01
3.249329415855288783e-01 6.523751629279731512e-01 9.009372204009753471e-01 6.305523717933749772e-01 7.178541564657816565e-01 5.556238458578565131e-01 4.941325399592091383e-01
3.705838694297323155e-01 3.723499457756458408e-01 9.634771709418163965e-01 5.090155898179778982e-01 5.630897725112609109e-01 6.252460809068220993e-01 1.625399421696761548e-01
3.881579280432879697e-01 7.193992776627043950e-01 1.731327469980192824e-01 7.654394533142706569e-01 5.681628514067421643e-01 9.281591488734198814e-01 6.158638700247845987e-01
8.133807926647975695e-01 9.455889646216533162e-01 9.186388754400834911e-01 5.252069683468485461e-01 4.790717910642176003e-01 2.317546398052002798e-01 7.169224117161978604e-01
4.825837999048527838e-01 6.118378216196189712e-01 7.281353276689634946e-01 6.392883871776300353e-02 2.554293486431058469e-02 7.139095719082507729e-01 2.730623142188732810e-01
7.985552541492760836e-01 1.039016907675551771e-01 2.639040466286951547e-01 8.041266253286222243e-01 9.602337120700965567e-02 8.346691655198800186e-01 2.666382114195642306e-01
1.193700146605565227e-01 8.315351778401182115e-01 9.310440049981784094e-01 3.127693172172399949e-01 5.575183391280109646e-01 6.252142390858683729e-01 9.340276916916613326e-01
7.486029619611339614e-01 5.249308987369577517e-01 5.959959139270650796e-01 7.938271580029295782e-01 6.762019114179931289e-01 1.494155370694935092e-01 9.268430030995866709e-03
5.731746305859205526e-01 2.055032504956144646e-02 8.789881754904405042e-02 3.327964727907334330e-01 1.010113536142414059e-01 6.015319399578422654e-01 6.499993539739928883e-01
9.645385333564195918e-01 4.043992829278345580e-01 5.226978532440753611e-01 7.418958307301506405e-01 9.937967969663877854e-01 6.443716671440078425e-01 1.065287365331096803e-01
5.150476767899114794e-02 9.722546825952190774e-01 4.317028364392194728e-01 6.197834281505310017e-02 3.987152832999684149e-01 2.750927800269633572e-01 6.087417137403792200e-01
5.408845512213134032e-01 6.651480399521259024e-02 5.657940161168182325e-01 4.591370081819997617e-01 4.506654057458649998e-01 4.066312182984692658e-01 6.392939988603282275e-01
7.190809903968174988e-01 1.319898605807001690e-01 6.772097498351304923e-01 2.965390715491629248e-01 1.583119614209611559e-01 6.757121731964623734e-01 7.077154625717986258e-01
5.630067846887109040e-01 9.471818989567224456e-01 1.386680562241221493e-01 5.553869840651987078e-01 6.181884234035784909e-01 8.896577970253674028e-01 9.106847937020871031e-01
3.331371770218081174e-01 2.957727991713359206e-01 5.120369734035079556e-01 5.645789533867987542e-01 6.794422484848755550e-01 7.280385111971710010e-02 6.581631739510568346e-01
6.548327957240825947e-01 6.461890546423040282e-01 9.502454867526322069e-03 7.239305625936878208e-01 9.973710459400735306e-01 5.819188288213552607e-01 6.495010880640069706e-01
9.584865569610772074e-01 5.126830977248520993e-01 4.585496855494594071e-01 8.342721508324009161e-01 2.225314249350429652e-01 8.880875001163947013e-01 3.352916128491952863e-01
8.467516290455244787e-01 2.204095611722624026e-01 8.572062937764768353e-02 1.495689780319793272e-01 9.460817186267789225e-02 8.315075492577274074e-01 1.322135725004912610e-01
1.437036583018325153e-02 1.836858132489737061e-01 8.874060196670628953e-01 7.661048878286035313e-01 3.399085911832123719e-01 9.323364989464349994e-01 1.351329179493049315e-01
2.505434498023205725e-01 4.962550565208849740e-01 4.159153377253721473e-02 9.302956413341323394e-01 8.988928398578764911e-01 8.427129338984307161e-02 5.277875166356387204e-01
6.068680921423019736e-01 9.485369922715147784e-01 2.852489682546992533e-01 9.612008122183535175e-01 1.862723553569494150e-01 4.412355277607321602e-01 6.961191911074844363e-01
7.828076234770052766e-01 6.937789966550422793e-02 8.791373346107674847e-01 9.697001507432295719e-01 8.801738618739308739e-01 6.354534985173558859e-01 5.353488053019276327e-01
2.938776643256569843e-01 9.093581017808494149e-01 1.994508802290947402e-01 1.211837485979300189e-01 5.891241789943106877e-01 6.759409875981081672e-01 2.383176101249965262e-01
8.434410537328587143e-01 3.808359328893619056e-01 9.634470523577556289e-01 9.646038366204998660e-01 1.017367023815728411e-01 7.414792799193561379e-01 5.365076129223089740e-01
6.333797256210422777e-01 3.539974749265411003e-01 7.938792829137375495e-01 2.913969994963792054e-01 2.447515627402045979e-01 1.411759389161271194e-03 8.899825854872142061e-01
5.869877343121064905e-01 5.267223805500911293e-01 2.968159480314985776e-01 5.326135148977655387e-01 5.837789982327961091e-01 1.083219801964937501e-01 2.562900705528033951e-01
7.892686545315663604e-01 1.222357872738886186e-01 8.652327667154694479e-01 4.464684063045619711e-01 1.222506325025263241e-02 2.118229559072292156e-01 2.361004748080235416e-01
2.973970961045376837e-01 4.226107290067293576e-01 6.979196388321576849e-01 1.359748261753856990e-01 5.879078750635408079e-01 5.114481274335959116e-01 6.920983143566830087e-01
3.217552812864561407e-01 5.078327517064701313e-01 8.943004433883282589e-01 4.795326338936601873e-01 9.471679892100665077e-01 1.795008084333156173e-01 7.351814253448367698e-01
6.433337258346624177e-01 3.330842019911884888e-01 1.643658525786136915e-01 6.602262933147873269e-02 3.585347194117416425e-02 7.985697605262456200e-01 5.187486724412451178e-01
8.802394713775122392e-01 2.518375569761154287e-01 6.128372437059556033e-01 7.382191735618587325e-01 7.066596087493547396e-01 6.244856621195444824e-01 5.066885326010508450e-01
6.801969400950929057e-01 4.866489256704352728e-01 3.880948242062787212e-01 8.112733729717400699e-01 5.649365480391206340e-01 2.097234320760966719e-01 8.979445678591090330e-01
3.997489235532850627e-01 1.301161914004664855e-01 7.906364794252631611e-01 6.858356884034857437e-01 1.472498651099564126e-01 3.938582126722952603e-01 7.766511901927308781e-02
8.456566066803221648e-01 6.134631727229663545e-01 7.055322025958836729e-01 5.695978058837788405e-01 7.139308481641570836e-02 6.464307272394187454e-01 7.057890618120421511e-01
2.940986140640036162e-01 5.196119020500890029e-01 7.462913220855075247e-01 1.396021327622509745e-02 7.377792781423956336e-01 7.564891387266532430e-01 3.117703873259457525e-01
2.392086003974558395e-01 8.949787455690189075e-01 7.050600950707247572e-01 5.767908298620111340e-01 6.686196615715948033e-01 3.578199762843360388e-01 3.925561095656920907e-01
1.420586612813062866e-01 5.353947225087922757e-01 8.037929440350171095e-01 9.579290155942962182e-01 9.357398510465706476e-01 7.279711275234647117e-01 9.039632736031040228e-01
3.080999064863210180e-01 5.253842934737904535e-01 5.014200490722803272e-01 3.040587728553949542e-01 7.297151672574895276e-01 7.006035703012528648e-01 6.863356143292181910e-01
7.701225421790806047e-01 6.401353383122136975e-01 9.994067834070798906e-01 4.864102482634816704e-01 2.750489463134152546e-01 3.566891027484923038e-01 1.735841920876735056e-01
8.275779902927059561e-01 3.157617780874251157e-01 6.929869149455476496e-01 3.385860735810070077e-01 1.363664644262917447e-01 5.630564229220177408e-01 8.975659963023088217e-01
6.677642929340827926e-01 1.534335148676426730e-01 3.431482560215859401e-02 7.611495192874031535e-01 3.394214804662655238e-01 8.776928381674988788e-01 3.540983387563456652e-02
7.848674454371097342e-01 2.314015120009806914e-01 6.349136263887169562e-01 1.636564323543066024e-01 1.961266803298256090e-01 8.256838403951527461e-01 8.452826252244511895e-01
6.459375201297179458e-01 3.484739437191827216e-01 2.659133845130507989e-01 9.870048779959949004e-01 4.006286698018716175e-01 3.020450818953507310e-01 7.309567285790512514e-01
8.304328050159727193e-01 4.566589248858600181e-01 2.721300817008317496e-01 9.461488625290552790e-01 1.861718764518194291e-01 8.043322030130711786e-01 1.734816251134141396e-03
7.095375238252982220e-01 7.478457691383241235e-01 3.302650253067529462e-05 2.864589951685008185e-01 7.993857377265881636e-01 4.274004763767678128e-01 9.665221563030429452e-01
6.806092269252068672e-01 1.927071540121970683e-01 3.386187470769208563e-01 9.857852279603359635e-01 9.332863545023591945e-01 8.399362766720216422e-01 7.263341797401281497e-01
8.089155870930953007e-03 5.203391360748168548e-01 3.202524680168927773e-02 1.765721505859569884e-01 1.447328035518270495e-01 7.012054521768148474e-01 7.073414328819894736e-01
6.882997508849056922e-01 5.465008709038332579e-01 6.387118763834126467e-01 1.332372533640304724e-01 3.183415729452611087e-01 6.544878349517866400e-01 4.752161884873661313e-01
6.142334671341564967e-02 6.242852670596233944e-01 2.325374986513424336e-01 9.394522867886929696e-01 3.207049334624442194e-01 1.363430022539920961e-01 7.745913524748547774e-01
4.912787297268823572e-01 1.164709302035334959e-01 5.792592183318536758e-01 9.135248220702457678e-01 1.683112850725076992e-01 9.909136182367307422e-01 2.735809535534474701e-01
7.733691969301824676e-01 7.315855770733570296e-01 3.482138583284388744e-01 8.860718092943444812e-01 5.700554260079894187e-01 4.091172296147025378e-01 3.846324464541627242e-01
2.105285918192931760e-01 5.573253948217027354e-02 3.845867574990405879e-01 1.336117260913212146e-01 3.043928821220205361e-01 1.067182429584340175e-01 1.291240357346329359e-01
2.184759184929572218e-01 3.536596932515000402e-01 6.016748966677558652e-01 6.624548078023366759e-01 8.061226737598100600e-01 2.297349096899925502e-02 7.851719558025362922e-01
5.203700905966078816e-01 5.194054793266731362e-01 1.532533664156350284e-01 7.566677974797098027e-01 5.417521444179040913e-02 5.739433182237634323e-01 8.944313166862410958e-01
2.907723182323657118e-01 4.364792054565926893e-01 5.273953709970413684e-01 6.794938305513477106e-01 9.269735027752846745e-01 7.351490833445395445e-01 8.279074550204846838e-01
1.842965954579687260e-01 8.259890866967625200e-01 2.236000831990908599e-01 8.840245081167079633e-01 5.291912421154714163e-01 2.636888389503092567e-01 8.561892779709895374e-01
6.420231919699324052e-01 7.979341783321022286e-01 3.825570588439259900e-01 5.365135840315343740e-01 8.319334911271377697e-01 3.954988046160424764e-01 7.344033433939016753e-01
3.833355095958322911e-01 4.526904679659427000e-02 4.081469068777028308e-01 6.632493425886181182e-01 1.356722176370394051e-01 8.803984474579881203e-01 1.745716588603997144e-01
1.310410343625028062e-01 1.838841901018364311e-01 8.717623703947169345e-01 2.857490089055244598e-01 8.231294353659301954e-01 5.534503350187397475e-01 8.413036011422280191e-01
9.624276117330072822e-01 2.786127973325662754e-01 5.927058254390393799e-02 5.840733197134231336e-01 5.421852353632372612e-02 9.646872536468066306e-01 5.320643546699395099e-01
9.012598190984828506e-01 3.618322167401955003e-02 8.171521404247734655e-01 8.590425839005819686e-01 2.116762511758163434e-02 5.589208242525299797e-01 4.056149743422474696e-01
3.878277273992810636e-01 3.304467746111336979e-01 5.920068775410070039e-03 5.181631132829895847e-01 1.757208982450081391e-01 5.411696506780717675e-01 2.503077534278185245e-01
8.497764154112011914e-01 9.210352961946699502e-01 1.781948069457750528e-02 6.953520270553126270e-02 7.217230671145243859e-01 8.186463717123253492e-01 5.835671927634833445e-02
5.905913612522896150e-01 7.097150098205419200e-01 5.823398776002931543e-01 9.250000246117018321e-01 5.387475552418236058e-01 6.189215335323569045e-01 9.885845790393028576e-01
9.187157978284522519e-01 5.962022863372121728e-01 4.955163941308404763e-02 7.913877153112200968e-01 2.784558677285217110e-01 1.213007382378339383e-02 7.267944887841798485e-01
6.507546052294306271e-01 4.407658745027016600e-01 1.889105014513894343e-01 2.973842584269269507e-01 2.961989255381244357e-01 5.625513918021186610e-01 8.412177263410809402e-01
3.888583482922856049e-01 5.638664487471330977e-01 1.418857028361747430e-01 4.849436710636424452e-01 8.894328134008591125e-01 7.344432615232643347e-01 2.697121239703013096e-01
9.943757870396530141e-02 1.827718978545337380e-01 6.278340939609375893e-01 5.297295723623843822e-01 5.327774325110554710e-01 2.701634540626918213e-02 1.674599834140817478e-01
1.519120469751060742e-01 1.793997168395446984e-01 5.033558819753758407e-02 6.081771695161445335e-01 2.771390718436796963e-01 8.203308039543213415e-01 5.342711258539324382e-01
9.445945516073436243e-01 1.700810753581226686e-01 1.214155008791791834e-01 6.222105794982564220e-01 8.819723622726195478e-01 6.394874414795527207e-01 1.440495709169031802e-01
3.956421694219175444e-01 9.892494870192485301e-01 4.671548172565788137e-01 5.759533090652277920e-01 4.227245422379776185e-01 1.030829470144040139e-01 3.484013085159602952e-01
6.453829189479345363e-01 6.997014296286125923e-01 9.850189705687217856e-02 7.502500105449478873e-01 7.635395290635965670e-01 9.329509528501744864e-01 2.241977026229873271e-01
2.570243928719969650e-01 7.104228655919164748e-01 3.754557789260142275e-01 5.162470410691051281e-01 4.725417681274752812e-01 7.758394889472052247e-01 3.564798848372967566e-01
5.410334109697403360e-01 1.648382868668610834e-01 6.289493177889016184e-02 4.492987354384470056e-01 6.709284935295896091e-01 6.424152950404478091e-01 9.059001772198966851e-01
3.147967643895763779e-01 4.493166408404439816e-01 6.682978036044662229e-02 5.617799414145848713e-01 9.482395461472347131e-01 6.068791236109221110e-01 4.144544033217303358e-01
2.038910751404949817e-01 1.593430271919806795e-01 6.279808056933444682e-01 5.823661249377833915e-01 9.225619793166038862e-01 7.797809330465277355e-01 7.622307032165898111e-01
1.067043929731930074e-01 7.695168545902549839e-01 3.029121347249608132e-01 3.028449725682776927e-01 4.376802680937742496e-01 3.150652851264374998e-01 7.250775293870277416e-01
3.744117061327206786e-01 1.439320298993488345e-01 5.677571610418865600e-01 1.942677580728945363e-01 5.283519790325371668e-01 7.194519412685587145e-01 6.755696122464631692e-01
5.187403784435432597e-01 9.378068698741995890e-01 5.101684270486795958e-01 9.273956833605658812e-01 1.643550917440571579e-01 2.674452241740239433e-01 4.710848077706951686e-01
6.425103984955379266e-01 5.437330963787877502e-01 6.522174863760311636e-01 4.877450869028221447e-02 4.671597957112217925e-01 4.043550606381967061e-01 5.247186903195871777e-01
7.271747738565634833e-01 6.863863412457302804e-01 6.828523926534921795e-01 1.018282689865344093e-01 6.747632390857135620e-01 6.539086681535256629e-01 5.727737624075605050e-01
9.819305186963986909e-01 7.134633938517193075e-01 5.091275606546193933e-01 9.274047005164903767e-01 6.882452582324939394e-01 8.967722887582547653e-01 9.165128028249641678e-01
2.962233468862744967e-01 1.317654996948725010e-01 4.869668420427636368e-01 4.862092952964234271e-01 7.209413969431426317e-01 4.994309158988003983e-01 8.845254108208702171e-01
3.695086740873597675e-01 3.440927033525005285e-01 7.767551885476546847e-01 8.954240730891400712e-01 7.261500275191341558e-01 5.943680319977008297e-01 5.154845255114578473e-01
5.279395424377606449e-01 9.758567987932119658e-01 8.298600252184162862e-01 6.098794316679646554e-01 6.058440721672121443e-01 9.452818639818318935e-01 4.027933575222443219e-01
2.189668527747509197e-01 8.461483484459487725e-01 1.630682157766724094e-01 1.726090736736446418e-01 8.445956429980151503e-01 6.253502591886944684e-01 4.879006491198091267e-01
4.731570850237046821e-01 2.373990458378120172e-01 4.013499007495238136e-01 6.634958799671275553e-01 3.644691211344175397e-01 5.833788756577273915e-01 9.559256665571475020e-01
3.827887115643360261e-01 8.507221426876085957e-01 3.462888970731610172e-01 2.635208647189253295e-01 8.236163752976077834e-01 2.618678936909745181e-01 6.175122660044030098e-01
1.121231357483976065e-01 5.375056769189668904e-01 2.572387216663388765e-01 8.951043840219496950e-01 5.268875373589881894e-01 9.914062540450921945e-01 5.944789493364578403e-01
1.115538791471127888e-01 6.077128329892078629e-01 1.539546788737152783e-01 7.776454937102702525e-01 5.262791631350826060e-01 9.768293331063381268e-01 9.794724457678292140e-01
9.785995331317982604e-01 6.702122055792060218e-01 5.597007547076325862e-01 6.858281790504938691e-01 9.134376454521543343e-01 2.759267433651048096e-01 4.679768451498317328e-01
7.216384603061448688e-01 1.008750414925529970e-01 4.668330344293338818e-01 9.349793856640793432e-01 9.942592034239859933e-01 4.368054341084576242e-01 1.496410570061436074e-01
2.485492250851492058e-01 6.411954329941516040e-01 9.016943689026893916e-01 5.744640644922575090e-01 7.604621874833207285e-01 1.411297735310541590e-01 1.416626735239442381e-01
8.691888845124731144e-01 3.621570627778637474e-01 1.863586783067747721e-01 1.315314780191128019e-01 6.157606112310585189e-01 2.822310569292554305e-01 7.155657924293055139e-01
7.490155372948281709e-03 9.728942838786006631e-01 2.257866423248944265e-01 8.763832772559636553e-01 5.285914696762727960e-01 7.987907503769745565e-01 3.303162137173674129e-01
8.677415609994144630e-01 2.665017175852824050e-01 1.961949460474110563e-01 4.650461490119295327e-02 4.304986714709857498e-01 3.903236609656376421e-01 8.234843510322088500e-01
5.330394727231515528e-01 2.933873851654440479e-01 6.747881259172557877e-01 3.354499110916212556e-01 5.404647525228711835e-02 3.888645403919429588e-01 9.095101611921363460e-01
1.618991162544902718e-02 5.692115848979328874e-03 2.833654975078817584e-01 2.137754426549287601e-02 1.744751147518287526e-01 3.205654063859051384e-01 5.772128810985894809e-01
