1.064176242030023811e-02 7.347087660545639221e-01 4.737170877745167097e-03 9.732043856681849014e-02 5.926089604901674246e-02 2.620153869662267265e-01 7.918822419490340048e-01
1.044230325000050641e-01 3.640489728266678160e-01 2.593906063937637674e-01 9.825662502152416877e-01 3.352725172848474156e-01 7.980244544988124300e-02 9.994696482425859951e-01
5.768155177632006136e-02 1.516111157211632587e-01 9.699450728634344543e-01 3.349109935222652767e-01 1.561044142261376333e-01 7.497439385014400548e-01 4.596120497298863405e-01
6.354044304183403824e-03 8.076618980213710053e-01 5.846977362222782748e-01 7.286689783943188781e-01 5.092210367902454404e-01 7.959471631624417398e-01 2.248292451088419464e-01
5.677377877018802144e-01 7.005748320106520710e-01 9.255822860953095699e-01 3.377582223064653499e-01 7.267397653592588824e-01 7.035199736546152716e-01 4.137556376831307281e-01
5.940601863700574192e-01 3.810610162380700938e-02 2.560806414867716763e-01 1.073740042984442367e-01 1.874436794475141665e-01 4.273632890861777112e-01 5.900077979120008642e-01
5.797725038265041375e-01 8.328764176881591208e-01 7.778326136309695604e-01 3.913847990692973511e-01 7.775780249403109190e-01 6.896789385783413939e-01 1.609370966504203304e-01
1.074962144127077357e-01 4.391621836019353742e-01 8.475247282467631704e-01 5.964842087037083296e-01 6.293408695766903316e-01 3.341625099260584486e-01 3.488823981133659657e-01
9.666823784837307310e-01 1.006967851210402998e-01 6.167743506131145859e-01 2.651246258020534263e-02 2.977889326451517160e-01 8.098146222819078144e-01 4.010177562274164220e-02
5.502460722158969419e-01 5.312795692386396151e-02 8.257775660730672929e-01 1.228474912736188251e-02 6.916017956472745309e-01 3.342125470184784675e-01 1.684000434400355628e-01
9.049394109571065048e-01 1.585178343278135227e-01 8.398720403047481575e-01 4.121886889628518791e-01 1.227075427609577440e-01 1.875897057327421402e-01 1.445724888367976302e-01
3.859351198904966695e-01 1.738634693726299751e-01 4.710696988971742050e-01 7.540510572872959338e-01 5.891683222594106262e-01 3.103743871207527150e-01 3.900232753141117392e-01
7.766849242520603713e-01 6.926387275174006319e-01 3.547004200308777611e-01 9.167977326357905632e-01 7.225953252581334141e-01 4.293330873367690037e-01 4.598249614194065416e-01
4.169027762214783106e-02 9.642084688390598624e-01 2.745932859284616612e-01 9.565440293274196648e-02 2.724462300658008207e-01 6.651833539459530709e-01 1.921399502674011606e-01
1.351101705018505905e-01 1.834383754329317329e-01 5.855229745181671497e-01 6.217206258051743983e-02 2.211709738346903098e-01 5.281763848914556858e-01 4.993946526847764522e-01
8.154591517893639008e-01 7.643697761293926085e-01 8.055818876305551601e-01 2.299396533181394808e-01 1.952362555636646402e-01 1.216440910363987271e-01 7.243038641277933509e-01
2.886091385785477526e-01 5.422326784765471031e-01 3.706574435136867907e-01 9.894252528610902875e-02 5.008871096611622331e-02 9.658686659115370832e-01 9.441209281449453039e-01
2.786257377946187441e-01 4.132695314129842812e-01 5.784497289049713720e-01 8.959652582980420776e-01 1.528224863269525002e-01 7.238426044896270062e-01 2.829599972775118655e-01
1.832738847746552269e-01 5.694823801500227267e-01 9.055736164145423706e-01 3.149797650849373021e-02 6.625073413698758795e-01 9.424283003949814885e-01 3.531924219414379618e-01
8.353460151281877355e-01 2.486107703058197949e-01 3.857934420250859198e-01 7.350428015340141341e-01 4.187273205986244973e-01 7.405275124415440224e-01 8.060088132330294197e-01
9.244175907763492184e-01 3.298902338437859072e-02 7.265207115680161198e-02 6.521013620936202404e-01 3.280515130511669764e-01 1.133064277147181054e-01 5.303757075828878786e-01
6.428291309718269231e-01 9.142769008197704217e-02 6.586237953237874532e-01 2.386381224285386571e-01 4.273831005107097125e-01 9.142312049989549383e-01 3.847849377606685772e-01
9.216781106894239572e-01 3.192910520030003418e-01 6.858519235364783917e-01 8.819056608220465776e-03 6.964476937100742004e-01 6.400881197904436659e-01 7.812114026428498281e-01
6.110963996184836100e-01 8.702533592040095911e-02 4.259303875440184628e-01 7.641358043672665801e-01 7.617583232244259372e-01 9.426763186933250216e-01 3.457854864434510844e-01
3.384941009657316258e-02 3.542863560293555425e-01 4.012367054603526162e-01 4.985521360346086839e-01 2.058455305838490235e-01 7.631923371030155945e-01 9.474560959662887694e-01
8.659504903649217766e-01 5.239378688373995674e-01 6.544340598576936507e-01 1.664469052967676443e-01 1.561945306489699314e-01 2.554008874694859710e-01 4.699007575035886175e-01
2.620035812519508900e-01 9.747879360762845558e-01 9.863188194523687669e-01 5.239365799380767408e-01 2.100336405468510304e-01 9.939248369892580426e-01 2.032980666543903192e-01
9.138714980671156507e-01 4.686318336076307212e-01 4.685218532526258528e-02 3.126119465382921625e-01 7.766002736998374179e-01 5.108651896287579319e-01 8.018205708487247119e-01
6.659767068200120876e-01 1.873465429725481579e-01 2.514301973158986625e-01 7.541328717139063054e-01 5.192703569536722963e-01 8.058709369665016942e-01 9.874293091106137732e-01
2.800311882798512952e-01 7.692063323511711959e-01 4.031141612884364678e-01 2.165451811550056505e-02 7.107113733792678190e-01 9.109027706525043566e-01 7.305824487793628474e-01
9.393048080846140291e-01 8.277035284085726419e-01 7.421410973140424305e-01 4.818247267512879572e-01 5.687823874740496333e-01 7.477411697233172783e-01 2.303285820693784514e-01
1.156100359525985555e-01 1.238324766932845655e-01 8.631323232380408994e-01 3.220489785361896340e-01 9.301768252198922005e-01 5.486288957733079785e-01 8.902518936375006797e-01
7.268090086395162519e-01 7.338786312137387524e-01 1.850737143433558440e-01 3.042702941163211161e-01 4.629657364810213505e-01 6.239611207074762245e-01 6.174201646820531852e-02
2.901654874265859885e-01 7.690936285750904489e-02 9.807640940631601190e-02 8.590081419267587837e-01 4.724707083257502216e-01 9.561964066623189762e-01 5.563076508325012215e-01
2.600212717560949072e-01 8.194838898452854181e-01 8.068504341929154666e-01 8.297243820710372697e-01 7.523348298742668083e-01 9.593328777848659783e-01 9.069985208927100473e-04
6.465983711013900681e-02 5.507118208407189019e-01 3.856996812866029245e-01 7.674972485628601682e-01 5.801004408251851929e-01 3.048684493586022448e-01 1.986155513621050694e-01
7.974714960984953249e-01 4.104007533652911377e-01 3.513607892368099117e-01 4.469193423503028395e-01 1.944049778438750042e-01 3.656846792329107032e-01 5.179835811814738067e-01
5.049229025430735929e-01 6.310765481631238627e-01 5.635586355994771646e-01 4.878425123792664575e-01 8.878769845099554470e-02 5.535840155553141129e-01 7.598366413877021275e-01
8.608839313832332696e-01 7.690006346540900761e-02 8.520222219352877602e-01 2.447947567309581851e-01 4.579702302641710521e-01 1.927796875373921637e-03 4.720450245926801625e-01
5.028865841026015637e-01 4.800039937898689102e-01 7.346568559254489372e-01 1.008048543422956911e-03 5.149842619680655709e-01 6.213101919823549313e-01 4.371980229728895662e-01
7.552290460378721093e-01 2.872734464872895854e-01 2.334913854527720378e-02 6.088168501885458106e-01 1.128062667927314244e-01 9.415760333956028072e-01 7.152812914116445375e-01
6.136948165496902696e-02 1.528165517782775762e-02 8.341220301990095454e-01 9.448099754759083924e-01 1.310593415647400839e-01 5.770229422422066268e-01 1.227755821215911203e-01
5.550111695761349440e-01 8.535276783730191275e-01 4.139384609012912719e-01 3.718755879665130992e-01 5.999517496312621878e-01 8.704721944546505163e-01 2.401967301428677981e-01
7.974301810487183229e-01 1.817600780915308301e-01 9.049441280209977734e-01 2.832525387202002864e-01 2.173731379016328180e-01 1.728558161296355200e-01 8.341015839268042242e-01
9.270244061298562599e-01 4.508068159549304399e-01 6.987459700120388639e-01 2.931172339129312077e-01 9.488547357928138748e-01 9.961055646143905928e-01 9.695417214245813931e-01
3.237425225356216352e-01 7.070802453508022722e-01 2.946355903393013120e-01 7.439570361809144661e-01 4.755821218004099293e-01 8.414102498337242553e-01 6.744062050341403936e-02
2.557284411954520165e-01 6.303916204801524037e-01 7.543465680468619539e-02 6.701519020909618707e-02 4.581813616740693096e-02 8.871609855926584354e-01 1.678979680664488550e-01
7.426769039870785294e-01 3.678690815095870814e-01 2.142286648335458565e-01 3.695395260477446486e-01 9.681382367724442606e-01 4.915708793936531817e-01 5.621738410101234651e-01
3.523012561909310003e-01 6.436777190772445811e-01 6.077047934791446337e-01 5.539771539557586388e-01 6.998113667723984133e-01 8.518609914588857190e-01 1.002578983620980857e-01
4.334207011932845743e-01 8.510070726552050324e-01 6.188814521915551037e-01 4.613492369043847852e-03 1.199526796636681825e-01 7.096681682764296450e-01 5.847573036735637109e-01
7.319054790346175565e-01 3.138070185676955504e-02 6.035098188687709753e-01 5.665804710775479425e-01 7.739612735476231187e-01 6.042007865504280817e-01 3.046655365018374750e-01
2.885873750228282741e-01 9.542803595127411498e-01 8.867252045865657850e-01 7.174188662305348574e-01 5.590616507327136331e-01 5.783089860043952868e-01 6.750527765854740236e-01
4.788557424666574081e-01 2.079186918779708515e-01 5.648556416313935680e-01 8.048223714663538253e-02 2.087587063486560091e-01 1.025362350162124514e-01 4.586391751835283692e-03
1.305509864129028585e-04 5.348798549518061218e-01 4.119142974535746626e-01 2.471049812333888651e-01 9.287687417676224744e-01 8.877653806565373173e-01 2.045884902730313870e-01
9.994868366791522796e-01 1.049942357077250366e-01 7.518743906456289983e-01 4.341287735532164405e-01 9.153449661780588276e-02 3.413360914235218369e-01 9.501112186781029978e-01
3.624444894492817593e-02 3.850065654440848473e-02 7.646135312664718020e-01 8.448920223337151869e-01 8.482530282826996615e-01 6.892033982663916536e-01 3.361538979231887270e-01
5.732140725819249161e-01 5.901504794594016889e-01 2.118347275766460092e-01 6.531904305984548298e-02 9.653443727702840649e-01 2.898686233960955372e-01 5.734368916694209117e-01
9.422222385733758365e-03 6.332136491783310062e-01 1.395427861801099567e-01 7.719486944863531708e-01 9.389466142808045035e-01 5.762643419155598634e-01 2.150573857176558690e-01
4.392002745930360108e-01 6.186207023543297545e-01 9.602362354781205367e-01 8.988644199477224817e-02 7.625161022827375845e-02 2.606202212517716443e-02 7.875480728746105941e-01
8.616551381161755563e-01 5.002781240542559793e-01 7.158355736894379540e-01 5.408802949585900244e-03 9.250859147112939773e-01 2.584928479380556032e-01 6.300586387182430803e-01
2.626983118193718658e-01 4.926164095937457521e-01 3.219285911690370483e-01 1.057314248502744247e-01 2.627977724457219999e-03 8.088955272207440927e-01 7.729402872130052282e-01
6.628347268705762074e-01 6.949355109750785520e-01 8.638104797737348184e-01 8.948723952068737830e-02 9.085058115973863035e-01 6.898411897391998338e-02 4.859463304182909393e-01
1.000636811330283260e-01 8.991318293341415968e-01 8.172938726101585116e-01 3.843085423906026366e-01 2.247631691939169229e-01 3.729476089233740854e-02 6.308747474839804248e-01
5.077296485628310929e-01 6.353131993503480235e-02 9.092924615806152744e-02 4.553803275953605123e-01 1.496167260599754467e-01 5.321019211608281063e-01 9.935302334794624546e-01
2.040337775675182819e-02 8.779557298017159894e-01 8.135656671895183933e-01 7.943891415587682747e-01 2.814460116462512707e-01 1.754729603452462872e-01 1.040979658301348643e-01
2.883323351109713384e-01 2.511467416511731221e-01 8.185510266500594101e-01 5.215038873411543818e-01 9.909377759444970568e-02 3.184307940590168640e-01 9.228989821694676410e-01
8.462754519352332361e-01 1.980870245162604792e-01 9.372525065608876549e-01 7.050331720052765982e-01 5.743644188150952568e-01 7.259287890654725350e-01 4.115383281474913613e-01
7.792715220536974297e-01 9.454768627105418766e-01 6.813778462745578857e-02 7.335427731126353823e-02 4.142798917919409130e-01 9.054791684975275201e-01 8.325948507133018595e-02
6.934552126694489838e-01 7.062821863122499266e-01 3.783713466547008464e-01 7.113635799501749624e-02 9.373655693094350427e-01 9.079608287264742117e-01 7.605444379709335179e-01
8.406763173205734629e-01 5.120645217694795859e-01 3.293920254726285801e-01 5.614932735342379466e-01 5.531163257397119226e-01 3.988954305599019534e-01 4.262785351472763162e-01
3.624331972104108957e-01 1.312023167161230353e-01 5.947343038760145584e-01 1.920903911385783980e-01 8.541371625827054448e-01 8.568021353828808584e-01 6.018576661150225604e-01
3.650342785415431335e-01 8.913542629335877709e-01 4.388808483051566123e-01 4.848788141572880628e-01 1.983265471069569630e-01 7.692287511254092269e-01 3.740260224585559845e-01
5.691365162831594215e-01 3.336678637736618658e-01 2.437956510214632777e-01 3.425807679735997091e-01 4.842027637951603625e-01 5.208698000310230114e-02 4.177546910455701701e-01
6.962083926546089874e-01 2.057358907523799685e-01 6.295404418712936545e-01 4.436419473192737550e-01 4.910597767510872513e-01 7.302246321109783223e-01 9.949041485059514356e-01
2.370024199088802686e-01 6.236027537646847696e-01 5.735400786469377898e-01 9.562586560299797256e-01 2.683693022470625689e-01 3.274048341805413376e-02 9.302937290238800783e-01
1.367017564494843462e-01 1.159517953607136498e-02 5.520973095174557255e-01 6.955333070683177299e-01 2.317141598499858901e-01 1.007078431408160446e-01 9.838362490126253412e-01
3.181387568337630256e-01 4.623859341328759864e-01 1.211377059323281991e-02 9.202559695534706652e-01 8.099143368546378730e-01 1.060082509135743534e-01 8.140407795159664284e-01
6.152772574787678250e-01 6.479602660542638226e-02 1.378936054504017461e-01 8.512195495335661555e-01 8.978662029372479481e-01 7.081723935091887023e-01 7.154302857549692529e-01
7.265604070970212991e-01 6.252304854443011539e-01 4.666505850055230331e-01 2.053218011753749073e-01 8.857169232214677779e-01 1.547851167507033887e-01 6.589315936613934221e-01
7.340770926211006575e-01 1.767856671056641238e-01 1.897837215038847836e-01 5.920610828831228689e-01 1.556925266685694753e-01 2.302524255882194559e-01 1.087863573843289577e-01
2.666368797586944339e-01 7.898434305352411977e-01 7.546043534320400203e-01 3.893055175569209991e-01 9.225770212881571064e-01 6.962583125630311676e-01 9.353213573548919690e-01
3.925134143402997378e-01 8.866279634551708089e-01 1.188712912533091970e-01 5.801177816818006150e-01 1.557669576907554365e-01 6.315046627530214174e-01 5.911606870048344842e-01
7.600431922290746822e-01 3.991961639227394887e-01 4.560230323183024348e-01 3.700045036710600810e-01 7.312741078965498964e-01 8.776449582438002883e-01 9.708736376036607441e-01
3.354971022832272665e-01 3.098009201868326956e-01 1.533006944768459112e-01 9.119799711287573940e-01 6.114459207539453267e-01 6.338706492744790033e-01 2.396202642758546997e-01
1.923122680614730573e-01 3.147875000850862692e-01 4.584958074327555311e-01 9.289936885539451517e-02 3.811650666795631803e-01 4.059824174617036041e-01 3.075155129414660626e-01
5.870036952247005280e-01 6.128938073710405998e-01 9.612909868802274049e-01 7.528388169753222892e-01 5.762578793973212044e-01 5.203917143689299474e-01 7.992050939495732864e-01
6.914183920820472506e-01 5.916540212758137907e-01 6.661046519600322124e-01 2.878760723367148611e-01 4.788427795189480474e-01 5.203594270514355635e-02 9.110553610795302237e-01
7.845226138675205352e-01 4.065895785892945646e-01 8.879672255971494677e-01 6.876558059403989898e-01 6.144919913315691762e-01 4.829476489801730610e-01 9.501093032169161123e-02
8.571682677163320330e-01 8.628410533353635392e-01 9.145822573209585471e-01 5.515407981594400155e-02 8.594251855438673759e-01 8.657017861447757756e-02 5.846512194991850819e-01
6.338324475449259587e-01 8.574913697953555625e-01 6.362589655388950494e-01 2.134566801111167367e-01 2.678508439871314373e-01 4.322256223320638524e-01 3.812608426173424991e-02
8.285105079094831071e-01 7.870464012300228962e-01 6.559292740093770613e-01 1.734503292530414909e-01 1.805310777188002813e-01 5.785203611506335442e-01 5.659046332833114201e-01
7.130671299967165089e-01 8.697253226675917270e-01 7.202425473128001299e-01 5.181481972648147583e-01 1.276299527170570158e-01 9.027690563560617498e-01 5.435158201266377942e-01
5.925239048808558229e-01 3.921839926579173685e-01 3.174745191428793856e-01 2.208061156902545452e-01 3.001530988318888982e-01 7.469499556361935966e-01 3.231379000367665677e-01
5.049865935926111105e-01 2.712799018550263730e-01 4.020484175755172362e-01 1.385836681235138590e-01 3.624045342273636283e-01 4.827718493391803811e-01 4.011696270818515542e-01
8.229070695380548139e-01 4.395286203660817570e-01 7.693552936954606292e-02 8.906754306269101251e-01 2.315926267701385877e-01 4.882350288358283663e-01 8.127065872819617676e-01
4.042126159334256119e-01 7.514515095415164048e-02 8.326497767830689511e-01 9.202040411674983211e-01 7.385696234334175880e-01 5.707531633795942527e-01 8.902199291821265570e-01
7.400018136191123252e-01 2.697868885936918204e-01 6.494277347390625676e-01 6.869885683031140555e-02 5.779456423648299257e-01 8.607845468928511101e-01 9.878985484064739531e-03
2.134406751618541653e-01 4.190831388364270049e-01 3.014152127629482480e-01 3.273556909731681897e-01 8.744345768781839334e-01 8.868827940123397147e-01 9.031487362047063705e-03
1.905682423662728997e-01 5.836901628092793226e-01 5.872648957854298413e-02 5.765053971937764699e-01 1.010045246986230882e-01 1.923732215052299521e-01 4.291369791328003558e-01
1.297412312395869183e-01 4.759090898027606986e-02 1.357983436501577490e-01 4.768483803263974252e-01 7.618054134209517603e-01 4.753547957317887374e-01 3.663703037072690849e-01
