8.823027602357705890e-01 8.291075312517823814e-01 3.640531011566597863e-01 7.221556602652187129e-01 6.757779072596267200e-01 1.792035919872140282e-01 3.194734196541733073e-01
3.420352543541674839e-01 5.354110528248451351e-01 7.726185921810102553e-01 1.034915190490283132e-01 8.182951735446345465e-01 9.388137134950335083e-01 7.802407328309607371e-01
3.951941036425227205e-01 2.051206099302008701e-01 2.761465172891857112e-01 7.254503063014765551e-01 7.394234511263438892e-01 3.333580733801808638e-01 7.691474541053603398e-01
2.115733245899868997e-01 9.600319720371580656e-01 1.629802561246581627e-01 1.145783203748796941e-01 4.478082423906176723e-01 7.644381838763969483e-01 5.336229342568070688e-01
7.412521214098584110e-01 8.855605819198391071e-01 8.093530916340622161e-01 5.285096480274021902e-01 1.315776664503761628e-01 6.897563041493536273e-01 8.686742424227829051e-01
6.691797638174155072e-01 7.438434801587254785e-01 8.594860402117716625e-01 6.770073666761342590e-01 3.345645986299835561e-01 1.425765890291327276e-01 1.281068253943687951e-01
4.831936433987774615e-01 7.147800054738855380e-01 1.700390739220764003e-01 7.941990725738110601e-01 4.462136474514821760e-02 7.286705905168755493e-01 5.700939998255205587e-02
2.855035965285164234e-01 4.707478034720884441e-01 9.960249015493212177e-01 7.022797091114212353e-01 6.498700683320490779e-02 8.241590365594120282e-02 2.172807076797678150e-03
4.941379529654321701e-02 4.478049756312024732e-01 3.849744937725478877e-01 1.219247256682362002e-01 3.409691547634785547e-01 9.062507994468614880e-01 9.510200534023878216e-01
3.626695256335658035e-01 8.404064465654421667e-01 4.826770917262279692e-02 4.740266883251821328e-01 2.514992748777468146e-01 6.131191017726543846e-01 7.598916215128252993e-01
8.263077662025944958e-01 5.901054727958290336e-01 1.750007830860236258e-01 3.169976496391931908e-01 2.527003750329517295e-01 2.796454508816560436e-01 3.133627606682933830e-01
8.769655664852094024e-02 3.101848690626989313e-01 9.237613116660714496e-02 8.657009844396177378e-01 6.806491217980592534e-02 7.772744598190055587e-01 5.576411255485875795e-01
5.734080730797120884e-01 6.511097085177954824e-01 5.855326793826154397e-02 8.125397931551785469e-01 1.865191348481557432e-01 7.321144872690555916e-01 6.220400251660396229e-02
4.857702226357890618e-01 8.351723799142799498e-01 5.489174888065248004e-01 1.915095947413130162e-01 7.631690935542488896e-01 4.583787723757331012e-01 5.818275583695964315e-03
2.347685107650563374e-01 7.358779006603978212e-01 1.261008308260491706e-02 8.253870471618398597e-01 7.944571534669083723e-01 9.849257839435111572e-01 3.921256628428961832e-01
7.315987905327286933e-01 3.732005500158374067e-01 4.986753781472151870e-01 1.556738976237486138e-01 4.406580535384863051e-01 7.709383865254662016e-01 4.389484133473325889e-01
6.778421072773715972e-01 5.895977298331424032e-01 9.560282254006124969e-01 4.623228842735880306e-01 5.494405621324692790e-01 2.867944400665680682e-01 3.884941882046697437e-01
4.692187657167453674e-01 8.300233206180799295e-01 7.883340493410527783e-01 5.048238521588722660e-01 1.763550363454446934e-02 8.108147762722672791e-01 7.974028376824265907e-01
3.561341239756605770e-01 9.842548247313755994e-01 4.149582727373177793e-01 8.155322692234413529e-01 2.133603670145911568e-01 8.581641278684773999e-01 9.192835130676924038e-04
3.836923010010836466e-01 5.290845685205991522e-03 6.735031592119828936e-01 3.239819153074547931e-01 7.938579601913431372e-02 8.442428205961460819e-01 9.986257241004176111e-01
1.124948107918672946e-01 3.536123385974502265e-01 3.497567978122633203e-01 7.612943089662663754e-01 4.973091891730330172e-02 6.672568005104000388e-01 4.414114151080922310e-01
8.332997731285357590e-01 2.474985531521015636e-01 6.342418875681361534e-01 1.968122881935807644e-02 9.951787810317691552e-02 7.021318361769025573e-01 5.317670399559980554e-01
5.365316496286904879e-01 9.170663668851096739e-01 1.552594546564881606e-01 9.938618397807770233e-01 5.655630556445349066e-01 4.957847510937968272e-01 6.929702862247032469e-01
7.295522948669508345e-02 3.627288866318512106e-01 2.057568401062266350e-01 9.401611010303421168e-01 4.210660017292200408e-01 1.877198428864736979e-01 5.522905722836287667e-01
7.156228417380583462e-02 8.801475480359033376e-01 1.567856722840584860e-01 7.055446043081212704e-01 3.635756806704015798e-02 8.209486474076531648e-01 6.398642247548524953e-01
2.622535648281361098e-01 9.568028180852163889e-01 1.639488830832280808e-01 4.626518899688757402e-01 9.959358002829026280e-01 8.425946972219211517e-03 7.933308095966206119e-01
9.073193480193174620e-01 5.192236290576233149e-01 3.292664042222894771e-01 7.283840475922116475e-01 5.684415338858387345e-01 5.318673558284618963e-01 5.251240954961595708e-01
2.347516721217476343e-01 5.881096059510373397e-01 8.738113188506180240e-01 8.249715285907525120e-01 9.705940343224395139e-02 8.416003432967005260e-01 1.026112868587348848e-01
5.794127496557547330e-01 5.566371305290201965e-01 2.326214721625078363e-01 4.763573910104845766e-06 3.814710196100802309e-01 8.410719097569584468e-01 1.347970498624803115e-01
1.548717527209066969e-01 8.697429262124780625e-01 8.695329384978681686e-01 7.768398816037174193e-01 3.301709055685644323e-01 4.452941995251553653e-01 9.341652382127041410e-01
1.903970806554452500e-01 8.253580255906953766e-01 2.455154767885996403e-01 4.447008175990009304e-01 4.064065299872778869e-01 5.950859375266115414e-02 5.859836472979230715e-01
4.434953389824783931e-01 6.219975611125551085e-01 2.540871759119767148e-01 9.426341424350827003e-01 4.474938440210148860e-01 3.935684243782635594e-01 4.791028102264190958e-01
7.168588090185598061e-01 1.890394792511488342e-01 5.911954264047325491e-02 8.190109810493952924e-01 3.809105330062187988e-01 5.836177251626030182e-01 3.673257141590847707e-01
3.852263910526265711e-01 6.094110493167500531e-01 7.950332952620486893e-01 6.132733069308587970e-01 8.280214681794135778e-01 8.641135914233140092e-01 7.965515732286758688e-01
2.955454449493497560e-01 4.433775032016457063e-01 3.390357088032830424e-01 5.339344120921665215e-01 6.984194237405342287e-01 9.539201500036089687e-01 8.449041931062362121e-02
8.286035353572303030e-01 3.570205149674172684e-01 4.834509664655149974e-01 4.281387289786431349e-01 4.609754301372107621e-01 5.697850562648160144e-01 6.561861173504236477e-01
2.691732729451008499e-01 3.392127917147649274e-01 7.981192671982202391e-01 1.850438837384340562e-01 7.994986278190685525e-02 2.556815972196934128e-01 6.744960897674980860e-01
7.796920519258425664e-01 1.660076022291219200e-01 8.779046131412592269e-01 1.066989363839254690e-01 1.130207054406051626e-01 5.070626988247857181e-01 9.979863760979257314e-01
6.486696628406448673e-01 2.754905773381779444e-01 5.793397688745426377e-01 2.056618035114998744e-02 4.088484152568400143e-01 1.248125357962136528e-01 4.155829626145645106e-01
6.447800080798172795e-01 1.431200504205246693e-01 6.557021250617744990e-02 2.235324596694876487e-01 7.994462686351686553e-01 3.302760492054063191e-01 5.235467309497553456e-01
9.632750338375817289e-02 1.802208979080354156e-01 1.489564040206904361e-01 7.714190740418926939e-01 7.463521088986386776e-01 9.455456620147962843e-01 1.928559709191949301e-01
8.549246849061331588e-01 5.983790285741814596e-01 9.164291268642386079e-01 9.709795060525645560e-01 9.517106782674019660e-01 3.108385360658911800e-01 8.198003298562300811e-01
3.763803523379655180e-01 6.569641507140201453e-01 2.829366295327730985e-01 2.305090177280993968e-01 7.072721187784585251e-01 4.186988299131103597e-01 4.606237600955228606e-01
6.125260785009093434e-01 5.508933839699374779e-01 6.779755845362500644e-01 6.662804893096098136e-01 2.996556280127934402e-01 4.187109552246781607e-02 5.954606018397664569e-01
5.248347247834064255e-01 7.408127413175465970e-01 4.329453375330351017e-01 3.759037007008749764e-01 3.986793679264069024e-01 8.590228234956527320e-01 4.580112935132784058e-01
1.360500015622496672e-01 4.972526184311075736e-01 4.790637623728162264e-01 8.785250775259031419e-01 9.325913047673047851e-01 8.707102477468456891e-01 3.167025154419477184e-01
2.885851498214468958e-01 6.116502013181754904e-01 1.149650311363807909e-01 6.571286534652953648e-01 8.455709071139160260e-01 7.594334186621447547e-01 7.722388868096855541e-01
7.715617867845337985e-01 3.028070810690838277e-01 5.386899762408908776e-01 6.785330813543358763e-01 7.983148976268485963e-01 6.967906238200638480e-02 6.692701953795334724e-01
6.395497203147886278e-01 9.392633076437165718e-01 6.456839470850546103e-01 1.471961752192149087e-01 3.025151856235323011e-01 8.237804745346563040e-01 2.547590863564918040e-01
5.790654413547702273e-01 3.206147722021610580e-01 6.075624496006137853e-02 5.784326540826352225e-01 9.867141710618961836e-01 1.243481882648977965e-02 7.022580582548775263e-01
3.786880999199726539e-01 2.760722658621913572e-01 7.806831015334736446e-02 4.944345897836858184e-01 4.894577188062242401e-01 1.605533359326420939e-01 8.258979521489391296e-01
1.846471409852304957e-01 2.659532677794208544e-01 8.915383348536646269e-01 5.052246269577270743e-01 3.702672964369292385e-01 6.698148969724793123e-01 1.700402069766659974e-02
3.010543224747936897e-01 2.844513896537750330e-01 7.004084495035860503e-01 2.997726067028884112e-01 2.213843014647476348e-01 4.282956981307646238e-01 4.686355069592863520e-01
5.797540031865351384e-01 5.189665319008610611e-01 7.916051189633233065e-01 8.309466299120966681e-01 3.722683128526403928e-01 8.358952886098419688e-01 5.311707516407412344e-01
2.761241006343678750e-01 8.743273134376472466e-02 6.320942280095788179e-01 8.676742983066499937e-01 5.460359689470877242e-01 5.743220998483686834e-01 9.352495533485979395e-01
3.193189553478739118e-01 3.736984792580764214e-01 9.082810608639401151e-01 9.821836469286641114e-01 3.788999546968390142e-01 9.602162137054880420e-01 3.926328153506886132e-01
7.923484468528602109e-01 9.667325187932090946e-01 8.279101536009877416e-01 9.946395295792230806e-01 6.768907744581934560e-01 4.706016029149389102e-01 5.528721298861968281e-01
4.344076017652138688e-01 4.677196427292711345e-01 3.540491427036241978e-01 2.468150815057340575e-01 3.008151380786601159e-01 1.953627385309506526e-01 1.189330466834128686e-01
1.537565301914372018e-01 5.265229398812200090e-01 7.846883933321646687e-01 2.595545807991295195e-02 9.142451562862721204e-01 8.047685366966786935e-01 9.131168902157885681e-01
8.405173457969038475e-01 2.059372671634420726e-01 9.366438670507577502e-01 1.548813120880478955e-01 4.567783549342853133e-01 3.892272928995947900e-01 3.944076378914473935e-01
1.208040695094938499e-01 4.973206568321013599e-01 7.319550553265393722e-01 9.829521064482471537e-01 2.497488980014181958e-01 5.540032618770737161e-01 8.910190899507308693e-02
3.217114660129074544e-01 5.029786268340393773e-01 8.885225743931766118e-01 5.863575872474896533e-01 7.420099096683953066e-01 9.704578267979570017e-01 6.366125044539939770e-01
6.875036195633710268e-01 5.449814122868905653e-01 8.908241401369899615e-01 5.405264964916793868e-01 2.433029538825522975e-01 7.957755335986449463e-01 5.732950016648752367e-01
3.863277368519121291e-01 5.856862205181052605e-01 4.807112877622813363e-01 1.091072090451065124e-01 1.561415199137686782e-01 7.018232898098893946e-01 5.805520063862138480e-01
9.810096866837381135e-01 4.468454563295197746e-01 4.909642198613661801e-02 1.324314025313366727e-02 8.291313025109013912e-01 7.959802855040072345e-01 7.151377456749371531e-01
8.539669748562417340e-01 8.384748695043586775e-02 6.991428461177682241e-01 8.123882325800624304e-01 1.341946940797682508e-01 8.875606372721591697e-01 6.854288598426304668e-01
3.580711485135292804e-01 9.660195156751196777e-01 8.842832498447328327e-02 1.440997189353190322e-01 4.611088966880642070e-01 1.401286737574336527e-03 6.563720324504072057e-01
6.800757144392093334e-01 9.736949691298142362e-01 2.982608709651444201e-01 3.519587553722454132e-01 8.228807956561212666e-02 8.965249553190783871e-01 5.751391797617476653e-01
4.894248584894685949e-01 3.302018101386529070e-01 3.037634127282531349e-01 1.815045259506099518e-01 6.642738547589106535e-01 4.734777861658298059e-01 5.723494265287411009e-01
5.823128279186071676e-01 5.775940991318425644e-01 7.591489249116551985e-01 7.326330924169970338e-01 3.816344242483930005e-01 8.148026509859480626e-01 2.558200851584180313e-02
6.273725210122068630e-01 2.405722730000532383e-01 6.528681860290597161e-01 3.343000365955749453e-01 8.753271135109651491e-01 7.809262465668349584e-01 2.200558490225570374e-01
2.417743843823002559e-01 8.072970390134137642e-02 6.117962261586959993e-01 4.586025563913247449e-01 6.165402818717853339e-01 2.858205393230554003e-01 1.524191337775453459e-01
5.244351964553310985e-01 4.785084879442422778e-01 1.744706986200795784e-01 2.457642398353200308e-01 5.271415585773029377e-01 6.909793783946461820e-01 3.215314342554888016e-01
1.301216341099920015e-02 2.744819924447008397e-01 3.604011896055763220e-01 1.232786280618957120e-01 9.379459744366970275e-01 4.637502613008895880e-01 2.428667747873802796e-02
1.095760429110648193e-02 9.126767110760688473e-01 4.350487989309478332e-01 8.013186144312856030e-02 2.727540944950099799e-01 7.201858186634509940e-01 1.211170722794903121e-01
8.860832296386911278e-02 5.588824626692425745e-01 4.447232373985787746e-02 7.407511219776301559e-01 6.732405593577379666e-01 5.122927696295581645e-01 5.024300236163492528e-01
5.079120859400380050e-01 1.294973447350999951e-02 6.159163331889371262e-01 2.242799695671289228e-01 9.878116982690121617e-02 8.432132764869165742e-01 4.623672657666465513e-01
3.213934280382632069e-01 9.147294171558534304e-01 4.668180178007559356e-01 2.433792220909783977e-01 7.868729064559545350e-01 6.369839343776358964e-01 3.631182966607909846e-01
2.949638992197117782e-01 7.354567976743242586e-02 1.493746156195178143e-01 7.770407818958193769e-01 8.615953044151716256e-01 2.550798644591273368e-01 8.321960309224566421e-01
3.171879439932960842e-01 2.852305590838632998e-02 3.217581958933466435e-01 7.140815786562768608e-01 8.250704426539401393e-01 2.066916870147937901e-01 1.767012846636804024e-01
2.827194933019314682e-01 5.135390673077795398e-01 9.120416869413656702e-01 7.377888040485669485e-03 7.124201949362782837e-01 7.490820280885597260e-01 2.758878724736445465e-01
9.581700995857790337e-01 1.751255866898696611e-01 5.317151427994427637e-01 3.551649449451653728e-01 8.887332652924940790e-01 1.167518692843557693e-01 5.118110589414626155e-01
5.748516612537213355e-01 9.758704067411178018e-01 5.158538318692805769e-01 9.944272184457474406e-01 5.482248490187235923e-01 3.925456178263213580e-01 9.457050339368717751e-01
8.420456234093859349e-01 3.863807980111283458e-01 7.133919138923908720e-01 4.090525656661375686e-01 7.350316618122582080e-01 5.907790646247010891e-01 3.871145761593307588e-01
2.293624938288700843e-01 5.134069861746833885e-01 9.027629480067584922e-01 8.071158848895900739e-01 5.026764175871411000e-01 6.707559007933476813e-01 5.334759566358684424e-01
9.777813576137693863e-01 8.832277983402081478e-01 6.300252687205352142e-01 7.204321487814214775e-01 9.385830469357808736e-01 4.428524587589021122e-01 4.779477885378150548e-01
8.185575079408674570e-01 6.205596667898440888e-01 6.995070276793068365e-01 6.047300132143746954e-01 1.839112084326486318e-01 6.484535247701823657e-01 5.799896454215934805e-01
5.001628382780984872e-01 2.787803422756496285e-02 1.814295891099066971e-01 7.810025464721391808e-01 8.151981246895114719e-01 3.762343424243825840e-01 5.112211673901156939e-02
9.903916395359222413e-01 7.170868804519640038e-01 6.578393667739691475e-01 6.378796141562163013e-01 8.913117923388540476e-01 2.205543463674812799e-01 1.419310068762466015e-01
3.617471663523901260e-01 4.438604348387036325e-01 7.508037111171048661e-01 7.073356605343902315e-01 7.685567812547543509e-01 4.630848823531786840e-01 5.199453439610072225e-01
5.392684164103975775e-01 8.185769009442913635e-01 9.502376972103168118e-01 7.476183694924782852e-01 6.406876406541485158e-01 7.681279631708642919e-01 2.202059343688205217e-01
9.419961738483073610e-01 5.050845901228077084e-01 9.980568865777214027e-01 7.936352820555293563e-01 8.532916355467604630e-01 8.289425316420108159e-01 5.080455996835737675e-01
4.805194854821607242e-01 6.301559888256100805e-01 5.438735919590350631e-01 2.827659498582085762e-01 7.710027470329017252e-02 1.394730574350628860e-01 6.686074390296230519e-01
1.249534018770852573e-01 5.185459217963543921e-01 3.360873359774452229e-02 9.565102246072751946e-01 2.924964839851750265e-01 6.417237328651029804e-01 7.665065767979941658e-01
7.783069516088402251e-01 1.669588868376470359e-02 4.495152112298159697e-01 6.603202432569966751e-01 1.960957485976070336e-01 7.243526051378632591e-01 5.361801618501640387e-01
2.961844329435556755e-01 9.689408089627102871e-01 1.818793591181376845e-01 1.615943725085552396e-01 5.364352233052870345e-01 8.346074280368440679e-01 1.167444014040811551e-01
6.269378159001751660e-01 8.067949384080307373e-01 3.971617085296929028e-01 4.669493425101823858e-01 6.348974791745196633e-01 8.122734883356053093e-02 7.922673690384673950e-02
5.394653225752374937e-01 6.160290980890565926e-01 6.005196813147184454e-01 4.241591791229250008e-01 7.941333394581135963e-01 9.906860900974281403e-01 1.058989299373991333e-02
4.747267317827333910e-01 7.300161402655455101e-01 6.687097178653031992e-01 8.686006617672592522e-01 7.859383637951166124e-01 2.946845261880903788e-02 6.080437107164382571e-02
9.266685854831318014e-01 9.268643530280549214e-01 7.740565821647665823e-01 7.031301525508979466e-01 3.478592266156163015e-01 6.150795030713311906e-01 2.922600960589666341e-01
