4.082787185641556515e-02 3.594127610099784320e-02 1.160439144569048731e-01 8.364748415433987949e-01 5.276039535697860661e-01 5.743446161650992421e-01 1.288761415233551366e-01
8.684051361355116239e-02 4.501063522835924147e-01 9.153315027983097707e-01 1.903170324731207064e-01 6.157247955547351381e-01 5.531632074528171072e-01 4.545716029161515070e-01
8.444511215980855523e-01 2.534721747722472607e-01 3.830547805531584471e-01 9.583976348479789076e-01 6.372551601970628532e-01 6.024008017368404078e-01 1.664819896640912233e-02
1.680209090142282813e-01 4.301023883348611410e-01 1.459095480491277019e-01 1.329400292671731876e-01 1.343485587382087232e-02 1.790574174839489885e-01 3.400799599228557790e-01
6.572290877186475200e-01 8.241092169297931092e-01 7.775234276836576752e-01 9.379444142305264354e-01 8.088731820778836124e-01 4.998795740217537587e-01 4.904678866308530560e-01
7.018008014103194192e-01 9.789037210829514279e-01 7.282957517915610302e-01 3.400762026783196168e-01 6.917577730918342827e-01 2.920492917945584077e-01 5.691948235574336712e-01
9.187952387721242120e-01 6.889594786579187335e-01 1.360325444520029681e-01 8.325321136867007699e-01 7.717844508862519159e-01 8.593047749835479587e-01 3.413653130154600257e-01
1.832839883833060624e-01 8.877472909973678217e-01 6.438964697074943677e-01 5.908346755412454687e-01 4.881263777161857220e-01 9.857254253720135750e-01 1.494865020880244977e-01
8.844049653134922195e-02 7.908736452197763223e-01 9.561940757845575067e-01 9.152132128853844861e-01 3.815260637581627812e-01 2.885180076704945140e-01 2.293146671524383118e-01
9.649099568790612258e-01 8.303396910413063381e-01 7.522768006002543695e-01 6.467162892720133005e-01 1.324855346425117819e-01 7.904019127631585206e-01 9.586974151887108775e-01
4.470094666895826352e-01 1.548254384940994655e-04 2.012523300244173363e-02 1.153064094717970445e-02 6.606147184384613125e-01 5.394846048056786136e-01 6.094436216370696657e-01
6.398187905318422075e-01 3.924533193504102790e-01 7.033318417615748164e-01 9.658448736503356669e-01 6.260986041869988084e-01 5.311302518979629239e-01 3.984233225526723210e-02
3.091653213945354528e-01 4.768325451175208229e-01 7.088850002421227536e-01 7.759090560100720957e-01 7.000954964190714280e-01 3.661180401077052116e-01 1.859733472752223005e-02
7.622074539920509206e-02 9.200600503061668878e-01 8.987421698840969420e-02 5.828366068241319642e-02 4.179267652975373615e-01 7.168719573113212506e-01 3.634054568011039210e-01
2.625040885809974966e-01 8.412915050022917729e-02 1.262650321476190829e-01 2.150185179935137914e-02 2.260469856961654367e-01 6.974856487794591775e-01 7.331734671879771570e-01
2.209051208364124497e-01 1.870700954250884562e-01 6.892635382981082692e-02 5.902973744183858118e-01 2.863214411876433552e-01 8.486600943597303326e-01 3.998908221355397252e-01
7.802658997240596861e-01 2.753745113885872620e-01 3.092583527296284274e-01 6.785635813621073709e-01 6.651030503613725164e-01 6.209720887925096466e-01 1.169262816526425164e-01
8.953999741745880536e-01 7.021609957003918101e-01 2.783954929584842031e-01 9.761817758520575650e-01 7.294749453832987118e-01 2.675473381151564078e-01 3.797502795927981678e-01
6.955586918345320058e-01 7.239270317746920869e-01 5.003416307288177656e-02 6.465328423374491207e-01 6.994146484512773210e-01 5.952436348324410265e-01 5.668098365339386824e-01
4.504466808880591699e-01 5.406486130277432522e-02 3.081270091231025354e-02 4.628802730385939146e-02 3.642179934379951023e-01 3.700615126549056111e-02 3.231628403860055121e-01
1.128820988605711007e-01 3.659042813024183660e-01 3.734936523235405925e-01 7.382430160537438724e-01 1.185487065784874838e-01 2.576623655799085144e-01 3.487922312466101848e-01
8.812666913320850171e-01 9.610837417657253079e-01 6.624589883884176578e-01 7.120437232775972403e-01 1.941428484279218436e-01 4.108089520192692579e-02 2.664119998152747470e-02
3.686193293284862893e-01 7.077747209292530872e-01 2.502675705167406450e-01 1.459185652339173300e-01 8.644843707698856017e-01 4.422316992877682873e-01 5.740814035027107520e-01
6.236482123509160536e-01 5.921798021227796527e-01 9.006726858871464403e-01 7.605459394682140273e-01 9.992462196420756060e-01 9.896626330963065321e-02 9.187157550309441589e-01
4.127958237278370746e-01 6.316330780066785611e-01 1.729293154346415173e-01 4.389703560284574646e-01 4.983965222931319161e-02 6.348789490986458395e-01 9.468359672688860806e-01
5.038144315022371478e-01 7.937809957702922636e-01 9.703522893375133851e-01 6.287428519164208751e-01 3.713576997795080548e-01 4.868524550199768708e-01 1.760337370985290972e-01
6.115247326352178936e-01 7.457490704423511696e-01 3.641859100851457809e-01 7.991711092932582972e-01 4.258318261760334345e-01 9.367164972719832505e-01 7.581704932371037264e-01
5.969338027860277007e-01 4.125322381157169316e-01 8.718493964383219330e-01 8.013707662703429824e-01 2.073452044342322109e-01 5.498345442787527793e-01 3.217734871933709551e-01
8.543415281089954405e-01 5.028931176508460998e-01 6.415004289542296512e-01 7.699328333578558947e-02 2.203600813470185660e-01 3.158401374142655316e-01 4.676888792433978592e-01
5.690289255233593746e-01 2.038043916289230539e-01 2.386811955597668566e-01 2.954043002130953832e-01 5.577118931457936135e-01 5.149024493658506119e-01 8.161908707854874656e-01
1.977368416790888928e-01 3.939724044798866842e-01 2.562858167252100028e-01 4.748826939801494840e-01 7.438568567860384118e-01 6.607430726306661173e-01 4.230443511296673176e-01
3.883087547211008239e-01 1.457974905927984510e-01 6.517966705083469980e-01 6.808417570732643309e-01 4.399863355998631098e-01 8.170163023915416600e-01 4.997441346600326462e-01
8.464601618627531909e-02 6.452456874541186993e-01 4.077934579204551824e-01 2.042349504569015428e-01 4.602792504644540594e-01 2.585616280394575917e-02 2.489504777926293544e-01
3.114061705570220218e-01 1.594474952082123309e-01 6.784168319445397222e-01 8.671355459299902035e-01 7.894129130366291935e-01 6.343918927794579554e-01 7.365185509547546028e-01
8.167586957925480062e-01 2.876153889254117191e-01 5.302157135738150284e-01 4.659037162889531070e-01 8.025899193549087540e-01 3.457327046122605774e-01 8.359996691350001230e-01
1.738081887181046614e-01 9.835231404028670354e-01 9.424591420694401478e-01 6.662848088588566586e-01 8.898922131348732112e-01 2.695563465658527003e-01 3.714532843289343189e-01
3.910651875616978357e-01 7.191622156381068942e-01 9.223212301239419597e-01 3.238225819487035029e-01 1.477832247279309286e-02 5.020965953423445205e-01 4.754313216289512978e-01
6.834680208024113135e-02 5.355292804334290668e-01 9.477313040716384140e-01 7.005690995049638214e-01 7.236238595442073818e-01 2.885187455966203851e-01 4.728434462369114355e-01
2.097304881999431103e-01 5.486269283154099341e-03 2.363103599482447859e-01 8.059442583506192248e-01 8.531690776484347483e-01 3.445184781369968752e-01 1.630090556130218138e-01
1.176349277507536817e-01 5.380732154477466667e-01 2.145274502659466620e-02 7.324704847752280257e-01 4.919200731064738985e-01 1.226075398149901741e-01 2.388070424098037714e-01
9.308480836627973654e-01 8.085790873970311043e-01 2.020250657668398730e-01 1.747482239969976314e-01 4.943297701718074588e-01 4.773364745932958675e-01 6.677321368089400577e-01
4.996446010358222001e-01 8.156405661703837184e-01 9.645718026557976721e-01 9.344866386155319393e-01 6.627557718743559700e-01 1.784615485918116251e-01 4.440767785704013981e-03
2.497970206110967650e-01 2.045232113196701063e-01 6.936168033155195589e-01 5.813824233750204407e-01 8.748129936496606973e-02 3.809436937084583752e-01 5.529207912470240904e-01
9.214760792842334736e-01 3.424142102999250259e-01 1.684220038645958262e-01 8.409031750469463384e-01 5.555276795744545915e-01 1.631465252278458955e-01 1.608891717256923926e-01
4.690541849421804299e-01 4.422121274411218161e-01 6.077136419667711342e-01 7.557854024656028846e-01 2.419617711306644159e-01 6.211873564689152083e-01 3.676416607458374841e-01
5.384051142683422553e-01 9.357573758298413091e-01 9.609443924700140638e-01 5.404802209729795415e-01 9.767916795722251244e-01 7.829970123880640731e-01 5.465356048232005159e-01
8.200255573191472802e-01 8.511447235338509554e-01 5.170522796033580892e-01 9.761856505811142837e-01 3.601580437908251664e-01 4.257754058281344456e-01 9.862094364360431964e-01
3.841381795834356572e-01 8.877102872624398344e-01 8.992975268834149105e-01 4.171983393882472413e-02 8.540357187256050198e-01 9.035170734519658575e-01 9.549570228908373926e-01
8.872402496046571940e-01 4.840845359805794335e-01 8.379564755489101735e-01 9.980431281028333546e-01 3.806523665400390888e-01 8.616761081215865703e-01 8.192464616732793026e-01
7.520966307502769954e-01 1.211642373924997074e-01 4.327347606428970650e-01 4.287314780492169630e-01 8.379486072234083593e-01 1.255858186899222462e-01 3.965061718039590843e-01
9.996793917127073659e-01 5.849212797176021050e-01 4.797594509483070757e-01 9.123639674000715294e-01 1.017172520559046500e-01 8.032325697281605947e-02 5.126277978958149184e-03
8.865785529623692041e-01 4.325042617726460037e-01 3.511873726898669945e-01 5.035236780951337643e-01 4.407699296312103110e-01 3.688813311161270869e-01 2.621444340042359267e-01
3.521452207178594751e-01 6.204505662486954343e-01 9.494742943115382916e-01 6.891414056432356716e-01 8.033125657425213006e-01 9.134967224973244981e-01 6.471141453773197050e-01
1.887225216884860224e-01 3.228156127502040951e-01 6.824810364301800991e-01 9.576673298532659695e-01 3.385341116190141442e-01 8.017913054056601263e-01 7.091522938246200836e-01
3.677915962431554942e-02 7.961661273501868807e-01 3.056609497578020029e-01 9.009557516518866827e-01 4.342100457054105522e-01 2.038877848860017883e-01 4.835532172085584834e-01
2.293911797491320348e-01 3.488581432336801402e-02 5.725661748722459254e-01 9.234455275554331877e-01 7.630896412678818130e-01 5.065176955400728653e-01 4.046562909813188336e-01
4.675067467180610281e-01 6.982147928551610816e-01 5.166696753109299989e-01 5.761873580956211605e-01 8.693892704254240211e-01 1.388014827847895427e-01 3.733813762240408840e-01
4.366827321114730154e-02 3.405649405342866531e-01 4.355050176444063004e-01 2.577332383416529593e-01 4.839424204212572356e-02 2.687143020127966686e-01 3.229425677400704631e-01
6.293065265498402061e-01 5.897163601928505638e-01 8.573618904618689474e-01 9.106171304615475748e-01 6.468446176877167275e-01 9.718936623783174245e-01 9.328168080992094158e-01
9.950564699068451535e-01 6.903417345479778700e-01 7.546018993660603691e-01 7.382291770043186707e-01 7.932512958332621489e-01 4.701999206144553689e-01 5.052077175670244280e-02
2.589679998604992317e-01 2.406023321508092838e-01 5.027662497311611300e-01 3.862801790641070543e-01 1.768565657454621576e-01 9.486356799009885155e-01 5.591789351880065428e-01
2.545644231926531553e-01 2.475506770629999354e-01 4.475250164935683506e-01 2.389925356488245001e-01 3.248956922921587553e-01 3.135460408367121143e-01 6.872723757612865247e-01
4.830372952291710487e-01 1.414652108475003001e-01 3.405481017463496407e-01 3.316314535891714543e-01 5.366077530301316401e-02 9.516824161246464353e-01 5.222965109711481535e-01
6.662452776391042386e-01 1.060107987730526391e-01 6.119338782479584182e-01 5.101003488803192987e-01 1.083867251358433537e-01 9.637169592379549732e-01 1.351835087955435277e-01
9.208392046890969684e-01 5.459466181511891669e-01 5.598497033303448944e-01 7.217559614400246293e-01 3.062737471942670320e-01 1.642844333922011124e-02 6.340144968430481143e-01
7.496588129476325912e-01 7.630410852927052012e-01 3.836549373289999121e-02 6.134803861016623339e-01 3.965264995262626213e-01 1.332731159949407385e-01 4.032964603939755976e-01
3.619375049697470814e-02 9.130222528860090225e-01 7.262021131495266513e-01 3.258559029144714181e-02 3.069167029365248434e-01 6.419128822375728127e-01 7.716342207008377585e-01
6.757957921601404072e-01 8.050179855432505471e-01 2.818910790502748842e-02 5.011264373738928413e-01 7.228718433272184329e-01 6.075490107666561279e-01 1.166473282565031466e-01
6.434331338953835910e-02 8.159046831045707604e-01 3.188391722636962911e-03 8.199309387743194399e-01 9.005959833281035332e-01 5.514980599129961636e-01 7.924739004057290703e-02
3.820318741765027504e-01 9.699084791759567947e-01 4.325832406139447084e-01 8.252417137868329755e-01 6.239907251662593080e-01 1.395285982943147429e-01 6.815965472076582765e-01
7.958343477479346006e-01 3.676455328102447018e-01 9.751176103661275407e-01 4.183744292506713647e-01 8.889328217189371717e-01 5.603123881915281768e-01 1.740939071378906355e-01
3.644612848342175804e-01 5.667192155178912838e-01 5.005561356268173334e-03 8.607089270234965506e-01 5.731645537551764980e-01 6.088131597621014857e-01 5.833305435453517429e-02
4.376239552343295092e-01 9.238008797412908812e-01 7.962827181577806224e-01 2.369433935371573208e-01 1.141096832036673225e-01 7.860150067233744320e-01 7.715652061272779694e-01
2.519514150455810508e-01 4.030467052988848664e-01 8.344620772357668192e-01 9.867906019232797199e-01 1.967184713598766344e-01 8.642391211789905991e-01 3.779372331550800990e-01
4.014573512133534638e-01 1.493737669958318248e-01 4.349392330848802501e-01 7.613178321026414785e-02 6.359205689123894611e-01 6.424518377910262146e-01 4.549365536619582873e-01
4.843790578457498608e-01 8.523520202694866432e-01 5.697312173994772966e-02 8.574149574509214444e-01 2.532271665059866450e-01 5.891701352580250850e-01 7.282728204881101508e-01
8.265564205422393229e-01 5.730575589070314724e-01 3.341437610816065940e-01 7.053777725709908797e-01 3.891224064449622100e-01 3.919554623021412887e-01 3.278245399603383348e-01
5.555073458208759085e-01 7.556737530299156846e-01 5.994945740774142440e-01 3.330984985896870976e-01 7.628300238276202183e-01 3.376989617591985571e-01 6.579649688823649978e-01
5.601205161158596679e-01 6.890139065919786976e-02 3.090734431185045983e-01 3.630262379659719985e-01 6.920325568582752496e-01 2.356309610091057438e-01 3.522502374972700245e-01
5.764175736881087531e-01 7.343266668248106255e-01 7.829551002729135956e-01 2.668307516091998899e-01 6.821689584468062506e-01 6.265054185056962988e-01 6.229668021308303327e-01
8.913513295444813744e-01 7.464488182120033732e-01 7.097676909964821812e-01 1.930558526187509116e-01 5.278792003225555307e-01 5.078639581166850547e-01 1.245332704057910966e-02
1.718617419528459811e-01 1.148221916940591614e-01 1.240836351808073390e-01 1.188773996256442533e-02 8.548356272026287339e-01 3.048149693332093957e-01 9.151134640441663803e-01
6.069672192388375631e-02 4.755351279232511441e-01 9.265065667958557460e-01 9.942699485576522722e-02 5.152433503253013303e-01 9.039051480202013877e-01 2.096692408353164616e-01
1.087761282946291264e-01 4.848957867064845884e-01 8.678576540022445718e-01 6.579540820948148738e-01 8.317440458390916724e-01 4.916390760628503998e-01 5.425200319162248874e-01
6.701965641895576420e-01 6.592011516759574974e-01 3.502793603192643213e-01 5.712115842616369843e-01 4.056769787272231920e-01 3.051646947732897797e-01 1.288651416188520971e-01
8.182795073274098385e-01 5.169022596198740160e-01 7.578602456437861790e-01 5.735934514168240517e-01 5.215760818871763016e-01 5.969649913222387916e-01 9.160086409608386715e-01
5.580483490724422735e-01 2.244265542960818260e-01 5.208419531668507796e-01 7.215272752209035412e-01 4.182715748133827294e-01 7.824135183122509218e-01 2.373450467436287736e-01
8.723686828936483284e-01 4.729124657116678954e-01 3.952397503229181375e-01 7.358471324832435156e-01 9.153433345407316901e-01 7.928041357192799898e-01 1.891949098935805651e-01
5.471125149244457919e-01 1.427642770884052226e-01 6.074132639008732459e-01 9.959858674458539340e-01 5.443640886392031586e-01 4.950656290812838201e-02 9.616709040627792193e-01
5.424791838333321570e-01 5.598758722299812529e-02 9.867833751726754477e-01 4.660990554440215261e-01 9.701711190028311504e-01 8.704362686569547813e-01 7.259446724553475505e-04
6.608261064776435045e-01 1.555782632316118352e-01 8.095956568002316001e-02 6.614385573438771315e-01 9.223768527821010199e-01 9.135645601385753434e-01 6.354986609403919795e-01
9.176365805743518234e-01 1.897207199108819076e-01 5.964682029575552047e-01 5.347360817735546945e-01 3.750277987455352680e-01 7.651475892220142017e-01 4.784881725734088098e-01
9.056436699879282237e-01 7.955349777083250418e-01 5.215042040517188227e-01 8.715826575924180419e-01 3.061222732167091509e-01 3.510595356943991829e-01 8.665234227509912568e-01
6.039677359381157018e-02 4.985430248439698397e-01 4.064837282940031438e-01 4.987517640772207717e-01 8.702000813344767938e-02 9.497698883574641204e-01 1.029602242767071463e-01
9.772173964479295982e-01 6.303062107750747600e-01 6.104273935741169055e-01 3.138237011851482405e-01 2.013171985459604185e-01 1.266916305441417867e-01 6.191272667844825994e-01
7.189829796707297715e-01 3.614372727597180424e-01 8.065025520220610034e-01 4.199755891229911553e-01 1.487882124380942583e-01 4.810419291760853477e-01 8.081449909886443406e-01
1.799100344682089681e-01 3.164680047058531231e-01 7.700510091499296328e-01 4.000292976782725551e-01 9.280103547373577122e-01 6.056479498113296334e-01 2.516779861279331287e-01
4.506374424773106346e-01 9.898703055986524113e-01 3.783645535982876895e-01 3.902905860477406952e-01 9.551391644979808637e-01 1.624347768913360079e-01 9.557510367255526162e-01
1.579367609302884112e-01 1.907037428198957718e-01 6.022266939740749114e-01 7.850080626357158753e-01 2.122052728835409630e-01 6.257567796012672989e-01 1.911931818924589299e-01
5.431144557802203288e-02 7.640910843242877393e-01 9.424536794322229127e-01 6.917538396644751231e-02 2.325024197691972772e-01 9.692981653549717080e-01 9.005145414574156071e-01
