7.166124771518828096e-01 5.222895055844818391e-01 8.680437031318551933e-01 2.864790963726105977e-01 8.164628108092785164e-01 5.931009178502520962e-01 8.973701838784157170e-01
9.381417602538011380e-01 2.449312948539252854e-01 9.814862405992536010e-01 4.429159402550719715e-02 1.661580853243510569e-01 4.462657215127092680e-01 9.812449727019393331e-01
7.640747600548138951e-01 5.709100013039061228e-01 3.912309670871638723e-02 3.126467165293721484e-01 1.035921278607007112e-01 9.886306948772782821e-02 8.557304622551495932e-01
1.909435675520605447e-01 7.872219197854121164e-01 1.093441592254041916e-01 8.306773896774563015e-01 6.607696177963440221e-02 8.469847720523981938e-01 1.094871487268350707e-01
1.644458239206441075e-01 1.624257360826438790e-01 8.467596415162842449e-01 6.893615691117838118e-01 2.602020701755283216e-01 4.440748832938430368e-01 4.621910461241514056e-01
5.789842320770967055e-01 4.747700907868300790e-01 7.261061628439474669e-01 1.112740414532383815e-01 2.733465294146854019e-01 3.565223751758640480e-01 5.221251344674395778e-01
7.343535131158949181e-01 7.104219335182724304e-01 9.412237689841201904e-01 9.048337034550302249e-02 8.955779967152395216e-01 1.170537576523112966e-01 5.619354038254031902e-01
2.089848376241033590e-01 9.922873582502543810e-01 4.763818572827120956e-01 8.424012103915302641e-01 1.362848095123018188e-01 7.819082483841995890e-01 4.749455891127528639e-01
7.535500125760308254e-01 9.412567636239750346e-01 9.573469226579410796e-01 5.797010676521190398e-01 2.362861725041413008e-01 1.641156539822888893e-01 8.731141749529836016e-02
1.732936173703265581e-01 5.355119654084133929e-01 5.631360711085582338e-01 6.642853999948961086e-02 6.107367313806173481e-01 8.672144861371796631e-01 5.937189694298594667e-01
5.314427870742850502e-01 2.748016278944468427e-01 1.606014547905542100e-01 6.517008395849532842e-01 3.744301646898873237e-03 1.648810254275309140e-01 8.475575372959445186e-01
1.746742869970383527e-01 2.066481773975953340e-01 7.018959344366180186e-01 8.184108416393831575e-02 5.042999647042067934e-01 8.425908640606399880e-01 4.107625807494192927e-01
5.574282102220775581e-01 9.478304310442388081e-01 2.930913646801891481e-02 5.284814494444811661e-02 4.829435726092352610e-01 5.321179441861330073e-01 5.964094552554086714e-01
8.460136015991165381e-01 8.154973195712278411e-01 1.696960506474585184e-01 8.186051594406642540e-01 8.380956830544483704e-01 8.378894440487894002e-02 1.461617946036763982e-02
9.174081589431559713e-01 5.178368894541214296e-01 7.403376877473453188e-01 8.262535653462104168e-01 3.295791009770866475e-01 3.847154001251265054e-01 9.001143790730949945e-01
3.538417411725238715e-01 2.972043432377396988e-01 5.290670838390787445e-02 2.477988206835971541e-01 9.888626551419760213e-01 2.547149234787646765e-01 3.407814962919896162e-01
8.949955764406720693e-01 2.459993215617536366e-01 2.257576658438920081e-02 8.831795422639886484e-01 8.546367669255754418e-01 5.352996327470036508e-01 1.064416220638269017e-01
8.275089994816622330e-01 2.896507361929334667e-02 5.987222240951098895e-01 7.859620437488340494e-01 6.539089350369096110e-01 3.057249872008963587e-01 5.879887428452262865e-01
6.405593847351348513e-01 7.071516575824299267e-01 2.776634928087509113e-01 9.957240535651692426e-01 7.949076896957312233e-01 2.486619553489457513e-01 8.069472750797399563e-01
6.570646445760494059e-01 6.198374706202719464e-01 5.442139671585830563e-01 2.110074128052866760e-01 1.231724912466681809e-01 2.215886893590420792e-01 2.533808703473231505e-01
6.007661312030583289e-01 6.166296632594561178e-01 2.938905378230072252e-01 6.973670575329898869e-01 9.418926132992069267e-01 5.379161056693722021e-01 6.207306703835028250e-01
3.755939824447822595e-01 1.851573221253421941e-02 4.370770198388698180e-01 6.114827508556264224e-02 2.220469838671692564e-01 3.163550340311517273e-01 5.076071590789489330e-01
5.195587973905821944e-01 8.061663858589019904e-01 5.973171026587499322e-01 6.090914154076624287e-01 6.122714041453105605e-01 1.931919762229966642e-01 9.697549664104393452e-01
6.707145103569159827e-01 6.530953557199906667e-01 8.055037688075289415e-01 6.228675998739319208e-02 7.043525799541120458e-01 7.819156030701186477e-01 3.507615462805558915e-01
3.599277580161026613e-01 8.298961324273763651e-01 1.768845615022863749e-01 4.642415054489387183e-01 5.580478446372517665e-01 4.679758665414722740e-01 8.797483355445345765e-02
3.657784565254343923e-01 2.800591631583221330e-01 4.096090971975894224e-01 6.219202145087351363e-01 2.411147974742253730e-01 8.103701066282444909e-01 9.625841861863000393e-01
5.269778002790933558e-01 4.432319671723206067e-01 3.889427667316607273e-01 2.694412937545456188e-01 8.578393699829575114e-01 4.904767894877377632e-01 3.669824275964755911e-01
6.279231641723966861e-01 2.309335183195131425e-01 7.421394057730209548e-01 8.133228778506162993e-02 6.953776422521718015e-02 2.311405850177350452e-02 9.226178194035487001e-01
3.998238788015051615e-01 5.524494504302543962e-01 1.267457326596544975e-01 9.830673901517673618e-01 6.463388762792774411e-01 7.003670175477836324e-01 5.397842093810801822e-01
3.394408839805197475e-01 5.045884746329830639e-01 1.397481474106846422e-01 3.330979897092926079e-01 7.695650390869966939e-01 8.508932112722894514e-01 2.275085510676231326e-01
6.937778344247859108e-01 2.370351207609509014e-01 8.805974681359961531e-01 4.841612713504477306e-01 1.154436085166444803e-01 5.047166064653165751e-01 9.200694643792274308e-01
8.867637698741908103e-01 3.438828899750518975e-01 7.056207299427272872e-01 5.488554170517490061e-01 1.112989671444297723e-01 1.753898965007775201e-01 5.147226316084655418e-01
6.093727873528230754e-01 6.425552344728779897e-02 3.251819988677515649e-01 8.354380620212701336e-01 5.294806435502000808e-01 5.228388709695596104e-01 5.221609299277268912e-01
9.712274596849307384e-01 2.224584269593034014e-01 9.296607724819228036e-01 6.357743448688417676e-01 5.496183448232996316e-01 9.573846766896367821e-01 6.145238251708794452e-01
4.590050617374398234e-01 7.131074790438490796e-01 5.053588836118727556e-01 4.485520327239520544e-01 5.771986940752079631e-01 1.491863132035723405e-01 7.754246229130119517e-01
1.698986722646347314e-01 4.187730768857270691e-01 2.786635303494952032e-01 4.979615257529923511e-01 7.686052240636840338e-01 7.301108130680304953e-01 3.963871367237346011e-01
4.929985063889884556e-01 7.886815553379646904e-01 5.198007366177581634e-02 3.827228783292921932e-01 8.981269916909561113e-01 9.266852709425180690e-01 5.902614012313004421e-01
3.378724090982051509e-01 4.927368855626687028e-01 1.327197608841905740e-01 4.099748499989503969e-01 6.260333838390408356e-02 6.246610021924091649e-01 1.428875411330632339e-02
1.129804069036813852e-01 5.911352828082638844e-02 2.661679194197174025e-01 7.338346223719348638e-01 6.663287539377801272e-01 1.589691314244311426e-01 4.269058586426578428e-01
4.168255120064999764e-01 7.378782205736224009e-01 2.400615112961588249e-01 7.502608126253207388e-01 9.382675211953406258e-01 9.984951278879928838e-01 3.401626539044132480e-01
5.798811554443044081e-01 2.003732906247793766e-01 2.394550005564386463e-01 2.735557008368966203e-01 3.563077613155410939e-01 8.393856494166865856e-01 6.332092702513751892e-01
9.919196492793397324e-01 4.347278481256076077e-01 1.431758738972305212e-01 5.028284570814205434e-01 9.726254780537552103e-01 4.065030945946879193e-01 7.191403119479083950e-01
9.908842973118519026e-01 6.647080224525835357e-01 8.069001096955330521e-01 8.044936017832635677e-01 2.929473619573230714e-01 2.440185718748932864e-02 5.966395852305228509e-02
5.251032239478666819e-01 5.979739836613378046e-01 6.464549750152399632e-01 6.433614430020128117e-01 8.668371958068176175e-01 4.781236443542216108e-01 8.568163267405690675e-01
1.965315165026529920e-01 9.313710018481274888e-01 5.586557584777911423e-01 4.830843859391783512e-01 4.631071541489273358e-01 7.188494049243105977e-01 1.249337998005417560e-03
3.878924190761020574e-01 7.666788875992897045e-01 9.703902397875955321e-01 5.713717531025003238e-01 5.581742019378216346e-01 3.143849048673647006e-01 9.652782013086785851e-01
3.475538926681224217e-01 7.695817701673717259e-01 1.344223758135392188e-01 7.029735028940641284e-01 9.694903646883057391e-02 3.402615578639375249e-01 3.109514656690036682e-01
9.005193934292907709e-01 1.296020005967423172e-01 2.632568426792869509e-01 9.300406621816650343e-01 3.513583945749609860e-02 9.990823189492901157e-01 2.690899854294557247e-01
2.091440172481920934e-01 8.429076651570034384e-01 1.464518392477311970e-01 1.643813590512948064e-01 1.601660750854231319e-01 9.684765941608456385e-01 1.407285992589434320e-01
1.200809276041280294e-01 8.390985025209899417e-01 6.683308970306395258e-01 9.270236580210988730e-01 5.814089281459909886e-01 4.429797639800965303e-01 1.920078563792609883e-01
1.116055400503610517e-01 8.651598489496808986e-01 5.856755725321080019e-01 1.093289605053353597e-01 4.136553213523815886e-01 6.357341521487079872e-01 1.867896194859464121e-01
8.166555010280152072e-01 8.459606629776612596e-01 2.678723921968716448e-01 8.966067858604679364e-01 5.701096882389989906e-01 7.168920895683078554e-01 4.669188224339032578e-01
4.009080098617114896e-01 1.304610180534291342e-01 4.503956487615207172e-01 8.268259006729958838e-01 7.884837410254178502e-01 4.713400561695024749e-01 3.442434859337958342e-01
7.062123629357682786e-01 6.831092576154419449e-01 6.458813901701349058e-01 2.988863668206108715e-01 6.248736380387155398e-01 2.025499432949318113e-02 1.303278504366438550e-01
4.979923720683883115e-01 1.560624577274183356e-01 6.849851229665182561e-01 1.820597968555598412e-01 6.730788709914714563e-02 2.323630761985128190e-01 7.147865016943463212e-01
3.796384930785564604e-01 4.827849359378376670e-01 8.128839696305207863e-01 3.169131849479783769e-01 8.412586932347032587e-04 5.896605688370325504e-01 4.559710226938865629e-01
8.486853367278713867e-01 8.674349108834497057e-01 4.792144516431628976e-01 2.566838177242275476e-01 2.939665549278390744e-01 5.231379550484180907e-01 6.787434819582178758e-01
7.923244547450805086e-01 8.924761851269892299e-01 8.090001032210827336e-01 7.322575137890319219e-01 2.238192168119398362e-01 2.445916067981934727e-02 4.513903133084797847e-01
3.144359329564376804e-01 2.118661913973440836e-02 7.311548315345242077e-01 9.707361739606694684e-01 4.946897731067446680e-01 9.355598970678208337e-01 5.186584313984621275e-01
8.047497701877945886e-01 9.544280419973021345e-01 7.503129016677363428e-01 1.843101967116513862e-01 6.259861218442946962e-01 4.490571308673729778e-02 4.667019264169385284e-01
5.046171325391471951e-01 2.799552077985668630e-01 2.452387249109644340e-01 2.612348983274647152e-01 7.486105901259034745e-01 1.990374150398463993e-01 7.575345345139095077e-02
5.094728653473244995e-01 1.826080453014127247e-01 9.994287080058058548e-01 4.921645147576048096e-01 7.745177296708927184e-01 8.688318785421527135e-01 8.768639696182862764e-01
8.996143745075686482e-01 3.431632222800430343e-01 9.970205681719500612e-01 9.851891763926073908e-01 8.459585192050861346e-01 6.121184651783839747e-01 6.114859368120203476e-01
2.483784848182110094e-01 2.438037043291958472e-01 8.729834662655072686e-01 7.795418849620071589e-01 6.035693358898873706e-01 6.386883069670035162e-02 5.837160551222988492e-01
3.005319041027887383e-02 4.933883192663702788e-01 6.065075596121175527e-01 7.575961160743648337e-01 8.367550274474890859e-01 6.753126351234413072e-01 8.852430376169779791e-01
6.456596259552611627e-01 8.201312561693474557e-01 1.506550175153561488e-01 8.911340444917226211e-02 9.341634240793920130e-01 3.308887382298797419e-01 5.691142720953974443e-01
3.690152036438566485e-01 5.688695365890312772e-01 4.306785811363219585e-01 6.945344088895132328e-01 5.895890302030415420e-03 7.399086275246032907e-01 8.253838415607624990e-01
1.086794161547467441e-01 5.548930287189230981e-01 4.422154312761783501e-01 9.877626322206045639e-02 3.448950020785436221e-01 4.623528197966344511e-01 6.160980729844524051e-01
5.983860555710538431e-01 5.711513733164982343e-01 3.630666179666625082e-01 4.358009713085937431e-01 8.619401107403642515e-01 4.520253928565571844e-01 3.596450676011817560e-01
1.454215597811248095e-01 3.785956348678767291e-01 5.533201150548526792e-01 9.226831483521461541e-01 9.413872497826701879e-01 6.316634082272979400e-01 6.258249864675329288e-01
9.275902637375810222e-02 5.329449805136637908e-01 4.850740529852567429e-01 9.904091975802725711e-01 9.340545221001053111e-01 7.696881178232262144e-02 2.539245388179911522e-02
1.631816414028985918e-01 9.628743841468432318e-01 7.742034343621443382e-01 1.587036894055149361e-02 6.040875763831743406e-01 6.051014857489154242e-01 6.825027748499006286e-01
6.419912210792423357e-01 7.379317729399834658e-01 9.236027485716232777e-01 5.076506848096986602e-01 9.591829730759839912e-01 2.370795680143003015e-01 9.725162275682520674e-01
7.042145409011161261e-01 3.346216169712338262e-01 4.334859242810377156e-01 2.699083731241148643e-01 3.465993363399714200e-01 1.670099457354917716e-01 9.398637146279789079e-01
2.847873520274650794e-01 6.575225685312082735e-01 2.113235315996805364e-01 5.075516875711882925e-02 2.609166724462509412e-01 4.358305871004209964e-01 3.555959800570467344e-01
1.600938599855729061e-01 9.795030711441152782e-01 3.211193224446212691e-01 7.989782304529741142e-01 8.753401020116797770e-01 3.164083735159377575e-01 8.659503091603469871e-01
3.833948397936752794e-01 5.256043800573978464e-01 1.923398614082710845e-01 6.861071233590682050e-01 8.486118819265661140e-01 4.126635609639458524e-01 6.354683052548810718e-01
6.184771413775687066e-01 3.015255987792450076e-01 7.680812369027470998e-01 8.763295040248031409e-01 7.091400609454844295e-01 6.286832877539243469e-01 2.176129293978588120e-01
4.861716621622536039e-02 9.089542383044715290e-01 3.888270940050098101e-02 2.429435450298907950e-01 5.367620841507116936e-01 4.370139886139355889e-01 8.704612050475601936e-02
5.783177621510028343e-01 3.116813841254585382e-01 5.022583052442856077e-01 9.782605732908435936e-01 3.459903090071364540e-01 1.084449815569757947e-01 1.937502443325734847e-01
5.492054885819278587e-01 4.961969531571108760e-01 5.705966458977226319e-01 2.543830753400282418e-01 2.297942569537687607e-01 2.856401053217874075e-01 8.766812071754737090e-02
5.823417400650908737e-01 9.243581249462562432e-01 4.180901561002859923e-01 5.448593586766479202e-01 2.032623252911947009e-02 4.943433050210899182e-01 7.019638072661974482e-01
9.994540008022435584e-01 8.501634898270312712e-01 7.999614504716310304e-01 4.595834208381199826e-01 7.491953540083580165e-01 8.824567800074797352e-01 8.554924120516756991e-01
9.796542845601478033e-01 5.922258619713334227e-01 8.942684321926348545e-01 8.469267196703679224e-01 7.751881148895103379e-01 9.107353702536993278e-01 4.754384854663724624e-01
2.561494885905578611e-01 9.299089146305770104e-01 5.359775951043136422e-01 1.623979826419237327e-01 1.439291310470927066e-01 3.293952953871682743e-01 9.539072585440409036e-01
2.460197566114405987e-01 2.231907301563496038e-01 8.387514783229638171e-01 2.017593022615973286e-01 2.222274672353464764e-01 4.155345362674091048e-01 2.190358038730614298e-01
8.662257727706565991e-01 3.482229813963013676e-01 1.054138367725292458e-01 3.518834963512450509e-01 8.473163572936281973e-02 5.403752654888662743e-01 3.943302039686786831e-01
4.579990636625743683e-01 4.074808288122717670e-01 9.160286507951792556e-01 3.745117198608072240e-01 6.339275877838110862e-01 4.995692215076403819e-01 3.152869899813213195e-01
3.344975641126137766e-01 3.338892406142141001e-01 3.802938149611936325e-01 3.137739215932849879e-01 8.390168623650633428e-01 2.755123975265854064e-01 6.899210550511525319e-02
3.534296331601347596e-01 8.549961316273879675e-02 9.636294481287993596e-01 3.568315966678430318e-01 4.267817732587951829e-01 9.615887722653468916e-01 5.917107424683976102e-02
5.472538842506768919e-01 1.367159981133082569e-01 3.127592810200017226e-01 4.850864842919531128e-01 3.402504368889466280e-01 7.972855869227259973e-01 2.961984817894153244e-01
2.528099106331844759e-01 7.626163035140935964e-01 9.454225460988529006e-01 2.693191117745868945e-01 6.980432025409236685e-01 5.219194760960605972e-01 8.580943976404019624e-01
4.563850094151817860e-01 5.374887132390012701e-01 9.815981310836240370e-01 2.972698298091874802e-01 7.962726314127690497e-01 4.873047982523261989e-01 8.267281185052878234e-01
6.551846919940662595e-02 5.240191117199504145e-01 3.749569942842601034e-02 7.843579553677945126e-01 6.131762121333805826e-02 9.622376807711996438e-02 6.364787891016758792e-01
8.790129374561861386e-02 8.810261117856518220e-01 5.467338334553035750e-01 9.123718243186823562e-01 5.793975437964895558e-01 6.057696132225647290e-01 5.923343913717526998e-01
3.337332981843232904e-02 1.064865746935328428e-01 6.088790955978771180e-01 1.496410000083084890e-01 7.663295001245753468e-01 8.423279548073920875e-01 4.417283311694101267e-01
6.252548427793447328e-02 6.594562737663688390e-01 1.174246605359979823e-01 1.482260636572547696e-01 5.405229499654997660e-01 1.947209657183578413e-01 2.511782202898393823e-01
3.679173078054754908e-01 5.463409561790281144e-01 5.114691613457817976e-01 2.755511678320642366e-01 1.214209687704798091e-01 1.044905779249327704e-02 2.852124669427240633e-01
7.913685454110662709e-01 9.111395515940291512e-01 3.851762232987989698e-01 3.990415095381345534e-01 9.236750152109204359e-01 1.398930833703425636e-01 4.518336761091835685e-01
5.722867510906795019e-01 1.090784395709013532e-01 6.685650897486584698e-01 7.614849759059704182e-01 5.962713953995759653e-01 5.763511980554093528e-01 6.006537760637834511e-01
