-5.523619447483365478e-04 5.872219226372598131e-05 2.574716526203818913e-04 -3.790245057834021347e-04 5.145476661211881211e-04
3.693925555476408932e-04 -2.825425898378457136e-04 4.129132699663920643e-05 -2.831739512123917927e-04 -7.701805076475595757e-03
-5.848427041249556297e-04 3.567449944676351348e-03 -4.159014929330087434e-04 9.478123155842083135e-04 3.530508294210828180e-02
4.876144085336753253e-02 8.172650697051950242e-02 6.265152329175020969e-03 -3.666629439698513519e-03 -3.706246934098879689e-03
-3.681410229431990419e-04 9.659816157613970375e-03 1.036143712133422677e-02 2.889944764488129028e-04 1.842092988927885450e-02
8.716997781706098056e-03 8.195494587332718267e-03 -1.334784537305044091e-03 6.205278897436628319e-03 -1.090809611899160314e-01
-2.043159753589091424e-03 8.822692721154122564e-03 6.462782648098121751e-05 6.498133345954955776e-04 8.249851825407061162e-03
-8.557709858470596137e-05 2.438723619056408845e-03 1.551300385428377451e-04 -1.464825063889171842e-03 -2.849889905847426130e-04
-6.510640089055401772e-03 -1.739436006849473179e-02 7.141302410625479562e-05 -1.319148861503379887e-04 5.373463165528286588e-03
-2.211994772016956379e-02 6.472827166964394141e-03 -4.637934976064273592e-04 -2.523983264670796173e-03 -1.285174244027064002e-03
4.817776283476547100e-03 4.615128358430080346e-02 -9.173407470024102714e-03 -2.778267794924789685e-03 -6.446202802410683523e-04
-3.725582914564100345e-02 -5.109671225784728245e-03 8.431471336054527366e-03 3.260688303643878572e-02 1.282771464652582571e-01
4.069436863494430012e-02 1.222901039430151215e-01 -1.676961622503608459e-02 6.324180842207761423e-03 1.053990949743773275e-01
-6.531537914428783148e-03 -1.426540715483596861e-03 1.202101499358700104e-04 2.619817382579344377e-04 1.589505947098092745e-02
3.519064149305246251e-03 4.154839858841549325e-04 -5.291557382114597189e-05 1.858572820648576898e-05 1.112290685787215580e-03
-2.293724839937534262e-05 2.429926272546326007e-03 6.693230262584612411e-05 5.062761742975189252e-05 -1.819581471902675246e-02
-6.476238377205303714e-04 -1.472017419956468490e-05 4.720099178486770672e-03 1.252891016610405660e-03 2.833544592631163667e-03
-5.492500768582563031e-02 2.553741472244514758e-03 2.069423527323562342e-03 3.149499312413335701e-03 4.179322843106082416e-03
2.102509101297640216e-03 3.174069424599178365e-04 2.827153545161992590e-03 -2.366229374444266901e-04 -6.771842656249983661e-02
1.863227964378963777e-02 1.143205714062049482e-04 -9.360907700629110192e-03 -9.283848955533899328e-03 -2.910243586971145158e-02
-3.113102319349256644e-04 2.679556642432510385e-05 -3.905652877344873987e-05 5.883183770440822766e-05 -5.337888136152896083e-04
-9.670030672388029564e-05 7.988423855957257902e-03 -3.512584977853897889e-05 -3.981224767862328169e-05 -2.131415734506975860e-03
-5.711012875211890060e-04 2.669795628111734046e-04 1.084994033435442525e-04 3.403326211347730307e-05 -2.355273725926698757e-04
5.821823068766589053e-03 -4.348517128294944749e-04 -2.481094044004896956e-02 -1.376450733315442466e-02 -9.259842883631217575e-03
-5.866080083105936057e-04 5.639255374447049024e-04 -1.000208212979503868e-03 -1.682986786166129568e-04 3.576782583938761199e-03
-3.007553862305407683e-03 -6.713830678116361299e-03 -3.831471732295763013e-03 4.901942032350586897e-03 -2.378205410845624437e-03
-1.188831537167423479e-02 -1.305160493073448912e-02 1.353928247311190309e-03 6.833034811781489885e-04 -4.167461981967707468e-04
-6.935836479685856919e-04 1.625202086530685985e-02 4.963104042534218635e-03 -1.670140972867843656e-04 7.290129797868028817e-03
-7.969224976892215788e-04 -5.062329718582359375e-04 -2.416249537005763295e-03 9.076506878078509290e-05 -4.199846214641692250e-04
7.173859957938430714e-06 2.731642224892325953e-03 -3.140935632024795428e-03 -3.457531110649313079e-04 -1.489362473369483519e-03
-1.134717486133898041e-03 9.129456780249832395e-04 -9.473123378962555307e-04 8.394119212948823738e-05 1.040605746109769456e-03
-5.841672783139914039e-03 -4.122357191674116028e-05 -1.334896421987411940e-03 2.001731455937746354e-04 -1.825005756228750126e-04
6.705053950235392857e-02 -1.246389540359092371e-02 -5.621306540655894579e-02 1.284012834997569179e-02 2.822400509181844340e-03
-2.007158305290938948e-04 5.922245402547340296e-05 2.775410458783100938e-05 1.873443043876540123e-04 -7.325119085744873602e-03
7.040770462596602532e-03 1.819438088298164571e-02 1.278718549550763922e-03 2.858605972691630106e-03 3.559806240918284991e-04
2.894325621477406973e-03 3.014252943922825462e-04 -1.362300429340062517e-03 -3.922843541931092092e-04 -7.876684455754085412e-04
4.990275796315196688e-03 -6.550286636288192924e-03 3.808479000290288115e-04 -2.447815173803589463e-04 -1.980824982433267937e-03
5.127215113236363581e-05 -1.257573705765585928e-02 -4.282600687274597598e-03 -4.581893278778126827e-05 1.476136937848811920e-02
3.954528744834374124e-05 -2.630508503907227620e-04 -2.008551681936594400e-04 4.535328609104070713e-04 3.162694658874473826e-03
1.283825070828352238e-03 -4.993824030346094133e-04 -3.864480137888492777e-05 -5.852452753713619686e-04 3.551762338635652480e-03
-2.019439618282388785e-02 -4.314061145006903297e-03 -1.839993089925741170e-03 1.457150618241509791e-04 1.645802355334161776e-02
1.541273013568324017e-02 2.225220298840846088e-04 3.822577238429543216e-03 -1.775622392533805077e-03 -2.411278423211681617e-03
-7.679300164113898809e-05 3.815096567442090737e-03 3.101442104360832628e-04 2.324898093325157220e-03 7.203287240273457438e-03
-1.982514229629057034e-04 4.276194742781293592e-03 2.581825806490961085e-03 -1.491157709379131941e-03 6.375995707634385737e-03
-3.508652665974042965e-03 -1.813658137747306348e-04 -1.637734665748231564e-03 -1.154845780744970512e-04 3.236467034806653903e-02
-6.635850474862060313e-05 3.703512317178879031e-03 -5.138708975071284426e-04 2.099821619240827540e-04 2.467978824989976519e-02
-1.172449520547635076e-04 -9.254736348786809933e-04 6.364192131006279570e-05 -3.012803316752658811e-04 -2.919800734905936192e-03
-2.546160715356426876e-04 3.957990273359761682e-03 1.241143194666539289e-03 1.706634640892151474e-03 -4.444988516542350211e-04
3.264020505942775703e-04 -8.960608073092890904e-06 2.632669589473303744e-03 -1.336875695611246186e-04 1.792286746023516973e-03
-1.877921239547021819e-04 1.344909023352553379e-04 9.206432542769690699e-05 -1.358337816837228183e-05 -8.290960823246578109e-04
7.867873604980210296e-05 -6.150373436686679325e-05 -4.858149120807521831e-06 4.298592028974090033e-05 7.174225364630865652e-03
-1.828391588232820483e-02 4.771451760612899500e-04 2.704639947022845128e-03 1.177608559166787652e-03 1.055268533718791866e-03
-1.590622050474422579e-04 -1.339909620213033270e-05 -6.308921796006533361e-04 3.646845216203737597e-05 2.823265637354515235e-03
4.866365440406790130e-03 1.722411491114162656e-03 2.380842795753129737e-02 -7.093390473247954478e-03 1.726993551570962099e-03
4.505557099444510230e-03 -2.836585501500120746e-02 1.865409176318135950e-02 -7.055292663471693718e-03 -8.305066314130007954e-02
-1.372342542995100625e-03 -1.374333071229552790e-03 2.523171893409262203e-03 2.588185903679397597e-03 -1.735898055257476371e-03
-3.244724284203570445e-03 2.499241807169119874e-03 1.059992595667130663e-04 -3.313013422665489916e-03 4.029391538495214788e-03
-5.095699652314984339e-04 3.490113957605500087e-03 -5.035919104977490922e-04 -1.408318715141821612e-03 -7.872124236931467539e-05
4.272998636415590006e-04 -5.044385856987446473e-03 -4.609328517478674704e-03 1.704693524479774678e-03 5.578545955828612124e-02
1.678541274393218136e-04 -1.024250298053777652e-02 7.819074837782639563e-04 -1.501751889915012457e-04 -7.539190865066446728e-03
3.860244218315236897e-02 4.457863400606130316e-02 -1.081833434287500333e-02 -6.259805876503526934e-02 4.325250012263747584e-02
-8.154736048571606041e-04 -2.223349904589307221e-05 8.438149600946875852e-04 2.620546527476408870e-04 -6.410462931282448094e-04
-4.783736171144152560e-02 -1.627827150158220586e-03 4.098864190574446655e-03 -1.237126804530057529e-02 6.270026762978555060e-03
-4.225155488786991537e-04 3.623957172200901241e-05 1.361665451872892045e-04 6.495118376895772866e-05 -1.482149119658441672e-03
-4.953282879252152680e-03 5.060118985652326852e-03 -1.040541135901188255e-02 -6.174294502644372615e-03 -1.481285440402710721e-02
-3.181563805537556463e-03 -2.487641667495652138e-03 1.116752624374441408e-03 -1.522144158621451925e-04 2.630683115992597451e-03
-2.647524336531425723e-04 7.492712213519935570e-03 7.830308207086076372e-06 6.578658176589730717e-05 -2.215581259325020112e-03
1.786790493902539731e-05 -1.909894631841140477e-03 5.497014682668795778e-04 -1.361048263266212768e-03 -7.711684147658785272e-03
-6.557381480580080219e-03 -5.724805513261807532e-03 -4.062328050835961124e-04 8.103351277681110592e-05 -1.259356768006462566e-03
1.344639094410976282e-04 -3.583009976353823808e-04 -5.036797648545462101e-03 8.312567451131132161e-05 -1.615399262326406259e-03
-2.295845740521923646e-03 -2.026194758140976906e-03 1.199930724885856105e-04 5.442900967335866167e-05 -9.459478880953509907e-04
-9.108200575364221434e-04 1.415135448704805824e-03 -2.717573608217805151e-03 1.776111211164807567e-03 -1.273878288638959771e-02
-3.477750342053755484e-04 -1.344907551623881830e-04 3.574962966311340511e-03 3.280854173571531103e-04 -2.322287031595061946e-02
8.811796869385048322e-04 1.225867092687745125e-03 4.079652718280539232e-05 -1.123810038853401225e-03 3.761841365382558120e-03
-1.978261400590224442e-04 -1.177685360102355471e-04 6.325839821925949812e-05 -1.237400231718440697e-05 -1.943205801838625377e-03
4.413832663317499364e-03 -3.847611695776457629e-03 -4.841774940928776920e-04 2.127800459494309251e-04 1.774371168004236889e-03
8.451919869168035082e-04 -2.166138687741647750e-02 -3.016579458421988764e-04 -1.735833393654942784e-04 -5.933253887932049379e-03
-4.153162965487559486e-05 3.524528327966511992e-04 8.293442599428688588e-05 7.137765808703208420e-05 -5.116135868575617416e-04
1.727470097949491967e-02 1.688616869056239016e-04 -1.093374122320013436e-01 -2.042303642816417630e-02 6.695495227360486433e-03
3.384150566143685149e-03 5.038051218981437138e-03 5.517432990000244175e-03 2.452488650833599751e-04 4.721718305972568558e-02
-6.161844524261752805e-04 -1.231975540895763788e-04 7.891635116389214896e-07 1.323181150458003900e-04 -1.091247788228201076e-03
2.330668128390235225e-03 -3.406219018948532674e-03 2.227497184519375414e-04 3.085227373408126750e-03 -1.119111908309981590e-04
-1.394852091435629278e-03 -7.783022282248204201e-05 1.422787549368432266e-03 3.892931447975541835e-04 1.814153217917011118e-02
-1.791848551977659465e-02 -1.331891349119574373e-03 4.377162692514288732e-04 1.029713871626101139e-02 -1.837655940395128409e-03
-3.704749401250550384e-05 -4.024067580239098455e-05 -2.569540349377889629e-05 2.174133056244344992e-05 1.186645027749503927e-03
-2.441709159691790414e-03 -3.011456246967787829e-03 -3.165294944894083903e-03 6.293007687814627341e-05 -6.313278902872639792e-03
-2.004293998597616363e-04 1.244474858528989618e-05 2.062634415930739162e-04 -9.718697665010925116e-04 -9.997713666052255536e-04
5.101490935305363949e-04 -5.778933816943353230e-03 -1.751494932064651729e-03 4.071924724782642092e-05 -2.944292874611219649e-03
-3.526474994685989753e-03 -1.221646500833832366e-03 -1.328452578252485757e-02 2.743460212674019537e-03 2.862331577130687588e-02
1.959343069478680643e-02 -8.660961414119674323e-03 5.407109951534973865e-04 8.668054338283517207e-04 -2.185031357791830545e-04
-1.410451598872148932e-04 3.943206057476561152e-04 -1.106800297129989383e-04 1.395435985169714021e-05 -9.160138576108591999e-04
-8.435808912810594516e-05 4.971518665014980874e-04 -1.220468564595089808e-03 2.782310626999924714e-03 1.762247251870927359e-02
-5.885782678768199843e-04 7.683136621465844847e-04 3.088702195995259980e-04 -5.320734880790090526e-04 1.105013190461914211e-03
-6.876137983242267709e-05 3.760294226660148594e-05 1.362020935629680368e-04 5.022332626742434004e-04 -7.748564321984501881e-04
-5.665939737457795396e-04 2.793862844533854996e-03 9.338774599962290993e-03 1.479215930766541457e-06 -4.443371657660068219e-05
5.797546876918587000e-03 -1.865930914657412979e-03 -4.395723537920964751e-04 8.491615353572142043e-05 -3.913634728643517087e-03
-5.381860221895808614e-04 1.478808807284182937e-02 -1.354698911142268591e-02 1.760703733593728642e-04 2.682485885165252805e-03
2.729715779033290855e-04 -5.057301196617349295e-03 1.653326898376123594e-03 -9.919648969096397028e-05 -5.201350773107492938e-04
-6.114185479512367592e-04 1.149390957916000995e-03 1.246871008800040431e-03 -3.772484815872308183e-04 -2.321959293690175436e-04
2.816018851030152592e-03 -2.588299398487516924e-03 -1.753878046049595833e-04 -3.164183898857894574e-04 3.464367885828225496e-02
