2.184703568533570839e-01 7.029196549885365075e-02 2.698976125758730249e-01 2.960692097023367650e-02 7.282017718233441128e-01
4.653627946631625489e-01 4.200026691218976538e-01 7.516906901302140565e-01 1.104216187930433107e-01 6.318138338567717005e-01
2.404072748612590404e-01 4.917870421573908857e-01 4.061484851178646660e-01 3.121640275003745857e-01 5.526324326353341254e-01
1.991490484075808254e-01 5.367480015804798610e-02 2.517525834202617441e-01 -2.132496447502263415e-02 6.441369631621786107e-01
1.802677074311391514e-01 2.537964132803695594e-01 2.770038147173036203e-01 3.168619130189109789e-02 7.238630485033480388e-01
3.997724522088595966e-01 8.242889820505017173e-01 -1.435259060114291163e-02 4.651882004139153148e-02 6.895080041369161528e-01
2.175483588414824920e-01 6.369732459069575858e-01 2.162509268058183387e-01 5.194620082495796098e-02 6.238846194931298994e-01
2.213161158349402080e-01 1.292266635758164417e-01 2.528752343284720872e-01 3.621093078404811344e-02 6.149206206982664735e-01
2.946009837678330578e-01 6.050011949471889583e-02 6.837435595609110406e-01 2.805221409158957513e-02 6.071814600276703722e-01
1.911794080043488775e-01 8.477669967289661046e-02 2.820387360951337463e-01 1.157359736558233321e-01 8.293311739093349733e-01
2.607721269598036740e-01 1.813319955787698612e-01 2.980192744690970397e-01 2.191008736465969997e-02 5.290285173275808273e-01
8.760767578597199456e-01 -4.980857749974754167e-02 6.778486731564656864e-01 -4.285934903614729841e-02 2.171275233315559383e-01
1.704238123025670903e-01 8.116499841931898440e-02 4.477534256873060836e-01 1.175612448252150860e-01 6.923511176471722761e-01
5.238991858860228001e-01 1.834682992958250602e-01 3.028664284154413688e-01 -2.222838163124484789e-01 4.907714982845869933e-01
2.359939560952926674e-01 3.221969370746069483e-01 7.433310883948869296e-01 1.089859079657555796e-01 8.729625768837213640e-01
1.992494466089485550e-01 1.620442758098545877e-01 2.404452751324593074e-01 2.766642636098051028e-02 6.337024052217237191e-01
1.956465758152208800e-01 9.350810226157089122e-01 2.073996504409233999e-01 2.128554416104486147e-02 5.758912602054210295e-01
3.616663295435074144e-01 -9.597923867598613656e-02 2.315339962075824987e-01 3.383529003153654124e-02 5.245059376820619956e-01
2.021563296090052031e-01 1.167026205514128528e-01 2.873641456326876398e-01 1.792924814823898538e-01 7.796081122687917864e-01
1.940083181566305548e-01 1.295385549230671784e-01 2.396825188385563743e-01 5.722314287363276797e-02 6.213298774960391846e-01
2.268588668946474596e-01 2.124263706747734348e-01 3.122728141839443139e-01 4.602923299416129127e-02 7.195181732531106267e-01
1.707742997422861675e-01 1.791597900837356983e-01 2.392584700302787526e-01 5.143475096059533375e-02 4.806936211742348641e-01
2.173526329104952248e-01 1.238057427248205195e-01 2.534135297946710774e-01 3.570639415963168528e-02 6.561095649177572930e-01
2.174672718055334075e-01 1.825653967678463885e-01 3.171044742455323417e-01 7.749723647546322147e-02 6.412623384223319345e-01
1.992919530263927985e-01 1.082475769851754810e-01 2.978037536354359305e-01 1.935939284593711507e-02 7.011352864515054684e-01
1.744294978834408094e-01 1.707126858287894844e-01 6.086152504852792022e-01 1.078055858469958439e-01 8.256900705083040914e-02
1.981960308419846717e-01 -2.560093415718653898e-01 2.713933151091317275e-01 2.956943371147996782e-02 5.545499790255659089e-01
2.003002759388936294e-01 2.622411061684448152e-01 2.227573524689783757e-01 1.911620573034615231e-02 6.529742588226128408e-01
2.762286897069847758e-01 1.601049833212780382e-01 2.641891048947768161e-01 5.520613793529008384e-02 5.873729912384655361e-01
1.905699225727754131e-01 1.278731684959332482e-01 2.504937969684855048e-01 6.979836510196281429e-02 5.977879513416987090e-01
2.242346634817445061e-01 1.116892801140163816e-01 2.627749008093006600e-01 3.480503019329170278e-02 6.140618173292615722e-01
1.316562914465456979e-01 1.522910250158153733e-01 4.969018000124171275e-01 7.945317022860047818e-01 1.253881477234635611e+00
-2.656319506917812490e-01 3.344985898271728431e-01 8.895890888018338494e-01 -9.207272939314548044e-02 4.065564748451097055e-01
2.397068047236198818e-01 1.138431490809038854e-01 2.503120844340334106e-01 3.243247479015363977e-02 5.729632625567869786e-01
2.130932340610364462e-01 -8.084074926273054906e-02 3.933177039605797454e-01 -3.753312650971046827e-02 6.513461701143542504e-01
6.708574904119672666e-02 3.598387490083841955e-01 2.991547405284941674e-01 2.256331724218558488e-01 5.454523438792262535e-01
2.297005098296436287e-01 2.002985272294613983e-01 2.155867711502797157e-01 3.454988915793887061e-02 6.433084527286130339e-01
2.273196582042701364e-01 1.744850825131563921e-01 2.442681306851055556e-01 1.005057965816593957e-01 6.741603913995748432e-01
2.579931414075573026e-01 1.303539667096539900e-01 2.230821757239817016e-01 8.843031340035764631e-03 6.309639102117872156e-01
2.138122067784888336e-01 1.775680878905667170e-01 2.973266987294654329e-01 6.109764986502246725e-02 6.444034809377301443e-01
2.022434450802396977e-01 4.666633249664291216e-02 2.588741367399697846e-01 1.759246931164291927e-02 7.539593213343519507e-01
2.180382390715883134e-01 2.698448475749194997e-01 2.456058582365513998e-01 3.606089761132458271e-02 5.717883430374925968e-01
2.525054967814159279e-01 6.034449180166068238e-01 2.559326464197094197e-01 -6.294737260502248147e-03 7.648291954329358155e-01
3.265182882004926679e-01 -3.055580464701164178e-01 6.415927367988365493e-01 3.026547149307329265e-02 9.587932115365670471e-01
2.013708431771122076e-01 1.656865905884444823e-01 2.351521317752456874e-01 3.409449135381949908e-02 7.219260966264834378e-01
3.515915574934235788e-01 4.745151886666533203e-01 2.667556876800327714e-01 3.196076808167796351e-02 6.396254323723986612e-01
1.633406219746943999e-01 4.442663253055307848e-01 3.321123166213052480e-01 2.239839398123422837e-02 9.030264642881865589e-01
2.050606539398451000e-01 8.247107769191455717e-02 3.839431782658498937e-01 2.642480311446427158e-02 7.788054836108621037e-01
2.266705803288740495e-01 -1.570643929760418001e-03 2.570906611418358745e-01 3.179299079490287977e-02 7.089993683048754214e-01
2.173314494944611486e-01 -2.720670571649833058e-01 7.627126997153316212e-02 2.554630022909049405e-02 5.875116438430226795e-01
5.946005553949515465e-02 -4.869519589135667959e-02 3.009966797308024633e-01 9.442786676477243901e-03 8.146819652552814706e-01
2.752659020950695146e-01 9.799618354579173185e-02 2.340455681836618451e-01 6.152045335628404665e-02 7.224680362387442267e-01
1.915663492849396243e-01 7.936443098844617183e-02 3.143799833096014851e-01 5.905800793314901209e-02 -4.319368179314542200e-02
1.564917216539619405e-01 2.246760710522879012e-01 5.846972321493093538e-01 6.431666762032016427e-02 7.110345801148096889e-01
2.267720765146072348e-01 4.242287584424779823e-01 3.032039683389345375e-01 -3.068019507819125247e-02 7.692891957739411701e-01
2.270405318111907433e-01 1.590799773158831643e-01 2.207718589055061298e-01 3.100910910958552813e-02 5.204740230755339203e-01
1.621868948991678772e-01 1.558507745623310958e-01 3.228903162947046601e-01 3.804216378993879183e-02 7.768846642266938884e-01
2.302799095490647430e-01 2.981711775569715339e-01 2.634534216089416958e-01 4.376826951111822267e-02 4.305256555015740672e-01
2.262629324827314659e-01 2.840794375704104313e-01 2.267446315834514281e-01 1.292625899645215570e-01 6.756466908224009194e-01
2.176425330734780283e-01 1.887687264955047739e-01 2.561073895197088501e-01 3.292649727930360704e-02 6.088972365229625705e-01
2.178591730696356754e-01 2.614463953357168968e-01 5.659592494168441679e-02 7.686206639064821142e-03 6.684574045758854277e-01
1.897131475490584918e-01 1.314835437076269931e-01 2.645090227550881412e-01 3.316509525664756292e-02 6.749456908559585688e-01
1.176569716425849149e-01 -1.872967243010734140e-01 2.755175155805252296e-01 2.218215955132459352e-02 4.421817412810317705e-01
2.248692536806683184e-01 3.509281050511415811e-01 2.380076390464576641e-01 3.331612381285142810e-02 7.859322421389172142e-01
2.320627276328251221e-01 1.831140326160793086e-01 1.635806578543155532e-01 4.461964381948421016e-02 5.858190755778913683e-01
2.196117678019268715e-01 1.205573344960982063e-01 4.462949322204421976e-01 -9.748467753510769995e-02 7.433030476512945128e-01
1.942440607685514964e-01 2.391993984100235227e-01 2.480808482280253413e-01 4.261384108291643713e-02 6.281194713953224262e-01
2.743649953939347186e-01 4.554804274511474182e-01 5.276410453228468356e-01 2.424214938492262883e-01 7.308203549329552740e-01
2.236533356967041475e-01 -1.920523629772435958e-02 2.323361348920451874e-01 -3.493309322555666896e-02 7.396745129701838284e-01
2.528088622546797448e-01 1.185851596270085795e-01 2.935276885686283199e-01 3.163514137227885908e-02 6.839836997373299754e-01
2.043300486280597295e-01 2.234379494091554563e-01 1.809505472606410814e-01 2.304432218871447363e-02 6.941440911939267266e-01
1.952520574395453790e-01 1.350539524293660476e-01 3.555816908983818747e-01 3.262810430530509176e-02 5.798053084790112388e-01
2.073847091224497730e-01 1.458784767706139407e-01 4.952694398595464120e-01 6.432839203020399022e-02 5.624760693208585849e-01
2.098392998963920786e-01 1.351439713028618761e-01 2.531758985289002117e-01 2.992246558681232668e-02 7.087932063755824075e-01
2.462212484972737814e-01 9.009512848534481644e-02 2.426143586003645658e-01 3.915986282792392748e-02 7.331096627355511153e-01
5.125992440983164755e-01 3.818424315076643927e-01 2.971417389094930250e-01 3.584500058727800587e-02 7.425146761993910438e-01
1.737401445395126975e-01 2.208336710343579701e-01 2.411622379335425781e-01 3.409909739894091685e-02 6.397781682909879919e-01
2.268924248578042535e-01 1.408436244173670304e-01 2.751914638422832682e-01 -3.556274367204309561e-02 4.461779691077750742e-01
2.213782053091333524e-01 5.853774884326496952e-01 4.743997829946497991e-01 -6.511589964496833360e-02 4.957099295565128294e-01
2.541009732745665439e-01 1.127304205220334699e-01 2.739255615537783406e-01 3.794307977506668900e-02 6.929686575667467485e-01
3.853226518878606344e-01 -2.878807910710783902e-01 2.607993649402376990e-01 -8.889705928982769012e-02 5.069312635640412790e-01
9.818385137572625820e-02 8.028308997280690917e-01 3.296314402472076410e-01 -5.367598341894130876e-02 6.707319408763593449e-01
1.723011199287552420e-01 1.918822574113999146e-01 3.155724225582947629e-01 1.237237025957531843e-02 6.614946366968699198e-01
2.283299658719953329e-01 1.469755014579164354e-01 2.314590446138924118e-01 3.881744625025990852e-02 6.673164068836781038e-01
1.009662959122058223e-01 2.291082012544175261e-01 2.713894834311679216e-01 2.862136880662349836e-02 6.546509744732336156e-01
2.190046173135124785e-01 2.450184752471950000e-01 2.669536562834212701e-01 3.370269988211901241e-02 6.642091527492270941e-01
2.133227417145615035e-01 5.616072105950457027e-01 3.043050139729097103e-01 -1.836555369985919672e-01 6.552993416068307875e-01
2.580299091375233833e-01 1.354726162246854271e-01 2.688260847386881314e-01 4.878302747273535744e-02 9.192390968052100986e-01
2.728601699263208946e-01 1.369771013146103555e-01 2.556414335867001619e-01 5.091463634610455397e-02 7.488440949023325022e-01
2.147312238188678890e-01 1.260026062265397484e-01 2.663086275805401359e-01 4.034391318852806330e-02 6.166159459730488068e-01
1.405636237006222533e-01 1.331922591582521687e-01 2.566439363931194428e-01 4.379914148460414824e-02 6.495121581077597517e-01
1.124351004158204159e-01 4.093193976952330670e-01 3.239110739629029179e-01 -3.029810480472203138e-02 4.735933203447879603e-01
2.839777803002993539e-01 2.078776151751660639e-01 2.636597751175814852e-01 8.899887814840162781e-03 5.611459922504189457e-01
4.859489729367406224e-02 5.664276831437637938e-01 3.178065195633775764e-01 9.690050958841447959e-02 -1.767030807303349715e-01
2.484896577180040200e-01 1.137171398672113948e-01 2.189328765296961188e-01 7.996983251805787896e-02 7.326476701341604336e-01
2.155364296644730615e-01 -1.006689921765773349e-01 4.229966316243778390e-01 -8.763254455797597764e-02 7.133819898457022246e-01
2.205219666565254311e-01 2.563496863740050702e-01 3.276667012473746809e-01 1.160204404523369065e-01 6.399743449071930712e-01
2.047802987016935639e-01 1.336223040652055327e-01 2.033499355568703371e-01 2.917324219854599762e-02 5.402770707955043550e-01
2.265048385977884715e-01 9.349047792558971837e-02 6.621566671684046002e-01 3.020289476177229204e-01 6.595176587577225025e-01
2.613364498568032657e-01 4.331476726982560477e-01 2.175591746664701231e-01 6.969392445684209625e-02 5.911998914963673135e-01
