8.862323089241102864e-04 -1.137486270142486905e-02 -1.190576450842778002e-02 -3.811158022686259375e-03 5.919822176252665605e-04
3.625577944736499414e-02 -2.458629117968667496e-02 -8.553048197404457265e-02 3.207024281007252349e-03 2.946853416911874857e-01
7.124438827255069606e-02 4.223792090398768018e-01 -6.467473442996730937e-02 -1.507008738295171901e-01 1.477272863868152597e-01
1.253846826421703246e-02 3.442097603583059717e-01 3.245763301543763690e-02 6.416528923729808431e-02 2.063419170070799474e-02
-6.202781428374379985e-02 1.492507338099141254e-02 1.797448386594210218e-02 -2.665789504450447999e-03 -2.248903332157501170e-03
-1.243384226395047587e-01 -1.794962149412302199e-01 9.031423545502004213e-02 2.355248996068438558e-03 6.062487095374269330e-03
-6.997344811771721851e-03 8.800922384458961800e-02 -4.746555749928877202e-03 -5.955924497263326463e-03 7.466073659984839850e-02
-6.036726670418924440e-02 -2.509558694570044116e-02 -4.208336396459154589e-03 1.127200029731595561e-02 4.053707891638180794e-02
-4.956390343791928360e-02 1.640164610456629479e-01 -5.520630488431602784e-03 1.537546765389696292e-02 -1.313238996930777072e-02
-5.835058998608246006e-02 1.590131978246590513e-02 -1.893049918512073812e-02 -5.331484211583901317e-02 -1.511237683743921478e-01
3.342995739328953608e-02 -2.046879580483066952e-01 -7.153868748208763728e-02 8.377931137697654240e-02 3.819566425636204687e-02
2.028084498988227125e-01 6.584221014434732400e-02 -1.228807892151147496e-01 6.315601464419433320e-02 2.828140977589787552e-01
-2.069586575918330174e-01 4.340290466609302011e-02 -3.433198810271968493e-01 4.316521168012955878e-02 1.729934149545211269e-02
1.411183822683569900e-01 7.279399674606219783e-02 1.452995078068898029e-02 2.253292262457267400e-04 -6.099666383628662980e-02
1.275852084519232127e-02 3.871989041347078525e-02 3.103232501386691267e-01 1.944731951850224572e-02 -1.292652117223858262e-02
1.980728621585323753e-03 -1.409133785196398439e-02 -6.434647994084050082e-02 4.120124797568749074e-03 2.376728818085872483e-02
-1.317801241980582662e-02 1.267061158167889223e-01 8.245827920638520991e-03 -1.644507981459300842e-04 1.277463751650895485e-01
5.969922709693090135e-02 1.458393398076980041e-01 2.764069923973854967e-03 -9.311209815388122452e-03 -7.487406361375474606e-02
2.947170438231043813e-02 -7.569002395028161245e-03 5.619674874583107521e-02 1.687840275527405232e-02 2.389756214591421193e-02
-5.712437122043282495e-02 -2.576129862629323100e-02 8.724035546924374662e-02 1.818667392677510847e-02 9.938352218407305039e-02
-1.494730372749599086e-02 -2.537818952357346475e-02 4.389912122467592298e-02 -1.357847072150656243e-03 -4.698200970053448972e-02
5.599879997871246885e-04 6.024244729759487688e-02 2.737029741192062784e-02 -3.228741363113078917e-03 5.698882024416863645e-01
-3.359580266233150314e-02 9.752933102812499921e-03 -2.351392557043837164e-03 -3.997347539493083073e-03 -4.337836643819210046e-03
3.684760418375405099e-03 -6.775553438800042960e-02 1.160666346376779557e-03 -1.380322140928515184e-02 3.236710460337258177e-02
5.472612074815813230e-03 -1.044919688577647041e-02 -1.323739340256962008e-02 1.627915959471975572e-03 3.405634652571225968e-02
9.293516126719131645e-03 -3.042730019829624835e-02 3.240982776315433078e-01 -4.158870218438355082e-05 5.962671379333106536e-02
-6.515711287055661778e-03 5.069119869942123602e-02 -3.975906695035686528e-02 -3.155704096793898912e-03 5.833825110303431788e-02
-3.184945286421488747e-03 -3.590096250596780392e-02 -1.810944911693604734e-02 -1.373777998790874297e-03 9.421883507916551520e-03
-1.188531274286504583e-02 -1.507697304438327390e-01 1.563690428967880923e-03 3.006777656070837648e-02 4.802567570990740747e-02
-1.943972011873526182e-02 1.179904965880234800e-03 2.934708884957524664e-06 -4.586415563975821709e-03 -5.769541299484735181e-02
-4.415660927263329559e-03 -3.261265581040254796e-02 5.096962464495253045e-03 1.104925686303930878e-03 -6.356863046474782453e-02
-2.115134521855632083e-02 -3.796643001305765458e-02 -7.820645066728566519e-01 1.542728566452742922e-01 5.658267440395787773e-01
-1.036376389675995741e-01 -4.182872655961749619e-01 -7.964243442354475011e-01 -1.997242134823258020e-01 2.774609684088443218e-01
-1.485247874458531583e-02 2.390922818851541447e-03 2.267076731645661838e-03 2.055346659049178074e-03 6.148863163250820052e-03
-2.508805943774940483e-01 -2.852256670872838629e-01 5.631357637861255164e-03 -8.510467980489856699e-03 1.138402268048756792e-02
1.275093142741857630e-02 -3.350529578801893921e-02 3.917124029871401486e-02 -4.234935232246313935e-02 -1.207327431564106553e-02
2.216248704754533033e-03 -7.280559666644807748e-02 1.504259917941037396e-02 1.071975154518508243e-02 5.909964850504676424e-03
-1.934003235304140866e-02 -1.536804634419015056e-03 1.627196336711429075e-02 -3.516402124214224739e-02 7.913419092495065088e-02
3.731805585543580828e-02 -9.376533091947480275e-03 4.025266730673864729e-03 -7.553944478041627053e-03 6.261716867650243823e-03
1.167378872459480868e-02 2.352390636990088837e-02 9.283675494849753101e-03 1.461715687925409235e-02 2.654071978776921803e-01
-6.398870338760521970e-02 2.601107062736490380e-02 3.914240311829920993e-02 3.164797619573496684e-03 8.026096425087529684e-02
-4.427006799191472372e-03 5.893267483614135493e-02 -8.888170184014866637e-03 -7.959468418660858510e-03 -4.377586043587020775e-02
-1.203105447905136911e-02 1.075765586199907281e-01 5.869139410870732182e-03 9.097796980273986991e-03 -1.946808428890989956e-02
6.554971914470814065e-02 2.726974184705589083e-02 -1.493392376361201701e-01 -1.388646847362900831e-02 7.839929987883481610e-01
1.264481410726181476e-02 7.931733574966950626e-03 -3.251092057288238520e-03 -1.210571372477355323e-04 8.473406539613509425e-03
-5.970668988355665174e-02 2.851883967367931927e-01 1.512868197756233810e-02 -4.567886841156663588e-03 -2.559223135400360422e-02
3.414942468697382966e-02 -2.864172002237153070e-01 -4.294070144105632120e-02 2.970877175902803327e-02 -1.409816203881422980e-01
2.013631015479994818e-02 1.812349898492419953e-01 -8.030371218425896851e-03 2.874747673244268473e-03 1.134737595222515445e-02
-3.092851182937382537e-02 -8.280084769250471710e-02 -1.908955594589339597e-02 -1.429133293478090970e-03 1.024005151552276338e-02
-3.702461781287185762e-03 3.212369424127676787e-01 -2.650000562536081739e-01 4.074844631677266259e-03 -2.394562265513242028e-01
1.634022031034816982e-02 -2.568045025189110223e-02 -3.073413073087952457e-03 -3.832879140323261664e-03 -1.445022832488387921e-03
-3.438316222165731934e-02 1.173240674178571835e-01 -1.059545291221833732e-02 4.513512628610256636e-03 8.971012433887125270e-02
2.066755435494510573e-02 9.606630036954831239e-03 -1.037086739360947724e-02 -2.051204159842742823e-03 -2.742842371119173783e-02
-1.861888234930222583e-02 -1.237418847998208137e-02 -2.550659712750167341e-01 -3.466229284679054473e-02 -1.128851987215407499e-01
-3.590967576530153943e-02 -1.090645788362260560e-01 -5.887326687399377367e-02 3.108642029016097097e-01 -1.044527908664421960e-02
-5.883178465971662489e-03 -4.055619301322348214e-02 1.375825552067355684e-01 -3.967061487955991610e-03 3.145377218064750874e-02
1.210846015753998597e-02 -2.321044468625192425e-01 1.197373270076086856e-02 1.747305160111476861e-04 1.426293170213130679e-01
-6.404042622623164205e-02 -1.802046070737957362e-02 -5.821713152063755746e-03 -1.234367442263714090e-04 -4.355125180643940747e-02
1.659216216283593628e-02 5.132962422496688271e-03 -7.268700124519349159e-03 -1.668364271081836797e-02 4.983179513415418593e-03
-5.213326709648462287e-02 -2.582476989548984983e-02 1.350381899564614963e-02 -1.040970138973260420e-03 4.545752471864629440e-02
-4.948596169484791030e-02 -3.280427088350564846e-01 -1.209632817934384319e-01 2.911054872952811845e-02 1.433025277255116359e-01
-4.263690704951488691e-02 -1.238839089706381298e-02 1.336929947497374985e-03 6.479129360424427421e-03 3.557458157322534315e-02
-2.503634924274991680e-01 -1.579213246041774876e-01 8.052099209306673444e-02 -1.662380516791078788e-02 -6.859016702887225925e-02
-2.945239498545612882e-03 8.996732661861982228e-03 4.305430256264915906e-02 2.000184495288863211e-03 4.588669196484639751e-02
4.829319990084431774e-02 9.983997115486638319e-02 1.827689577618794026e-01 3.570204919566656327e-03 6.608485167173318298e-02
-9.401014241963927265e-02 -2.012017034916647323e-02 -6.476170914801679390e-02 -6.991389263032655316e-03 -1.418763568021360888e-01
1.857536102660058142e-02 -1.274154013184283785e-02 -3.861342399451048180e-02 -6.106904533600056740e-04 1.761645859593464819e-03
-2.599292746501782880e-02 1.496762591143359633e-01 8.632970118165636531e-02 1.041587206574648254e-02 1.102449401016243058e-01
1.584078345198665083e-01 6.585532972160305087e-01 2.314222656085796262e-02 3.585766956759620788e-02 1.344990496643660560e-03
-8.230655716290843915e-02 -5.561610830010726980e-02 -6.204068847630713965e-03 -2.635938286628563328e-04 1.071648426484669327e-02
-1.459128874198850068e-01 5.335084573476497199e-02 8.129624315414105129e-02 -9.103047939036027283e-03 3.321487723377915952e-02
-7.915227969752731615e-03 1.451657163170768337e-02 -6.178014223690705270e-02 5.639635973473298980e-03 4.144203412488410565e-03
-1.774319558617837647e-02 5.084084528908554973e-02 -3.404435734576510136e-02 4.317094310512017627e-03 4.954505563914522043e-02
-8.537956654890623692e-03 -2.803719328237761627e-02 -2.382578883573017309e-02 5.794996444697873318e-03 3.387134011765323069e-03
-3.895883148458114341e-04 1.297536516177589128e-03 -1.067031056508054932e-03 6.363745251661484699e-03 3.189371427257994829e-02
2.364787227883483334e-01 6.845140415656236765e-01 -1.834959733396597514e-02 -1.598498606681750256e-03 2.370433123240681811e-02
1.711976786733536426e-01 2.611299137225867040e-02 2.713516869479442456e-02 -6.703523478804457314e-03 1.268186646016949796e-02
-8.692671806851025784e-04 3.130770225848683586e-02 1.185217532277764527e-03 -1.935325320545100772e-02 -9.644909662891845703e-03
-1.867355966880410723e-01 -3.231415647896029864e-02 -2.304596367033048473e-02 6.685791932622082989e-02 2.048076314077395821e-01
8.364499191049845281e-03 3.103560880960744631e-02 -8.950461933502676035e-03 -3.541937182309727594e-02 -8.886369991136612578e-02
1.125322723890749971e-01 1.385267794725273949e-01 3.130917947875406625e-03 6.866645599218046403e-02 -3.034466653954637216e-01
2.563810503460471901e-01 2.160226629007220844e-01 -5.680763427864662235e-02 1.055418990336620122e-01 -5.980910865893229733e-02
-2.201093739376457515e-03 2.243733511796121571e-01 -5.279070908613117327e-03 -1.272259437410424264e-02 -1.785313608104219588e-02
1.896496143690493824e-02 4.880719612095964222e-02 -2.593749235346777884e-02 6.550082214773758280e-04 -9.983340817076287108e-03
1.186362525010338509e-02 3.097136065179288966e-01 2.453133864511925725e-03 5.276296774083225234e-03 8.187211183740338710e-03
6.498398974816559093e-02 -7.464589491307646596e-02 -1.168199552516725054e-01 2.294332299884183426e-02 1.930779955382806159e-03
9.700566866262617721e-04 -4.157633332628818956e-01 -6.762086336244929607e-02 -4.465540442666873777e-02 1.337082215027121830e-02
2.402006910062265410e-02 -4.762634951810619521e-02 -2.238664932417612323e-03 6.592899077869186027e-05 1.209439979754392824e-01
-1.557456701285444417e-02 -1.178438821071372752e-02 -2.365104469105537544e-04 -1.700729742558079738e-02 -1.697120281926882968e-01
-1.617756723090265150e-02 -1.230687031682376614e-01 1.867777529359932950e-02 -8.236931037792682899e-04 5.648511500814723529e-02
5.073817275222734791e-03 3.513164426909838600e-02 2.639981878214889624e-02 -5.450501804262371935e-03 -1.372541428893542248e-02
2.740427683438268272e-02 -1.222016913210867001e-01 -8.121539087558684797e-03 4.851427270025736316e-02 1.391092986060548931e-01
-1.111132085214848880e-01 4.259205719085940728e-02 -5.540172231112048228e-03 1.158420432129237711e-02 -1.737508257030007108e-02
3.385067609672782335e-02 -4.793699253733127996e-01 1.382133131575860943e-02 1.800584888683756310e-02 1.344134235243071018e-01
-2.339309882894329180e-03 1.476165821080171851e-02 2.262151804111426842e-02 -8.713164776007599130e-03 -2.018263342016220208e-02
-1.890247547739095854e-02 -4.979383372086088055e-02 2.313930059620736973e-02 4.706742994039459643e-02 8.611255928235697632e-02
5.274151917646904830e-02 3.238090318726454669e-02 7.538431309917241474e-02 1.469324496490491058e-02 1.373385278225110716e-02
-5.179632780617447405e-03 3.148858651374796674e-02 -1.390329176678468774e-02 1.288160249345480027e-02 5.256011587303170002e-02
3.672478024014430020e-01 -6.993701851539456740e-03 -1.757735550009123238e-01 2.833971395160303177e-05 -1.644453559266097764e-01
-7.697080590278281009e-02 7.735410576943529959e-02 5.035673392594077619e-02 -6.097011042600180598e-03 -3.048562076183084293e-02
