1.598270720685538715e-01 9.998136861112630336e-02 2.655365018499566410e-01 5.665122257361725200e-02 5.894598289964245730e-01
1.682833025096014956e-01 1.003639203410186392e-01 2.639955089685432910e-01 5.249343118269970271e-02 5.695335344597657334e-01
1.710743795286807922e-01 9.717529887626961960e-02 2.672444468345062107e-01 5.802221960277319235e-02 5.429179747688523960e-01
5.820792040721073368e-01 3.151266266284599715e-01 3.267581468459977989e-01 -1.287629110877840100e-02 6.242730422699390713e-01
1.487030311158866192e-01 1.512121958971285873e-01 2.588043057585139861e-01 5.274425828706438835e-02 5.637133601191829380e-01
2.053077227324370813e-01 1.068115115822416139e-01 2.613117955139855342e-01 4.234273760335143660e-02 6.448985558380377903e-01
1.617594681234613974e-01 2.525961240905349459e-01 2.619390294890606707e-01 -3.761289099991901169e-03 5.892629411214556079e-01
1.561723892935543423e-01 9.803925579792811817e-02 2.644895611007784808e-01 5.285200944274068974e-02 5.867857727993620598e-01
1.661374607392160085e-01 7.885478198548413753e-02 2.652873405721794531e-01 5.061539782229609874e-02 6.014919299904217809e-01
1.053272188290779732e-01 9.168860924547839186e-02 1.930830989929056829e-01 2.730731169645009282e-02 6.742629821935723911e-01
1.462344075854764835e-01 2.248494068039714189e-01 2.580373020597511169e-01 4.794890916305036277e-02 5.842756529886373729e-01
1.736861925922917327e-01 9.128758858950160315e-02 2.476787675325540783e-01 4.853965646920840871e-02 6.059843194606892025e-01
4.389149513492027754e-01 5.098302228954398885e-01 4.880473303479203606e-01 4.342126014661454314e-02 6.354322731792050316e-01
4.101843164579672685e-01 4.903540198129828498e-02 3.717765365520854792e-01 6.570724095113600338e-02 5.597159373244443570e-01
1.574351030521432271e-01 1.249268887017169344e-01 2.199516638075444952e-01 5.060727729230263955e-02 5.826416487190889670e-01
1.475063997015213235e-01 1.082080816668393869e-01 2.569776026415324099e-01 4.589310101596372898e-02 6.348460999452637532e-01
1.592453974323765897e-01 2.085360402317621153e-01 2.697870416730098198e-01 5.613651333592366288e-02 2.427467239896830553e-01
1.877326698847131825e-01 1.079681880388143056e-01 2.655260791299388634e-01 4.194233868393308640e-02 5.596220373720028896e-01
1.591494203090851323e-01 9.209958756072525454e-02 2.667327676465922059e-01 4.984244834982635985e-02 3.292260904884763972e-01
2.310371628086829165e-01 1.010790628363718163e-01 2.228748335417369553e-01 4.527475855653682879e-02 5.567497159734824397e-01
1.565145687789255835e-01 1.021034980386101298e-01 2.649718720283338325e-01 5.093635309439383668e-02 5.947428080634639125e-01
1.572287004938345556e-01 7.173648460400469662e-02 2.654953513648979913e-01 5.242420768337276854e-02 5.883832814400071776e-01
1.555329958318758532e-01 1.010256165128985972e-01 2.649744815887262739e-01 5.200579209556132482e-02 5.921167332160962582e-01
1.599022976510824923e-01 1.133250244155484115e-01 2.305745925195765433e-01 5.050206829968870159e-02 5.874869910027800124e-01
1.630148464940996134e-01 1.044741795197737105e-01 2.649768912770835705e-01 5.361915306375816120e-02 5.838787688261144471e-01
1.423539340856575242e-01 9.878889712026464598e-02 2.297999424548946290e-01 7.055253375970525764e-02 5.860001768957621149e-01
1.526806732665448030e-01 1.433021144539757818e-01 2.690455738322380386e-01 5.001279413348112129e-02 5.941421443740704245e-01
1.562105316687429635e-01 1.332011085697319130e-01 2.750711230803885021e-01 5.248679771199426386e-02 4.749773929822111995e-01
1.598103460763806438e-01 1.016243904862088876e-01 2.678706444771455919e-01 5.179197539781361936e-02 5.871219891914049027e-01
1.576108190267731801e-01 8.587179848607726096e-02 2.468267094590742838e-01 5.021308554209552577e-02 5.692996262781667705e-01
1.516630526940735690e-01 1.230707895482169856e-01 2.704991217497242917e-01 5.293568438267606119e-02 5.561794159574539043e-01
1.220863409568876956e-01 1.097411872514626047e-01 2.862548682335688266e-01 5.251981769701330460e-02 5.841940264115155212e-01
1.354392307135669216e-01 1.129846693014619069e-01 3.768178286688825263e-01 6.353622524331489774e-02 6.140899389874355796e-01
1.568700496035141667e-01 1.001127859806190817e-01 2.655304045716561645e-01 5.241267238651702715e-02 5.991615987643893471e-01
3.002115980616139046e-01 1.378236216627023170e-01 2.489195651730585768e-01 3.973737645294860010e-02 5.945394780506152443e-01
1.485575560335812284e-01 1.025272281673543506e-01 2.630067369385273857e-01 5.110266701101399967e-02 5.761830403402150580e-01
1.595575316140371569e-01 9.388747171843583872e-02 2.679087255509750021e-01 5.365331145466936680e-02 5.883730292230170411e-01
1.581954307716226527e-01 1.100913155447354186e-01 2.604206849011321823e-01 5.210408365013043108e-02 5.452584467214862674e-01
1.551502676542559633e-01 1.014301745975839525e-01 2.534838563700861358e-01 5.283655029299359762e-02 5.956193497669222126e-01
1.537413733606304567e-01 1.039316250426229049e-01 2.653763469879038550e-01 5.327485067820485198e-02 5.926782463925026612e-01
1.920850210102805211e-01 1.298898109902541786e-01 2.585662407407487984e-01 5.219464391875332926e-02 5.998842527921027790e-01
1.396940888852506168e-01 1.031468862190534491e-01 2.829867803606619381e-01 5.134928357140929739e-02 6.275068403018067009e-01
1.573347899449831500e-01 1.216065595197458049e-01 2.664291939939225640e-01 1.672415260467077780e-02 5.885065725839044859e-01
1.573173519000044818e-01 9.424266261796834798e-02 2.626450830852839480e-01 5.186024554277750970e-02 5.881579019832273714e-01
1.615010073688562253e-01 1.002649834779774651e-01 2.660538824500818245e-01 5.586567870844476313e-02 6.096911088629355380e-01
1.493356105753445018e-01 1.036185194052322012e-01 2.938670857183014462e-01 5.279309947467267228e-02 5.945296138808138231e-01
1.599086222371874921e-01 1.245520592185472009e-01 2.644795299806139144e-01 5.064506732426111296e-02 5.799588468956990983e-01
1.595830258580473726e-01 9.294479757669740771e-02 2.631270020513615249e-01 5.511936941209383267e-02 6.057562366933193498e-01
1.516618744337060176e-01 9.933968390149196248e-02 2.664345203180621957e-01 5.195536197443582221e-02 5.882419200594164455e-01
1.570130477841091832e-01 1.106682919853512193e-01 2.509207870652166994e-01 5.938585959207458298e-02 5.831040921168725299e-01
1.559079345510146763e-01 1.006135670751703293e-01 2.657390961875739643e-01 5.201857905552643990e-02 5.491377602060925067e-01
1.536941284659699425e-01 1.000421859761614907e-01 2.560778481868496992e-01 5.534126063730283873e-02 5.976702257430924758e-01
1.577815935292633531e-01 9.968917718246290971e-02 2.617386114987863555e-01 5.236196719119184939e-02 5.839629613106253059e-01
1.582351749008163722e-01 1.006523515265872054e-01 2.732464887795877373e-01 7.014673554908563979e-02 5.038115472347666213e-01
1.699167728474797745e-01 -7.876449459513211460e-02 3.302121834359880159e-01 4.184433684651013563e-02 6.072663646374846236e-01
1.583924711604642876e-01 1.137113362691845875e-01 2.638410275504578517e-01 4.488260243760330837e-02 5.862329761727680388e-01
1.589248919754402967e-01 1.133873862125068244e-01 2.659293026387521408e-01 4.587598357207612471e-02 5.920793276778346659e-01
1.575896220263786895e-01 1.093559166009044625e-01 2.674350204943019560e-01 5.214495633392025875e-02 5.827101913378812670e-01
1.557083397304627470e-01 1.061295168342185069e-01 3.740518624204168807e-01 5.091391958551520769e-02 7.089931135148497265e-01
1.568925040971538842e-01 9.882507556281336369e-02 2.656993931235214768e-01 5.056987909350567356e-02 5.513737198491769353e-01
2.113566425566249241e-01 1.555702970719740064e-01 2.942212460331105617e-01 7.564599054739357120e-02 6.047092940401027628e-01
1.330914913261438681e-01 1.001483040556591514e-01 2.637979058990830850e-01 5.011747977900777445e-02 6.218746692117810282e-01
-2.914413137571406076e-01 1.021205350829989811e-01 2.501366911215324729e-01 5.344260970044115849e-02 5.733578422410557929e-01
1.572369297171115898e-01 9.957079190364472032e-02 2.653952980713049636e-01 5.151299605239105517e-02 5.841356163728681494e-01
1.552609751884612976e-01 1.021948379980745364e-01 2.721923606822013175e-01 5.171694571185726785e-02 5.965716689111553173e-01
1.703231708996275073e-01 1.062835400161495636e-01 2.661025799295402283e-01 5.164276024108011703e-02 5.782129962841171533e-01
1.578851468413590697e-01 1.030842350102157828e-01 2.658494417468520998e-01 4.807914246431062300e-02 5.854181028620493166e-01
1.569410176185043471e-01 1.546474423348275784e-01 2.906774567272117915e-01 5.254437985574143821e-02 5.760811915096752944e-01
1.645366875590920097e-01 -1.155666110929967627e-02 2.406609713925572658e-01 5.266575109998748727e-02 5.859489694445885188e-01
1.610326356330153141e-01 1.030882627738640978e-01 2.715004052543874002e-01 5.230354890206713459e-02 5.915001698191032498e-01
1.556399297301739315e-01 1.130065118347774872e-01 2.649866711098854966e-01 5.504945467839844619e-02 5.850474615514196230e-01
1.584962177812160866e-01 1.438006877565883856e-01 2.641762003674720249e-01 4.163742165263518979e-02 5.918880256017184927e-01
1.572497880407624782e-01 9.946692264714136755e-02 2.694870886377621066e-01 5.348915361909260813e-02 5.921648211076658841e-01
1.683123409376187374e-01 1.093817610754278802e-01 2.644326519920472407e-01 4.849578183083524258e-02 6.028542874516616967e-01
1.593576258964459202e-01 9.911542979600165837e-02 2.655766410447126247e-01 5.238850429024594774e-02 5.856609882910122078e-01
1.554114937395441043e-01 9.748154619610362170e-02 2.652492670513630357e-01 5.208026235366527285e-02 4.931685608908333851e-01
1.184251412591944969e-01 2.305334121594668773e-01 2.697117142130173173e-01 4.991190779374863468e-02 6.111782561221398291e-01
1.527597120860414159e-01 1.032963022522788710e-01 2.683340902133075079e-01 5.308967506125939623e-02 5.855032063518166296e-01
2.882334667444362841e-01 1.018422598746834551e-01 2.313554757812675555e-01 3.603739523166638037e-02 5.902773012004364217e-01
1.729620578351542814e-01 1.112007623014482915e-01 2.599471244272489878e-01 5.333199290214458987e-02 6.012891438305674185e-01
1.539323475204452396e-01 1.297509399062659052e-01 2.652540647364857174e-01 5.208047835480977134e-02 5.749819505291886568e-01
1.628064515598880713e-01 1.115881859362850559e-01 2.726478945668082687e-01 4.112534543553335309e-02 6.330157104023932391e-01
1.562283855307749769e-01 1.000827613921309728e-01 2.646584284802201426e-01 5.198399860426183156e-02 5.752421441556355708e-01
1.866889739786895819e-01 1.058810887405093881e-01 2.639457461071465505e-01 4.432234111461105103e-02 6.038772515844558209e-01
1.564840786535766359e-01 9.976871431349851327e-02 2.652490398522904802e-01 5.233966267106302667e-02 5.818888758129702188e-01
1.721004920888844492e-01 3.376340574403949302e-02 3.676496343530532007e-01 5.222275180211626011e-02 8.186854551779996214e-01
1.457774410364149065e-01 1.007494464074267654e-01 2.796513840381284477e-01 5.395785209867012822e-02 5.849966010285512219e-01
1.614848482248615602e-01 1.029140570612280120e-01 2.707948514059174694e-01 5.226709518714928171e-02 5.831203158234854467e-01
1.825020747678638977e-01 2.413118630049135294e-01 2.977464673966305209e-01 4.955802063327435780e-02 5.670481567143862422e-01
1.927579428981013310e-01 1.317462098955672900e-01 2.454191403593314336e-01 3.222181905320767314e-02 5.608495222692465587e-01
1.596844707032646360e-01 1.008279981592059837e-01 2.635429195926548562e-01 5.396891557251348726e-02 5.871466238533995519e-01
9.832689483740252034e-02 1.081383120691547794e-01 2.425297609679336608e-01 4.915423803153737975e-02 6.570681786351262321e-01
1.549876600290756856e-01 1.361508057996411170e-01 2.656402205687617424e-01 5.155280707048511685e-02 5.906492351733555468e-01
1.559509056955979966e-01 9.870723953093137049e-02 2.662172144369363003e-01 5.795240242937325925e-02 5.736102605397147558e-01
1.620527268932053511e-01 1.019926088387371199e-01 2.950522239860794982e-01 5.203958040810786889e-02 6.044078348742564222e-01
1.581125071836367857e-01 6.901980043269126397e-02 2.644092668700201432e-01 4.605926301525243433e-02 5.921049763674786082e-01
1.666598489747898870e-01 7.945931644533174576e-02 3.540145063150234028e-01 4.985979360297120022e-02 5.757175182119932400e-01
1.589752205390244921e-01 1.097945507846294078e-01 2.640800397088698404e-01 5.097002972636287960e-02 5.960339144114513710e-01
1.646008927151096368e-01 9.928862106501376572e-02 2.669169000135763747e-01 5.137057487837692893e-02 5.403737055536219636e-01
1.577540430421973949e-01 1.234875122093587324e-01 2.652180848664104640e-01 5.130590532764001122e-02 5.914330815618095150e-01
