4.563372447307693647e-01
nan
4.642693991533646813e-01
nan
4.574250522360149840e-01
4.977128468064265232e-01
nan
nan
4.614965336550153618e-01
4.816949354629916913e-01
nan
4.594103314338362498e-01
nan
nan
4.608169513743000101e-01
4.580002176575295181e-01
4.676616433922640703e-01
4.689874777974509246e-01
nan
4.734051061671890603e-01
nan
4.620396696749817234e-01
4.560071152272065498e-01
nan
4.562917103958700760e-01
4.659894308217826242e-01
4.592808748480126102e-01
nan
4.562341440173102725e-01
4.579525124738842989e-01
nan
nan
4.936417105440084052e-01
4.559558225668499110e-01
4.621410432193600037e-01
4.565683971083780990e-01
4.570738729340907414e-01
4.606704917688053125e-01
4.573581999808457588e-01
4.569811654592149663e-01
nan
nan
5.416885964417371691e-01
4.573443350538173857e-01
4.562045954024998018e-01
4.639216568071937163e-01
4.568477263346243378e-01
4.569589829854612817e-01
4.567054928548515136e-01
4.580708886523144896e-01
4.559604956101812046e-01
4.564746087294344612e-01
4.561815770350148291e-01
nan
4.815451333712814086e-01
nan
nan
4.611418179362727909e-01
4.695739148141993002e-01
nan
nan
4.589340858304806203e-01
4.567452497109288356e-01
4.561827713073270951e-01
4.573883901269403252e-01
nan
nan
4.704447896833608422e-01
4.583756646444275273e-01
4.559688487475476171e-01
4.571480855582459868e-01
nan
4.583560995055793175e-01
nan
nan
4.584185572712661250e-01
nan
4.565707028801342937e-01
4.833027466437622155e-01
nan
nan
4.651458315128671472e-01
nan
4.605482910692704213e-01
nan
5.257318543465951954e-01
4.579332129643471916e-01
4.671414217617002040e-01
4.583340187823830569e-01
4.642834844741128841e-01
4.594508593846539646e-01
nan
4.599733067121937746e-01
4.591356691967324322e-01
4.615463431996100208e-01
4.613372168702532528e-01
5.550178532003421372e-01
4.561046514872186264e-01
4.563189234000507022e-01
nan
