4.559007451685508361e-01
4.559016463976287570e-01
nan
nan
4.561899841417365598e-01
4.560602602660334681e-01
4.559439462456450487e-01
nan
4.559079649154036407e-01
4.559901408074565898e-01
4.561171008636468738e-01
4.564465875666637307e-01
4.567043641843102630e-01
nan
4.558980000744826677e-01
nan
4.559217968549764688e-01
4.612402820476687038e-01
4.566436586910468387e-01
nan
4.558982417061420711e-01
4.559134259346012685e-01
4.559056288578230420e-01
4.559170951911759584e-01
4.559093752258069343e-01
nan
4.559028823337846759e-01
nan
4.559469661299850318e-01
4.558984334137538563e-01
4.559028074767376704e-01
4.559029368609164301e-01
4.568750459841476874e-01
4.558979578888574524e-01
4.575474347398598152e-01
4.559000943890175184e-01
4.560668594801413622e-01
4.560920369587252998e-01
4.559070993763928992e-01
4.559219476936628435e-01
4.560462579414436002e-01
4.559046117680391474e-01
nan
nan
4.559283817857936461e-01
4.559359961587781118e-01
nan
nan
nan
4.559044708207547481e-01
4.559000187594921538e-01
nan
4.559024098108043765e-01
4.997906121877278562e-01
4.580853291327204868e-01
4.559158666129488058e-01
4.561604784649418987e-01
nan
4.559016075100478238e-01
4.559201259244493598e-01
nan
4.559098653119996181e-01
nan
4.559034165008966633e-01
4.563209072268016864e-01
4.558990073765251672e-01
4.558986691069244479e-01
4.559017357201285980e-01
nan
4.559005760086046188e-01
4.559349770856354622e-01
4.558992439652813089e-01
4.559619557530909528e-01
4.559076240475561925e-01
4.559151303276586797e-01
nan
4.559008131564790678e-01
4.559006506761902888e-01
nan
nan
4.559003404659762726e-01
nan
4.559050267685244018e-01
nan
4.559074862913334303e-01
4.559105553721030102e-01
4.571995007889109730e-01
4.559002135627183150e-01
4.559015932006478811e-01
4.559075041480865620e-01
4.559005359485253650e-01
4.559073834801296021e-01
4.559036457782306706e-01
4.558978378037480406e-01
4.559050910529843792e-01
4.559007648827563264e-01
4.571593755939384884e-01
nan
nan
4.559102732244369460e-01
