4.558989516355974603e-01
4.559001395098518095e-01
4.559217501521249383e-01
4.640680141551487004e-01
4.559068548365749485e-01
4.559095446101312787e-01
4.561206746059954242e-01
4.559050082789150582e-01
4.558989626926494010e-01
4.559256945874768929e-01
nan
4.565852636745638127e-01
nan
4.559018804252653045e-01
4.559005706334888774e-01
nan
nan
4.601961706369539495e-01
4.561793131291873582e-01
4.568065965883233437e-01
4.559002731315030532e-01
4.559116421131701458e-01
4.559018426702666771e-01
nan
4.559143400320918582e-01
4.559290771629254113e-01
4.559008049125909956e-01
4.559004628202012466e-01
nan
4.559103182441094360e-01
4.558994746918630381e-01
4.559072239591649978e-01
4.577206952950897412e-01
4.558978139328215828e-01
4.561032711023574326e-01
4.558996670748585722e-01
nan
4.560973514429966791e-01
4.559067775129645450e-01
4.559185633421423134e-01
nan
nan
4.559006708505726757e-01
4.559017426076119039e-01
4.560015506024928666e-01
4.559067589895554606e-01
4.559005627790791992e-01
4.560960499014937719e-01
4.559013429002765072e-01
4.559029111133989232e-01
4.559025399983548388e-01
nan
nan
4.786831682427170609e-01
nan
4.559063904106292475e-01
4.559340458364083415e-01
4.559028417580068271e-01
nan
nan
nan
4.559011541581124427e-01
4.568503144008982386e-01
4.559011503748758853e-01
nan
4.558997150839204093e-01
nan
4.559010083642645039e-01
nan
4.558978575121211962e-01
4.559130731790613233e-01
4.559008028479471508e-01
nan
4.559034776541790457e-01
4.559208644285453471e-01
4.559381520426332712e-01
nan
nan
nan
4.559100720124152351e-01
4.559024931243619849e-01
4.559597521034842171e-01
4.559393968325043955e-01
4.559500864976854251e-01
4.559247285919047488e-01
nan
nan
4.558993563392039761e-01
4.559176742396949811e-01
nan
4.558999609976743250e-01
nan
nan
4.558979273735052073e-01
4.559015722258470960e-01
4.558976941118331183e-01
nan
4.559033991709829925e-01
nan
4.559016595021215257e-01
