4.560177525258024556e-01
4.559526994911682340e-01
4.560849571711944050e-01
4.708958826415692855e-01
4.604593949475536685e-01
4.604868312851751466e-01
4.618231527080560728e-01
4.559507240706033304e-01
4.561688575279830293e-01
nan
4.651747305044569569e-01
4.574054283353577999e-01
4.725795318606668127e-01
nan
4.563888487247916848e-01
4.559705480934336808e-01
4.560903115291009557e-01
nan
4.593454098854465317e-01
nan
4.559049488131766137e-01
4.565732502390709713e-01
4.559101655738838077e-01
4.742101267646069984e-01
nan
nan
nan
4.563280368055727676e-01
nan
nan
nan
4.562716089563376154e-01
4.837259188779843844e-01
4.559043718175009863e-01
4.601853210169377650e-01
nan
nan
nan
4.566181530801483035e-01
nan
4.568488786236086230e-01
4.564472824501494830e-01
4.587144491756193765e-01
4.563306796706759205e-01
4.561362234682977412e-01
4.581369640476001814e-01
4.560040550211931221e-01
nan
4.559244782189615375e-01
nan
4.559902037293454558e-01
nan
4.562169533172927283e-01
5.620944582116000898e-01
nan
nan
4.567985867336875616e-01
4.633667349129404478e-01
4.570991559963502593e-01
nan
6.182586932618467923e-01
nan
4.707657882194224985e-01
4.559054170787539273e-01
nan
nan
4.560231950726587602e-01
4.559996963317277663e-01
nan
4.563686490406661522e-01
4.561051428411666553e-01
4.618369083826578403e-01
4.559792807065480291e-01
nan
4.559064445138049648e-01
4.562168730277274542e-01
nan
4.559097678991951286e-01
nan
4.572667190271282878e-01
4.562114485528793728e-01
4.574369603138853102e-01
4.559079835783377277e-01
4.718684924300493022e-01
nan
4.560459673081063148e-01
4.559334025667396983e-01
4.563456026962066092e-01
4.734898026900494772e-01
nan
4.559112921243268501e-01
5.053444053189918295e-01
4.560093863689398397e-01
4.561319135538635661e-01
nan
4.561917913028482041e-01
4.582599521380293917e-01
nan
4.559717172512455230e-01
4.627362757275615412e-01
