7.930221879429316667e-01 2.673662106714094211e-01 8.633382056986802500e-01 5.479743053457822866e-01 5.652108236223789550e-01
1.655841306368741606e-01 1.476979566372026431e-01 2.426930948330002780e-01 7.963865056631758144e-02 7.497122032049066132e-01
4.481984822130579138e-01 3.155235201275560231e-01 2.945528223073423657e-01 1.893372930393206754e-01 6.218901543322511438e-01
3.586767773562644646e-01 3.029416302549243767e-01 6.088784315685380477e-01 9.475736652721155062e-01 4.552204575162484002e-01
3.548438166040156494e-01 2.449533601868278954e-01 7.615480284513316267e-01 2.729090300216144849e-01 6.038529718933027812e-01
8.617390698531740556e-01 5.774119201696946702e-01 1.014088860034411121e-01 3.412882531776073591e-02 4.313221208472863832e-01
1.735552570051471788e-01 9.882932061550049330e-01 2.606480844527339080e-01 5.716841268073910021e-01 5.678760959136657238e-01
5.128317082345812405e-02 5.716843162405609302e-01 1.024256078318895868e-01 5.967058242890633801e-01 6.840249838052229192e-01
8.740474598794862882e-01 1.124979010060722651e-01 7.374726831682487660e-02 5.918841412826085779e-01 3.786311980928759313e-01
6.187923842672711228e-01 7.719685368966089367e-01 9.307524900611378049e-01 6.883988507553073788e-01 7.110784493711760357e-01
5.631542298385820988e-01 6.776531087400238240e-01 5.284012990709313629e-01 7.130289074736686494e-01 8.677742362029590151e-01
3.052637008933287710e-01 9.321421081427557764e-01 3.997187961826134117e-01 7.294806365523944791e-01 3.497656744933570483e-01
8.364557356113591080e-01 1.807640139628763354e-02 7.395614726423023200e-01 4.379674386965126676e-02 1.483768694353471140e-01
2.276554578328108258e-01 3.111220911795050670e-01 8.065677490476242939e-01 5.599496195330813109e-01 8.940262269723109334e-03
1.647033907192263502e-01 9.634059121225482247e-01 5.511606677415769040e-01 5.912946889916880222e-01 3.123891640791148783e-01
7.622194550637410027e-01 4.780307571286313006e-02 9.040980791075351464e-01 7.131324971427008830e-01 9.128594354784508313e-01
5.043803135927472647e-01 5.855240326423818420e-01 9.325823523512793978e-01 6.578233453713270285e-01 7.273049149654393641e-01
9.696919208155518888e-02 7.210692240261609154e-01 9.973163499160900836e-01 7.471197229254518124e-01 1.540158565748067643e-01
1.428149335287649535e-01 1.441536242792843536e-01 6.547442451610463454e-01 2.073313710699365986e-01 6.936662387100983596e-01
1.948165503933049214e-01 9.030159007775322433e-01 9.105663675240108779e-01 2.250242470018970486e-02 8.254241616342196108e-01
5.493131727166099543e-01 2.496632988704992062e-01 3.679145887034216411e-01 8.383409862690838210e-02 1.397256532699525655e-01
9.702720647276219523e-02 3.866667754062634854e-01 3.667372995846281958e-01 3.009105818226682771e-01 4.143363739192196249e-02
3.398959934152201434e-01 7.234601134898555053e-01 2.729026121356625811e-02 8.019221963295570799e-01 8.201421267456909803e-02
1.543393028527955124e-01 7.810590523396909735e-02 5.971356011936929109e-01 2.474685634699884673e-01 2.835825084451947253e-01
6.151712711886525575e-01 2.184837906609180536e-01 9.629455030703890639e-01 3.966596182185463393e-01 9.022562480677998042e-02
8.027049281572052886e-01 7.002076619200990892e-01 2.470635975157475794e-02 1.567979362403837396e-02 3.167117546217296242e-01
4.578357348873307586e-02 3.249173377935010709e-01 2.771912184114075917e-01 4.418738982887150391e-01 9.218424995727896309e-01
1.604695910905418188e-01 6.107440266522146111e-01 8.483011844761864095e-01 7.330648439958868945e-01 1.480177076089143062e-01
9.298844517375740581e-01 8.945423473517883917e-01 8.348026057814597056e-01 7.256382707058740555e-01 4.054077139484381087e-01
3.143785753919284831e-01 9.637556957374660005e-01 6.606033819802766827e-01 3.962046231982729871e-01 3.890233092772056311e-01
6.271889092540053889e-01 7.380613609219907056e-01 4.850216530035995621e-01 4.653075542926550234e-01 9.715697110904414346e-01
1.143507013190048216e-01 9.268360388868072119e-01 7.948938283233158986e-01 2.779799361141174208e-01 4.014504341304818702e-01
1.817913512674736998e-01 8.757066148516379211e-01 2.589981150730198411e-01 2.871068093842684688e-01 9.168904898779809409e-01
8.880711777332174206e-01 6.207476340061137687e-01 8.987015699674679725e-01 7.554559936264211295e-01 7.455201470193961732e-02
8.793376690411883745e-01 2.522602769412015666e-01 5.769866865725530314e-01 5.860364117450191923e-01 3.067198300765781038e-01
5.262637474963520745e-01 6.645313486038030293e-01 7.057837710655175956e-01 9.126584995447006854e-02 8.042860116551097116e-01
3.857083499734710319e-01 6.011665213580448253e-01 4.492015985292751035e-01 7.248835165120288693e-01 1.233983715236297574e-01
5.350469383651168531e-02 7.232389558733685053e-01 1.832375560327750286e-01 4.107265933612723741e-01 4.679141838345433069e-01
8.192727255526521812e-02 1.598355461900363705e-01 4.584857707983820418e-01 4.279340890093870087e-01 2.207818301513897463e-01
5.333386041388280541e-01 6.480589296184048331e-01 9.708699581192963279e-01 4.617798110760986674e-01 3.309319783052756536e-01
5.888245480891132200e-01 5.872697914991741319e-01 4.869701142605253885e-02 2.431395890556335981e-01 2.059470186084331189e-01
5.063106621162718479e-01 6.277325891356058118e-01 1.906572194812290455e-01 2.032950768192887114e-02 8.236712931567611307e-01
7.025153338970638872e-01 7.077453506905367897e-01 2.024115999998714610e-01 3.460487428288829825e-01 9.747070856610738909e-01
1.051843894966897341e-02 4.916574180972573815e-01 4.665382578829813109e-01 3.409354022766711845e-01 9.228659382175330439e-01
7.541335513936604507e-01 7.207269376583276266e-01 3.999556950421110368e-01 9.414691735319229426e-01 2.842629369378928406e-01
7.806376350054765600e-01 9.037724045089113867e-01 8.256555644056433607e-01 2.605201039269864349e-01 7.868498186303751751e-01
1.038474001143675496e-01 9.543705575425229792e-01 8.802896185645605609e-01 8.291052280480408765e-01 2.955695313864048490e-02
1.605877532515548323e-01 9.197351498126364877e-01 7.715512611413863908e-01 1.771260957657805335e-02 1.283209234467537208e-01
5.370097456548095227e-01 6.422942668118626353e-01 3.771587717767076464e-01 8.419962656560938674e-01 8.940861241580458918e-01
2.073763167789844930e-01 7.863588865429883557e-01 3.233209011105089292e-01 1.848350412577918211e-01 3.839243000626176849e-01
8.356353276499701721e-01 9.500753136547188671e-01 9.835253515254782641e-02 8.475626147963005730e-01 2.277967215304861348e-01
4.861525185908142088e-01 5.117298333088829976e-01 2.689804158868068784e-01 4.442735957767732780e-01 4.990715530882086082e-01
2.071738726135544661e-01 5.128179786624647019e-01 8.198417415287284626e-02 1.449840084223009695e-01 7.516933124080943385e-01
7.473208548035628063e-01 1.445163642914448765e-02 7.774684951350707696e-01 5.974004445611164060e-01 1.480330969978094213e-02
7.210014625022679313e-01 3.349324566213457421e-01 7.213218013980364773e-01 7.579222779398546717e-01 5.450083088918185048e-01
2.283102264002172532e-01 1.359402194685577214e-01 3.838873685924854007e-01 1.874849357484742463e-02 9.239006192669346751e-01
9.666773832423353197e-01 4.350866701846348716e-01 9.406805889739408011e-01 2.031322541775805179e-01 5.188226967687592506e-01
8.191916611876761678e-01 7.605104208227724261e-01 1.648509847633501391e-01 5.529246081553252923e-01 9.627772003638173093e-01
3.460416636592106299e-01 8.684337975047854430e-01 4.842817221731704480e-01 9.129877980474178090e-01 8.390179153041976701e-01
2.998951862590528705e-01 5.189782191544726198e-01 1.635207586059428397e-02 3.819056503188533735e-02 6.677603779508637372e-01
1.517270780674008224e-01 7.217614525044027118e-01 1.160312891237691435e-01 4.978472217142333456e-01 8.529289948557753354e-01
9.422105892211118938e-02 6.974142521338982936e-01 8.685803162705022507e-01 4.840230034900981915e-01 5.411941427844737529e-01
8.765718526745506223e-01 5.706508302124772003e-01 7.571573252766230500e-01 1.074313774774945385e-01 3.706106931228181356e-02
4.878159618562194488e-02 9.770067188498402500e-01 8.531242623358523680e-01 8.474046071420000548e-01 6.884294837056096350e-01
5.236077883295525703e-01 9.148907850525619390e-01 4.974968242212374214e-01 9.011766129083043086e-01 3.212366529173595886e-01
5.759799952113363597e-01 8.593623754492011324e-01 8.263013933578027270e-01 5.772935212553336193e-01 7.658625473451878829e-01
5.366146921123871039e-02 8.492730662703309452e-01 1.138241010600493652e-02 7.231663740989946465e-02 5.866299589207543130e-01
7.214130460107345266e-01 4.437113404348838053e-01 1.325447802424828403e-01 7.202997194393833125e-01 4.606743884973152348e-01
8.594247680382437471e-01 1.221415131106003971e-01 4.609847750375251074e-02 4.290861182124485751e-01 6.234998782451472987e-01
4.663133608632918925e-01 1.499721649597866024e-01 3.917060714358784335e-01 4.902951633968369860e-01 9.160826997687996354e-01
7.159808626462486059e-01 9.106519451587241631e-01 4.432283350381596154e-01 6.139846052187337699e-01 2.635678114877232359e-01
2.564104128133595228e-01 7.247314949445788912e-01 2.525089900810617571e-02 2.548258978378397099e-01 4.337250126891082358e-01
4.145638519842237413e-01 9.908306930656327616e-01 5.001417627294613144e-02 5.361331554776262998e-01 3.415024863424322987e-01
7.909895039453409549e-01 9.058950541864554395e-01 9.243991677172439525e-01 8.092384923131924479e-01 3.265876746802163222e-01
4.849039286081946454e-02 8.668658235133891443e-01 9.948195154891434910e-01 2.618189851777921184e-01 7.109334033209852022e-01
8.657404958250621840e-01 8.142668963735841814e-01 1.583865246023685724e-01 5.390320102107870603e-02 3.135210199597723291e-01
4.877526576187589669e-01 4.414602238104026188e-02 3.301691957566481594e-01 7.716590725929383110e-01 2.368227825575188739e-01
5.365760645615087476e-01 5.678444770542994124e-01 7.446280723743633478e-01 3.639003068723938306e-01 7.180930762404031942e-01
5.833356800613581639e-01 5.245422577805323172e-01 1.738990587933235688e-01 1.744960788017833053e-01 5.373998948725038360e-01
6.086986956135749249e-01 9.325332691760874759e-01 3.043950006115936358e-02 2.739416449706515433e-01 8.948572254390904090e-01
1.746951341204205921e-01 1.405939321367570827e-01 8.039433860492978257e-01 1.122208918920123422e-01 4.055617598858822781e-01
6.779921862744415773e-01 5.030154139460019103e-02 4.672412067466739094e-01 1.304504631639735734e-01 5.947499519786572098e-01
7.913524404888988562e-01 2.324159719148364278e-01 7.218184757663824724e-01 4.510613910864487153e-01 1.412102198530406083e-01
6.545866118941742196e-01 4.147064164415398269e-01 7.929196872936368212e-01 8.890609707470433776e-01 9.606122907107954578e-01
2.788460903661459378e-01 1.355802489795364663e-01 4.587783214482251681e-01 9.643372015503592909e-01 2.946238348412577590e-02
5.909796905122913779e-01 9.930935695792815210e-01 8.980733842292740743e-01 3.981686428398938382e-01 4.249986355911198332e-01
5.664216451958580256e-01 6.746362735249812337e-01 7.526152639676928491e-01 9.609438317606513458e-01 6.534620584254026143e-01
4.765794367604270221e-03 2.460146672155328895e-01 3.061847556700085793e-01 3.403134791084490018e-01 8.611523391397399863e-01
2.509563918762061085e-01 4.768646801995199969e-01 7.236372041405093603e-01 9.416080539181604925e-01 2.085121970227319377e-01
7.608778535501361517e-01 6.441793659990724397e-01 7.361058415526737786e-01 5.085524544674118186e-01 5.025859171654137869e-01
2.456205975866710967e-01 7.662042166979935454e-01 3.022154359632356346e-02 5.386920563045872745e-01 8.029642846381468413e-02
1.958409947993738909e-01 1.632457001009456343e-01 3.026101215682333034e-01 3.109851874144131667e-02 7.634993237231694208e-01
9.501953642073447392e-01 3.100018742240771008e-01 3.861594212422848615e-01 8.845896360105935941e-01 6.849830345392404762e-01
3.849708378830755118e-01 8.071312222703692640e-01 9.302223697552541859e-01 2.282634024083295410e-01 8.819685002400649010e-01
4.552850976616357181e-01 5.318962923810085508e-01 6.539682309817140826e-01 1.905147855029883930e-01 6.246184406143314716e-01
9.606274927666996755e-01 8.665306720048226996e-02 3.215399513924116492e-01 5.374661191460148313e-01 3.308889724252681575e-01
8.470937741065892590e-01 7.739742403842380103e-01 2.107644629101490530e-01 4.182007798680527078e-01 3.648137979052749058e-01
4.213915577177620442e-01 3.289414635874395865e-01 7.923070214193991267e-01 5.844784417015029820e-01 2.786315370544579784e-01
6.501817792385169437e-01 6.642646121919822955e-01 6.472597636340223781e-01 6.235436785627879175e-01 9.945968008731365106e-01
2.430721558840152063e-01 2.647317699592754980e-01 4.081696779506491790e-01 1.952817287961109427e-01 5.429182487473825924e-01
