5.515321045744040473e-01 6.575625336721072633e-01 8.466195020461919629e-01 7.201719640472270534e-01 8.408844212726752643e-01
3.456885386712281738e-01 4.456380508504141913e-01 5.270446028954978157e-01 3.604858653769449361e-02 6.781558684765243150e-02
6.174746630910561418e-01 1.217810769871275900e-01 8.184360170843726356e-01 8.472370160084697899e-01 5.473897211237084282e-01
6.531958056025766179e-02 2.624091396776091489e-01 8.980924516530732760e-01 5.696654507212907115e-01 7.826647141521858586e-02
7.009809923268672804e-02 7.652559471806126279e-01 9.443735052365862526e-01 4.796436111435173899e-01 5.414480242285270029e-01
1.201710412396149730e-01 9.660974133520068285e-01 6.285760288632303849e-01 9.086825669293876473e-01 5.927030127841029783e-01
7.183204089410902826e-01 1.189089484689506149e-01 8.605068665348459822e-01 5.480930799126723096e-01 2.270455289671727828e-01
3.898543399461856795e-01 8.963990031343345155e-01 6.783859089212443960e-01 8.552687291920229029e-01 9.678550487802898283e-01
3.536746510663739684e-01 3.876943950171316544e-01 7.231255384147649012e-01 7.107628293732015656e-03 3.218137532749625329e-01
7.240499291848884189e-01 6.033009598699412557e-02 6.156559183439052063e-01 3.302807850360339748e-01 6.934248537039439109e-01
4.143628475127373312e-01 3.812308562909491050e-01 5.712631143409507839e-02 4.855023746962682241e-01 6.558756383002226631e-01
1.449134316008893197e-02 7.369687717619037848e-01 2.880396604395298876e-01 2.756746320569498643e-01 7.920048347239255770e-01
2.839034967531399722e-01 8.066195027146495500e-01 2.450339105228582781e-02 6.908787733273824561e-01 1.085712186314424788e-02
9.432747000835850493e-03 9.146628114787003216e-02 5.107915088733241404e-01 6.608543633531802630e-01 8.426099425469929516e-01
1.376691134761872659e-01 2.224432349588770785e-01 9.663915499305550938e-01 8.991510372715590949e-01 5.608525404564467243e-01
8.752531380055713628e-01 1.495527708293329372e-01 9.625448062283818995e-01 4.622342530240588498e-01 5.486299064351318755e-02
4.864637501756319260e-01 9.582154238343832953e-01 3.602917931161065956e-01 5.949855349598652809e-01 6.408637417905351796e-01
3.768234621617546631e-01 7.256676898316095636e-01 8.383886615708472378e-01 3.839542334232337595e-03 3.093021008308886044e-01
6.054581801924827644e-01 4.065202524355071567e-02 4.004933488815294318e-01 7.419624366310425545e-01 1.783283293875581599e-01
6.667942316065142982e-01 6.105534003569046408e-01 9.916380180795669741e-02 8.734682908649682442e-02 7.340388550990665228e-01
3.351585608648144365e-02 2.578962156994945021e-01 7.183069007651506910e-01 7.871235080575100795e-01 4.658520758033419806e-01
4.937073448012930799e-01 7.431124230390870888e-01 3.590445636267469709e-01 4.296733598868034409e-01 2.093681505807680754e-01
9.854638823612050791e-01 1.174867081124247870e-01 3.535824020551429081e-01 3.506008754323444165e-01 2.099600858930215086e-01
3.665007424998185659e-01 9.327227990273267988e-02 3.161126984595239442e-01 2.459672874560751010e-01 4.821168248624262409e-01
9.430548810202477039e-02 1.932401488800569167e-01 7.887726613514159935e-01 2.973722529904654355e-01 3.257889151498771785e-02
3.985340433398235627e-01 1.627245629096364388e-01 1.950229058923730330e-01 4.277786983149088895e-01 4.926778028150924360e-01
5.165052770823826966e-01 9.144740492636228568e-01 9.950399262253660781e-01 6.082648590722380399e-01 8.614829750854013923e-01
8.985919045656088899e-01 1.147905175792063304e-01 9.411099073454065600e-02 6.940802402866600440e-01 6.312492936854201542e-01
6.301030119461290546e-01 1.716692630078398007e-02 2.583093123606625685e-01 7.298744109325276952e-01 6.282378899183692633e-01
8.027497697484362593e-01 4.531150381623781920e-01 6.146652688635441120e-01 1.628246733460237961e-01 8.346149037516185087e-01
4.707299731794646336e-01 9.163108795232779435e-01 1.456454443454014980e-01 8.456274722183340087e-01 3.472391873745505064e-01
9.761212568727798411e-01 7.891302762302603302e-01 9.497949935541878386e-01 4.202263185207144591e-01 7.730728301326339480e-01
7.221891486960008155e-02 2.226717067063007649e-01 1.575485804727425609e-01 2.403148368520447997e-01 1.651612197248775171e-02
3.583327919345882240e-01 7.562209951985344736e-01 1.480663706092927301e-01 7.905086412700600418e-01 6.440207179589562125e-01
4.921657085776820484e-01 1.155830169206696345e-01 1.683612000291535571e-01 5.281051201406671280e-01 4.710003641330490209e-01
9.806888726189441075e-01 6.827572205166309027e-01 5.022640355999890005e-01 7.776142475619239880e-01 5.682452177457875120e-01
3.299890070966732258e-01 8.638721694844092580e-01 4.364605135432689798e-01 9.278901142849926842e-02 4.234053035067785187e-01
3.526317401426863896e-01 7.800284150893510571e-01 4.640142233492660084e-01 6.162807857062058137e-02 4.457843364440361444e-02
3.329621160552584946e-01 5.761118472730969442e-01 9.100425481841902808e-01 7.460118020795460936e-01 1.052772125006055104e-01
1.742384419239717541e-02 1.143115599830595297e-01 8.752954065214517687e-01 3.118145208137477198e-01 8.626394022559110697e-01
9.270684388079231120e-01 3.885385441609415791e-01 5.807538165156712617e-01 9.042549438476589208e-01 5.864874793982266521e-01
2.921885552951642984e-01 7.155433225447119794e-01 1.337018438911556917e-01 2.498369749159441433e-01 9.178112834915640450e-01
6.363745392307538218e-01 1.306338576583477851e-01 4.973888883998162092e-01 8.699543756826424445e-01 5.645066669740368415e-01
5.151062332375648811e-01 1.838805470629680805e-01 4.423847894589683083e-01 9.093683936342611407e-01 5.837549352561435256e-01
8.549357559432247955e-01 1.773666269114466676e-01 4.836307770287885388e-01 9.631445628050390173e-01 1.262270121881292617e-03
2.733492201299571045e-01 3.314912151600375445e-01 3.365882292020851985e-01 9.019414006360106928e-01 7.525533228350641535e-01
8.031272835723688441e-01 3.038375213191512048e-01 9.166135324737092471e-01 3.332939737440290262e-01 6.788765853897759106e-01
3.994491936055993841e-01 5.089118474574610973e-01 9.874642650474140249e-01 9.316690076516227492e-01 6.308370776388791956e-01
7.088871129615286204e-01 1.843172452215472434e-01 8.214514152124733348e-01 2.870474908671615255e-01 8.569686261189850551e-01
5.185277458662805872e-01 4.928892505157185244e-01 6.289395601518743550e-02 4.259863621813403389e-01 1.228718697814809024e-01
2.816238726336981468e-01 2.141794989134260252e-01 2.878264996849450030e-01 8.162068005569425022e-01 4.884359575812644572e-01
9.073258065553575502e-01 9.930619425954752000e-01 8.055132651818608380e-02 6.089925242669244065e-01 1.041548403404239931e-01
3.991046551368945261e-01 1.914305042294717207e-02 5.044886387284527318e-01 2.904272872295958763e-01 6.819168468271629147e-01
1.345196496039369194e-03 6.645187613330025833e-01 1.828900473244923219e-01 5.182782606018756510e-01 8.974827832218357226e-01
6.077692244217979267e-01 4.656876447662546825e-01 7.526527448413332655e-01 1.738459329817572119e-01 2.360343922884644563e-02
8.610365773494689234e-01 7.829116853910292884e-01 7.263180039327651327e-01 4.235398845654971822e-01 4.349080337764877902e-01
1.504330714107757760e-01 4.255053365600602877e-01 6.793784192019571844e-01 1.320537485126210830e-01 5.904371574668741962e-01
1.514765538968617653e-01 6.052261191112944250e-01 9.218511501323791713e-01 3.684534901366843807e-01 1.677183061310607570e-01
6.197287073496677845e-01 4.124913715511556722e-01 1.310549862947167910e-01 4.914321695840652149e-01 9.544522201318251797e-01
5.310000382087499693e-01 4.086427204222704557e-01 7.193912177861625512e-01 9.779191874233188475e-01 2.028575254105562387e-01
9.452891279420165827e-01 2.558032576907000033e-01 9.197559952096212577e-01 2.952582011329480949e-01 1.354376646599847467e-01
3.345219386139757223e-01 5.326524326589509029e-01 5.500918700935498729e-01 3.117065053084759896e-01 6.829415529417125486e-01
5.353568208103716142e-01 9.204864168145487913e-01 2.156618813117024969e-01 3.778610006008028543e-01 2.171259280581882001e-01
5.976496406108713355e-01 5.805866118913193263e-01 2.872395856072526010e-01 9.426167319866410876e-01 8.592591824739123085e-01
4.043953650117904086e-02 2.023208449324147562e-01 4.790853295148894686e-01 3.481439878169659830e-01 7.700884129937585199e-01
2.894197938173986850e-01 4.022655307760510945e-01 7.404377980932583814e-01 7.557666245404114358e-01 2.598124855527160770e-01
2.320547989031318536e-01 3.593532965449297567e-01 9.365545075868360048e-01 6.040952717341706579e-01 5.729848275593659723e-01
2.365077698258180039e-01 4.424114910153180702e-01 8.286913246101818009e-01 7.644538776332534535e-01 4.133007693126951043e-01
7.228912764707587923e-01 6.663020003897817123e-01 7.983877051327791241e-01 6.062317126443810267e-01 1.274435940701159620e-01
1.820819569714575703e-01 2.373323830493385689e-01 5.879491491372222933e-01 8.903562445795276670e-02 1.301452612459030878e-01
8.743138058135767610e-01 8.727442866702267432e-01 9.469558318987725265e-02 1.481627641292951880e-01 2.960816859540227330e-02
7.034277922473464173e-02 5.608936404175085544e-01 5.627609677037962443e-01 5.999949979471401740e-01 4.162716427868147218e-01
2.166764210020589720e-01 3.344340614392401489e-01 8.699529694611481956e-01 8.996777282165998590e-01 3.081893835803306558e-02
1.448186770407448032e-01 1.257217789939368835e-01 7.357059799363198094e-01 8.111294942799891494e-01 5.336400255334338150e-01
1.461931946031775897e-01 5.909193295319619121e-01 5.007217461890932642e-01 7.726441702824682345e-02 1.061883109952270754e-01
7.104982991377534196e-01 1.651836811742153355e-01 8.995407181107795136e-01 8.474051444450187986e-01 5.720223105637572969e-01
8.313434514829611821e-01 5.472299294936951997e-01 9.661661286418590233e-01 2.101530943382010630e-01 4.575982543735791497e-01
5.120768636799676310e-01 6.501129413988480099e-01 9.118957617620577771e-01 5.362312000982221161e-01 6.369989975473311361e-01
6.439090647305100168e-01 3.438906762385972593e-01 9.369963051875813687e-01 2.694299301502645072e-02 1.674069480962452339e-01
5.480282255336459407e-01 8.725731833461018994e-01 1.834002808662894557e-01 3.039519529191120339e-01 3.826258377322299120e-01
6.319285056142931456e-02 7.821340216397154599e-02 3.296553688804826354e-01 2.541559170688036939e-01 5.488933069131972653e-01
8.143115945513186293e-01 5.963937570861898019e-01 1.314956006302920866e-01 9.187089981362699387e-01 8.117317240945056689e-01
9.562900231644456683e-01 6.310982818730259680e-02 4.783795386219727996e-01 2.142821201360260996e-01 2.454687029128820308e-01
5.511123436479573590e-01 2.854348238424262441e-01 6.249692313824303236e-01 8.996652243486088496e-01 9.248789705532091121e-01
7.022204202044085575e-01 2.176267454748549435e-01 3.172171009333949465e-01 5.357361445915288511e-01 3.910578513849423121e-01
7.168460811570579461e-01 3.387720557323325998e-02 7.383047453324619314e-01 4.567398174527372845e-01 8.669165044514273166e-01
2.787064352477649498e-01 8.752727446447924331e-01 8.703385637771675620e-01 8.871700104519386620e-02 6.901432380143853740e-01
7.554020066557591839e-01 3.398152925975885807e-01 3.572233461803574484e-01 3.593213195167329621e-01 4.191393038196907783e-01
9.608274065116656493e-01 2.030804011427138622e-01 2.492921382134278829e-01 1.009099290382065028e-02 8.042777091679542689e-02
3.128349416187077292e-01 6.664721977365870575e-01 2.881558188507131746e-01 7.459662896565041335e-01 1.560099079323955529e-01
3.205829485642139876e-01 9.974145696360099400e-01 5.635035801601065986e-01 4.617680539830198994e-01 7.195216263611861063e-01
5.921291248941094043e-01 8.726256626162880448e-01 7.510414805456495646e-01 3.515201554148826846e-01 1.479168738486691392e-02
7.499210491275728474e-01 4.482051782522350480e-01 5.789843802647507420e-01 4.242317718590730147e-01 6.885891337361018660e-01
2.206815440222988922e-01 4.581527008073073004e-01 2.892017902461235801e-01 5.561375873948612991e-01 1.247548873635901945e-01
9.388424473636647338e-02 5.025634003294607854e-01 9.949480189900574700e-01 1.391174301218888187e-01 6.243815903357023966e-01
8.338058220860559144e-01 1.545995512933007188e-02 2.241067658656309414e-01 4.249208475401355933e-02 9.846405211518222123e-01
2.982500492412233362e-01 8.335500250017535695e-01 3.772296970621410450e-01 3.037271175971959503e-01 3.091413588234179777e-01
8.835986833901510185e-02 5.059677304368641604e-01 8.754076406765953777e-03 2.791655671312823772e-01 5.256951360594306344e-01
2.723938160102036266e-01 1.680426888840700350e-01 3.493712780832860521e-01 7.238229769580617479e-01 3.597324177223870656e-02
1.050242829197678418e-01 7.265058980040838277e-01 9.710481141206740441e-01 4.896847006124376289e-01 4.681957668785090565e-01
