1.572436772128238125e-01 1.000217698986793496e-01 2.654917097615392962e-01 5.260587972677287227e-02 5.811160342046296501e-01
1.572192977329106844e-01 9.992069588832477867e-02 2.654295081185990002e-01 5.271729193654706852e-02 5.808588985118037229e-01
1.557998720492092259e-01 1.017890488460767157e-01 2.653271240092687777e-01 5.289134838011599199e-02 5.805900126656106108e-01
2.020689153177712138e-01 1.493924866858976630e-01 2.595407527343026599e-01 5.432402837606281620e-02 5.824553870642981135e-01
1.571183039482690613e-01 9.985438626015512298e-02 2.670001518982519917e-01 5.147356103573754588e-02 5.964121672644868699e-01
1.601299272548357133e-01 9.977608528247572384e-02 2.654242641064610830e-01 5.219637854730647952e-02 5.807009753820182585e-01
1.571019822192072091e-01 9.530754714566805341e-02 2.654443030456865027e-01 5.251313338342780690e-02 5.733912290218480257e-01
1.574506416480063731e-01 1.000144494885014251e-01 2.651308381707790374e-01 5.347292631129025448e-02 5.811462513273667474e-01
1.576001697306008975e-01 9.983110198514143219e-02 2.653990713023072212e-01 5.251481862095705444e-02 5.804984220946147744e-01
1.572380485029296060e-01 1.000155464530683297e-01 2.653870231344925279e-01 5.322523279657571937e-02 5.792985124947234166e-01
1.571242951498540985e-01 1.036061377599403061e-01 2.643078189501745223e-01 5.263524847246931621e-02 5.816221134844703489e-01
1.573571198482788258e-01 1.000766836522728881e-01 2.261654332283254965e-01 5.248761342655817314e-02 5.843058025859065863e-01
1.311818340508666692e-01 9.945359981218857004e-02 2.667426134490766820e-01 5.602650486700584687e-02 5.587680239733130438e-01
1.565563905752894724e-01 1.005261145305297310e-01 2.655821076571326933e-01 5.267253729524571521e-02 5.811259485995025065e-01
1.572265459045607272e-01 1.000670189498574641e-01 2.655299547957885031e-01 5.272907921648938706e-02 5.809728779486961203e-01
1.569051551320462812e-01 1.077914349359955504e-01 2.653425418541908720e-01 5.248778390844142938e-02 5.855467271410402796e-01
1.571741444062386139e-01 1.000704189431159824e-01 2.648722427160318804e-01 5.299582299519887962e-02 5.815827167124550945e-01
5.713214692137591477e-02 1.088556036118883408e-01 2.636883800128429489e-01 4.389746970350612981e-02 5.817396272161347026e-01
1.557530233248954621e-01 1.014783303629028521e-01 2.657858450621497504e-01 5.106248618097058295e-02 5.981462571860368671e-01
1.294803575862767120e-01 9.698326805273059514e-02 2.917162318865233472e-01 5.331354852334942857e-02 5.811567383656144337e-01
1.572333400473749088e-01 1.000318300412807448e-01 2.653974791552083934e-01 5.268760418924135769e-02 5.813330654229664773e-01
1.571412367787090869e-01 9.999028336905332881e-02 2.654065886230110860e-01 5.282341524289251716e-02 5.811450984205331904e-01
1.573071228631744423e-01 1.000435984944946649e-01 2.653147150475950733e-01 5.255417295462340432e-02 5.808562074499088457e-01
1.551944814880220624e-01 1.021450852672129150e-01 2.640775319441196478e-01 5.226280146781196040e-02 5.829039827629146631e-01
1.582923028738350835e-01 1.000446307002394314e-01 2.650511894720130046e-01 5.186708043091164955e-02 5.913065160554112909e-01
1.544505187503873445e-01 1.007445396581668623e-01 2.673607468009063237e-01 5.288971105953808177e-02 5.816002855394249993e-01
1.565255524960007250e-01 1.000761889639781438e-01 2.653918035865026614e-01 5.276507973063485069e-02 5.809794906682665960e-01
1.572419302785069417e-01 1.001015818454007722e-01 2.661866903843506105e-01 5.273859131159234354e-02 5.810952653309182647e-01
1.571397310919502577e-01 9.941733127659015123e-02 2.653873252330443688e-01 5.167843674911958701e-02 5.874737988493915486e-01
1.574343843223662831e-01 1.000120967077310075e-01 2.681414349243983475e-01 5.277717514189578241e-02 5.810015155606694792e-01
1.572284641276319450e-01 1.000577845204588950e-01 2.653557868271173570e-01 5.270391941038338884e-02 5.815335835523366415e-01
1.566122107252108930e-01 1.000510180439171948e-01 2.657248610728781268e-01 5.279560026436625614e-02 5.805935527986484379e-01
1.966818830417169928e-01 1.000184504196063168e-01 2.635343444800921087e-01 5.395741261686262669e-02 5.902279117689788190e-01
1.572477935733550547e-01 1.000994778797934526e-01 2.654118054254813175e-01 5.272709669165519253e-02 5.811590619340624153e-01
1.561719179812082747e-01 1.001099527405203971e-01 2.593786299226433778e-01 5.273403594987156884e-02 5.816655840757203322e-01
1.571663478868989272e-01 1.000482319928320402e-01 2.657583583794412285e-01 5.272192306394730965e-02 5.810801598488372077e-01
1.578711802259807895e-01 9.561729464101238751e-02 2.662138660242252541e-01 5.272159659299650164e-02 5.819719299174249683e-01
1.572467932396121315e-01 9.684700165311890818e-02 2.672078737894296174e-01 5.266072327438231504e-02 5.767943520733096463e-01
1.572327324955370698e-01 1.000377444967867901e-01 2.650983655882415690e-01 5.271850080759159229e-02 5.822699713950897360e-01
1.569151799592362895e-01 1.000547271102885521e-01 2.654891280133165887e-01 5.319316611627301211e-02 5.810168030375172377e-01
1.575380062428925199e-01 1.242687197755367734e-01 2.635542431294237709e-01 5.294058643468776276e-02 5.751024445745368530e-01
1.582086929938651965e-01 1.006846911132557587e-01 2.653246933707386623e-01 5.263901313046404767e-02 5.814857220008948779e-01
1.571344471148828914e-01 1.011727231259946097e-01 2.653813887956179562e-01 5.282610551179989233e-02 5.804457979951763713e-01
1.574410231856552822e-01 9.998708228291026956e-02 2.644145885807184237e-01 5.244421995912770806e-02 5.812280342815171474e-01
1.572887185804203170e-01 1.001294585335839871e-01 2.663639994628629881e-01 5.204618362439591972e-02 5.928960753868509626e-01
1.568826331093697846e-01 9.701801695380758706e-02 2.647252019253913957e-01 5.261552065757382768e-02 5.797841749202750083e-01
1.572475235073568511e-01 1.000602522496830959e-01 2.654368051878991386e-01 5.284314085596935467e-02 5.806870783522742885e-01
1.571274117985007324e-01 1.003070475204455581e-01 2.641417431476223987e-01 5.306814916470892901e-02 5.826070326488369533e-01
1.572099799657100394e-01 1.001802021623774824e-01 2.654358470577177220e-01 5.266066780259191782e-02 5.807278899916801240e-01
1.573447759670963675e-01 1.000234380470008122e-01 2.653945735865672617e-01 5.272184410701052232e-02 5.792335979193592443e-01
1.572395601349736993e-01 1.000399277502524720e-01 2.654390547442752046e-01 5.271868406552573244e-02 5.833108373114652689e-01
1.572618976342149699e-01 1.001255676835003522e-01 2.654227142602927914e-01 5.256319301560782170e-02 5.810644346610948086e-01
1.572304855220928721e-01 9.999940873008048015e-02 2.654258062347908953e-01 5.271354896220397518e-02 5.814323522322745186e-01
1.527601491903984032e-01 1.089834791962711463e-01 3.176899156906987098e-01 3.666643001248164058e-02 7.144860385549177684e-01
1.639057449090514651e-01 1.680730720378309229e-01 2.631970748132281823e-01 5.508760215429986395e-02 5.381167478414404792e-01
1.570688134121249468e-01 1.002292810237524756e-01 2.646695847995602646e-01 5.268309564793727251e-02 5.834281776036055467e-01
1.300263298139996970e-01 1.001025280017700109e-01 2.653916897132401198e-01 5.273398667722294098e-02 5.814744144155269412e-01
1.584963946660785106e-01 1.001421563779335971e-01 2.654344288231688109e-01 5.256336009083607125e-02 5.809129975415271430e-01
1.571960414149194962e-01 9.994479902298990248e-02 2.660973278031733003e-01 5.269383780867376021e-02 5.804870370149082248e-01
1.572131770369075698e-01 1.001975271801329864e-01 2.655048567808553361e-01 5.277345868206353985e-02 5.885670529214852564e-01
1.911812043286608698e-01 1.099007220161531961e-01 -7.304472944049642535e-01 8.566801905777617077e-02 5.874557577274364117e-01
1.561110611278671012e-01 1.000258650306498492e-01 2.654083002610779785e-01 5.260799851099591529e-02 5.826956734792202441e-01
1.569820745327777378e-01 1.092059325004075265e-01 2.967081779102485606e-01 4.377609401455917482e-02 5.698886875975835986e-01
1.574072039824508662e-01 1.000336625457483586e-01 2.654216677003911062e-01 5.277862949826210570e-02 5.807025526264637527e-01
1.581924514533997739e-01 1.011116634457791263e-01 2.698396032280979684e-01 5.239076426515616031e-02 6.136359945986152864e-01
1.593043137469894177e-01 1.007839716672143393e-01 2.654225136737101698e-01 5.263075525830498980e-02 5.807417684472033770e-01
1.569827864575712162e-01 1.002202256240918021e-01 2.654035364184730850e-01 5.283172408393039393e-02 5.805992168506172169e-01
1.572568214219766114e-01 1.000114051496133888e-01 2.654155238445420895e-01 5.264345046485897905e-02 5.824197307462515294e-01
1.579679724222693704e-01 9.999900535058414697e-02 2.656429348873129981e-01 5.268924721948786694e-02 5.820560962948402306e-01
1.572389096590129653e-01 1.000430468373912363e-01 2.655437573862404199e-01 5.265502568068829159e-02 5.812863718194192231e-01
1.579640542625255217e-01 9.940931217649248697e-02 2.653924021935339383e-01 5.251990490077235174e-02 5.840007767118184923e-01
1.570553708414338112e-01 1.000491020973195005e-01 2.653302171270760512e-01 5.266714354747105420e-02 5.815023751837928856e-01
1.571862353361651032e-01 1.000613199409942089e-01 2.591138583772030768e-01 5.281867241995857887e-02 5.743295419409785163e-01
1.571408114270759770e-01 1.000313669009186418e-01 2.653893391565636528e-01 5.243204957554369744e-02 5.809970951904699366e-01
1.571306749047472751e-01 9.999584638839469075e-02 2.654228097180066359e-01 5.997377468656562433e-02 5.842360884066049032e-01
1.606065390582994967e-01 1.009148185564680694e-01 2.643769019703159917e-01 5.194760913423679405e-02 5.815249293067562553e-01
1.572320244352302665e-01 1.000890374644711617e-01 2.654146318217857070e-01 5.273633710292991578e-02 5.811145470436355209e-01
1.569146163277321537e-01 1.000265479031184901e-01 2.653914095640584336e-01 5.261457143167393158e-02 5.809209817909208873e-01
1.553930233301389630e-01 1.005215726498986939e-01 1.825510847011564408e-01 5.104655407715229243e-02 5.842347410620005732e-01
1.589131615665757558e-01 9.886534084556461432e-02 2.638443775412674386e-01 5.277124855431176986e-02 5.801335511196592520e-01
1.572328208000553507e-01 1.000307075158886477e-01 2.654225394537290117e-01 5.276224790629640421e-02 5.810989855325798814e-01
1.562119690099141034e-01 1.008597335311654797e-01 2.653288858857140164e-01 4.797435126277414114e-02 5.789044190525909350e-01
1.576151085651910644e-01 1.000800830797261981e-01 2.644975742083524595e-01 5.257409947510231080e-02 5.812688050472575307e-01
1.682828644108646521e-01 9.770643012462634780e-02 2.655876994458417073e-01 5.254435923887605664e-02 5.784428737781057706e-01
1.578828020134308285e-01 1.000259518307605594e-01 2.654271520388257199e-01 5.268711573682305360e-02 5.815948591499723319e-01
1.572877354961608742e-01 9.976206680616934996e-02 2.651785034929818319e-01 5.274770529233605010e-02 5.810004885876002279e-01
1.573503077650542925e-01 1.000281413749321835e-01 2.653206721251588629e-01 5.097969588520805811e-02 5.817389667067484060e-01
1.575055326492861563e-01 1.000515735799391570e-01 2.653504944777047569e-01 5.277255954281165340e-02 5.823699062588671982e-01
1.581800843853745364e-01 1.006692984376108407e-01 2.655397431693053423e-01 5.188576385975518512e-02 5.800067491339353509e-01
1.667937630446738873e-01 9.685243884713007345e-02 2.655605937488355051e-01 5.334800026560738290e-02 5.799699546897555402e-01
1.573894479284210501e-01 1.000340960516361843e-01 2.654165270025053425e-01 5.276419926703827812e-02 5.802747393987892632e-01
1.572666218164486540e-01 9.984969084986843046e-02 2.644528916026983034e-01 5.262832978518037358e-02 5.807047800636877533e-01
1.572057035839065087e-01 9.999612620747878877e-02 2.653940679220649357e-01 5.281807871737836252e-02 5.801452235322767104e-01
1.572337982191618910e-01 1.000287954855872408e-01 2.654643999330714155e-01 5.272962185085788844e-02 5.810794645278113402e-01
1.572502343636672240e-01 9.971943173175043529e-02 2.649743287709986905e-01 5.273842267450782467e-02 5.817574391481687979e-01
1.571916069147774597e-01 1.000280794487360542e-01 2.655800552913312185e-01 5.271320497587865528e-02 5.814053491457898959e-01
1.578382122173778712e-01 1.064612664652758306e-01 2.739183650466495701e-01 5.284250092938209270e-02 5.808817644521966361e-01
1.571554744395773084e-01 1.003838653316138918e-01 2.651995455306457861e-01 5.280249295876749543e-02 5.819322459091954558e-01
1.572365361583612786e-01 1.001141629173281644e-01 2.653818360882753691e-01 5.268088948755791229e-02 5.811270343706360642e-01
1.595050820375844003e-01 9.958047307949965954e-02 2.654135643369165409e-01 5.272734871678107227e-02 5.835710830426236173e-01
