-2.451639851839497626e-03 -1.055126314375999822e-03 -1.255887751797349870e-03 3.441809233421620675e-03 1.146941478363111382e-02
-1.266810872324540711e-02 -5.663732413388873795e-03 7.477066089070871432e-03 3.090533782291622015e-03 3.431675201847898815e-02
-3.160168172303714357e-02 1.683629886201161163e-01 1.649851884961328315e-03 1.634783267925589076e-02 -4.988539404898078428e-02
-1.351373408279332999e-01 -6.554134622867974214e-02 6.695847248510367056e-02 -7.557497774350463438e-02 3.380032300462679912e-02
-2.317544139284553450e-03 2.327730481766276949e-02 -1.855519615003342008e-03 2.119711355492234425e-03 -9.809562942122112064e-03
1.507901662869968462e-01 5.895324194374342540e-03 3.159073461249688186e-02 2.230797020115308366e-02 1.758815321329248726e-01
-5.200865871642148044e-03 1.072092452310872968e-03 -3.872262055648628947e-03 -1.783264011230173418e-02 -1.139739297389110069e-02
-2.854382029884082114e-03 -1.506988613438830235e-03 -3.926735805830478508e-03 5.555721341951772897e-03 1.638071901667743219e-02
6.826813255015387605e-02 -2.751910577250590156e-02 2.627648589018241089e-03 -5.586839705252661520e-03 6.485319601861906647e-02
-1.163601345807160625e-01 7.490053477856507824e-02 -1.576487451689965666e-02 -3.342092615412103895e-02 8.412513693619410107e-03
-3.199111759649703873e-02 -4.915518184934059703e-02 -9.461106820861004546e-03 -1.554801399884955110e-02 -2.919083999217879644e-01
1.933330738417569916e-01 1.173771238436693704e-01 -1.763385727590802837e-02 -1.440766106137946791e-02 3.802088281685220283e-02
-3.112314715068549842e-01 -1.391527346396358167e-01 3.885347196859358088e-02 -4.378297112971399341e-03 2.614967600656906491e-02
-8.000000000000000444e-01 7.768060157962176915e-02 -4.740162221841246609e-02 2.482527187363284260e-02 2.798548128823233339e-02
-1.532276098299215593e-02 2.096412611430727505e-02 3.647354171229252786e-03 -4.363497407007380091e-03 -1.478468058986773508e-03
6.164525057380728333e-03 5.751979003665407680e-02 -6.335407745063588447e-03 5.705965022927148370e-03 1.328840151296888095e-01
-3.087481716458583426e-03 -1.188409664609117594e-01 3.743135261572323735e-02 6.411773463827161526e-03 -8.406607622253568779e-02
1.312882033097842738e-01 6.344540596972900182e-02 -1.646968371951465027e-03 5.868486236030677657e-03 3.577767009930952341e-02
-4.457497064569582688e-03 7.761955591700194987e-03 -4.247770871806942281e-03 4.346202333786592514e-03 1.652369068512485606e-01
-2.185627405946078544e-02 -1.907032258408978371e-03 -6.725726649711083471e-02 -4.773446339073584947e-03 1.505971116875022275e-01
1.038221444254525724e-03 2.016573392365576464e-03 -2.805607950321410433e-04 6.539623341826548454e-03 -3.423774302475865450e-02
-1.449895371366332524e-03 1.817522237004181706e-03 1.210498916689535867e-03 2.018787679923210367e-03 -4.118276861963368618e-02
1.179931537163314212e-03 -2.675619080293523198e-04 2.615977089396960120e-03 3.579425227688223105e-03 5.027398096035162224e-03
3.734273537179469502e-03 -2.573083745661576549e-02 1.186505050991550243e-02 -1.594527687239283373e-03 1.460001462132468411e-02
7.201481879275660990e-03 -6.176534581542527692e-03 -5.051408968006105031e-04 1.837102652071180868e-03 -3.868674063041887146e-03
-2.277589519697895484e-02 -2.505357903303649810e-04 2.790280155938484538e-02 2.047814220239056043e-02 -1.023041508408289862e-01
-2.945759736865476673e-03 1.040362020929824910e-01 5.631536472067516508e-03 2.327159921201196052e-02 1.932549638809413772e-02
-3.847560340577662512e-04 -7.895228968449788907e-04 3.401095326256479978e-02 7.536655280913631075e-04 3.519282101299391757e-02
4.764618892713813614e-02 1.080103743865611608e-02 -1.356523497891919811e-02 -5.901221498093713741e-03 2.583791476404146553e-02
-1.714411277732544314e-03 1.564443223467272201e-02 -2.137099458035788060e-02 -7.830957372154361950e-04 5.583491042909575520e-03
-2.715609705389631506e-02 -3.730923216970211814e-02 1.343313130457456312e-03 -1.576972121848467523e-02 -6.284145116062099523e-02
9.455214902058511894e-02 3.260866116182762481e-02 -5.353912421914940219e-03 1.151029067831415426e-02 -5.953133582964467707e-03
-6.721982930538684953e-02 -3.544693830956074931e-01 -3.021828579351064081e-01 -1.151116192310538446e-02 -7.447799233765099725e-02
-3.889220267421467331e-04 1.666478531275703218e-03 1.325751829218504638e-03 -6.752143297779866467e-04 -5.847910672629569664e-03
3.064182010914084237e-02 1.035895589365581557e-02 -3.039010755730801525e-02 1.019262074867756038e-02 2.640183472480013907e-02
2.351366817750327395e-02 7.447545243381790969e-02 -9.638100726753781600e-02 1.092823764619696957e-02 -2.146263723359170469e-02
4.827387788727871033e-03 -1.577593077319736428e-02 3.705259170070550768e-03 8.535025785187867102e-06 -2.364856659022279706e-02
3.417186642234497362e-03 4.569919003664617979e-02 -3.060966063335771037e-02 -1.863655774706300498e-03 7.446701520431661669e-02
1.250941562661808323e-02 -6.100915748042100642e-03 -3.419555624414531703e-02 2.383622619349925684e-03 -4.432668338480136999e-03
9.146152015808378319e-03 -3.721348680961822364e-02 -1.431057961825826785e-03 -3.347506445866870237e-05 2.183273819831019896e-02
-1.880127065084665622e-02 -5.366823469316818647e-03 7.691857113726572291e-03 2.451560591612444548e-05 7.235399921818548574e-02
3.219173756325911795e-02 -1.792118941575908050e-02 1.599332156712994979e-03 -1.390924522505380739e-03 1.164837877844143547e-02
2.025411708592420382e-03 6.732109155791322561e-03 -2.197019013180395882e-04 -3.586804039976730640e-02 -3.236587907284031729e-02
-8.031936219978308422e-02 9.257713699405945257e-05 6.426471366927930320e-03 1.731011001905299537e-02 -4.337023066673908328e-03
-3.532700213706328946e-04 9.371504838514061364e-05 2.989130958825802933e-04 2.779454615805588592e-03 -1.515049567614031208e-02
3.915271978443387452e-02 2.036098823054658183e-02 2.757489471032101248e-04 8.517104828063931611e-04 -3.383305385757166828e-02
1.858924558316872588e-02 -1.552370994383651427e-02 1.470640675595687868e-02 -1.530581784209486713e-02 1.063136011741724757e-01
-3.190980043056937301e-03 4.025440620002740388e-02 3.626255295472604473e-02 1.499430652656002323e-03 5.856686207572922229e-03
2.428065949239298707e-02 -2.657647872959347651e-02 1.933019139669065823e-03 -4.742163890980879981e-03 -5.867746337488383146e-02
1.159833414131899651e-03 -4.860318792724345992e-03 4.243739781817230244e-02 6.884537158239487087e-03 2.999089617474910100e-03
2.106567892136214674e-04 -9.403571370069282727e-05 6.903476066331363115e-04 7.170164016396355115e-04 -7.569699624876861932e-02
1.352965539287993672e-02 2.057435469927126198e-02 -5.601964182140594349e-03 -7.062114587769611823e-04 -6.822702305847666571e-02
2.173468248165132555e-03 1.904455578840541898e-03 -1.016390266266840696e-02 2.567798986941235376e-03 -3.755120283154830818e-02
-3.462484407787162159e-03 2.551459550271175259e-03 1.311371553497417686e-01 2.826792881131446125e-02 -2.455494614128694852e-02
-2.794758349255325233e-03 2.381352637704546304e-01 4.008501917978092854e-01 5.071812036412805908e-04 -1.474541202224902148e-02
1.228293834092913234e-02 -1.296531391960524526e-02 -8.494444514742554436e-03 3.826798219338240457e-03 9.108150881010962721e-03
2.421148814856978904e-03 -4.761169294562416637e-02 1.292651919876022923e-03 -1.983421635350554688e-03 1.318123289653611377e-02
-3.015878371940174801e-02 2.162704590890924834e-03 -1.114817341339199679e-03 1.409427951916438632e-02 -9.181480685394644015e-02
2.079976822859875597e-03 2.908872895984170818e-03 -3.185861517868227022e-02 3.261702462580996081e-02 8.888100052570623022e-02
2.866052686334912632e-04 -1.786454183873819462e-02 1.032394212776976093e-02 4.567146281898882935e-03 -5.275365648237067065e-03
1.381583213826173551e-02 -3.793812991538425550e-02 -9.946735462287953355e-02 -1.427698673240530326e-02 2.706524759118798806e-02
-3.447877476379172801e-02 7.819713024280175798e-03 4.862516603197969758e-03 -1.137710466768707780e-03 -5.361330833464512946e-02
-3.604669211297042986e-01 -2.426442061083083045e-03 -5.893249583921004141e-03 9.953968177111953679e-04 -1.798311462296486030e-01
-1.342091281701819974e-03 -3.729422963836364052e-04 2.055376004741251046e-03 5.779094759810874836e-04 -1.265994349714579393e-04
-1.448895502275593210e-02 -2.494148043732354828e-03 -1.503932119308962201e-02 2.551419440977432604e-03 -8.371756388315129346e-03
3.105200059017469011e-02 1.015901404598768265e-01 3.404642924928317355e-03 5.433192180675756140e-04 -4.503372690961048204e-03
-2.916734867216770870e-03 -3.132155569466498661e-04 -5.920926324315789468e-03 1.664654343732505787e-03 -5.819252664533032353e-03
1.130048911182718850e-02 1.104648006918614173e-01 5.045929100201814940e-04 -1.314466514555926975e-03 9.145409986413255421e-02
4.470658546311219450e-02 4.929327823600536673e-01 9.305213562599196075e-03 -5.881056403672075758e-03 -2.732144804731009152e-02
-1.007153731312780513e-02 -2.121618676114567920e-02 -7.839219273270695704e-03 3.343173222719187775e-04 -6.465563369323734481e-03
-6.136785869706468111e-02 3.845229335255555964e-02 -4.616626494127922149e-03 -3.027848104974697856e-03 -1.212480209693472290e-02
3.899382982851266367e-03 -2.379670390110303485e-02 2.898418518960607388e-04 -1.730899105621263841e-03 -2.038721409263931188e-03
-2.023667425938364267e-03 -2.288041727718567037e-02 -4.330627807581062874e-03 4.904088575182517090e-03 -2.177151087274573418e-02
-1.578330152604845785e-02 -1.788754694478087055e-03 -4.499286522157705005e-03 -2.753342346644368252e-04 -2.786277101548546159e-02
-7.395495658950428271e-03 6.311985203538269563e-03 2.650006843283011018e-04 -9.753125403219679293e-04 4.120320658433785158e-03
1.847859240866764558e-03 -9.252824966518498687e-03 1.948158543201290987e-03 2.305695926356755160e-03 -2.445856942480752541e-02
1.811583211207894173e-02 6.907208597562956853e-02 -2.946794107842481969e-01 -1.949785618044764038e-02 2.403249562976459558e-02
-3.747105807365187780e-02 -1.692489817870112059e-02 7.597227841043562718e-03 9.757590464302501407e-04 -1.387443630860287110e-03
2.233064374907896277e-01 2.324153792443609326e-02 -2.229196347887802548e-02 -1.623845069776603395e-03 2.928962652244539513e-02
-1.693477017460733036e-02 5.660853061386252397e-03 -2.405746229833708762e-03 -2.303981236777562572e-02 -4.475908074580418200e-02
2.385098190972559720e-02 -3.626877870227613460e-02 -1.817470295910234750e-03 2.580800871085657446e-04 3.284653125833057047e-02
6.562523200644537757e-02 -9.336934299897872019e-03 2.012507081458796924e-03 -3.535979983029632207e-02 -4.309410124615916521e-02
-2.785562512781325755e-03 -8.108952592698032147e-03 1.403528088837647375e-02 2.305157929789105470e-03 1.494152711045415027e-01
-2.225473781003369997e-03 -8.438861201594446970e-02 9.023546592088775489e-04 -2.348447997551764491e-02 -6.504738113176794512e-02
8.548078619195546802e-04 -4.764077833577909198e-03 4.705659775732645711e-03 9.368150216124414590e-05 -4.466530140205190319e-02
1.815581537179597818e-02 1.643489718229714514e-01 -7.505698111474330692e-02 -4.846555347998749179e-04 -1.128263603155011015e-02
8.663025806530192871e-03 -1.944998094793371152e-03 5.116679482972804824e-03 6.577581475511636022e-03 2.994749619275555164e-02
6.816085146661518372e-03 4.395156698707191820e-03 3.990769209710377796e-02 2.734680392403821859e-03 -7.590362751563077548e-02
2.526862963349395252e-02 7.463676948459867233e-02 -6.225404132114254569e-04 -1.831849783457819431e-02 -3.415926648239672042e-02
-3.515028118301612159e-02 -2.511231769281058526e-02 1.205245564401116222e-02 1.130446015880999001e-02 -5.766310861181547787e-02
5.377398426122640025e-03 -1.020455045960812733e-02 4.630396148409261781e-02 7.355284979142461682e-03 -9.496392887152546938e-03
-6.182577173113056740e-03 -2.474306159518585568e-02 6.786396103740881432e-03 2.377844526727022553e-02 -4.451744834273792251e-02
-2.502265460635490213e-02 -4.797515214218904533e-02 -1.255027284613610163e-03 1.945707141089034198e-02 -1.291827906345776877e-01
-1.821944399565275218e-03 1.272368124571895617e-02 3.343665662882330195e-03 -1.722254727759659626e-02 -3.335103253842662541e-02
7.895458932550688744e-03 1.006485915968536584e-03 6.915670277401762649e-03 -2.395114494732090288e-02 6.285610074239503069e-03
2.052115056531841029e-03 1.095470940415064487e-01 2.192491143981767018e-03 2.720959511473965836e-03 -1.434066037211920996e-01
9.899131521405168943e-02 -1.289069264319226971e-01 3.071702560097420709e-01 6.318821078642489729e-03 2.709474718402256690e-02
-3.460351811163252245e-02 -6.293645087964003237e-02 5.497126652764315440e-03 5.095120252289770529e-03 -4.428454509620169399e-02
-6.187832725599684384e-03 4.192154799538606348e-03 7.089155954593585364e-03 8.876101945370438572e-04 -1.689786738992429295e-03
-1.019810541103768030e-02 -9.355715956523595535e-05 -2.147053973068021454e-03 5.832052168662742522e-03 -5.533916818486474265e-02
