nan
4.559263793808930321e-01
4.574122783454416807e-01
nan
nan
nan
nan
nan
4.583042674095208491e-01
4.630396123412459652e-01
nan
4.621080299941715541e-01
nan
5.141828748202716959e-01
4.565688712155672735e-01
nan
4.592392699598858430e-01
nan
4.678250080024394242e-01
4.688230447382576438e-01
4.559102837570951916e-01
nan
4.559396383781031958e-01
4.603530725143636926e-01
4.573091897809166140e-01
nan
nan
nan
nan
nan
4.572904771053757922e-01
4.565149727086496578e-01
4.589306223405479890e-01
4.560111620241879549e-01
nan
4.559343291014919530e-01
4.585129654290294732e-01
4.572041753403525699e-01
nan
nan
nan
nan
4.635191786753530829e-01
nan
4.567419942202647354e-01
4.579286793276102774e-01
nan
nan
4.559251592031605127e-01
nan
nan
nan
4.563096855634122817e-01
4.906425950890404009e-01
6.328821025825507318e-01
nan
nan
4.606347097729921458e-01
4.575299447173264422e-01
4.559608815752414501e-01
nan
nan
4.877810780577585548e-01
4.559512522324964956e-01
4.564569589223608781e-01
4.561541058209209187e-01
nan
4.561079817650232071e-01
4.621990675288978889e-01
nan
4.560953294843692052e-01
nan
4.559053272372062260e-01
nan
4.559197927468910949e-01
4.560011795151854286e-01
4.572177262913302842e-01
4.559200739479207787e-01
nan
4.567065023236605015e-01
4.564244237429910256e-01
4.603742576875895498e-01
4.559101100170064869e-01
4.597687183985069148e-01
4.559047585787257550e-01
4.702798344690387600e-01
4.559447270854585232e-01
nan
4.690334631862150272e-01
nan
nan
5.746779369300596407e-01
4.560999804068223695e-01
nan
4.561158054659019689e-01
4.596110532438091312e-01
nan
nan
4.571202591091800271e-01
nan
