nan
nan
5.329257338627005902e-01
4.239858152712895900e-01
5.312394607933162982e-01
3.660013957666198303e-01
5.300941307679721826e-01
nan
5.329090380897364421e-01
3.578304844779398586e-01
5.314999148515578975e-01
4.635481188872601077e-01
5.315232889337078159e-01
5.329257338627005902e-01
4.452562300276816099e-01
3.874454465618394905e-01
5.329257338627005902e-01
5.311259295371597577e-01
5.315099323153363864e-01
4.127595775301609038e-01
nan
5.315767154071932010e-01
4.341769150886378714e-01
nan
5.316368201898643564e-01
nan
3.777719157063814670e-01
3.373948583697579662e-01
nan
4.656150555802281987e-01
nan
nan
nan
4.833993929416950386e-01
nan
5.251521819705686767e-01
5.304514203094060631e-01
5.292560029651692810e-01
5.316034286439359491e-01
5.329257338627005902e-01
5.323781125094748656e-01
4.257655846692734447e-01
4.613943641748782243e-01
nan
4.656150555802281987e-01
3.637975537353452804e-01
5.329257338627005902e-01
5.314898973877794086e-01
3.865839446768867260e-01
5.329257338627005902e-01
5.329257338627005902e-01
5.329257338627005902e-01
5.329257338627005902e-01
5.329257338627005902e-01
5.329257338627005902e-01
5.329257338627005902e-01
4.384543721220661161e-01
nan
nan
nan
4.329915152081795782e-01
3.214871258894673178e-01
4.931931333624952618e-01
5.319840922675197481e-01
nan
nan
3.435622769027337764e-01
nan
nan
3.012017617379632028e-01
4.477238652717904777e-01
4.372122066135296081e-01
3.728633584549063684e-01
3.519869639404695771e-01
5.258233520437295416e-01
5.324515739105173395e-01
5.329257338627005902e-01
3.993829242312431083e-01
5.326218707947522057e-01
5.323180077268037103e-01
nan
5.315533413250432826e-01
5.308988670248466768e-01
3.982309158967132778e-01
3.723257545654591327e-01
nan
5.329257338627005902e-01
5.318638827021774373e-01
nan
4.409921296126246837e-01
5.329257338627005902e-01
5.329257338627005902e-01
5.328589507708438866e-01
nan
4.508626705890602659e-01
5.316368201898643564e-01
3.475158359406565478e-01
5.269219339047740425e-01
5.280171766112256027e-01
3.338419978829759716e-01
