4.656150555802281987e-01
5.267482978659463466e-01
2.925099423328001991e-01
2.927370048451133355e-01
3.290536501968431837e-01
3.434954938108769618e-01
5.343849444197718013e-01
2.929206583477195203e-01
3.057697252209685690e-01
4.656150555802281987e-01
5.343849444197718013e-01
2.928305011737128427e-01
4.656150555802281987e-01
5.285247281093372607e-01
2.925834037338426730e-01
5.343849444197718013e-01
4.656150555802281987e-01
5.343849444197718013e-01
5.328756465438080347e-01
5.343849444197718013e-01
